20.000000000000000 78.747366344262645
20.290906698750479 78.719487448734995
20.586044732869851 78.691590389618753
20.885475648548290 78.663641845114171
21.189261887185911 78.635595566964142
21.497466798413939 78.607399361466960
21.810154653305169 78.579001147347384
22.127390657776687 78.550351528670845
22.449240966187482 78.521407070017588
22.775772695133860 78.492129434156681
23.107053937445492 78.462484659496297
23.443153776385063 78.432445642369288
23.784142300054448 78.401993490007030
24.130090616010470 78.371116339107630
24.481070866093141 78.339809589204279
24.837156241469724 78.308075814060629
25.198420997897511 78.275924272951329
25.564940471208661 78.243366243762324
25.936791093020251 78.210411085724886
26.314050406672802 78.177064869232140
26.696797083400742 78.143329995812238
27.085110938737916 78.109205550895027
27.479072949161850 78.074686528050023
27.878765268980057 78.039766294538438
28.284271247461980 78.004437083959346
28.695675446220090 77.968690105319169
29.113063656843824 77.932517367481154
29.536522918790070 77.895915308484845
29.966141537533719 77.858885552476224
30.402009102982390 77.821434229144785
30.844216508158919 77.783568840148646
31.292855968155589 77.745295205784686
31.748021039364104 77.706617705691542
32.209806638985192 77.667539118007213
32.678309064822109 77.628062434346461
33.153626015361866 77.588191410079745
33.635856610148707 77.547928156618582
34.125101410453844 77.507272021445075
34.621462440245864 77.466217415634304
35.125043207466142 77.424755528527967
35.635948725613716 77.382876757178067
36.154285535644206 77.340573079979549
36.680161728187009 77.297835930006769
37.213686966086030 77.254654692866026
37.754972507267915 77.211020783457229
38.304131227943131 77.166927986591091
38.861277646144430 77.122373315339559
39.426527945607688 77.077358278324823
40.000000000000213 77.031888171195874
40.581813397501151 76.985970567907472
41.172089465739894 76.939616774856418
41.770951297096779 76.892842005149603
42.378523774372049 76.845664338188456
42.994933596828105 76.798104262699169
43.620309306610544 76.750187702854404
44.254781315553601 76.701943909653352
44.898481932375176 76.653404709395843
45.551545390267933 76.604603688397191
46.214107874891205 76.555574999636903
46.886307552770354 76.506353738423769
47.568284600109152 76.456976834591089
48.260181232021189 76.407483320503417
48.962141732186545 76.357911281543025
49.674312482939683 76.308297377969467
50.396841995795263 76.258681415864302
51.129880942417572 76.209106290024280
51.873582186040750 76.159614189469465
52.628100813345881 76.110242593595359
53.393594166801762 76.061025259069055
54.170221877476116 76.011998677479227
54.958145898323956 75.963204529597562
55.757530537960378 75.914683459063809
56.568542494924223 75.866471582825881
57.391350892440450 75.818600792529210
58.226127313687954 75.771096018943695
59.073045837580445 75.723973795678930
59.932283075067751 75.677242406807821
60.804018205965072 75.630903037710141
61.688433016318129 75.584945258797376
62.585711936311476 75.539343264394603
63.496042078728507 75.494058316237712
64.419613277970726 75.449037872214561
65.356618129644559 75.404214580949542
66.307252030724086 75.359513526519279
67.271713220297741 75.314857844719413
68.250202820908058 75.270169872519091
69.242924880492055 75.225369370162497
70.250086414932611 75.180372183201598
71.271897451227801 75.135092419820026
72.308571071288767 75.089444708877451
73.360323456374402 75.043344440873952
74.427373932172415 74.996705490373671
75.509945014536228 74.949443347344953
76.608262455886631 74.901482226060352
77.722555292289229 74.852762111209117
78.853055891215789 74.803241440992295
80.000000000000810 74.752892925013384
81.163626795002727 74.701695863526922
82.344178931480187 74.649631989388112
83.541902594193999 74.596683499271180
84.757047548744495 74.542829877092416
85.989867193656622 74.488049458323886
87.240618613221542 74.432321951431774
88.509562631107627 74.375625860382030
89.796963864750822 74.317938437763402
91.103090780536306 74.259238679078521
92.428215749782893 74.199512396952088
93.772615105541149 74.138755448062980
95.136569200218744 74.076974871485206
96.520362464042847 74.014190929238310
97.924283464373545 73.950442291686244
99.348624965879893 73.885790925164500
100.793683991590996 73.820326196603972
102.259761884835669 73.754170111069783
103.747164372081983 73.687479760028850
105.256201626692317 73.620449616233074
106.787188333604036 73.553315867182420
108.340443754952801 73.486356941159826
109.916291796648494 73.419893293158211
111.515061075921281 73.354286219832616
113.137084989849043 73.289933897019878
114.782701784881439 73.227265376554442
116.452254627376519 73.166734967187637
118.146091675161458 73.108814760637216
119.864566150136127 73.053982055931414
121.608036411930783 73.002697408898811
123.376866032636840 72.955385516844345
125.171423872623606 72.912418824735411
126.992084157457626 72.874099301972336
128.839226555942133 72.840651892654179
130.713236259289744 72.812228946543073
132.614504061448855 72.788914407029935
134.543426440596193 72.770733938476809
136.500405641816684 72.757664920676774
138.485849760984848 72.749641321230527
140.500172829865903 72.746568488305257
142.543794902456341 72.748334663084478
144.617142142578217 72.754808716104691
146.720646912749572 72.765832477944770
148.854747864345597 72.781203793185824
151.019890029073110 72.800650351464753
153.216524911774059 72.823803111216520
155.445110584579197 72.850179403703251
157.706111782432401 72.879167836275130
160.000000000002387 72.910021995159568
162.327253590006308 72.941879950189261
164.688357862961226 72.973803039872763
167.083805188388709 73.004815765555875
169.514095097489871 73.033943539042340
171.979734387314039 73.060248579314973
174.481237226443994 73.082877107426242
177.019125262216079 73.101117786128242
179.593927729502582 73.114441712575754
182.206181561073549 73.122520980186394
184.856431499566554 73.125236139534920
187.545230211083265 73.122670674627827
190.273138400438398 73.115090954026485
193.040724928086689 73.102909092379406
195.848566928748028 73.086637175650239
198.697249931760808 73.066852031309821
201.587367983183043 73.044168473488170
204.519523769672219 73.019209614137395
207.494328744165074 72.992582226278572
210.512403253385713 72.964857294229915
213.574376667209179 72.936556939762923
216.680887509906512 72.908147024006738
219.832583593298125 72.880039267905502
223.030122151843756 72.852599933834625
226.274169979699053 72.826156179393067
229.565403569764072 72.800995975874827
232.904509254754259 72.777373706816405
236.292183350324137 72.755510957100384
239.729132300273278 72.735590212237099
243.216072823862845 72.717762265055669
246.753732065274988 72.702140513123794
250.342847745248292 72.688786808810804
253.984168314916587 72.677707042839060
257.678453111885574 72.668843738313711
261.426472518580852 72.662075546101619
265.229008122898847 72.657224839042001
269.086852881193806 72.654073153950790
273.000811283634789 72.652370524393888
276.971699521970834 72.651846930313255
281.000345659733284 72.652225291374734
285.087589804914217 72.653228682067294
289.234284285157912 72.654587241656372
293.441293825500395 72.656044395153728
297.709495728692787 72.657356230143662
302.039780058147755 72.658286725667281
306.433049823549425 72.658605474359263
310.890221169160043 72.658082167615618
315.412223564866451 72.656493366650977
320.000000000006423 72.653633820087563
324.654507180013979 72.649323771495531
329.376715725924157 72.643419844087177
334.167610376779123 72.635830058711690
339.028190194981164 72.626524332304214
343.959468774629897 72.615553117668568
348.962474452889808 72.603064441302607
354.038250524434034 72.589311228414886
359.187855459006698 72.574663363772601
364.412363122149031 72.559608288388247
369.712862999135041 72.544740813775817
375.090460422168121 72.530751267915292
380.546276800878786 72.518404359529725
386.081449856175425 72.508502532517824
391.697133857498102 72.501819458699515
397.394499863523322 72.499024800422447
403.174735966368246 72.500617069566971
409.039047539346541 72.506867787326627
414.988657488331853 72.517783865447981
421.024806506773245 72.533114087678342
427.148753334420633 72.552402636757407
433.361775019815298 72.575036139375115
439.665167186598126 72.600298823299042
446.060244303689842 72.627441280319758
452.548339959400494 72.655719941065215
459.130807139530134 72.684430281187048
465.809018509510452 72.712941858452567
472.584366700650776 72.740736922591353
479.458264600549057 72.767431928206989
486.432145647727737 72.792778158546497
493.507464130552535 72.816659866188189
500.685695490499711 72.839087367865616
507.968336629835278 72.860165290444286
515.356906223773422 72.880059097654765
522.852945037164432 72.898965663482841
530.458016245800536 72.917076734302412
538.173705762389886 72.934547415319173
546.001622567272420 72.951477326569744
553.943399043945192 72.967908692451928
562.000691319468956 72.983830481415239
570.175179609830820 72.999175725785747
578.468568570318894 73.013836660911906
586.882587651003860 73.027680517902070
595.418991457388074 73.040595356842260
604.079560116298694 73.052548768908167
612.866099647102715 73.063615047118333
621.780442338322700 73.073981020387336
630.824447129735631 73.083926116375281
640.000000000016257 73.093796449006803
649.309014360031370 73.103991133244961
658.753431451851156 73.114939187316580
668.335220753561771 73.127064200557669
678.056380389966648 73.140758723392452
687.918937549263433 73.156370211597064
697.924948905782571 73.174150658340153
708.076501048871819 73.194215770862144
718.375710918017148 73.216549452607680
728.824726244301132 73.241033231427920
739.425725998273947 73.267487601205474
750.180920844341017 73.295700091218038
761.092553601761551 73.325449736793303
772.162899712354147 73.356532271443342
783.394267715000296 73.388724888492177
794.788999727050737 73.421776160898887
806.349471932739903 73.455453853767651
818.078095078697402 73.489567595888531
829.977314976668936 73.523993971740211
842.049613013550925 73.558688933935429
854.297506668844903 73.593730447478606
866.723550039635143 73.629297860545492
879.330334373200913 73.665700438499925
892.120488607383436 73.703356818126323
905.096679918805648 73.742702915187621
918.261614279065952 73.784173579839944
931.618037019025792 73.828182103671949
945.168733401305531 73.875118207712063
958.916529201103117 73.925327263176754
972.864291295460589 73.979068198779558
987.014928261109276 74.036517499446944
1001.371390981003628 74.097733258816902
1015.936673259676922 74.162589029491087
1030.713812447552073 74.230820069528150
1045.705890074333411 74.302038646886587
1060.916032491606529 74.375731068280373
1076.347411524785230 74.451336189858907
1092.003245134549616 74.528290310405538
1107.886798087895158 74.606084388370888
1124.001382638944960 74.684339410195705
1140.350359219667553 74.762763297475615
1156.937137140642790 74.841127555450058
1173.765175302013859 74.919325334872838
1190.837982914782515 74.997411119069099
1208.159120232602618 75.075559512777545
1225.732199294210432 75.154060349200535
1243.560884676653131 75.233244281576972
1261.648894259477856 75.313408515648959
1280.000000000037744 75.394806488612517
1298.618028720069560 75.477650957544327
1317.506862903709134 75.562163309396880
1336.670441507129226 75.648607070151584
1356.112760779938981 75.737279470965774
1375.837875098533914 75.828459670655775
1395.849897811572419 75.922356476438310
1416.153002097749550 76.019093664656339
1436.751421836041800 76.118703811794532
1457.649452488609995 76.221124082215880
1478.851451996554260 76.326159186043014
1500.361841688688401 76.433463067859435
1522.185107203531061 76.542640227587839
1544.325799424716251 76.653430417172657
1566.788535430007187 76.765787833616628
1589.577999454109886 76.879767779149020
1612.698943865488218 76.995502415860742
1636.156190157401852 77.113241830772623
1659.954629953344920 77.233328058418564
1684.099226027110717 77.356129175136104
1708.595013337698674 77.482019723645834
1733.447100079277561 77.611374343692077
1758.660668746410920 77.744536380487716
1784.240977214776194 77.881739430723044
1810.193359837619028 78.023133269084738
1836.523228558139635 78.168662881380016
1863.236074038061361 78.318097903088628
1890.337466802621066 78.471143279257220
1917.833058402214419 78.627523533869564
1945.728582590931182 78.787034735968717
1974.029856522230830 78.949547374489654
2002.742781962017716 79.114874979874756
2031.873346519362485 79.282846107180021
2061.427624895115059 79.453363762392229
2091.411780148677735 79.626382911926470
2121.832064983222153 79.801860124536873
2152.694823049581828 79.979643861512244
2184.006490269110600 80.159540076582502
2215.773596175801686 80.341276286048895
2248.002765277899471 80.524490049447493
2280.700718439347384 80.708886345586194
2313.874274281297403 80.894381912120664
2347.530350604037721 81.080939071840248
2381.675965829577308 81.268321856936254
2416.318240465217968 81.456052089342535
2451.464398588434051 81.643577206597371
2487.121769353316722 81.830222005485169
2523.297788518968900 82.015219595455875
2560.000000000089130 82.197605864161034
2597.236057440150034 82.376125347132387
2635.013725807432365 82.549239404061026
2673.340883014272549 82.715203488421153
2712.225521559892059 82.872114008166804
2751.675750197079651 83.017926726451009
2791.699795623159844 83.150874933924769
2832.306004195514106 83.269769155842326
2873.502843672095878 83.374234815413914
2915.298904977234997 83.464442799250392
2957.702903993123982 83.540662924476806
3000.723683377392263 83.602760604258449
3044.370214407075309 83.650151631670425
3088.651598849448874 83.682005503778328
3133.577070860030744 83.697431860481473
3179.155998908236597 83.695651223932842
3225.397887730993261 83.676118925432064
3272.312380314820530 83.638692097960273
3319.909259906707121 83.583707317878535
3368.198452054235531 83.511832249895249
3417.190026675415083 83.423795655337955
3466.894200158573312 83.320333442834780
3517.321337492840485 83.202146649121886
3568.481954429571033 83.069809580345009
3620.386719675257154 82.923665540129733
3673.046457116298825 82.763569311316886
3726.472148076138637 82.589150188757529
3780.674933605261685 82.399967180698098
3835.666116804448848 82.195217593296704
3891.457165181882829 81.973927971675948
3948.059713044478485 81.735503267963210
4005.485563924052258 81.480416708852175
4063.746693038746344 81.210621040454626
4122.855249790247399 80.929127134389688
4182.823560297377298 80.639149549251741
4243.664129966466135 80.343966947014323
4305.389646099186393 80.046596824892859
4368.012980538243937 79.750429859352380
4431.547192351622471 79.460907206389905
4496.005530555821679 79.185774858942281
4561.401436878713866 78.934118893439930
4627.748548562619362 78.714621260029716
4695.060701208099999 78.533196504667785
4763.351931659179172 78.390854898970773
4832.636480930461403 78.281921495466420
4902.928797176888111 78.193645687657792
4974.243538706659820 78.109084453327682
5046.595577037958719 78.011555898403017
5120.000000000205546 77.888611675674937
5194.472114880327354 77.734942802647609
5270.027451614892016 77.554579255542976
5346.681766028573293 77.362335445372665
5424.451043119806855 77.180962686707147
5503.351500394188406 77.034697530076429
5583.399591246343334 76.941059683179290
5664.612008391057316 76.906651775134677
5747.005687344221769 76.929550767689861
5830.597809954500917 77.001823175284329
5915.405807986278887 77.107378445799228
6001.447366754809991 77.224543587392063
6088.740428814182451 77.335982474520989
6177.303197698924123 77.433394014472583
6267.154141720095140 77.514341808144863
6358.311997816499570 77.576269467808416
6450.795775462020174 77.613887214968500
6544.624760629675620 77.619916041111438
6639.818519813449711 77.586726519170313
6736.396904108506533 77.508517523606344
6834.380053350859271 77.383188822114860
6933.788400317183005 77.210900673966378
7034.642674985710073 76.988747993732460
7136.963908859179355 76.706848868820089
7240.773439350551598 76.355547086970276
7346.092914232635849 75.943090048735954
7452.944296152316383 75.503218442424938
7561.349867210555203 75.082163575551206
7671.332233608937713 74.725782413372613
7782.914330363799309 74.468691436795865
7896.119426088997898 74.315754992021056
8010.971127848147262 74.241592874483516
8127.493386077535433 74.226885645399889
8245.710499580538453 74.287238042701929
8365.647120594789158 74.449925896792152
8487.328259932977744 74.701955339290535
8610.779292198409166 74.977947730852222
8736.025961076533349 75.204811602742623
8863.094384703290416 75.362808139609243
8992.011061111690651 75.483721437498986
9122.802873757475027 75.608786614995239
9255.497097125276923 75.761448143053599
9390.121402416249111 75.943986955370207
9526.703863318400181 76.140364412674373
9665.272961860971918 76.321120098076605
9805.857594353828972 76.455407216068551
9948.487077413370571 76.523675878380018
10093.191154075961094 76.515781082432099
10240.000000000452928 76.422063836402799
10388.944229760709277 76.241369500251395
10540.054903229818592 75.993868037383365
10693.363532057213888 75.720615937929068
10848.902086239671917 75.459172364764797
11006.703000788433201 75.225596450147492
11166.799182492755790 75.032830902554537
11329.224016782163744 74.906893691925035
11494.011374688503565 74.867396556391313
11661.195619909063680 74.899171075336014
11830.811615972608706 74.944700442926575
12002.894733509683647 74.915768442170830
12177.480857628428566 74.735708282741328
12354.606395397899178 74.403651612346451
12534.308283440268497 73.977724005852352
12716.623995633066443 73.484529726721021
12901.591550924082185 72.874259131603949
13089.249521259433095 72.049405587524262
13279.637039626955811 70.949989794087401
13472.793808217084006 69.674902797609178
13668.760106701804034 68.476528220434531
13867.576800634424217 67.552319329459706
14069.285349971494725 66.909996800284731
14273.927817718435108 66.393376209183245
14481.546878701165042 65.862095754764923
14692.185828465333543 65.310015698276658
14905.888592304710983 64.830377062004899
15122.699734421174071 64.570301984477197
15342.664467217971833 64.492486355815942
15565.828660727678653 64.404085463457093
15792.238852178046727 64.211022119903419
16021.942255696394568 63.931341621784327
16254.986772155139988 63.618936839663455
16491.420999161164218 63.242814621373391
16731.294241189683817 62.737091208000962
16974.656519866024610 62.165019707690320
17221.558584396909282 61.690001513085598
17472.051922153157648 61.345392896172470
17726.188769406657229 61.084204900778481
17984.022122223457700 60.816419125682387
18245.605747515044641 60.370245429218855
18510.994194250633882 59.632880416230407
18780.242804832614638 58.526053954382256
19053.407726636898587 57.168316214899370
19330.545923722005682 55.841086600915432
19611.715188707777997 54.727762389092220
19896.974154826828453 54.435448555108451
20186.382308152034966 55.393356054561067
