20 97.152500000000003
20.290906698750476 97.165999986586286
20.586044732869844 97.179000031933114
20.885475648548283 97.192000025711224
21.189261887185914 97.203999995559698
21.49746679841394 97.214499993482889
21.810154653305165 97.221000010334038
22.12739065777668 97.225000008204518
22.449240966187475 97.228499990398433
22.77577269513385 97.231000006317743
23.107053937445478 97.233499999623717
23.44315377638505 97.236000004570201
23.784142300054445 97.238000002611471
24.130090616010463 97.240999996682120
24.481070866093134 97.243999998859550
24.837156241469714 97.247000002683308
25.1984209978975 97.250499999982608
25.56494047120865 97.253999995687352
25.936791093020236 97.257000008723182
26.3140504066728 97.259499996865856
26.69679708340074 97.261000002800102
27.08511093873791 97.261000002723165
27.47907294916184 97.258500000514317
27.878765268980047 97.254999997337109
28.284271247461966 97.250999996981591
28.695675446220072 97.245999994635255
29.11306365684382 97.240000005734345
29.536522918790062 97.234000015264428
29.966141537533712 97.226999990098292
30.402009102982383 97.219500014354182
30.844216508158908 97.211500008865869
31.29285596815558 97.202500000707232
31.74802103936409 97.193499981928909
32.20980663898519 97.184000032303459
32.67830906482211 97.173500021877913
33.153626015361866 97.161999976755112
33.63585661014871 97.150500009666303
34.125101410453844 97.138000042084713
34.62146244024586 97.125000040703881
35.12504320746613 97.111499966792934
35.635948725613716 97.097499980330497
36.15428553564419 97.083499984666091
36.68016172818701 97.068999979452968
37.21368696608603 97.054000028963657
37.754972507267915 97.039000041217321
38.30413122794313 97.023999994251497
38.86127764614443 97.009000038739700
39.4265279456077 96.994500027879610
40.000000000000206 96.978999999999999
40.58181339750116 96.963000016509199
41.1720894657399 96.946499987511629
41.77095129709678 96.929999963575881
42.37852377437204 96.913000034170068
42.9949335968281 96.895000011730787
43.62030930661056 96.872499952463301
44.25478131555359 96.848499946670614
44.89848193237519 96.823000041315083
45.55154539026795 96.798999951563900
46.21410787489121 96.776500004139208
46.88630755277036 96.754999983730556
47.56828460010916 96.734499953579643
48.260181232021196 96.714499993365393
48.962141732186545 96.694500035991979
49.674312482939705 96.676000013021536
50.39684199579528 96.656000029081525
51.129880942417586 96.633500067123521
51.873582186040764 96.603999946361540
52.628100813345895 96.569500008627244
53.393594166801776 96.536499956272792
54.17022187747612 96.509000037444636
54.95814589832399 96.487499977443264
55.75753053796041 96.467499984688359
56.56854249492426 96.444999986115278
57.39135089244048 96.420999971030369
58.226127313687975 96.394000022118163
59.073045837580466 96.364500076322116
59.932283075067765 96.330499913995936
60.804018205965114 96.294000075871935
61.68843301631817 96.261500067045574
62.58571193631152 96.242000001060873
63.49604207872855 96.232499968375492
64.41961327797075 96.213000100387887
65.35661812964459 96.164500173979434
66.3072520307241 96.096999931355413
67.27171322029778 96.039499991639644
68.25020282090806 96.008500080931967
69.2429248804921 95.990000056359222
70.25008641493265 95.963999921726170
71.27189745122783 95.927999945206466
72.30857107128878 95.889499997687096
73.36032345637442 95.856499930689338
74.42737393217246 95.827500054065496
75.50994501453623 95.798000110046232
76.60826245588666 95.764999952793801
77.72255529228926 95.728500056500394
78.85305589121582 95.688500078063058
80.00000000000082 95.646499999999961
81.16362679500274 95.605000042304795
82.34417893148023 95.563499933643129
83.541902594194 95.521999947332802
84.75704754874454 95.481500082410008
85.98986719365665 95.440500026720088
87.24061861322157 95.399999913193952
88.50956263110764 95.357999909750276
89.79696386475084 95.313500109195289
91.10309078053635 95.266999901021848
92.42821574978288 95.219499973692876
93.77261510554118 95.172499961766761
95.13656920021877 95.125999893233200
96.52036246404286 95.079500018138035
97.92428346437356 95.030000091779499
99.34862496587989 94.979500001217303
100.79368399159105 94.931500065087221
102.25976188483567 94.885000131450241
103.74716437208203 94.836499917964716
105.25620162669229 94.783500048966317
106.78718833360406 94.726499912545563
108.34044375495276 94.667500086410669
109.9162917966485 94.606499928946192
111.51506107592134 94.542499954064994
113.13708498984903 94.473500000430263
114.78270178488147 94.399999919528796
116.45225462737648 94.323500017345992
118.14609167516147 94.247500148642814
119.86456615013608 94.172999863998001
121.60803641193078 94.096000161996812
123.3768660326369 94.009000148767484
125.17142387262359 93.915000059466053
126.99208415745765 93.821499843884197
128.83922655594208 93.730000319800922
130.71323625928977 93.634500296070229
132.61450406144883 93.531499883089538
134.5434264405962 93.421000032364134
136.50040564181674 93.305000378761974
138.48584976098482 93.185000312876866
140.50017282986593 93.071499750946629
142.5437949024563 92.966499905146833
144.61714214257822 92.864499993809574
146.7206469127495 92.781499889102932
148.8547478643456 92.749500030894566
151.01989002907314 92.789499810727108
153.216524911774 92.896500198004048
155.4451105845792 93.062999722079439
157.70611178243232 93.288999555784514
160.00000000000236 93.545500000000260
162.3272535900062 93.799499847872482
164.6883578629612 94.031500318836748
167.08380518838874 94.214000249067936
169.51409509748981 94.349499796798938
171.97973438731407 94.457999934177366
174.4812372264439 94.527000074405251
177.01912526221608 94.553500007322739
179.5939277295025 94.548500026514574
182.20618156107355 94.521499941274158
184.85643149956664 94.486999978730410
187.54523021108326 94.446999943293747
190.27313840043846 94.396999870023009
193.04072492808663 94.340000022383080
195.84856692874806 94.280000107975781
198.69724993176072 94.222000001360499
201.58736798318304 94.167000074781100
204.5195237696723 94.113000132677925
207.49432874416505 94.058999917964741
210.5124032533856 94.007500029408561
213.57437666720915 93.957999913947560
216.68088750990657 93.911500081002458
219.83258359329807 93.866499963371538
223.03012215184378 93.821499983251499
226.2741699796992 93.775500000280601
229.5654035697641 93.729499935444792
232.90450925475412 93.682000010674443
236.2921833503241 93.632000110247461
239.72913230027333 93.583999918398831
243.21607282386276 93.539000092276694
246.75373206527502 93.497000066861773
250.34284774524843 93.461500020656615
253.9841683149166 93.434999964229945
257.67845311188546 93.420000044949703
261.42647251858085 93.417999997213570
265.22900812289896 93.423000006435444
269.08685288119375 93.427999999877258
273.0008112836349 93.429499999999990
276.97169952197106 93.423000023662922
281.00034565973334 93.405999940701605
285.0875898049141 93.379999962786087
289.23428428515797 93.346499988962904
293.44129382550057 93.308999902965056
297.7094957286928 93.267000071293481
302.0397800581479 93.223000154714995
306.4330498235497 93.175499935747041
310.89022116916016 93.128000070243672
315.41222356486645 93.085500068808500
320.00000000000654 93.043999999999926
324.6545071800142 92.998500027165605
329.3767157259242 92.954999940822944
334.16761037677935 92.913999939073619
339.02819019498156 92.875000060800303
343.95946877463007 92.840000029028033
348.9624744528898 92.808499941122022
354.03825052443415 92.783499955079563
359.187855459007 92.764000038752059
364.4123631221491 92.744999960273688
369.71286299913527 92.719999982088751
375.0904604221685 92.686999957470320
380.54627680087896 92.650499922970738
386.08144985617537 92.614500007412488
391.6971338574982 92.580000059386663
397.3944998635236 92.550000005962673
403.1747359663683 92.522000037390541
409.0390475393468 92.495500063881934
414.9886574883323 92.471499959891020
421.0248065067734 92.448500017059345
427.1487533344206 92.425999959935126
433.3617750198154 92.400500047544909
439.6651671865984 92.373499974756541
446.06024430368984 92.347999992160268
452.54833995940066 92.327000000124684
459.13080713953053 92.307499976650234
465.8090185095106 92.292000005202198
472.58436670065066 92.282000018925984
479.45826460054917 92.280000009066811
486.432145647728 92.286499984738271
493.50746413055253 92.300999969189689
500.6856954904994 92.322499989282719
507.9683366298358 92.350000059244550
515.3569062237735 92.384499861405118
522.8529450371643 92.424999882970013
530.4580162458005 92.467500042902941
538.1737057623901 92.506999998803281
546.0016225672724 92.540999893169754
553.9433990439449 92.571499923752739
562.0006913194694 92.599000069851911
570.1751796098309 92.628500035425276
578.4685685703187 92.664000007492277
586.8825876510039 92.706000108586750
595.4189914573883 92.756499908336963
604.0795601162986 92.819499773084630
612.8660996471021 92.891500093498649
621.780442338323 92.972499862339887
630.8244471297356 93.065499832146912
640.0000000000159 93.169000000000182
649.3090143600314 93.280499920399848
658.7534314518515 93.393000150760628
668.3352207535618 93.497500159387158
678.0563803899662 93.592499852799278
687.9189375492632 93.675499939781020
697.9249489057827 93.745000138603217
708.0765010488715 93.809000168729710
718.3757109180171 93.885499834793876
728.8247262443015 93.985500220450319
739.425725998274 94.112000078361746
750.1809208443404 94.256500180751232
761.0925536017613 94.408000334554089
772.1628997123541 94.558999955021932
783.3942677149998 94.708999743367883
794.7889997270506 94.856499983748506
806.34947193274 95.000499814293789
818.0780950786972 95.144499636500910
829.9773149766683 95.281000215895602
842.0496130135506 95.409999905061056
854.2975066688449 95.538000222267428
866.7235500396347 95.663499781645683
879.3303343732008 95.786500120391906
892.1204886073838 95.911000054645598
905.0966799188055 96.037499999208194
918.2616142790653 96.163500163595216
931.6180370190256 96.290999952065519
945.1687334013056 96.417499735036287
958.9165292011028 96.537500212163167
972.8642912954606 96.655999762501466
987.0149282611097 96.779499775266089
1001.3713909810035 96.898499934326750
1015.9366732596762 97.015000216612947
1030.7138124475518 97.132499565951235
1045.7058900743334 97.249499669064932
1060.916032491606 97.366500126563693
1076.3474115247852 97.485499996317841
1092.0032451345498 97.603499621238200
1107.8867980878947 97.721499682350256
1124.0013826389438 97.842000296865550
1140.350359219667 97.964000123988512
1156.9371371406426 98.083000023038778
1173.765175302013 98.208500294955954
1190.837982914782 98.340499766475304
1208.1591202326028 98.473499546169364
1225.73219929421 98.605500155831137
1243.5608846766518 98.734999795802906
1261.648894259477 98.863499774447462
1280.0000000000375 98.989500000000248
1298.6180287200684 99.110499914714154
1317.5068629037087 99.228000163441465
1336.6704415071292 99.344000191915185
1356.112760779938 99.462499803500492
1375.8378750985323 99.581499903609881
1395.8498978115715 99.703500270709426
1416.153002097749 99.830000309337862
1436.7514218360407 99.964999711862376
1457.6494524886093 100.113000286038925
1478.8514519965543 100.271000089556338
1500.3618416886875 100.433000196109205
1522.1851072035295 100.602000378010530
1544.3257994247153 100.774999948807917
1566.788535430007 100.945499710861213
1589.5779994541087 101.107999975039661
1612.6989438654878 101.265499793372129
1636.156190157402 101.415499623791192
1659.9546299533442 101.559500232503012
1684.099226027109 101.697499904739900
1708.5950133376978 101.828000217138765
1733.4471000792773 101.955999772841125
1758.6606687464096 102.084500119253619
1784.2409772147755 102.212500050958056
1810.193359837619 102.341500004150589
1836.5232285581387 102.471500179016715
1863.2360740380593 102.605999949836047
1890.3374668026197 102.745499703493010
1917.833058402214 102.888500262937271
1945.7285825909298 103.033499713022636
1974.0298565222283 103.182499735202668
2002.7427819620161 103.332499917073648
2031.8733465193618 103.475000256407768
2061.4276248951132 103.607999521810711
2091.411780148677 103.730999658821389
2121.832064983222 103.841000109404177
2152.694823049581 103.937999997085001
2184.0064902691106 104.025999724831223
2215.7735961758003 104.105999792720112
2248.002765277899 104.177000155732756
2280.7007184393456 104.239500059389485
2313.874274281297 104.295500009178056
2347.530350604038 104.343500093519566
2381.6759658295764 104.383499932660897
2416.318240465218 104.417999887491504
2451.4643985884327 104.446000026990646
2487.1217693533167 104.465999971507387
2523.2977885189675 104.479999979018373
2560.0000000000887 104.487500000000011
2597.236057440151 104.487500001421424
2635.0137258074315 104.480499981683280
2673.340883014273 104.465499965845595
2712.225521559891 104.444000036327637
2751.6757501970797 104.416000022561803
2791.699795623158 104.381999921145905
2832.3060041955137 104.344499901574295
2873.502843672097 104.301500091869954
2915.2989049772345 104.255999912548589
2957.7029039931244 104.207999973180051
3000.723683377391 104.157999940922252
3044.370214407075 104.105999882992080
3088.6515988494466 104.052000015037336
3133.57707086003 103.998000092387528
3179.1559989082334 103.942000008681845
3225.3978877309914 103.885000076571117
3272.3123803148205 103.826500149975118
3319.9092599067053 103.766999898695104
3368.198452054235 103.705500043427378
3417.190026675413 103.641999885823566
3466.8942001585724 103.575500116638608
3517.3213374928373 103.504999930556096
3568.4819544295697 103.431499969583143
3620.386719675257 103.353499998944699
3673.0464571162966 103.270499884089858
3726.472148076138 103.180500034185769
3780.6749336052594 103.085500205763054
3835.6661168044484 102.985499811410463
3891.45716518188 102.880000209858508
3948.059713044477 102.772500191933602
4005.4855639240527 102.662500061220754
4063.746693038744 102.552999792611331
4122.855249790247 102.443500402780685
4182.823560297375 102.334500307342665
4243.664129966465 102.226499880649953
4305.389646099183 102.117500003375227
4368.012980538242 102.004500369049879
4431.5471923516225 101.887000318475344
4496.00553055582 101.761499674326672
4561.401436878714 101.624999845670999
4627.748548562617 101.474499967240718
4695.060701208099 101.308499594337832
4763.351931659176 101.126000323869462
4832.63648093046 100.927000698440750
4902.928797176889 100.712999729551214
4974.243538706657 100.486500364072157
5046.595577037959 100.249500414592575
5120.000000000202 100.004999999999313
5194.472114880326 99.757000176967949
5270.027451614888 99.505999649164266
5346.6817660285715 99.256999603080104
5424.451043119808 99.012500401255153
5503.351500394186 98.784500172714473
5583.399591246343 98.588499612300637
5664.612008391055 98.413499592236320
5747.005687344222 98.240500357047921
5830.597809954497 98.075999730358120
5915.405807986278 97.932999932950111
6001.447366754812 97.814999888794816
6088.740428814181 97.726999865330470
6177.303197698925 97.674000012809557
6267.154141720092 97.658000012053776
6358.3119978165005 97.680499994883917
6450.795775462017 97.742499904946229
6544.624760629676 97.846999707675678
6639.818519813445 97.994000299131926
6736.396904108505 98.182999858559100
6834.380053350861 98.413500448880995
6933.788400317181 98.684499510814305
7034.642674985712 98.990000310119427
7136.963908859177 99.319500136381308
7240.773439350552 99.654500004182694
7346.092914232631 99.970000367455370
7452.944296152315 100.226499912306139
7561.349867210557 100.377499749690330
7671.332233608935 100.376999750337276
7782.914330363799 100.191000463002581
7896.119426088994 99.811500762606741
8010.971127848146 99.258500324342847
8127.49338607753 98.575498601068801
8245.710499580537 97.825002804683592
8365.647120594791 97.072502104005764
8487.328259932974 96.385999347306551
8610.77929219841 95.831500019919986
8736.025961076528 95.458001046300893
8863.094384703289 95.284000338197160
8992.011061111683 95.268000122433591
9122.802873757471 95.323000053909453
9255.497097125279 95.360999998382255
9390.121402416245 95.333999834562348
9526.7038633184 95.252500156710994
9665.272961860968 95.173500239661010
9805.857594353829 95.159000054574875
9948.487077413367 95.213499898245885
10093.19115407597 95.254499961836672
10240.000000000457 95.158999999999196
10388.944229760706 94.837000272203568
10540.05490322983 94.277998992579853
10693.363532057198 93.519498580925216
10848.902086239672 92.618001530713784
11006.703000788428 91.663000748228967
11166.799182492743 90.764998300255598
11329.224016782166 90.054998859358875
11494.0113746885 89.656500643309002
11661.195619909053 89.571000091095243
11830.811615972614 89.631000018435884
12002.894733509682 89.636999894063592
12177.48085762842 89.517499594826234
12354.606395397908 89.328000054411007
12534.308283440243 89.163500253129399
12716.62399563306 89.089500006880073
12901.591550924093 89.135499896604927
13089.249521259411 89.316499443312892
13279.637039626952 89.664500844627838
13472.793808217073 90.230499559000364
13668.760106701786 91.049001757687606
13867.576800634426 92.140997977104362
14069.285349971487 93.525001513497457
14273.927817718419 95.159500689596257
14481.54687870117 96.818000024723972
14692.18582846533 98.058000886966525
14905.888592304698 98.501499919737881
15122.699734421185 98.046501422403850
15342.664467217943 96.790996710647420
15565.828660727671 94.794504310848851
15792.238852178061 91.950005493625113
16021.942255696367 88.128502239227231
16254.986772155136 83.557491138844000
16491.42099916115 79.082515686838164
16731.294241189662 76.254506399683464
16974.65651986603 75.231999464681508
17221.558584396902 74.780500016083124
17472.051922153143 74.263001779357211
17726.188769406665 73.667001610790209
17984.022122223458 73.083498616500208
18245.605747515034 72.517499396478058
18510.99419425065 71.938499881699343
18780.242804832582 71.336998615309199
19053.40772663689 70.720501080778121
19330.545923722028 70.055002363311999
19611.71518870775 69.204998657457509
19896.974154826825 67.988002105172299
20186.382308152035 66.401002876126498
