20 103.578499999999991
20.290906698750476 103.598378690676924
20.586044732869844 103.617116169361196
20.885475648548283 103.634652746165315
21.189261887185914 103.650927249225759
21.49746679841394 103.665886016893666
21.810154653305165 103.679880835094764
22.12739065777668 103.690503243088870
22.449240966187475 103.698984816041033
22.77577269513385 103.705010292636103
23.107053937445478 103.708713695295287
23.44315377638505 103.710238590498676
23.784142300054445 103.708658576999454
24.130090616010463 103.704548634255289
24.481070866093134 103.700868306495380
24.837156241469714 103.702700299635296
25.1984209978975 103.719893417358094
25.56494047120865 103.748757031729383
25.936791093020236 103.780075398634423
26.3140504066728 103.801351244670968
26.69679708340074 103.802064058331979
27.08511093873791 103.790287069929022
27.47907294916184 103.776081298169032
27.878765268980047 103.770257717068873
28.284271247461966 103.774616882454325
28.695675446220072 103.782609184370614
29.11306365684382 103.789226127313697
29.536522918790062 103.789525202055728
29.966141537533712 103.783940160012065
30.402009102982383 103.775959818074284
30.844216508158908 103.767115682626027
31.29285596815558 103.758142880636882
31.74802103936409 103.749535621291443
32.20980663898519 103.742901933610142
32.67830906482211 103.739465072805530
33.153626015361866 103.738039121953904
33.63585661014871 103.735098007457921
34.125101410453844 103.727247768970017
34.62146244024586 103.716206363874349
35.12504320746613 103.705124179058146
35.635948725613716 103.695824820390186
36.15428553564419 103.687377145894047
36.68016172818701 103.678617412349013
37.21368696608603 103.669439947644378
37.754972507267915 103.657807819383748
38.30413122794313 103.643147181566107
38.86127764614443 103.622250522150068
39.4265279456077 103.600347045666524
40.000000000000206 103.582499999999982
40.58181339750116 103.566500078235649
41.1720894657399 103.545976898814615
41.77095129709678 103.520734531488500
42.37852377437204 103.504210438519550
42.9949335968281 103.507599136621494
43.62030930661056 103.521574127039116
44.25478131555359 103.523103728912133
44.89848193237519 103.512199565463760
45.55154539026795 103.498116366000602
46.21410787489121 103.486623815415612
46.88630755277036 103.466807876282758
47.56828460010916 103.433195577714514
48.260181232021196 103.395231709327021
48.962141732186545 103.365076115029922
49.674312482939705 103.337070358445374
50.39684199579528 103.304649981637198
51.129880942417586 103.272776000398181
51.873582186040764 103.248626770616397
52.628100813345895 103.225551613239077
53.393594166801776 103.195042243692470
54.17022187747612 103.164071106868874
54.95814589832399 103.145146081534335
55.75753053796041 103.129152482508943
56.56854249492426 103.103248198935262
57.39135089244048 103.069497858947727
58.226127313687975 103.030985079913506
59.073045837580466 102.991639891471294
59.932283075067765 102.952114978546888
60.804018205965114 102.911796169131520
61.68843301631817 102.865867009269181
62.58571193631152 102.814339454166017
63.49604207872855 102.762221643591204
64.41961327797075 102.711131076350597
65.35661812964459 102.658816148480611
66.3072520307241 102.602296748079752
67.27171322029778 102.541338640680635
68.25020282090806 102.478237222282786
69.2429248804921 102.417031819371715
70.25008641493265 102.358994987933897
71.27189745122783 102.297146922042117
72.30857107128878 102.225165740724634
73.36032345637442 102.146975740771921
74.42737393217246 102.066305894188815
75.50994501453623 101.981279341606680
76.60826245588666 101.892210739649073
77.72255529228926 101.801524421720273
78.85305589121582 101.709504173587618
80.00000000000082 101.601499999999902
81.16362679500274 101.470106812581307
82.34417893148023 101.328258416113925
83.541902594194 101.181666861327287
84.75704754874454 101.037148214831078
85.98986719365665 100.913637490118305
87.24061861322157 100.831863323609198
88.50956263110764 100.802908005593935
89.79696386475084 100.857837124896037
91.10309078053635 100.969915019212834
92.42821574978288 101.132054598693088
93.77261510554118 101.304481717061719
95.13656920021877 101.443185811647510
96.52036246404286 101.538641453438800
97.92428346437356 101.599096618845266
99.34862496587989 101.625200302801716
100.79368399159105 101.623708773389396
102.25976188483567 101.611402381151635
103.74716437208203 101.604800532112193
105.25620162669229 101.622356451221066
106.78718833360406 101.658516481118511
108.34044375495276 101.697050058445598
109.9162917966485 101.724026344863944
111.51506107592134 101.736921693294391
113.13708498984903 101.738368287169607
114.78270178488147 101.738409458850683
116.45225462737648 101.739490174959812
118.14609167516147 101.737179554997240
119.86456615013608 101.721647177602364
121.60803641193078 101.697719366196367
123.3768660326369 101.662479176446965
125.17142387262359 101.620200131566548
126.99208415745765 101.567581363066324
128.83922655594208 101.504708838414160
130.71323625928977 101.434835048046480
132.61450406144883 101.361266211526683
134.5434264405962 101.282811946105113
136.50040564181674 101.202233977148239
138.48584976098482 101.124051859321597
140.50017282986593 101.046076794603408
142.5437949024563 100.968759759523735
144.61714214257822 100.894495739474124
146.7206469127495 100.820089099288666
148.8547478643456 100.743729076883568
151.01989002907314 100.666599870976626
153.216524911774 100.589421628087905
155.4451105845792 100.510085797785990
157.70611178243232 100.424044085198119
160.00000000000236 100.335499999999911
162.3272535900062 100.247529814297764
164.6883578629612 100.161343773788218
167.08380518838874 100.079150623594785
169.51409509748981 100.004174328055811
171.97973438731407 99.940006640317137
174.4812372264439 99.889356492697573
177.01912526221608 99.848001645909434
179.5939277295025 99.809928655149264
182.20618156107355 99.771789749208324
184.85643149956664 99.729797096006934
187.54523021108326 99.681095395778328
190.27313840043846 99.625827072150088
193.04072492808663 99.561981876797844
195.84856692874806 99.491106973238303
198.69724993176072 99.417132051787860
201.58736798318304 99.339876503123520
204.5195237696723 99.259206588410791
207.49432874416505 99.176656904744775
210.5124032533856 99.094669246576387
213.57437666720915 99.015246989152971
216.68088750990657 98.934796924742443
219.83258359329807 98.847813221692689
223.03012215184378 98.752475100713667
226.2741699796992 98.657170042258770
229.5654035697641 98.565878969093120
232.90450925475412 98.477514589624803
236.2921833503241 98.387366709972781
239.72913230027333 98.297576418655353
243.21607282386276 98.206557997343765
246.75373206527502 98.109272368204941
250.34284774524843 98.011628814591688
253.9841683149166 97.917409644851531
257.67845311188546 97.819980799174019
261.42647251858085 97.722840023581711
265.22900812289896 97.628360674973607
269.08685288119375 97.533343153450375
273.0008112836349 97.436355022140489
276.97169952197106 97.338814824151953
281.00034565973334 97.240591565902506
285.0875898049141 97.140862808760090
289.23428428515797 97.039683463442145
293.44129382550057 96.938064818805429
297.7094957286928 96.838723497385814
302.0397800581479 96.739585058662598
306.4330498235497 96.635295787626958
310.89022116916016 96.525217026063288
315.41222356486645 96.417183747434024
320.00000000000654 96.313499999999863
324.6545071800142 96.213893546347691
329.3767157259242 96.111525268747442
334.16761037677935 96.005479049635497
339.02819019498156 95.898782634729912
343.95946877463007 95.794351155732770
348.9624744528898 95.696024243059213
354.03825052443415 95.606138265927285
359.187855459007 95.520819170472294
364.4123631221491 95.434696008484536
369.71286299913527 95.345352615314610
375.0904604221685 95.244561562382103
380.54627680087896 95.127651211409727
386.08144985617537 95.006708103164144
391.6971338574982 94.881401629938466
397.3944998635236 94.755778802947887
403.1747359663683 94.629920370070437
409.0390475393468 94.500381192249534
414.9886574883323 94.372485357117114
421.0248065067734 94.251232330725543
427.1487533344206 94.134964314424693
433.3617750198154 94.027211599682957
439.6651671865984 93.934352826574226
446.06024430368984 93.858599366140254
452.54833995940066 93.806464794239531
459.13080713953053 93.784623558679414
465.8090185095106 93.789974800901149
472.58436670065066 93.827435657375887
479.45826460054917 93.890493330834289
486.432145647728 93.971515391467051
493.50746413055253 94.061702577097776
500.6856954904994 94.149328370554713
507.9683366298358 94.227161597731367
515.3569062237735 94.287937490929068
522.8529450371643 94.326025744463266
530.4580162458005 94.343028626015354
538.1737057623901 94.343289071574247
546.0016225672724 94.333139843803650
553.9433990439449 94.318477589232856
562.0006913194694 94.304398928454816
570.1751796098309 94.291894892234097
578.4685685703187 94.286918858857803
586.8825876510039 94.290817811355708
595.4189914573883 94.300857537613211
604.0795601162986 94.314894202710803
612.8660996471021 94.333122513479083
621.780442338323 94.358341327014969
630.8244471297356 94.390509232023533
640.0000000000159 94.424000000000063
649.3090143600314 94.459839705286129
658.7534314518515 94.497076054234810
668.3352207535618 94.533257077825851
678.0563803899662 94.570517064501374
687.9189375492632 94.610863590829439
697.9249489057827 94.654369775185444
708.0765010488715 94.702267205034588
718.3757109180171 94.755472482319590
728.8247262443015 94.809888576470357
739.425725998274 94.861714771091627
750.1809208443404 94.910783990325470
761.0925536017613 94.958067732274301
772.1628997123541 95.003433360365747
783.3942677149998 95.047285645057684
794.7889997270506 95.090741623965073
806.34947193274 95.134839642408835
818.0780950786972 95.179175970101284
829.9773149766683 95.222420602418339
842.0496130135506 95.263829976169603
854.2975066688449 95.303250645562272
866.7235500396347 95.340262275111286
879.3303343732008 95.374109319214341
892.1204886073838 95.402953026075522
905.0966799188055 95.426932658214923
918.2616142790653 95.442057457686929
931.6180370190256 95.448518159541379
945.1687334013056 95.448006513874731
958.9165292011028 95.443656301549581
972.8642912954606 95.438321426424821
987.0149282611097 95.435189436872861
1001.3713909810035 95.441508530079091
1015.9366732596762 95.458186011867411
1030.7138124475518 95.485157064610391
1045.7058900743334 95.520371343315475
1060.916032491606 95.559442753310947
1076.3474115247852 95.600548183681937
1092.0032451345498 95.641508112836377
1107.8867980878947 95.681419152157730
1124.0013826389438 95.724448400328100
1140.350359219667 95.772530394000540
1156.9371371406426 95.835298157263225
1173.765175302013 95.908825876510065
1190.837982914782 96.001901556263277
1208.1591202326028 96.102225835764401
1225.73219929421 96.215851142896980
1243.5608846766518 96.336068464107484
1261.648894259477 96.466536928094172
1280.0000000000375 96.601500000000271
1298.6180287200684 96.737411609656505
1317.5068629037087 96.875300099197077
1336.6704415071292 97.016861267152763
1356.112760779938 97.160734429771537
1375.8378750985323 97.305116488219284
1395.8498978115715 97.452789243805626
1416.153002097749 97.604378299031481
1436.7514218360407 97.759985948137512
1457.6494524886093 97.920747795112518
1478.8514519965543 98.083964296533196
1500.3618416886875 98.251358549340637
1522.1851072035295 98.423762346907878
1544.3257994247153 98.599060331443752
1566.788535430007 98.776293659188468
1589.5779994541087 98.957040875654712
1612.6989438654878 99.142861445310444
1636.156190157402 99.333311387881253
1659.9546299533442 99.527229780419276
1684.099226027109 99.725523576025012
1708.5950133376978 99.930901413903939
1733.4471000792773 100.144996596694469
1758.6606687464096 100.367599591967831
1784.2409772147755 100.598647351287354
1810.193359837619 100.838613715276864
1836.5232285581387 101.088122994158127
1863.2360740380593 101.348537132976787
1890.3374668026197 101.623589406739086
1917.833058402214 101.914670386071748
1945.7285825909298 102.221587266759315
1974.0298565222283 102.546785141396953
2002.7427819620161 102.897290461244609
2031.8733465193618 103.273196510685409
2061.4276248951132 103.671629511021095
2091.411780148677 104.095300227523836
2121.832064983222 104.544209982871237
2152.694823049581 105.012596051506108
2184.0064902691106 105.489297678550116
2215.7735961758003 105.957731294788118
2248.002765277899 106.412202845719179
2280.7007184393456 106.823771643281759
2313.874274281297 107.183430363766092
2347.530350604038 107.481950632322238
2381.6759658295764 107.710471996685982
2416.318240465218 107.885860844558550
2451.4643985884327 107.993819471559306
2487.1217693533167 108.057833946288639
2523.2977885189675 108.071708777643508
2560.0000000000887 108.050999999999917
2597.236057440151 107.998828744453732
2635.0137258074315 107.921217286825623
2673.340883014273 107.819562005484670
2712.225521559891 107.702119181727014
2751.6757501970797 107.567426768065161
2791.699795623158 107.421607003639622
2832.3060041955137 107.267591063973143
2873.502843672097 107.107398795931942
2915.2989049772345 106.942110358190604
2957.7029039931244 106.773650558267093
3000.723683377391 106.604213818997039
3044.370214407075 106.436247511439547
3088.6515988494466 106.267590214343343
3133.57707086003 106.099470124432145
3179.1559989082334 105.935579323853943
3225.3978877309914 105.780472780383519
3272.3123803148205 105.639694706527933
3319.9092599067053 105.518204165209909
3368.198452054235 105.419198662466727
3417.190026675413 105.342668666122222
3466.8942001585724 105.286639929865217
3517.3213374928373 105.251571465002854
3568.4819544295697 105.240533014987250
3620.386719675257 105.258270703772681
3673.0464571162966 105.308499465108866
3726.472148076138 105.390385145056285
3780.6749336052594 105.498012893914080
3835.6661168044484 105.616935440473924
3891.45716518188 105.734805042975125
3948.059713044477 105.843764947610623
4005.4855639240527 105.906959973686710
4063.746693038744 105.911816633701562
4122.855249790247 105.833243569356526
4182.823560297375 105.654930949480729
4243.664129966465 105.373326027012354
4305.389646099183 105.011200543020749
4368.012980538242 104.592395822871353
4431.5471923516225 104.157841355193895
4496.00553055582 103.751832285044657
4561.401436878714 103.413451087439711
4627.748548562617 103.142737784407984
4695.060701208099 102.950442221714184
4763.351931659176 102.814235070034613
4832.63648093046 102.719358059832331
4902.928797176889 102.652980933787887
4974.243538706657 102.597458797260231
5046.595577037959 102.546965540786402
5120.000000000202 102.493428571428410
5194.472114880326 102.428569148827108
5270.027451614888 102.345092401207324
5346.6817660285715 102.242978483409289
5424.451043119808 102.122473286303176
5503.351500394186 101.983324052853447
5583.399591246343 101.828578302179054
5664.612008391055 101.664191502882247
5747.005687344222 101.497048511564671
5830.597809954497 101.329722314389642
5915.405807986278 101.165808748904226
6001.447366754812 101.014401318205529
6088.740428814181 100.890448506863692
6177.303197698925 100.798547487522271
6267.154141720092 100.749674903940971
6358.3119978165005 100.756202039355870
6450.795775462017 100.816248028934297
6544.624760629676 100.929883388550806
6639.818519813445 101.090349743239955
6736.396904108505 101.286573189038720
6834.380053350861 101.504542721106446
6933.788400317181 101.725976118680350
7034.642674985712 101.928971107974860
7136.963908859177 102.082072826124943
7240.773439350552 102.145572929622745
7346.092914232631 102.082657353212923
7452.944296152315 101.870668172234843
7561.349867210557 101.505468644538695
7671.332233608935 101.025854076990314
7782.914330363799 100.468687016963486
7896.119426088994 99.871507341583523
8010.971127848146 99.272967195347888
8127.49338607753 98.702222121219734
8245.710499580537 98.169335748044659
8365.647120594791 97.679405178502748
8487.328259932974 97.226121443663274
8610.77929219841 96.814389916129414
8736.025961076528 96.444847190699377
8863.094384703289 96.114406690570561
8992.011061111683 95.823055001887596
9122.802873757471 95.571623204824874
9255.497097125279 95.366614910262172
9390.121402416245 95.214493293207951
9526.7038633184 95.124655042712988
9665.272961860968 95.102116817502761
9805.857594353829 95.150592599428620
9948.487077413367 95.278686953138148
10093.19115407597 95.505190891435490
10240.000000000457 95.830900000001151
10388.944229760706 96.262580271526815
10540.05490322983 96.809711377434837
10693.363532057198 97.459079835389758
10848.902086239672 98.186081645846429
11006.703000788428 98.895991840939502
11166.799182492743 99.445464716612392
11329.224016782166 99.585279894249851
11494.0113746885 99.283693293055819
11661.195619909053 98.279676828057063
11830.811615972614 96.973651639267231
12002.894733509682 95.391148816070583
12177.48085762842 93.804476536428922
12354.606395397908 92.343534650763686
12534.308283440243 91.033929619050468
12716.62399563306 89.962998102547971
12901.591550924093 89.204214159728139
13089.249521259411 88.597810832730289
13279.637039626952 88.275204165209828
13472.793808217073 88.299766151915136
13668.760106701786 88.680860441178964
13867.576800634426 89.438552945173711
14069.285349971487 90.517404953328636
14273.927817718419 91.747306184487698
14481.54687870117 92.700536930301382
14692.18582846533 92.833774545342578
14905.888592304698 92.114329398691041
15122.699734421185 90.753442184936063
15342.664467217943 89.124252086767967
15565.828660727671 87.598539948495187
15792.238852178061 86.371589954626003
16021.942255696367 85.426240897260243
16254.986772155136 84.681638096193211
16491.42099916115 84.000707522415894
16731.294241189662 83.228457012475019
16974.65651986603 82.518742657587183
17221.558584396902 82.273127421339211
17472.051922153143 82.572531183277746
17726.188769406665 82.740118088406547
17984.022122223458 81.674189972305413
18245.605747515034 78.677300393076067
18510.99419425065 75.078092163851409
18780.242804832582 73.595830130725602
19053.40772663689 72.007381671591475
19330.545923722028 69.814774461692622
19611.71518870775 68.169268498191343
19896.974154826825 67.165034291031390
20186.382308152035 66.371044229619912
