20 71.937999999999988
20.290906698750476 71.905030464243168
20.586044732869844 71.870151367772507
20.885475648548283 71.831388165688736
21.189261887185914 71.788521369244108
21.49746679841394 71.740039771859159
21.810154653305165 71.688875103595649
22.12739065777668 71.639709877977936
22.449240966187475 71.593262831740134
22.77577269513385 71.552912512593196
23.107053937445478 71.515367179980103
23.44315377638505 71.475367122100820
23.784142300054445 71.428339010741979
24.130090616010463 71.375034976808195
24.481070866093134 71.316444275375403
24.837156241469714 71.258698052370605
25.1984209978975 71.208453296520702
25.56494047120865 71.163944150599406
25.936791093020236 71.121768987957736
26.3140504066728 71.076483444732901
26.69679708340074 71.023464422906898
27.08511093873791 70.966233451744472
27.47907294916184 70.907836784590586
27.878765268980047 70.851669775515248
28.284271247461966 70.796907652840105
28.695675446220072 70.740996788421626
29.11306365684382 70.682718833414498
29.536522918790062 70.621704176775438
29.966141537533712 70.559409477057613
30.402009102982383 70.496722075013849
30.844216508158908 70.436030857725683
31.29285596815558 70.377151934020361
31.74802103936409 70.321981538394397
32.20980663898519 70.268372236516711
32.67830906482211 70.212354748767595
33.153626015361866 70.149685105818619
33.63585661014871 70.080664934918289
34.125101410453844 70.010611309588739
34.62146244024586 69.945424507170486
35.12504320746613 69.885494987933924
35.635948725613716 69.825550204200738
36.15428553564419 69.761442880366246
36.68016172818701 69.692358328422941
37.21368696608603 69.621507007442730
37.754972507267915 69.552310605081544
38.30413122794313 69.484504372646825
38.86127764614443 69.416638797972766
39.4265279456077 69.345275858461846
40.000000000000206 69.268499999999975
40.58181339750116 69.190439775634502
41.1720894657399 69.120302848373200
41.77095129709678 69.055622638470879
42.37852377437204 68.986382977381794
42.9949335968281 68.908983310018101
43.62030930661056 68.828293458928840
44.25478131555359 68.748256288535714
44.89848193237519 68.667689800752441
45.55154539026795 68.585851380087490
46.21410787489121 68.506889459748123
46.88630755277036 68.429211446315918
47.56828460010916 68.343037718930987
48.260181232021196 68.247255308213084
48.962141732186545 68.154981427738022
49.674312482939705 68.071097153464692
50.39684199579528 67.990107193109651
51.129880942417586 67.905621112327765
51.873582186040764 67.817703889792455
52.628100813345895 67.731641398950359
53.393594166801776 67.651140534120486
54.17022187747612 67.574006654210706
54.95814589832399 67.494049242603239
55.75753053796041 67.411504694528702
56.56854249492426 67.327655851775333
57.39135089244048 67.244843287987052
58.226127313687975 67.164017905199643
59.073045837580466 67.083633691267437
59.932283075067765 67.002865390943640
60.804018205965114 66.931215785127051
61.68843301631817 66.870290250714163
62.58571193631152 66.819937637987067
63.49604207872855 66.786110821795603
64.41961327797075 66.771580386722036
65.35661812964459 66.775992653815024
66.3072520307241 66.786382634138249
67.27171322029778 66.785831871525971
68.25020282090806 66.772372059096838
69.2429248804921 66.753604941384012
70.25008641493265 66.716745765668307
71.27189745122783 66.663550204200703
72.30857107128878 66.596048598582058
73.36032345637442 66.523321886443028
74.42737393217246 66.458865946544449
75.50994501453623 66.375454744436155
76.60826245588666 66.283723136656704
77.72255529228926 66.199637195613775
78.85305589121582 66.113844179798548
80.00000000000082 66.023999999999930
81.16362679500274 65.928000549413653
82.34417893148023 65.828624898175548
83.541902594194 65.730945792288580
84.75704754874454 65.633436244691040
85.98986719365665 65.536460209314100
87.24061861322157 65.433948795947913
88.50956263110764 65.341725426880274
89.79696386475084 65.237445926955189
91.10309078053635 65.142864207705856
92.42821574978288 65.055693574759800
93.77261510554118 64.953106756250463
95.13656920021877 64.854679883768910
96.52036246404286 64.766162030506507
97.92428346437356 64.677921638458088
99.34862496587989 64.583967924722913
100.79368399159105 64.483119313935987
102.25976188483567 64.377543890330230
103.74716437208203 64.269563816371431
105.25620162669229 64.161263263060590
106.78718833360406 64.053396816647719
108.34044375495276 63.944668937153310
109.9162917966485 63.834073152514591
111.51506107592134 63.721618868417153
113.13708498984903 63.606956614124670
114.78270178488147 63.493258207338982
116.45225462737648 63.375521804179400
118.14609167516147 63.254964534552421
119.86456615013608 63.131035991508256
121.60803641193078 63.002037213904913
123.3768660326369 62.863334089159110
125.17142387262359 62.722557525026616
126.99208415745765 62.572672846616101
128.83922655594208 62.417464085364799
130.71323625928977 62.262188995658846
132.61450406144883 62.091619252362065
134.5434264405962 61.919667318650809
136.50040564181674 61.761093866990564
138.48584976098482 61.612233441611551
140.50017282986593 61.476239370963242
142.5437949024563 61.350556613498938
144.61714214257822 61.267112881616697
146.7206469127495 61.259850199503347
148.8547478643456 61.329695494071544
151.01989002907314 61.484613420796833
153.216524911774 61.724160778036563
155.4451105845792 62.038464003169494
157.70611178243232 62.406348886397545
160.00000000000236 62.777500000000330
162.3272535900062 63.105642756190875
164.6883578629612 63.368093335490173
167.08380518838874 63.554951300827732
169.51409509748981 63.664855346841101
171.97973438731407 63.706173025137915
174.4812372264439 63.692980122626139
177.01912526221608 63.636310393287268
179.5939277295025 63.540661676365801
182.20618156107355 63.434929028620417
184.85643149956664 63.318374441419238
187.54523021108326 63.189657075065888
190.27313840043846 63.048187547817022
193.04072492808663 62.904896333538133
195.84856692874806 62.767599074034344
198.69724993176072 62.635321003002531
201.58736798318304 62.517944577969573
204.5195237696723 62.416635001255322
207.49432874416505 62.335132329302816
210.5124032533856 62.275297413528037
213.57437666720915 62.233288262493900
216.68088750990657 62.212079564001826
219.83258359329807 62.196211519728479
223.03012215184378 62.176561736550980
226.2741699796992 62.151169555172558
229.5654035697641 62.117635695255849
232.90450925475412 62.076693634315575
236.2921833503241 62.017510241318362
239.72913230027333 61.947052787844399
243.21607282386276 61.872989479801866
246.75373206527502 61.799140843137380
250.34284774524843 61.723257341381625
253.9841683149166 61.646334444347389
257.67845311188546 61.576569197513166
261.42647251858085 61.512249967184125
265.22900812289896 61.450793886279413
269.08685288119375 61.397116995707862
273.0008112836349 61.356115771648660
276.97169952197106 61.310946917937578
281.00034565973334 61.265196094045017
285.0875898049141 61.218870091516607
289.23428428515797 61.165377732721467
293.44129382550057 61.103192333852391
297.7094957286928 61.035064270049439
302.0397800581479 60.965883409098709
306.4330498235497 60.898598744342834
310.89022116916016 60.825811350708854
315.41222356486645 60.751063980665919
320.00000000000654 60.684999999999889
324.6545071800142 60.609131532965762
329.3767157259242 60.543976666127435
334.16761037677935 60.472152322272954
339.02819019498156 60.390617947665817
343.95946877463007 60.318171490277720
348.9624744528898 60.258724038682345
354.03825052443415 60.190868317710368
359.187855459007 60.119288809119809
364.4123631221491 60.047550625226563
369.71286299913527 59.962209046814181
375.0904604221685 59.885811091594356
380.54627680087896 59.814106076331299
386.08144985617537 59.733370107171751
391.6971338574982 59.652272271664557
397.3944998635236 59.582491701282876
403.1747359663683 59.532866673599585
409.0390475393468 59.494798254380044
414.9886574883323 59.473273630232640
421.0248065067734 59.477802880381333
427.1487533344206 59.511338780009780
433.3617750198154 59.579064850277419
439.6651671865984 59.684064820071001
446.06024430368984 59.825909725946552
452.54833995940066 60.002647024826672
459.13080713953053 60.196539041227446
465.8090185095106 60.405793101559098
472.58436670065066 60.610601543847537
479.45826460054917 60.801054696743364
486.432145647728 60.974541851851157
493.50746413055253 61.107458448682294
500.6856954904994 61.207185531032373
507.9683366298358 61.278191282140895
515.3569062237735 61.325927624895094
522.8529450371643 61.354685671657734
530.4580162458005 61.373687024368706
538.1737057623901 61.385210928425764
546.0016225672724 61.395073978319999
553.9433990439449 61.408629722968385
562.0006913194694 61.425101244375043
570.1751796098309 61.439972984946550
578.4685685703187 61.462365135139862
586.8825876510039 61.486803633570460
595.4189914573883 61.513069823090774
604.0795601162986 61.539483707841626
612.8660996471021 61.566641034579973
621.780442338323 61.593357009705088
630.8244471297356 61.618720675528124
640.0000000000159 61.649000000000058
649.3090143600314 61.682047000978116
658.7534314518515 61.707258921774809
668.3352207535618 61.735505662260685
678.0563803899662 61.772322702540365
687.9189375492632 61.806132493912571
697.9249489057827 61.848266022630732
708.0765010488715 61.889806004195485
718.3757109180171 61.928490130396668
728.8247262443015 61.965827778167267
739.425725998274 62.002047468394125
750.1809208443404 62.040670914797765
761.0925536017613 62.081134886273190
772.1628997123541 62.122415433542244
783.3942677149998 62.165285645057693
794.7889997270506 62.211570373851345
806.34947193274 62.258104203739364
818.0780950786972 62.305715017640637
829.9773149766683 62.357015047012183
842.0496130135506 62.410217056934286
854.2975066688449 62.464875968343406
866.7235500396347 62.523572725193603
879.3303343732008 62.586734255459305
892.1204886073838 62.656849435441842
905.0966799188055 62.731867717849553
918.2616142790653 62.811292179629667
931.6180370190256 62.894499081082280
945.1687334013056 62.983388950458817
958.9165292011028 63.077672660307627
972.8642912954606 63.175050039068225
987.0149282611097 63.277339286205759
1001.3713909810035 63.384876858422928
1015.9366732596762 63.495118716773540
1030.7138124475518 63.607430073261739
1045.7058900743334 63.721667339011262
1060.916032491606 63.838992381352597
1076.3474115247852 63.956605586435892
1092.0032451345498 64.073586128635938
1107.8867980878947 64.189111900491241
1124.0013826389438 64.304509678472613
1140.350359219667 64.418462856366915
1156.9371371406426 64.530510351283851
1173.765175302013 64.642973639463079
1190.837982914782 64.752279506959184
1208.1591202326028 64.861917390016885
1225.73219929421 64.970575600443141
1243.5608846766518 65.079223036688987
1261.648894259477 65.186228476130907
1280.0000000000375 65.293500000000222
1298.6180287200684 65.403346369448400
1317.5068629037087 65.514790491131876
1336.6704415071292 65.627022082816708
1356.112760779938 65.739954012523640
1375.8378750985323 65.853963728694026
1395.8498978115715 65.968740664971250
1416.153002097749 66.084033678553908
1436.7514218360407 66.200139176735917
1457.6494524886093 66.316071988687355
1478.8514519965543 66.432374869821331
1500.3618416886875 66.548924997783814
1522.1851072035295 66.665024770322773
1544.3257994247153 66.781267188985510
1566.788535430007 66.896957301401642
1589.5779994541087 67.012764677237797
1612.6989438654878 67.128740740450127
1636.156190157402 67.244888455574412
1659.9546299533442 67.361578594172329
1684.099226027109 67.479404223012295
1708.5950133376978 67.598771764821208
1733.4471000792773 67.718708196377349
1758.6606687464096 67.838378356483048
1784.2409772147755 67.959117412453736
1810.193359837619 68.081612658433556
1836.5232285581387 68.205428709652097
1863.2360740380593 68.329385940575079
1890.3374668026197 68.452825349947844
1917.833058402214 68.577818746314108
1945.7285825909298 68.704193193310999
1974.0298565222283 68.831634354350030
2002.7427819620161 68.959522527600171
2031.8733465193618 69.087180279801203
2061.4276248951132 69.216162580797231
2091.411780148677 69.345382417286160
2121.832064983222 69.472057268055792
2152.694823049581 69.598096662774566
2184.0064902691106 69.723725474306264
2215.7735961758003 69.847819855133423
2248.002765277899 69.972543887477315
2280.7007184393456 70.096449348840224
2313.874274281297 70.219141101126738
2347.530350604038 70.340817089664469
2381.6759658295764 70.460011132539165
2416.318240465218 70.578210046907316
2451.4643985884327 70.695869125306544
2487.1217693533167 70.811148210640397
2523.2977885189675 70.919937253774464
2560.0000000000887 71.024000000000257
2597.236057440151 71.122305594318377
2635.0137258074315 71.214281798120552
2673.340883014273 71.297724093292288
2712.225521559891 71.374358065604468
2751.6757501970797 71.441660934702639
2791.699795623158 71.500672208763007
2832.3060041955137 71.550298024908756
2873.502843672097 71.591682502431439
2915.2989049772345 71.624485321085885
2957.7029039931244 71.648773045437522
3000.723683377391 71.664099506464396
3044.370214407075 71.669499999999999
3088.6515988494466 71.666702260172585
3133.57707086003 71.656132165356240
3179.1559989082334 71.637588240502211
3225.3978877309914 71.611745351852164
3272.3123803148205 71.578819467157587
3319.9092599067053 71.539581666083961
3368.198452054235 71.493755594384140
3417.190026675413 71.441747170123534
3466.8942001585724 71.384389075806538
3517.3213374928373 71.320962621134527
3568.4819544295697 71.251440444254300
3620.386719675257 71.175808318896856
3673.0464571162966 71.093395204042764
3726.472148076138 71.005791512712847
3780.6749336052594 70.913037972859399
3835.6661168044484 70.816457650920043
3891.45716518188 70.714231386154438
3948.059713044477 70.606686545215496
4005.4855639240527 70.492254593955693
4063.746693038744 70.372475832408682
4122.855249790247 70.245599481720191
4182.823560297375 70.110743623574137
4243.664129966465 69.965160831865973
4305.389646099183 69.809679563215411
4368.012980538242 69.642815277060208
4431.5471923516225 69.466047107020472
4496.00553055582 69.282884237915908
4561.401436878714 69.095924466060808
4627.748548562617 68.906804064024669
4695.060701208099 68.719943683175330
4763.351931659176 68.536903493924441
4832.63648093046 68.355271514390097
4902.928797176889 68.175237184281286
4974.243538706657 67.995035064765688
5046.595577037959 67.812637390335652
5120.000000000202 67.628499999999491
5194.472114880326 67.444543318543197
5270.027451614888 67.261934116124266
5346.6817660285715 67.079714327757500
5424.451043119808 66.901937675333002
5503.351500394186 66.735629424191927
5583.399591246343 66.583418261303677
5664.612008391055 66.450736086784104
5747.005687344222 66.337888089876770
5830.597809954497 66.248103817737771
5915.405807986278 66.183336299286381
6001.447366754812 66.143782894986771
6088.740428814181 66.133061337784582
6177.303197698925 66.150836210557443
6267.154141720092 66.197060765346549
6358.3119978165005 66.272521717958426
6450.795775462017 66.374486761572911
6544.624760629676 66.503999007566563
6639.818519813445 66.660275150466077
6736.396904108505 66.840793808217001
6834.380053350861 67.041229513637333
6933.788400317181 67.256010248704143
7034.642674985712 67.479906738468287
7136.963908859177 67.703733125870045
7240.773439350552 67.915673401962806
7346.092914232631 68.101787733629891
7452.944296152315 68.252092041305815
7561.349867210557 68.356534898194752
7671.332233608935 68.410384425047695
7782.914330363799 68.403365246733472
7896.119426088994 68.317313396735955
8010.971127848146 68.127115050052623
8127.49338607753 67.823283196562045
8245.710499580537 67.401793718803248
8365.647120594791 66.872759906588527
8487.328259932974 66.277725113331769
8610.77929219841 65.646794547098992
8736.025961076528 65.021601463099600
8863.094384703289 64.438646236574968
8992.011061111683 63.928136197997738
9122.802873757471 63.512967148088350
9255.497097125279 63.208064070180825
9390.121402416245 63.007848565315314
9526.7038633184 62.899932510518681
9665.272961860968 62.880273479806917
9805.857594353829 62.944400912384424
9948.487077413367 63.093603926282491
10093.19115407597 63.326258979894718
10240.000000000457 63.631000000001031
10388.944229760706 64.000478603121849
10540.05490322983 64.422783189930954
10693.363532057198 64.899242690959426
10848.902086239672 65.440536531325222
11006.703000788428 65.997126715249635
11166.799182492743 66.427112417126267
11329.224016782166 66.471052951406634
11494.0113746885 66.145443767001169
11661.195619909053 65.399589819911540
11830.811615972614 64.562427314477176
12002.894733509682 63.690760138337495
12177.48085762842 62.869899119231405
12354.606395397908 62.169452383530952
12534.308283440243 61.559263948416103
12716.62399563306 61.069879050364207
12901.591550924093 60.696391747688352
13089.249521259411 60.372011541823014
13279.637039626952 60.111806515617815
13472.793808217073 59.912577479727886
13668.760106701786 59.744132413304797
13867.576800634426 59.577525589436945
14069.285349971487 59.366464777538489
14273.927817718419 59.090197446080140
14481.54687870117 58.647427257315876
14692.18582846533 57.941805776823820
14905.888592304698 57.001217409368074
15122.699734421185 55.883568651122644
15342.664467217943 54.682607995793340
15565.828660727671 53.498121500112205
15792.238852178061 52.402950547112553
16021.942255696367 51.430263259948788
16254.986772155136 50.617905450373520
16491.42099916115 50.163005997613951
16731.294241189662 50.106254802033000
16974.65651986603 50.427853327726282
17221.558584396902 50.456967008130505
17472.051922153143 47.260672840216273
17726.188769406665 45.969125758692996
17984.022122223458 46.750742737115729
18245.605747515034 47.173014083332191
18510.99419425065 47.269622351167186
18780.242804832582 47.320987428561409
19053.40772663689 46.958956182881607
19330.545923722028 45.069874913236632
19611.71518870775 40.571028037689800
19896.974154826825 37.601500000000001
20186.382308152035 37.601500000000001
