20 103.899881938133461
20.290906698750476 103.896881941741142
20.586044732869844 103.893881942932694
20.885475648548283 103.891009251872717
21.189261887185914 103.888381942687772
21.49746679841394 103.885881938418109
21.810154653305165 103.883754627005104
22.12739065777668 103.881627312447790
22.449240966187475 103.879381939350054
22.77577269513385 103.877754625507848
23.107053937445478 103.875381937960952
23.44315377638505 103.872009253028608
23.784142300054445 103.868381938537539
24.130090616010463 103.863136569877611
24.481070866093134 103.856891193778722
24.837156241469714 103.849518507123022
25.1984209978975 103.840645825355750
25.56494047120865 103.830400454839946
25.936791093020236 103.818655082114304
26.3140504066728 103.805782372234717
26.69679708340074 103.791909716264655
27.08511093873791 103.776037018108738
27.47907294916184 103.759164325223423
27.878765268980047 103.741791643006621
28.284271247461966 103.723291643069388
28.695675446220072 103.704791635765943
29.11306365684382 103.686791662322264
29.536522918790062 103.668791645830083
29.966141537533712 103.651537020556219
30.402009102982383 103.635036998458133
30.844216508158908 103.618164314897953
31.29285596815558 103.602037014191382
31.74802103936409 103.584664336631675
32.20980663898519 103.566418964426930
32.67830906482211 103.547046276246476
33.153626015361866 103.527173576666229
33.63585661014871 103.505800904543023
34.125101410453844 103.482928189512677
34.62146244024586 103.459555510561927
35.12504320746613 103.435182820580707
35.635948725613716 103.410310130884483
36.15428553564419 103.384810163544017
36.68016172818701 103.358310152109794
37.21368696608603 103.330937451607610
37.754972507267915 103.302564772996448
38.30413122794313 103.273819411181847
38.86127764614443 103.244692110559754
39.4265279456077 103.216192077126351
40.000000000000206 103.188064779743314
40.58181339750116 103.160564777396331
41.1720894657399 103.132564765539797
41.77095129709678 103.103692088340637
42.37852377437204 103.073946728185717
42.9949335968281 103.042201348729321
43.62030930661056 103.007955972589372
44.25478131555359 102.970837932583663
44.89848193237519 102.930719821653895
45.55154539026795 102.888347135664787
46.21410787489121 102.844101805991812
46.88630755277036 102.799229096571707
47.56828460010916 102.754729110269110
48.260181232021196 102.710601783884073
48.962141732186545 102.666974476069271
49.674312482939705 102.623847177330944
50.39684199579528 102.582219843368733
51.129880942417586 102.541592522601803
51.873582186040764 102.501092560351736
52.628100813345895 102.460965231204995
53.393594166801776 102.420219851417528
54.17022187747612 102.378347158839858
54.95814589832399 102.334729096179615
55.75753053796041 102.288983734517288
56.56854249492426 102.241238346388201
57.39135089244048 102.190492998256417
58.226127313687975 102.138247609247571
59.073045837580466 102.083874937490208
59.932283075067765 102.028502241951571
60.804018205965114 101.971756872039307
61.68843301631817 101.915256868318565
62.58571193631152 101.858629533864530
63.49604207872855 101.800884176234192
64.41961327797075 101.742384160642615
65.35661812964459 101.681893439607137
66.3072520307241 101.620393416824072
67.27171322029778 101.558020772100434
68.25020282090806 101.495020757048820
69.2429248804921 101.431648075958236
70.25008641493265 101.367275381353721
71.27189745122783 101.302275374369216
72.30857107128878 101.236775362378211
73.36032345637442 101.171775380274454
74.42737393217246 101.106402659485241
75.50994501453623 101.037911932491113
76.60826245588666 100.966293868101786
77.72255529228926 100.893421181585509
78.85305589121582 100.820293897188137
80.00000000000082 100.747293906163492
81.16362679500274 100.672048510882988
82.34417893148023 100.595803153586829
83.541902594194 100.518675801650858
84.75704754874454 100.443548490177506
85.98986719365665 100.368921176944198
87.24061861322157 100.294548497505815
88.50956263110764 100.219175820767305
89.79696386475084 100.144048512185918
91.10309078053635 100.069921200139134
92.42821574978288 99.996793891444327
93.77261510554118 99.923421181028985
95.13656920021877 99.848675830676697
96.52036246404286 99.772303121797108
97.92428346437356 99.693930444962831
99.34862496587989 99.613312371265621
100.79368399159105 99.531566999990332
102.25976188483567 99.447694325429026
103.74716437208203 99.362448947250797
105.25620162669229 99.276948971375106
106.78718833360406 99.191821629122501
108.34044375495276 99.108567004373953
109.9162917966485 99.026439699549513
111.51506107592134 98.945685092701467
113.13708498984903 98.866430441122560
114.78270178488147 98.787930444787008
116.45225462737648 98.707812383944358
118.14609167516147 98.623076288178623
119.86456615013608 98.533712841082576
121.60803641193078 98.440222100276699
123.3768660326369 98.341731362244431
125.17142387262359 98.238495232889278
126.99208415745765 98.128759083356229
128.83922655594208 98.014268367840600
130.71323625928977 97.896150311503987
132.61450406144883 97.777523000610501
134.5434264405962 97.658150301566252
136.50040564181674 97.538404930419631
138.48584976098482 97.416904940674783
140.50017282986593 97.296150284720696
142.5437949024563 97.180386420057204
144.61714214257822 97.071867905897534
146.7206469127495 96.973467451201032
148.8547478643456 96.889803138617879
151.01989002907314 96.824629558616891
153.216524911774 96.784192091032082
155.4451105845792 96.773745373470661
157.70611178243232 96.791189850449754
160.00000000000236 96.828525521224947
162.3272535900062 96.876634320637137
164.6883578629612 96.929252385759980
167.08380518838874 96.981879693069828
169.51409509748981 97.030643573866001
171.97973438731407 97.072662086900692
174.4812372264439 97.106680592107054
177.01912526221608 97.134317164221287
179.5939277295025 97.159317162604708
182.20618156107355 97.184817162115166
184.85643149956664 97.209444474045711
187.54523021108326 97.230081042875668
190.27313840043846 97.245344926026036
193.04072492808663 97.253490746214197
195.84856692874806 97.249145821384360
198.69724993176072 97.229810150629191
201.58736798318304 97.195592540376040
204.5195237696723 97.148120301185301
207.49432874416505 97.089393432365853
210.5124032533856 97.021539261107847
213.57437666720915 96.945185069320047
216.68088750990657 96.860948951301879
219.83258359329807 96.774076280068371
223.03012215184378 96.685830894996201
226.2741699796992 96.597330908285826
229.5654035697641 96.508703578734028
232.90450925475412 96.421948957376941
236.2921833503241 96.338312382454689
239.72913230027333 96.258557765712183
243.21607282386276 96.182175829385699
246.75373206527502 96.108293879140959
250.34284774524843 96.036411946247597
253.9841683149166 95.968902687557460
257.67845311188546 95.904148069402737
261.42647251858085 95.839775371768638
265.22900812289896 95.777266115541835
269.08685288119375 95.717138803573704
273.0008112836349 95.658011498815469
276.97169952197106 95.600256865873632
281.00034565973334 95.545747615552756
285.0875898049141 95.493992986043509
289.23428428515797 95.446856421331404
293.44129382550057 95.405965225987643
297.7094957286928 95.371574031633401
302.0397800581479 95.345428208982355
306.4330498235497 95.326909703122624
310.89022116916016 95.313900448365899
315.41222356486645 95.304273134442411
320.00000000000654 95.295645821138962
324.6545071800142 95.286645820851874
329.3767157259242 95.274655074493765
334.16761037677935 95.257791641921330
339.02819019498156 95.238546268139743
343.95946877463007 95.216800897057482
348.9624744528898 95.193055522758101
354.03825052443415 95.167437462641004
359.187855459007 95.139692091378535
364.4123631221491 95.111937464915599
369.71286299913527 95.084310149480771
375.0904604221685 95.055692092452915
380.54627680087896 95.024701346110206
386.08144985617537 94.989210599211475
391.6971338574982 94.952210599024596
397.3944998635236 94.915210598972294
403.1747359663683 94.878210598226758
409.0390475393468 94.840837912404623
414.9886574883323 94.802710599769796
421.0248065067734 94.765210596314844
427.1487533344206 94.729083285551980
433.3617750198154 94.694455971302631
439.6651671865984 94.660455970623843
446.06024430368984 94.626328659110328
452.54833995940066 94.592328656380374
459.13080713953053 94.560946717534463
465.8090185095106 94.531192090278253
472.58436670065066 94.505555524250354
479.45826460054917 94.486909702350403
486.432145647728 94.477263880629494
493.50746413055253 94.476618059761336
500.6856954904994 94.485972239025429
507.9683366298358 94.504199103382490
515.3569062237735 94.531180596505777
522.8529450371643 94.567907460922513
530.4580162458005 94.611643580517239
538.1737057623901 94.659634328714162
546.0016225672724 94.710379700883848
553.9433990439449 94.763625071116792
562.0006913194694 94.818497757445272
570.1751796098309 94.874743133245516
578.4685685703187 94.933488506547235
586.8825876510039 94.994106563814555
595.4189914573883 95.058097309756150
604.0795601162986 95.127833432750919
612.8660996471021 95.203442239163110
621.780442338323 95.284932980511854
630.8244471297356 95.369551043795411
640.0000000000159 95.456923731391285
649.3090143600314 95.546041786762544
658.7534314518515 95.636287165121047
668.3352207535618 95.726914476953368
678.0563803899662 95.815796417892670
687.9189375492632 95.905041784764848
697.9249489057827 95.995787162760664
708.0765010488715 96.090777903599275
718.3757109180171 96.188895966349008
728.8247262443015 96.288395968999936
739.425725998274 96.387895969284813
750.1809208443404 96.485277909723095
761.0925536017613 96.579287162549292
772.1628997123541 96.669169101230054
783.3942677149998 96.752687609367172
794.7889997270506 96.832569548112502
806.34947193274 96.910569549684155
818.0780950786972 96.988069548222100
829.9773149766683 97.066442237845735
842.0496130135506 97.148305666310847
854.2975066688449 97.235169101447880
866.7235500396347 97.328777905327769
879.3303343732008 97.428886715021292
892.1204886073838 97.534750147909349
905.0966799188055 97.646986263270648
918.2616142790653 97.765095067941132
931.6180370190256 97.889831193258431
945.1687334013056 98.020067310388839
958.9165292011028 98.155430743275673
972.8642912954606 98.296666864892458
987.0149282611097 98.443902980208350
1001.3713909810035 98.597266412741348
1015.9366732596762 98.755129842781827
1030.7138124475518 98.918865967332067
1045.7058900743334 99.088974777044456
1060.916032491606 99.265210889404102
1076.3474115247852 99.448692380407408
1092.0032451345498 99.638055818648098
1107.8867980878947 99.833291936669553
1124.0013826389438 100.032409998705617
1140.350359219667 100.235655366133486
1156.9371371406426 100.439528056536261
1173.765175302013 100.642655365222026
1190.837982914782 100.842419245679196
1208.1591202326028 101.036310442183265
1225.73219929421 101.220956266866636
1243.5608846766518 101.392738654479942
1261.648894259477 101.548402983364127
1280.0000000000375 101.686321938563026
1298.6180287200684 101.802750148415413
1317.5068629037087 101.895805668078907
1336.6704415071292 101.963243131710854
1356.112760779938 102.004553282393800
1375.8378750985323 102.018118059604916
1395.8498978115715 102.004555522758082
1416.153002097749 101.965238359304180
1436.7514218360407 101.900921195116979
1457.6494524886093 101.814594780592259
1478.8514519965543 101.708386418897106
1500.3618416886875 101.585423435328295
1522.1851072035295 101.449078509978236
1544.3257994247153 101.303469706929434
1566.788535430007 101.151978961809107
1589.5779994541087 100.997733585247133
1612.6989438654878 100.843106273700471
1636.156190157402 100.690851644814700
1659.9546299533442 100.541715076413567
1684.099226027109 100.399823883714930
1708.5950133376978 100.266050752038055
1733.4471000792773 100.140904928217026
1758.6606687464096 100.026877165657055
1784.2409772147755 99.923976718607975
1810.193359837619 99.834694329927402
1836.5232285581387 99.758911942195382
1863.2360740380593 99.698502239661451
1890.3374668026197 99.651719851684632
1917.833058402214 99.618937463272147
1945.7285825909298 99.601400448113040
1974.0298565222283 99.599118059604166
2002.7427819620161 99.610835671074867
2031.8733465193618 99.637053282827893
2061.4276248951132 99.675398207831478
2091.411780148677 99.727243132742473
2121.832064983222 99.791588057308900
2152.694823049581 99.867687609290343
2184.0064902691106 99.954914474392268
2215.7735961758003 100.052514027168172
2248.002765277899 100.160368205687234
2280.7007184393456 100.277722384850719
2313.874274281297 100.402703875750603
2347.530350604038 100.534067310177761
2381.6759658295764 100.671176115681888
2416.318240465218 100.812294174906398
2451.4643985884327 100.957039547746348
2487.1217693533167 101.104157606881344
2523.2977885189675 101.252657607219788
2560.0000000000887 101.402775667633335
2597.236057440151 101.555021039501923
2635.0137258074315 101.709266414377780
2673.340883014273 101.866629847550897
2712.225521559891 102.029493278332069
2751.6757501970797 102.201965517826110
2791.699795623158 102.388428503265999
2832.3060041955137 102.594254920589975
2873.502843672097 102.824072083209629
2915.2989049772345 103.078016561039846
2957.7029039931244 103.352724916328924
3000.723683377391 103.638833722511322
3044.370214407075 103.924842976867751
3088.6515988494466 104.200625366258393
3133.57707086003 104.457298950019293
3179.1559989082334 104.687991037938573
3225.3978877309914 104.885574322331962
3272.3123803148205 105.044294176259911
3319.9092599067053 105.160395966877303
3368.198452054235 105.231752386879364
3417.190026675413 105.257354178887766
3466.8942001585724 105.237710598247872
3517.3213374928373 105.171194330732035
3568.4819544295697 105.057305377343482
3620.386719675257 104.895043737309592
3673.0464571162966 104.682909409244687
3726.472148076138 104.420902396358883
3780.6749336052594 104.106150007666997
3835.6661168044484 103.737024933809650
3891.45716518188 103.312281805310349
3948.059713044477 102.832656732638540
4005.4855639240527 102.300149719867491
4063.746693038744 101.720751511997435
4122.855249790247 101.104825535714767
4182.823560297375 100.471098674439205
4243.664129966465 99.841443595814340
4305.389646099183 99.240605683774930
4368.012980538242 98.692212251142308
4431.5471923516225 98.221635979900199
4496.00553055582 97.853004188702215
4561.401436878714 97.608944184238794
4627.748548562617 97.513828657623833
4695.060701208099 97.587176115976632
4763.351931659176 97.842123125690208
4832.63648093046 98.280079388130531
4902.928797176889 98.880864308126888
4974.243538706657 99.583697743948761
5046.595577037959 100.298135201617882
5120.000000000202 100.930394310780670
5194.472114880326 101.415273720997078
5270.027451614888 101.726435514432950
5346.6817660285715 101.861715371528391
5424.451043119808 101.822867913129670
5503.351500394186 101.606411649162240
5583.399591246343 101.205710013057740
5664.612008391055 100.631344049840024
5747.005687344222 99.926339273395826
5830.597809954497 99.163522107389355
5915.405807986278 98.425029125355167
6001.447366754812 97.770425093517218
6088.740428814181 97.229147474246219
6177.303197698925 96.810487918880000
6267.154141720092 96.512337619344976
6358.3119978165005 96.329823883809581
6450.795775462017 96.254083284571124
6544.624760629676 96.278861192362285
6639.818519813445 96.397148353589785
6736.396904108505 96.600835964349343
6834.380053350861 96.878796708312422
6933.788400317181 97.216549095243835
7034.642674985712 97.593729689584336
7136.963908859177 97.984847751583629
7240.773439350552 98.359285213621888
7346.092914232631 98.693523574335956
7452.944296152315 98.967671634433714
7561.349867210557 99.171465517540270
7671.332233608935 99.300641340644944
7782.914330363799 99.358425969338327
7896.119426088994 99.354555523009481
8010.971127848146 99.308884180664293
8127.49338607753 99.246275374846661
8245.710499580537 99.189365673018060
8365.647120594791 99.152937463437752
8487.328259932974 99.138391194226458
8610.77929219841 99.140726865384039
8736.025961076528 99.174752386498255
8863.094384703289 99.281921488540419
8992.011061111683 99.486444770433764
9122.802873757471 99.749752678853014
9255.497097125279 99.979791935014219
9390.121402416245 100.097969998360270
9526.7038633184 100.079284628699583
9665.272961860968 99.931826124440647
9805.857594353829 99.653895381695278
9948.487077413367 99.206212253063100
10093.19115407597 98.535267483140046
10240.000000000457 97.618822716682573
10388.944229760706 96.511547048990906
10540.05490322983 95.348910477685081
10693.363532057198 94.286431520562672
10848.902086239672 93.427904049492213
11006.703000788428 92.809221506145477
11166.799182492743 92.417594486762539
11329.224016782166 92.216569257445570
11494.0113746885 92.157537015374572
11661.195619909053 92.194469998142765
11830.811615972614 92.301076563768703
12002.894733509682 92.462083577345140
12177.48085762842 92.661891486779012
12354.606395397908 92.869282681155255
12534.308283440243 93.046629846516538
12716.62399563306 93.174250146186324
12901.591550924093 93.256215371238682
13089.249521259411 93.313879700047352
13279.637039626952 93.362143580870764
13472.793808217073 93.397062536537732
13668.760106701786 93.407990746162000
13867.576800634426 93.416208357743386
14069.285349971487 93.471560296285674
14273.927817718419 93.575495519278974
14481.54687870117 93.639317163503080
14692.18582846533 93.561587764974689
14905.888592304698 93.293913890228225
15122.699734421185 92.843057178771375
15342.664467217943 92.263915837588542
15565.828660727671 91.636080167282756
15792.238852178061 91.003480613585822
16021.942255696367 90.315674944843678
16254.986772155136 89.517815992251258
16491.42099916115 88.643554352800379
16731.294241189662 87.743355249198245
16974.65651986603 86.776095849375309
17221.558584396902 85.627005259687792
17472.051922153143 84.150766310155120
17726.188769406665 82.329513631840740
17984.022122223458 80.708433467765701
18245.605747515034 80.749920125021831
18510.99419425065 82.342889055611948
18780.242804832582 84.053481300401629
19053.40772663689 85.389233102540786
19330.545923722028 86.407626242485676
19611.71518870775 87.163991623897459
19896.974154826825 87.612259692501908
20186.382308152035 87.753379700145942
