20 100.990000000000009
20.290906698750476 100.997272691711061
20.586044732869844 101.004651119484691
20.885475648548283 101.011661098466135
21.189261887185914 101.017303116921354
21.49746679841394 101.023083839433838
21.810154653305165 101.028126945031588
22.12739065777668 101.032092383222221
22.449240966187475 101.035910340017097
22.77577269513385 101.038884006056577
23.107053937445478 101.042570542942940
23.44315377638505 101.045931542992037
23.784142300054445 101.048881067250406
24.130090616010463 101.051584092080390
24.481070866093134 101.054131693504615
24.837156241469714 101.056185778493273
25.1984209978975 101.057992104989481
25.56494047120865 101.059824704417792
25.936791093020236 101.061512967783983
26.3140504066728 101.062880165956130
26.69679708340074 101.063991992708509
27.08511093873791 101.064191482797156
27.47907294916184 101.063302318382881
27.878765268980047 101.061606173655093
28.284271247461966 101.059578643762691
28.695675446220072 101.056934596430239
29.11306365684382 101.053482427088397
29.536522918790062 101.049525202055719
29.966141537533712 101.043940160012056
30.402009102982383 101.037473212049520
30.844216508158908 101.031336761969527
31.29285596815558 101.024366090517475
31.74802103936409 101.017279684409544
32.20980663898519 101.010143093776236
32.67830906482211 101.002825364027672
33.153626015361866 100.995695609769570
33.63585661014871 100.988190437627480
34.125101410453844 100.979998377432736
34.62146244024586 100.972056600956080
35.12504320746613 100.963874265473081
35.635948725613716 100.955052922938961
36.15428553564419 100.945568574822772
36.68016172818701 100.935576927164448
37.21368696608603 100.925439947644364
37.754972507267915 100.914354188261655
38.30413122794313 100.902209134985242
38.86127764614443 100.889669674866155
39.4265279456077 100.876244963473027
40.000000000000206 100.863000000000000
40.58181339750116 100.848454616577868
41.1720894657399 100.833697784867582
41.77095129709678 100.818250401493003
42.37852377437204 100.801797207128175
42.9949335968281 100.784889280718161
43.62030930661056 100.767257920023098
44.25478131555359 100.748752885397522
44.89848193237519 100.729130150852271
45.55154539026795 100.709490458584355
46.21410787489121 100.690065036574310
46.88630755277036 100.669225800481229
47.56828460010916 100.647500239567890
48.260181232021196 100.627254773271389
48.962141732186545 100.607572004832207
49.674312482939705 100.589142215067227
50.39684199579528 100.571078937703788
51.129880942417586 100.552752963221053
51.873582186040764 100.533893614653792
52.628100813345895 100.514529928570425
53.393594166801776 100.495406130191867
54.17022187747612 100.476773330354732
54.95814589832399 100.458528108712443
55.75753053796041 100.440455569715340
56.56854249492426 100.422492065111669
57.39135089244048 100.404194604920093
58.226127313687975 100.385186008128329
59.073045837580466 100.364918193628952
59.932283075067765 100.340429932360564
60.804018205965114 100.312367940564087
61.68843301631817 100.283308638308625
62.58571193631152 100.253723309263819
63.49604207872855 100.223630611401973
64.41961327797075 100.193152761826966
65.35661812964459 100.162409910786550
66.3072520307241 100.130899804940015
67.27171322029778 100.097354180679417
68.25020282090806 100.062242495626407
69.2429248804921 100.024904467220551
70.25008641493265 99.984371327365366
71.27189745122783 99.940536512145968
72.30857107128878 99.894768587327647
73.36032345637442 99.847785444463142
74.42737393217246 99.800195546984412
75.50994501453623 99.753752237941598
76.60826245588666 99.708512394637523
77.72255529228926 99.664025798810997
78.85305589121582 99.620966300752485
80.00000000000082 99.576999999999970
81.16362679500274 99.528515428996783
82.34417893148023 99.475511931902020
83.541902594194 99.418809375562972
84.75704754874454 99.358647652931907
85.98986719365665 99.292882059632078
87.24061861322157 99.219062847292435
88.50956263110764 99.138372053890606
89.79696386475084 99.053832706214692
91.10309078053635 98.966041186166763
92.42821574978288 98.873524885919295
93.77261510554118 98.778438215750441
95.13656920021877 98.684009171841865
96.52036246404286 98.594531682111977
97.92428346437356 98.510358978740669
99.34862496587989 98.427039785868232
100.79368399159105 98.337968785868696
102.25976188483567 98.240069922023110
103.74716437208203 98.130594843885291
105.25620162669229 98.009363442502192
106.78718833360406 97.884237744978066
108.34044375495276 97.765988049643397
109.9162917966485 97.664667789656633
111.51506107592134 97.584629451507055
113.13708498984903 97.536020491877821
114.78270178488147 97.514267576090475
116.45225462737648 97.531813324236452
118.14609167516147 97.572360778526047
119.86456615013608 97.658945520599559
121.60803641193078 97.766202574827219
123.3768660326369 97.900371131934321
125.17142387262359 98.039628225283266
126.99208415745765 98.169157414129785
128.83922655594208 98.273803316653257
130.71323625928977 98.362684919726320
132.61450406144883 98.432862601536215
134.5434264405962 98.473477690846551
136.50040564181674 98.489249797179099
138.48584976098482 98.484613201912111
140.50017282986593 98.464830683275395
142.5437949024563 98.433495144829010
144.61714214257822 98.389710016256345
146.7206469127495 98.336607309651072
148.8547478643456 98.279921807662660
151.01989002907314 98.219219211151056
153.216524911774 98.154217642682070
155.4451105845792 98.086735704579525
157.70611178243232 98.019399091240004
160.00000000000236 97.951499999999925
162.3272535900062 97.882613293735830
164.6883578629612 97.810098577820781
167.08380518838874 97.736318800197623
169.51409509748981 97.663077147075299
171.97973438731407 97.588712021503113
174.4812372264439 97.512374140870818
177.01912526221608 97.434310941923741
179.5939277295025 97.354169454839536
182.20618156107355 97.273549607918937
184.85643149956664 97.190979337213520
187.54523021108326 97.107061679287554
190.27313840043846 97.020204943505888
193.04072492808663 96.931088657315598
195.84856692874806 96.840506431508572
198.69724993176072 96.747730202238245
201.58736798318304 96.652087733893907
204.5195237696723 96.554095953715972
207.49432874416505 96.454938096651858
210.5124032533856 96.354586558220475
213.57437666720915 96.253045569982106
216.68088750990657 96.152876488744255
219.83258359329807 96.052315470912788
223.03012215184378 95.949657325872010
226.2741699796992 95.847621702299378
229.5654035697641 95.746327623860566
232.90450925475412 95.645864722357373
236.2921833503241 95.549220618297625
239.72913230027333 95.457711852505213
243.21607282386276 95.372692379669061
246.75373206527502 95.293979461547622
250.34284774524843 95.222671588330783
253.9841683149166 95.160769138646415
257.67845311188546 95.108082043155633
261.42647251858085 95.054672766610224
265.22900812289896 94.999593504171884
269.08685288119375 94.942124829381100
273.0008112836349 94.879361512409574
276.97169952197106 94.812616720805750
281.00034565973334 94.741293536162985
285.0875898049141 94.664800757784661
289.23428428515797 94.584354884867935
293.44129382550057 94.503771287932949
297.7094957286928 94.422248631581965
302.0397800581479 94.339744178895188
306.4330498235497 94.257488578264329
310.89022116916016 94.176003463662823
315.41222356486645 94.094450977040779
320.00000000000654 94.015999999999892
324.6545071800142 93.942458786555790
329.3767157259242 93.875288308264473
334.16761037677935 93.808986976800441
339.02819019498156 93.739494061192261
343.95946877463007 93.672839065297410
348.9624744528898 93.615016533572913
354.03825052443415 93.568771045489868
359.187855459007 93.531603797332849
364.4123631221491 93.499084584954886
369.71286299913527 93.462981245305969
375.0904604221685 93.418679394741758
380.54627680087896 93.369187346163443
386.08144985617537 93.318858806308810
391.6971338574982 93.266464370085956
397.3944998635236 93.214907301173696
403.1747359663683 93.168954041582765
409.0390475393468 93.131031984571990
414.9886574883323 93.104288753581528
421.0248065067734 93.089246732632205
427.1487533344206 93.084432502222938
433.3617750198154 93.095856656324315
439.6651671865984 93.128346539390947
446.06024430368984 93.180289191138129
452.54833995940066 93.253618751480332
459.13080713953053 93.347552222398605
465.8090185095106 93.460197169589435
472.58436670065066 93.596599155478003
479.45826460054917 93.743989583854741
486.432145647728 93.888086127519330
493.50746413055253 94.027790007145171
500.6856954904994 94.162771119625091
507.9683366298358 94.282479533352927
515.3569062237735 94.390394713926042
522.8529450371643 94.491308867927387
530.4580162458005 94.577879780350457
538.1737057623901 94.651426868762485
546.0016225672724 94.714582902439986
553.9433990439449 94.768538931823429
562.0006913194694 94.815803905955008
570.1751796098309 94.861972246834569
578.4685685703187 94.908000555565266
586.8825876510039 94.951945326402665
595.4189914573883 94.998075402588512
604.0795601162986 95.050017140755955
612.8660996471021 95.108172383344836
621.780442338323 95.171416048297900
630.8244471297356 95.249491805436278
640.0000000000159 95.344000000000193
649.3090143600314 95.451519115858360
658.7534314518515 95.568480221575555
668.3352207535618 95.694024913947018
678.0563803899662 95.827983687420527
687.9189375492632 95.965073231934753
697.9249489057827 96.104156789790380
708.0765010488715 96.241225114054885
718.3757109180171 96.376303027480134
728.8247262443015 96.510456495927059
739.425725998274 96.638608711979288
750.1809208443404 96.757286593337867
761.0925536017613 96.865038966817394
772.1628997123541 96.962729932104011
783.3942677149998 97.055299854621154
794.7889997270506 97.143983247930123
806.34947193274 97.231121039495548
818.0780950786972 97.320020804640791
829.9773149766683 97.409946991942192
842.0496130135506 97.500209565352762
854.2975066688449 97.593089425572089
866.7235500396347 97.685654900286593
879.3303343732008 97.776028857331070
892.1204886073838 97.865843420251679
905.0966799188055 97.955827312778496
918.2616142790653 98.043700492813926
931.6180370190256 98.130008160852981
945.1687334013056 98.214609794857950
958.9165292011028 98.296013087006429
972.8642912954606 98.379185747772766
987.0149282611097 98.465938020068364
1001.3713909810035 98.551591206787919
1015.9366732596762 98.637744929326018
1030.7138124475518 98.728308367987012
1045.7058900743334 98.818522104186712
1060.916032491606 98.907904591700486
1076.3474115247852 98.998814986843755
1092.0032451345498 99.089518659523662
1107.8867980878947 99.180916474651397
1124.0013826389438 99.273896800656189
1140.350359219667 99.366926975708168
1156.9371371406426 99.457523605442574
1173.765175302013 99.548929111073818
1190.837982914782 99.644442597024749
1208.1591202326028 99.740875161279320
1225.73219929421 99.836981172375857
1243.5608846766518 99.933300322979733
1261.648894259477 100.030127436050549
1280.0000000000375 100.127500000000197
1298.6180287200684 100.221388059116919
1317.5068629037087 100.316283628228177
1336.6704415071292 100.409351641309570
1356.112760779938 100.504049708802199
1375.8378750985323 100.599021800472954
1395.8498978115715 100.694683262050262
1416.153002097749 100.791495976665942
1436.7514218360407 100.890413181450697
1457.6494524886093 100.992788295293735
1478.8514519965543 101.096601824383811
1500.3618416886875 101.197707892770609
1522.1851072035295 101.300713706000664
1544.3257994247153 101.406763837238628
1566.788535430007 101.513913428646831
1589.5779994541087 101.622682837390641
1612.6989438654878 101.732692993922413
1636.156190157402 101.843657217542926
1659.9546299533442 101.956583131176984
1684.099226027109 102.072358269450660
1708.5950133376978 102.190256064020957
1733.4471000792773 102.310221848386874
1758.6606687464096 102.433956916982197
1784.2409772147755 102.561020066529579
1810.193359837619 102.690670666384847
1836.5232285581387 102.822846607361853
1863.2360740380593 102.959062863517147
1890.3374668026197 103.101595323389944
1917.833058402214 103.246801887195630
1945.7285825909298 103.391459486169197
1974.0298565222283 103.536532865393809
2002.7427819620161 103.682213909810073
2031.8733465193618 103.827710620386867
2061.4276248951132 103.972971568237796
2091.411780148677 104.119205955706207
2121.832064983222 104.263427498922823
2152.694823049581 104.403650647858754
2184.0064902691106 104.542828070413904
2215.7735961758003 104.678249103938356
2248.002765277899 104.811344164005106
2280.7007184393456 104.936914312918248
2313.874274281297 105.054941294651712
2347.530350604038 105.163551914362444
2381.6759658295764 105.259170359875498
2416.318240465218 105.343944070372316
2451.4643985884327 105.412867612476816
2487.1217693533167 105.468543662981858
2523.2977885189675 105.505885564954099
2560.0000000000887 105.527250000000024
2597.236057440151 105.531414591383978
2635.0137258074315 105.519241993278996
2673.340883014273 105.487742639061082
2712.225521559891 105.441865971253492
2751.6757501970797 105.379235012174803
2791.699795623158 105.301307913863099
2832.3060041955137 105.208257830098574
2873.502843672097 105.103277350522063
2915.2989049772345 104.987786164615798
2957.7029039931244 104.864237229940755
3000.723683377391 104.734229443403436
3044.370214407075 104.596869640083796
3088.6515988494466 104.453848593710546
3133.57707086003 104.308669233090654
3179.1559989082334 104.162200803493647
3225.3978877309914 104.015496653647375
3272.3123803148205 103.871062859055542
3319.9092599067053 103.731059516666818
3368.198452054235 103.595864179453571
3417.190026675413 103.467024933311478
3466.8942001585724 103.345298629627365
3517.3213374928373 103.230605551140258
3568.4819544295697 103.126808384305292
3620.386719675257 103.035881248519587
3673.0464571162966 102.957156818321835
3726.472148076138 102.891115915635481
3780.6749336052594 102.841555586458838
3835.6661168044484 102.804920230942145
3891.45716518188 102.789024819893740
3948.059713044477 102.785133394728192
4005.4855639240527 102.803974190485235
4063.746693038744 102.842277915480736
4122.855249790247 102.902973555958084
4182.823560297375 102.987501735383916
4243.664129966465 103.095276458797741
4305.389646099183 103.225587739113251
4368.012980538242 103.376181477805233
4431.5471923516225 103.548496287756905
4496.00553055582 103.743717006459150
4561.401436878714 103.973139848487591
4627.748548562617 104.233318758819252
4695.060701208099 104.528785295678063
4763.351931659176 104.856430044627714
4832.63648093046 105.222648846875714
4902.928797176889 105.634660045696663
4974.243538706657 106.082583001593264
5046.595577037959 106.565976256788659
5120.000000000202 107.072214285715688
5194.472114880326 107.594893093979437
5270.027451614888 108.114686670981243
5346.6817660285715 108.605884622113393
5424.451043119808 109.043097946575557
5503.351500394186 109.392573576596448
5583.399591246343 109.618102730670557
5664.612008391055 109.685344803356429
5747.005687344222 109.613244563723356
5830.597809954497 109.403247070317690
5915.405807986278 109.072011540867237
6001.447366754812 108.649666127439588
6088.740428814181 108.176490073156401
6177.303197698925 107.692757755266513
6267.154141720092 107.221129737070271
6358.3119978165005 106.783890130076855
6450.795775462017 106.391618623556951
6544.624760629676 106.054308270772452
6639.818519813445 105.777648256060786
6736.396904108505 105.565851371371735
6834.380053350861 105.419572844248350
6933.788400317181 105.337484639873125
7034.642674985712 105.317062468122487
7136.963908859177 105.352156901669872
7240.773439350552 105.430419298596021
7346.092914232631 105.531362449661472
7452.944296152315 105.624443500633475
7561.349867210557 105.662567493360541
7671.332233608935 105.602716729662916
7782.914330363799 105.409149538270157
7896.119426088994 105.045970040280238
8010.971127848146 104.487979007341494
8127.49338607753 103.757298281634036
8245.710499580537 102.894313353062103
8365.647120594791 101.948942950683488
8487.328259932974 100.971507507539556
8610.77929219841 99.996189913169204
8736.025961076528 99.050181516050912
8863.094384703289 98.149469892499383
8992.011061111683 97.302487328496241
9122.802873757471 96.511976391497086
9255.497097125279 95.779951086329845
9390.121402416245 95.110495861636963
9526.7038633184 94.509239482337762
9665.272961860968 93.973955112169946
9805.857594353829 93.503349174122178
9948.487077413367 93.101431138483136
10093.19115407597 92.775473036702238
10240.000000000457 92.520699999999295
10388.944229760706 92.343732349873605
10540.05490322983 92.256354068143622
10693.363532057198 92.249371800449723
10848.902086239672 92.328561133988558
11006.703000788428 92.502213560392562
11166.799182492743 92.774299872387971
11329.224016782166 93.172405576827117
11494.0113746885 93.676437157315775
11661.195619909053 94.360199224761629
11830.811615972614 95.179051521807864
12002.894733509682 96.193018198987829
12177.48085762842 97.336341747212316
12354.606395397908 98.590914070116554
12534.308283440243 99.743786079876429
12716.62399563306 100.494062549344662
12901.591550924093 100.462242994217206
13089.249521259411 100.027680751483558
13279.637039626952 99.229471060723057
13472.793808217073 98.298352423433641
13668.760106701786 97.565894005769820
13867.576800634426 97.108885653107052
14069.285349971487 96.915917891752713
14273.927817718419 96.896476857316742
14481.54687870117 97.114579457621929
14692.18582846533 97.585946095295014
14905.888592304698 98.145328748253391
15122.699734421185 98.592175387290524
15342.664467217943 98.723281583603082
15565.828660727671 98.407774354244594
15792.238852178061 97.647701279980907
16021.942255696367 96.592864888763813
16254.986772155136 95.546422646571841
16491.42099916115 94.784158698704459
16731.294241189662 94.319816472633917
16974.65651986603 94.220248235318309
17221.558584396902 94.567050617866244
17472.051922153143 95.149421547766309
17726.188769406665 95.444998279561929
17984.022122223458 94.845565066396716
18245.605747515034 93.032673771911632
18510.99419425065 90.243631787929431
18780.242804832582 87.117849236845331
19053.40772663689 84.155792999906978
19330.545923722028 81.444725683353198
19611.71518870775 79.164455272662934
19896.974154826825 78.292446648211353
20186.382308152035 78.160225854906770
