20 105.617999999999995
20.290906698750476 105.633999983490810
20.586044732869844 105.649000034389502
20.885475648548283 105.663000027853812
21.189261887185914 105.675999995189670
21.49746679841394 105.687999992179471
21.810154653305165 105.700500024801670
22.12739065777668 105.712500022562423
22.449240966187475 105.723499964794286
22.77577269513385 105.733500018953265
23.107053937445478 105.742499998306684
23.44315377638505 105.751000015995686
23.784142300054445 105.757500006093395
24.130090616010463 105.762999995576166
24.481070866093134 105.765999999239710
24.837156241469714 105.766500000000008
25.1984209978975 105.766500000000008
25.56494047120865 105.765000002875098
25.936791093020236 105.762999997092265
26.3140504066728 105.760500006268316
26.69679708340074 105.756999985999471
27.08511093873791 105.752500010892618
27.47907294916184 105.748000000514310
27.878765268980047 105.742499995339926
28.284271247461966 105.735999996377899
28.695675446220072 105.728999992489364
29.11306365684382 105.722000005734344
29.536522918790062 105.713500022896639
29.966141537533712 105.704999988860578
30.402009102982383 105.695500020505989
30.844216508158908 105.684500013298816
31.29285596815558 105.673000000848702
31.74802103936409 105.660499968375575
32.20980663898519 105.646500041113484
32.67830906482211 105.629500033811340
33.153626015361866 105.609999957736576
33.63585661014871 105.590000016110494
34.125101410453844 105.568500067982995
34.62146244024586 105.547500065752430
35.12504320746613 105.526999954933260
35.635948725613716 105.507499973305670
36.15428553564419 105.488499981599318
36.68016172818701 105.469499972603955
37.21368696608603 105.450000036687300
37.754972507267915 105.427000065947723
38.30413122794313 105.401999988913587
38.86127764614443 105.375000065373243
39.4265279456077 105.347000050183311
40.000000000000206 105.318499999999986
40.58181339750116 105.290500028891088
41.1720894657399 105.262499978925874
41.77095129709678 105.234999942149955
42.37852377437204 105.207000058290106
42.9949335968281 105.175000022158173
43.62030930661056 105.138499915260638
44.25478131555359 105.097499913852545
44.89848193237519 105.055000071061954
45.55154539026795 105.012999909445540
46.21410787489121 104.970000008090267
46.88630755277036 104.926499963393780
47.56828460010916 104.881999895554230
48.260181232021196 104.836499984740385
48.962141732186545 104.790000084581123
49.674312482939705 104.742500034000670
50.39684199579528 104.694500065087226
51.129880942417586 104.651000114669372
51.873582186040764 104.614999951094347
52.628100813345895 104.584500007394780
53.393594166801776 104.552499944210112
54.17022187747612 104.514000057607120
54.95814589832399 104.468499946991685
55.75753053796041 104.420999967379544
56.56854249492426 104.371999970419495
57.39135089244048 104.322999947425487
58.226127313687975 104.274000040140379
59.073045837580466 104.221000137379832
59.932283075067765 104.161999849492901
60.804018205965114 104.098500131237927
61.68843301631817 104.034000143030553
62.58571193631152 103.971500004384893
63.49604207872855 103.911999868984196
64.41961327797075 103.855500220853344
65.35661812964459 103.804000152613540
66.3072520307241 103.756499951734270
67.27171322029778 103.710499989831987
68.25020282090806 103.665000148914828
69.2429248804921 103.618000150291238
70.25008641493265 103.568499869543615
71.27189745122783 103.513499917107225
72.30857107128878 103.454999995782373
73.36032345637442 103.392499849826905
74.42737393217246 103.326000131301896
75.50994501453623 103.254500267779179
76.60826245588666 103.177499896408591
77.72255529228926 103.096500126744132
78.85305589121582 103.012000157984744
80.00000000000082 102.923999999999950
81.16362679500274 102.835000092864163
82.34417893148023 102.743499851101646
83.541902594194 102.649999874915409
84.75704754874454 102.554500192960020
85.98986719365665 102.456500063215827
87.24061861322157 102.359499799519369
88.50956263110764 102.261999796938113
89.79696386475084 102.162500242656208
91.10309078053635 102.060499778878608
92.42821574978288 101.953999938430172
93.77261510554118 101.841999908077511
95.13656920021877 101.727999730761979
96.52036246404286 101.612000044766205
97.92428346437356 101.493500214152164
99.34862496587989 101.372500002888103
100.79368399159105 101.248500171719485
102.25976188483567 101.126000338414428
103.74716437208203 101.014499853283041
105.25620162669229 100.930000068915575
106.78718833360406 100.888000000000005
108.34044375495276 100.902499958234841
109.9162917966485 100.981000138724085
111.51506107592134 101.116500110510273
113.13708498984903 101.288999998883810
114.78270178488147 101.475500198495666
116.45225462737648 101.657499960193178
118.14609167516147 101.812499716405156
119.86456615013608 101.918500112428319
121.60803641193078 101.967499926178675
123.3768660326369 101.967000018386997
125.17142387262359 101.930500027542180
126.99208415745765 101.871499885057602
128.83922655594208 101.803500239850678
130.71323625928977 101.735500207554395
132.61450406144883 101.666999923847314
134.5434264405962 101.595000021094492
136.50040564181674 101.522000239558849
138.48584976098482 101.445500205078943
140.50017282986593 101.361999786525672
142.5437949024563 101.270499910672243
144.61714214257822 101.172999993061282
146.7206469127495 101.069999759723004
148.8547478643456 100.966500198883750
151.01989002907314 100.866500317593491
153.216524911774 100.770999879361767
155.4451105845792 100.680500135906215
157.70611178243232 100.589500169136443
160.00000000000236 100.497499999999917
162.3272535900062 100.412000050709167
164.6883578629612 100.329999868904693
167.08380518838874 100.250999872006759
169.51409509748981 100.178000115200604
171.97973438731407 100.109500044316235
174.4812372264439 100.046999880124872
177.01912526221608 99.989999868190694
179.5939277295025 99.935500112177039
182.20618156107355 99.878499892911719
184.85643149956664 99.813999962498357
187.54523021108326 99.744499912577879
190.27313840043846 99.668999811997566
193.04072492808663 99.586500032416879
195.84856692874806 99.501500154765296
198.69724993176072 99.413500002124294
201.58736798318304 99.323000127404839
204.5195237696723 99.230500228500873
207.49432874416505 99.136499851705508
210.5124032533856 99.042500054203998
213.57437666720915 98.948999827895108
216.68088750990657 98.855500163765839
219.83258359329807 98.761499923487222
223.03012215184378 98.667499966859367
226.2741699796992 98.574500000579889
229.5654035697641 98.481999873636624
232.90450925475412 98.389500020681737
236.2921833503241 98.297000206995250
239.72913230027333 98.204999834984307
243.21607282386276 98.114000186603988
246.75373206527502 98.022500152110553
250.34284774524843 97.931500056336205
253.9841683149166 97.840999821149722
257.67845311188546 97.751000337122704
261.42647251858085 97.661000250778585
265.22900812289896 97.571499905613535
269.08685288119375 97.483500002700310
273.0008112836349 97.395500284880768
276.97169952197106 97.307500228741759
281.00034565973334 97.218499793641556
285.0875898049141 97.130999897661724
289.23428428515797 97.042999973326999
293.44129382550057 96.955999796688673
297.7094957286928 96.869000145981886
302.0397800581479 96.781500302553781
306.4330498235497 96.696999888540788
310.89022116916016 96.611500131325130
315.41222356486645 96.522500149085062
320.00000000000654 96.432499999999891
324.6545071800142 96.345000052520177
329.3767157259242 96.256999876009957
334.16761037677935 96.168999867485141
339.02819019498156 96.082000139200701
343.95946877463007 95.996000073423843
348.9624744528898 95.908999807514306
354.03825052443415 95.824999818072200
359.187855459007 95.745500159087413
364.4123631221491 95.670499873912149
369.71286299913527 95.597999960819152
375.0904604221685 95.527999917303390
380.54627680087896 95.455499830963561
386.08144985617537 95.374000017295828
391.6971338574982 95.285000163763243
397.3944998635236 95.191000018881795
403.1747359663683 95.096000130174474
409.0390475393468 95.004500221129774
414.9886574883323 94.916499851771192
421.0248065067734 94.833500060078592
427.1487533344206 94.759999881474741
433.3617750198154 94.688500126786408
439.6651671865984 94.614499931065950
446.06024430368984 94.546499979687979
452.54833995940066 94.491500000330461
459.13080713953053 94.444499945059363
465.8090185095106 94.407500012633903
472.58436670065066 94.381500048366405
479.45826460054917 94.368999996373276
486.432145647728 94.371499986645986
493.50746413055253 94.391999956503113
500.6856954904994 94.426499982462630
507.9683366298358 94.467000085164045
515.3569062237735 94.514499816455441
522.8529450371643 94.567499852319301
530.4580162458005 94.618500051483522
538.1737057623901 94.663999998680552
546.0016225672724 94.701999883457916
553.9433990439449 94.734999915865089
562.0006913194694 94.762000064862491
570.1751796098309 94.787000026048020
578.4685685703187 94.811000004308056
586.8825876510039 94.832500041586414
595.4189914573883 94.849499972840590
604.0795601162986 94.865499948428322
612.8660996471021 94.876500009589606
621.780442338323 94.884499986889523
630.8244471297356 94.893499982515294
640.0000000000159 94.908500000000032
649.3090143600314 94.933999979389256
658.7534314518515 94.975500073266844
668.3352207535618 95.031000107342351
678.0563803899662 95.098999887999469
687.9189375492632 95.169999947308412
697.9249489057827 95.233500116946459
708.0765010488715 95.285500103112597
718.3757109180171 95.329499910258392
728.8247262443015 95.377000102026599
739.425725998274 95.436000036941977
750.1809208443404 95.505500092147685
761.0925536017613 95.584500187350301
772.1628997123541 95.669999974255973
783.3942677149998 95.758999846020728
794.7889997270506 95.849499989870651
806.34947193274 95.939499881823309
818.0780950786972 96.029999773766292
829.9773149766683 96.116000134519567
842.0496130135506 96.197499939179750
854.2975066688449 96.279500145261380
866.7235500396347 96.362499853843474
879.3303343732008 96.445000082526718
892.1204886073838 96.531000038598876
905.0966799188055 96.620499999438891
918.2616142790653 96.712500122047231
931.6180370190256 96.807499964327832
945.1687334013056 96.904999796020007
958.9165292011028 96.999500172269236
972.8642912954606 97.097499800105396
987.0149282611097 97.204999802451653
1001.3713909810035 97.315999938222632
1015.9366732596762 97.434000231424079
1030.7138124475518 97.555999562272859
1045.7058900743334 97.603999937236466
1060.916032491606 97.550499951734182
1076.3474115247852 97.538999999324943
1092.0032451345498 97.648999572679003
1107.8867980878947 97.789499641971048
1124.0013826389438 97.911500291998919
1140.350359219667 98.033500129198103
1156.9371371406426 98.158000023226094
1173.765175302013 98.282000279194961
1190.837982914782 98.404999785789386
1208.1591202326028 98.521999611493470
1225.73219929421 98.627500124664905
1243.5608846766518 98.732499832210138
1261.648894259477 98.847499795429087
1280.0000000000375 98.966500000000238
1298.6180287200684 99.083999916135582
1317.5068629037087 99.199500162032479
1336.6704415071292 99.316000191915180
1356.112760779938 99.435499800197960
1375.8378750985323 99.555999902806633
1395.8498978115715 99.677000262046732
1416.153002097749 99.798000288246641
1436.7514218360407 99.922499736917814
1457.6494524886093 100.053000247778925
1478.8514519965543 100.187500074443705
1500.3618416886875 100.321000163030561
1522.1851072035295 100.460500319014656
1544.3257994247153 100.607999955909705
1566.788535430007 100.759999738235294
1589.5779994541087 100.917499975194701
1612.6989438654878 101.083999774587781
1636.156190157402 101.258999547532653
1659.9546299533442 101.445000323843487
1684.099226027109 101.640999862012933
1708.5950133376978 101.843000353919081
1733.4471000792773 102.053499623162793
1758.6606687464096 102.278500217078857
1784.2409772147755 102.512000092830561
1810.193359837619 102.750000007694581
1836.5232285581387 102.992000328642632
1863.2360740380593 103.240499906732197
1890.3374668026197 103.495999457455298
1917.833058402214 103.752500462406914
1945.7285825909298 104.007499495315670
1974.0298565222283 104.266499537937534
2002.7427819620161 104.529999853070080
2031.8733465193618 104.791000488305983
2061.4276248951132 105.051999032586309
2091.411780148677 105.317999247151334
2121.832064983222 105.583500290639392
2152.694823049581 105.846999991899338
2184.0064902691106 106.115999125934451
2215.7735961758003 106.389999259714685
2248.002765277899 106.662500661864243
2280.7007184393456 106.935500288612047
2313.874274281297 107.212500051322266
2347.530350604038 107.485000613579530
2381.6759658295764 107.754499533806211
2416.318240465218 108.024499079475959
2451.4643985884327 108.285000311619285
2487.1217693533167 108.535999607435144
2523.2977885189675 108.776999583864409
2560.0000000000887 109.004500000000519
2597.236057440151 109.214499854303426
2635.0137258074315 109.406500247980233
2673.340883014273 109.576000245586428
2712.225521559891 109.718999777080427
2751.6757501970797 109.832499917532687
2791.699795623158 109.915500129233095
2832.3060041955137 109.966500063273656
2873.502843672097 109.984999979120460
2915.2989049772345 109.969999927123823
2957.7029039931244 109.922999962452081
3000.723683377391 109.845999886478069
3044.370214407075 109.739999721830202
3088.6515988494466 109.608500037456650
3133.57707086003 109.455000270319033
3179.1559989082334 109.283500027285768
3225.3978877309914 109.096000252156585
3272.3123803148205 108.898500508390185
3319.9092599067053 108.694499654566897
3368.198452054235 108.486500145691849
3417.190026675413 108.276999638441282
3466.8942001585724 108.068000363842827
3517.3213374928373 107.860999806888913
3568.4819544295697 107.660499924155388
3620.386719675257 107.470999997644881
3673.0464571162966 107.289999773448358
3726.472148076138 107.119000063169366
3780.6749336052594 106.960000330917921
3835.6661168044484 106.814999755196283
3891.45716518188 106.682500254968275
3948.059713044477 106.566500199042252
4005.4855639240527 106.466500053429030
4063.746693038744 106.380999862369322
4122.855249790247 106.312500236495083
4182.823560297375 106.261500129704245
4243.664129966465 106.228999980108327
4305.389646099183 106.216500000214779
4368.012980538242 106.221499970864500
4431.5471923516225 106.245499922388362
4496.00553055582 106.290000149368964
4561.401436878714 106.356000085620877
4627.748548562617 106.442000020626224
4695.060701208099 106.550500283283640
4763.351931659176 106.682999756227275
4832.63648093046 106.848999397423668
4902.928797176889 107.055500283789314
4974.243538706657 107.297499604269390
5046.595577037959 107.565999524693041
5120.000000000202 107.858000000000857
5194.472114880326 108.176499769017752
5270.027451614888 108.525500522731164
5346.6817660285715 108.903500645398225
5424.451043119808 109.310499316380103
5503.351500394186 109.746499656127014
5583.399591246343 110.201001020722629
5664.612008391055 110.666501077995918
5747.005687344222 111.119999072090607
5830.597809954497 111.526000586653282
5915.405807986278 111.792000054176327
6001.447366754812 111.841500024326137
6088.740428814181 111.922500783732488
6177.303197698925 112.351499856817753
6267.154141720092 112.821499264719208
6358.3119978165005 113.018999980310880
6450.795775462017 112.993000084492238
6544.624760629676 112.850500414337944
6639.818519813445 112.639999597258125
6736.396904108505 112.392000181243361
6834.380053350861 112.128999545959459
6933.788400317181 111.867500450886467
7034.642674985712 111.617999775496372
7136.963908859177 111.386499910967686
7240.773439350552 111.168999997271598
7346.092914232631 110.954999706831629
7452.944296152315 110.728000086579115
7561.349867210557 110.469500570621193
7671.332233608935 110.152999312971900
7782.914330363799 109.751000841285560
7896.119426088994 109.245500951918956
8010.971127848146 108.628500353928160
8127.49338607753 107.899998489833024
8245.710499580537 107.078003115083362
8365.647120594791 106.188002556480114
8487.328259932974 105.258498966660113
8610.77929219841 104.316500036507080
8736.025961076528 103.377503025876365
8863.094384703289 102.454502458639666
8992.011061111683 101.558497859860779
9122.802873757471 100.693499113136511
9255.497097125279 99.864499839438764
9390.121402416245 99.082998320694401
9526.7038633184 98.355001244981821
9665.272961860968 97.679502269932158
9805.857594353829 97.056999295377622
9948.487077413367 96.490000879219110
10093.19115407597 95.978000863878918
10240.000000000457 95.521999999998741
10388.944229760706 95.130500265096430
10540.05490322983 94.813999630847434
10693.363532057198 94.566999671150484
10848.902086239672 94.379000285667189
11006.703000788428 94.257500080783629
11166.799182492743 94.213000039427058
11329.224016782166 94.253000252436976
11494.0113746885 94.384999675222645
11661.195619909053 94.618500577543870
11830.811615972614 94.965500239666397
12002.894733509682 95.441000677527285
12177.48085762842 96.062501642715347
12354.606395397908 96.854999765893126
12534.308283440243 97.844498207430519
12716.62399563306 99.050499811246596
12901.591550924093 100.462498071284358
13089.249521259411 101.980496143861444
13279.637039626952 103.332501544319541
13472.793808217073 104.051499639438703
13668.760106701786 103.821998311106427
13867.576800634426 102.633002430260177
14069.285349971487 100.921998362835254
14273.927817718419 99.242499331447760
14481.54687870117 97.623499975099676
14692.18582846533 96.360999035043875
14905.888592304698 95.843000113704647
15122.699734421185 95.972499530098730
15342.664467217943 96.276500553996229
15565.828660727671 96.596499338004918
15792.238852178061 97.115998928421618
16021.942255696367 98.078999393116959
16254.986772155136 99.561502969429938
16491.42099916115 100.969495419443263
16731.294241189662 101.307500084838935
16974.65651986603 100.139997656884645
17221.558584396902 97.812500097622618
17472.051922153143 95.256508131436362
17726.188769406665 93.053505609623812
17984.022122223458 91.282996233942157
18245.605747515034 89.754998287388020
18510.99419425065 88.021499614530399
18780.242804832582 86.159997409653698
19053.40772663689 85.535500184184059
19330.545923722028 87.591991890864321
19611.71518870775 89.082500189192984
19896.974154826825 88.810501110490293
20186.382308152035 87.120503424290533
