20 105.346499999999992
20.290906698750476 105.367999978331682
20.586044732869844 105.389500049127861
20.885475648548283 105.410000042852033
21.189261887185914 105.430499992229471
21.49746679841394 105.449999986965764
21.810154653305165 105.469500039269320
22.12739065777668 105.488000038971450
22.449240966187475 105.506999939190138
22.77577269513385 105.525000035800602
23.107053937445478 105.542499996613373
23.44315377638505 105.560500038846669
23.784142300054445 105.577500013057275
24.130090616010463 105.592999982304633
24.481070866093134 105.604999995438206
24.837156241469714 105.614500006037417
25.1984209978975 105.622999999953606
25.56494047120865 105.630499989937135
25.936791093020236 105.636500020354077
26.3140504066728 105.641999993731702
26.69679708340074 105.646500014000537
27.08511093873791 105.649999994553696
27.47907294916184 105.652999999742832
27.878765268980047 105.655000001331445
28.284271247461966 105.656499999999994
28.695675446220072 105.656499999999994
29.11306365684382 105.656000000819205
29.536522918790062 105.654500002544069
29.966141537533712 105.651499996286873
30.402009102982383 105.647500010252998
30.844216508158908 105.642500006649414
31.29285596815558 105.637000000424337
31.74802103936409 105.630999981928895
32.20980663898519 105.623500020556747
32.67830906482211 105.615000017900115
33.153626015361866 105.605999980981466
33.63585661014871 105.596000008860756
34.125101410453844 105.585500032372863
34.62146244024586 105.575000031310680
35.12504320746613 105.565999981024532
35.635948725613716 105.558499992975186
36.15428553564419 105.552499994888692
36.68016172818701 105.547499990411382
37.21368696608603 105.540000015447276
37.754972507267915 105.526500043965143
38.30413122794313 105.505999989734804
38.86127764614443 105.480000065373247
39.4265279456077 105.453500050183308
40.000000000000206 105.427499999999981
40.58181339750116 105.404500022700148
41.1720894657399 105.383499985170062
41.77095129709678 105.363999959290709
42.37852377437204 105.344500040200074
42.9949335968281 105.321500015641064
43.62030930661056 105.294499937995596
44.25478131555359 105.263499934363850
44.89848193237519 105.231500052883305
45.55154539026795 105.200499941034295
46.21410787489121 105.174000004703657
46.88630755277036 105.150499981290153
47.56828460010916 105.127999944295595
48.260181232021196 105.102999990711538
48.962141732186545 105.074000053987945
49.674312482939705 105.042000023149384
50.39684199579528 105.010000044314722
51.129880942417586 104.977000092294873
51.873582186040764 104.943499944783952
52.628100813345895 104.908500008627243
53.393594166801776 104.872999941194436
54.17022187747612 104.833500057607125
54.95814589832399 104.790499949247362
55.75753053796041 104.744999970042443
56.56854249492426 104.699499972834218
57.39135089244048 104.653999949571386
58.226127313687975 104.606500039321190
59.073045837580466 104.559500119571325
59.932283075067765 104.513499887716932
60.804018205965114 104.467000094327275
61.68843301631817 104.419500107272910
62.58571193631152 104.369500003536217
63.49604207872855 104.317999880278663
64.41961327797075 104.264500216837831
65.35661812964459 104.208500177031709
66.3072520307241 104.150499936718262
67.27171322029778 104.091499986668623
68.25020282090806 104.033000187762170
69.2429248804921 103.977000175339811
70.25008641493265 103.921999871915560
71.27189745122783 103.868499924132024
72.30857107128878 103.813999996190518
73.36032345637442 103.756499856757955
74.42737393217246 103.693500123578275
75.50994501453623 103.625000256774541
76.60826245588666 103.548499895097308
77.72255529228926 103.467000126744125
78.85305589121582 103.383000157984753
80.00000000000082 103.296999999999940
81.16362679500274 103.207500093895987
82.34417893148023 103.113999839772433
83.541902594194 103.013499860431921
84.75704754874454 102.906500217080008
85.98986719365665 102.795500072339763
87.24061861322157 102.682499766450405
88.50956263110764 102.568999762068913
89.79696386475084 102.452500283907753
91.10309078053635 102.336499764137159
92.42821574978288 102.226999945146872
93.77261510554118 102.131999934922135
95.13656920021877 102.057999886270153
96.52036246404286 102.021500009261970
97.92428346437356 102.039999938813665
99.34862496587989 102.110999998042757
100.79368399159105 102.212499851822713
102.25976188483567 102.328999667179190
103.74716437208203 102.445500162492976
105.25620162669229 102.540499921109813
106.78718833360406 102.594500031664523
108.34044375495276 102.606499995679471
109.9162917966485 102.582499945863759
111.51506107592134 102.527999950070665
113.13708498984903 102.448500000523794
114.78270178488147 102.353499893778007
116.45225462737648 102.254500022016060
118.14609167516147 102.162000176024378
119.86456615013608 102.090499920212181
121.60803641193078 102.056500049214222
123.3768660326369 102.060499979941468
125.17142387262359 102.084499984351027
126.99208415745765 102.100999991422213
128.83922655594208 102.085000093854617
130.71323625928977 102.033000183136224
132.61450406144883 101.957999913121597
134.5434264405962 101.879000022250352
136.50040564181674 101.816500181287779
138.48584976098482 101.781500073618091
140.50017282986593 101.768499985768372
142.5437949024563 101.761499984344624
144.61714214257822 101.738999997210897
146.7206469127495 101.692499856757962
148.8547478643456 101.627000133232798
151.01989002907314 101.550000256641198
153.216524911774 101.462999879361774
155.4451105845792 101.370000143541375
157.70611178243232 101.274500178429648
160.00000000000236 101.179499999999905
162.3272535900062 101.085500056745985
164.6883578629612 100.990999847864700
167.08380518838874 100.897499840873252
169.51409509748981 100.806000145600763
171.97973438731407 100.715500058653831
174.4812372264439 100.629999834654996
177.01912526221608 100.552499821813342
179.5939277295025 100.481500140731200
182.20618156107355 100.413499884275552
184.85643149956664 100.347499964177530
187.54523021108326 100.284499926754421
190.27313840043846 100.221499846812833
193.04072492808663 100.154000026628154
195.84856692874806 100.079500138568932
198.69724993176072 99.996500002028824
201.58736798318304 99.909000123250337
204.5195237696723 99.817500226043862
207.49432874416505 99.721499846972705
210.5124032533856 99.623500057087199
213.57437666720915 99.524499816909696
216.68088750990657 99.423500179614166
219.83258359329807 99.321999916975500
223.03012215184378 99.219999964008551
226.2741699796992 99.119500000623532
229.5654035697641 99.018999862648499
232.90450925475412 98.918000022683174
236.2921833503241 98.816000229494733
239.72913230027333 98.714999818664083
243.21607282386276 98.614500207109927
246.75373206527502 98.514000168825987
250.34284774524843 98.414500062595792
253.9841683149166 98.314999803264698
257.67845311188546 98.215500374580785
261.42647251858085 98.115500278642884
265.22900812289896 98.015999892742656
269.08685288119375 97.916500003037854
273.0008112836349 97.817500320490865
276.97169952197106 97.719000257663140
281.00034565973334 97.619999765178335
285.0875898049141 97.521499886032387
289.23428428515797 97.422999969034805
293.44129382550057 97.322999768964394
297.7094957286928 97.223500168048929
302.0397800581479 97.127000326620561
306.4330498235497 97.027499864937653
310.89022116916016 96.924500157284740
315.41222356486645 96.822500165468028
320.00000000000654 96.723999999999847
324.6545071800142 96.625500059160657
329.3767157259242 96.526499859102231
334.16761037677935 96.426999849207220
339.02819019498156 96.328500156800800
343.95946877463007 96.231000083669045
348.9624744528898 96.131999775810783
354.03825052443415 96.034499786627890
359.187855459007 95.941500185601981
364.4123631221491 95.850999844549222
369.71286299913527 95.760499949064894
375.0904604221685 95.667999887768900
380.54627680087896 95.571499781750418
386.08144985617537 95.468000021619758
391.6971338574982 95.360000194356374
397.3944998635236 95.253000021068104
403.1747359663683 95.148000145407650
409.0390475393468 95.048500243242728
414.9886574883323 94.954499843051849
421.0248065067734 94.865500065270567
427.1487533344206 94.784999871458524
433.3617750198154 94.707000139112864
439.6651671865984 94.623499921356924
446.06024430368984 94.545999976124463
452.54833995940066 94.481000000392811
459.13080713953053 94.423999928577189
465.8090185095106 94.374500017464527
472.58436670065066 94.333000082012589
479.45826460054917 94.302999963732788
486.432145647728 94.287000022892613
493.50746413055253 94.284500001812376
500.6856954904994 94.289999996589955
507.9683366298358 94.302000033325072
515.3569062237735 94.321999917592237
522.8529450371643 94.346499930339291
530.4580162458005 94.372500027886900
538.1737057623901 94.398999999171508
546.0016225672724 94.424499919067998
553.9433990439449 94.449999934269613
562.0006913194694 94.473500054883630
570.1751796098309 94.495500020838392
578.4685685703187 94.515000002622301
586.8825876510039 94.527500013862138
595.4189914573883 94.531999994907608
604.0795601162986 94.532000003438114
612.8660996471021 94.527999995205192
621.780442338323 94.524000006555241
630.8244471297356 94.522500000000008
640.0000000000159 94.526500000000027
649.3090143600314 94.539499989339276
658.7534314518515 94.562000040860354
668.3352207535618 94.593000060176777
678.0563803899662 94.631499935999699
687.9189375492632 94.673999967632312
697.9249489057827 94.717000086627010
708.0765010488715 94.756000091395265
718.3757109180171 94.793999924535456
728.8247262443015 94.837000094738983
739.425725998274 94.891000034703055
750.1809208443404 94.956500085059389
761.0925536017613 95.029000167277047
772.1628997123541 95.104499977510969
783.3942677149998 95.180499869973062
794.7889997270506 95.254999991762958
806.34947193274 95.328499903900280
818.0780950786972 95.400999816979464
829.9773149766683 95.469000107947807
842.0496130135506 95.533499952530519
854.2975066688449 95.598000112008776
866.7235500396347 95.661999887300993
879.3303343732008 95.726500064079573
892.1204886073838 95.793000029924968
905.0966799188055 95.861999999569804
918.2616142790653 95.933500093482991
931.6180370190256 96.006999972131126
945.1687334013056 96.082999840180619
958.9165292011028 96.156500132375299
972.8642912954606 96.231499847605107
987.0149282611097 96.311999853198017
1001.3713909810035 96.393999954362656
1015.9366732596762 96.477000161071174
1030.7138124475518 96.565499668945861
1045.7058900743334 96.648999771768928
1060.916032491606 96.712000056846406
1076.3474115247852 96.765499998343032
1092.0032451345498 96.833499757203981
1107.8867980878947 96.924499741573101
1124.0013826389438 97.031000267665661
1140.350359219667 97.138500102108196
1156.9371371406426 97.230000012924194
1173.765175302013 97.296500146352201
1190.837982914782 97.366999866557308
1208.1591202326028 97.461999652750805
1225.73219929421 97.567500121068804
1243.5608846766518 97.665999848039377
1261.648894259477 97.757499840889295
1280.0000000000375 97.864000000000274
1298.6180287200684 98.003499896235553
1317.5068629037087 98.149500180349207
1336.6704415071292 98.272000180530398
1356.112760779938 98.383999813408025
1375.8378750985323 98.495499910035903
1395.8498978115715 98.609500249052672
1416.153002097749 98.725500278872772
1436.7514218360407 98.846499743181681
1457.6494524886093 98.975000240491312
1478.8514519965543 99.107500074443720
1500.3618416886875 99.241000163030549
1522.1851072035295 99.381000323384711
1544.3257994247153 99.530499955317879
1566.788535430007 99.683499736524425
1589.5779994541087 99.841499975039653
1612.6989438654878 100.007499775929517
1636.156190157402 100.181999552616560
1659.9546299533442 100.366000317200530
1684.099226027109 100.559999862012944
1708.5950133376978 100.761000359048339
1733.4471000792773 100.974999616119106
1758.6606687464096 101.207000225463872
1784.2409772147755 101.451000099545965
1810.193359837619 101.705000008301198
1836.5232285581387 101.966000356697492
1863.2360740380593 102.235499898928907
1890.3374668026197 102.512999411191785
1917.833058402214 102.791500502300863
1945.7285825909298 103.067499455732587
1974.0298565222283 103.345999502394278
2002.7427819620161 103.626499843608684
2031.8733465193618 103.901000507159509
2061.4276248951132 104.170499006837659
2091.411780148677 104.439499241512024
2121.832064983222 104.701000281798656
2152.694823049581 104.954499992267557
2184.0064902691106 105.205999187442785
2215.7735961758003 105.455499332397252
2248.002765277899 105.698000576697893
2280.7007184393456 105.934500244851364
2313.874274281297 106.168500042706128
2347.530350604038 106.393500497250329
2381.6759658295764 106.610499627044973
2416.318240465218 106.822499280627511
2451.4643985884327 107.023000233101044
2487.1217693533167 107.209999708742203
2523.2977885189675 107.384499701011833
2560.0000000000887 107.544000000000352
2597.236057440151 107.685499902632046
2635.0137258074315 107.809000153578666
2673.340883014273 107.912500139870417
2712.225521559891 107.992499877807035
2751.6757501970797 108.048999961100321
2791.699795623158 108.081000030665479
2832.3060041955137 108.087999971878375
2873.502843672097 108.070000050110878
2915.2989049772345 108.027999892507637
2957.7029039931244 107.962999956015295
3000.723683377391 107.875999883002919
3044.370214407075 107.768499732868690
3088.6515988494466 107.642500035816198
3133.57707086003 107.501000248077602
3179.1559989082334 107.346500024340145
3225.3978877309914 107.181500220472003
3272.3123803148205 107.009500439757517
3319.9092599067053 106.833499704388984
3368.198452054235 106.655500124678596
3417.190026675413 106.477499693799558
3466.8942001585724 106.300500308134843
3517.3213374928373 106.125499838281343
3568.4819544295697 105.957999936006104
3620.386719675257 105.798999998030979
3673.0464571162966 105.647999809011694
3726.472148076138 105.505500052021830
3780.6749336052594 105.375000271522396
3835.6661168044484 105.258499804157026
3891.45716518188 105.155000194168139
3948.059713044477 105.066500149281694
4005.4855639240527 104.994500037289015
4063.746693038744 104.937499915159179
4122.855249790247 104.895500144114180
4182.823560297375 104.869500059212811
4243.664129966465 104.858500004420364
4305.389646099183 104.867499999570427
4368.012980538242 104.894999896407057
4431.5471923516225 104.939999866186838
4496.00553055582 105.004500198342384
4561.401436878714 105.092500108875939
4627.748548562617 105.202000026086111
4695.060701208099 105.338500353537967
4763.351931659176 105.502499700507812
4832.63648093046 105.696499311830451
4902.928797176889 105.919500295917061
4974.243538706657 106.171499588440156
5046.595577037959 106.450999503876659
5120.000000000202 106.758000000000891
5194.472114880326 107.093499756935586
5270.027451614888 107.459000539638907
5346.6817660285715 107.848000656692676
5424.451043119808 108.260999308123814
5503.351500394186 108.696499656905019
5583.399591246343 109.147501014151459
5664.612008391055 109.613001106117537
5747.005687344222 110.084499022269966
5830.597809954497 110.540000781597072
5915.405807986278 110.955000196322104
6001.447366754812 111.298000306972654
6088.740428814181 111.531000280377526
6177.303197698925 111.616499987475123
6267.154141720092 111.524000220412034
6358.3119978165005 111.372500020929380
6450.795775462017 111.343999985477893
6544.624760629676 111.372499964412697
6639.818519813445 111.291499712565965
6736.396904108505 111.102500146416190
6834.380053350861 110.870999585516017
6933.788400317181 110.630500417809841
7034.642674985712 110.394999781204092
7136.963908859177 110.167499909348919
7240.773439350552 109.941999997027068
7346.092914232631 109.704999656422586
7452.944296152315 109.435500104043570
7561.349867210557 109.114000716988713
7671.332233608935 108.718499150782264
7782.914330363799 108.228001014665239
7896.119426088994 107.637501098368020
8010.971127848146 106.950500389540139
8127.49338607753 106.173998431387133
8245.710499580537 105.328003177902360
8365.647120594791 104.433502556480121
8487.328259932974 103.511998979823673
8610.77929219841 102.583500035925738
8736.025961076528 101.664002954831247
8863.094384703289 100.771002372748328
8992.011061111683 99.914497970051016
9122.802873757471 99.095499164931880
9255.497097125279 98.316999849954101
9390.121402416245 97.588498447605474
9526.7038633184 96.917001145731533
9665.272961860968 96.297502081627073
9805.857594353829 95.729999359654698
9948.487077413367 95.216500793364091
10093.19115407597 94.757500771940002
10240.000000000457 94.357499999998907
10388.944229760706 94.022000226007151
10540.05490322983 93.760999709750280
10693.363532057198 93.572499771587275
10848.902086239672 93.449000175033078
11006.703000788428 93.400500021960596
11166.799182492743 93.436500227800792
11329.224016782166 93.565000474488016
11494.0113746885 93.793999469113928
11661.195619909053 94.132000779775311
11830.811615972614 94.593000305276433
12002.894733509682 95.194000835849806
12177.48085762842 95.956501981828183
12354.606395397908 96.907499720411096
12534.308283440243 98.062497923305685
12716.62399563306 99.404999792999433
12901.591550924093 100.824998128284193
13089.249521259411 102.039497160641545
13279.637039626952 102.658499921701164
13472.793808217073 102.348500404308467
13668.760106701786 101.047996862991980
13867.576800634426 99.156503410372267
14069.285349971487 97.181998195408752
14273.927817718419 95.351999403887746
14481.54687870117 94.067499988749006
14692.18582846533 93.642000192991219
14905.888592304698 93.906999857311803
15122.699734421185 94.420498916263739
15342.664467217943 94.903000898421510
15565.828660727671 95.428498900615324
15792.238852178061 96.184998528365696
16021.942255696367 97.166999431219708
16254.986772155136 98.343002481123676
16491.42099916115 99.627995371459988
16731.294241189662 100.276499015868382
16974.65651986603 99.525498015591893
17221.558584396902 97.470000089212903
17472.051922153143 94.923508241233378
17726.188769406665 92.719005545299410
17984.022122223458 91.055496706535877
18245.605747515034 89.772498973064771
18510.99419425065 88.979499891226908
18780.242804832582 88.394498270836209
19053.40772663689 87.750000913969913
19330.545923722028 88.518996744033245
19611.71518870775 88.863999332973464
19896.974154826825 88.035501756161068
20186.382308152035 86.387003080820662
