20 99.728499999999997
20.290906698750476 99.760999965949793
20.586044732869844 99.793500076148177
20.885475648548283 99.825000068563241
21.189261887185914 99.856499988529208
21.49746679841394 99.887499979796956
21.810154653305165 99.917500059937396
22.12739065777668 99.946500057431621
22.449240966187475 99.974499910385461
22.77577269513385 100.002500054753853
23.107053937445478 100.028999994920056
23.44315377638505 100.054500057127456
23.784142300054445 100.079000020021141
24.130090616010463 100.102499973456943
24.481070866093134 100.121999992777148
24.837156241469714 100.140000011403998
25.1984209978975 100.156999999901416
25.56494047120865 100.173999975561642
25.936791093020236 100.191000052339092
26.3140504066728 100.208499973359665
26.69679708340074 100.227000050401927
27.08511093873791 100.246499942813756
27.47907294916184 100.266999997299820
27.878765268980047 100.288500014645905
28.284271247461966 100.310500013281029
28.695675446220072 100.333000023604882
29.11306365684382 100.354499982796966
29.536522918790062 100.374499949118587
29.966141537533712 100.391000016090260
30.402009102982383 100.403999973342223
30.844216508158908 100.416499986701183
31.29285596815558 100.428999999151301
31.74802103936409 100.441000029365540
32.20980663898519 100.453499964759871
32.67830906482211 100.465499974144279
33.153626015361866 100.477500027471223
33.63585661014871 100.489499991139240
34.125101410453844 100.501499961152575
34.62146244024586 100.512999965558265
35.12504320746613 100.523000021347400
35.635948725613716 100.532000012644687
36.15428553564419 100.540500007155828
36.68016172818701 100.548500009588622
37.21368696608603 100.555499986483625
37.754972507267915 100.562499980765239
38.30413122794313 100.568500002463651
38.86127764614443 100.574499985472613
39.4265279456077 100.579999988848158
40.000000000000206 100.585499999999996
40.58181339750116 100.591499994840888
41.1720894657399 100.598000004683144
41.77095129709678 100.604500012855567
42.37852377437204 100.610499987939974
42.9949335968281 100.615999996089727
43.62030930661056 100.620500010334069
44.25478131555359 100.625000008204523
44.89848193237519 100.628499995042191
45.55154539026795 100.631500004211830
46.21410787489121 100.633499999623709
46.88630755277036 100.634500000000003
47.56828460010916 100.634500002321005
48.260181232021196 100.635500000331731
48.962141732186545 100.636999996400803
49.674312482939705 100.637999998553170
50.39684199579528 100.638499998615174
51.129880942417586 100.638000002796815
51.873582186040764 100.635499995267196
52.628100813345895 100.632500000739483
53.393594166801776 100.628999992460820
54.17022187747612 100.623500008641059
54.95814589832399 100.617499992105138
55.75753053796041 100.610999995339938
56.56854249492426 100.603999995774217
57.39135089244048 100.596499991416408
58.226127313687975 100.588500006553545
59.073045837580466 100.580000022896641
59.932283075067765 100.569999973720982
60.804018205965114 100.558500024607113
61.68843301631817 100.547000024583383
62.58571193631152 100.536000000777960
63.49604207872855 100.524999975152170
64.41961327797075 100.514500040155156
65.35661812964459 100.503500030522702
66.3072520307241 100.492499987129150
67.27171322029778 100.479499996836608
68.25020282090806 100.464500051796449
69.2429248804921 100.446500056359213
70.25008641493265 100.426499947817447
71.27189745122783 100.404499966280895
72.30857107128878 100.379999998299354
73.36032345637442 100.354499937620403
74.42737393217246 100.326000057927303
75.50994501453623 100.294000121050857
76.60826245588666 100.258499951482520
77.72255529228926 100.220500059554467
78.85305589121582 100.182000072487114
80.00000000000082 100.141499999999965
81.16362679500274 100.098000046432091
82.34417893148023 100.048499915840068
83.541902594194 99.994999927582597
84.75704754874454 99.938000118589997
85.98986719365665 99.877000040405989
87.24061861322157 99.812499861523690
88.50956263110764 99.744499854369764
89.79696386475084 99.673000174712470
91.10309078053635 99.597999844162061
92.42821574978288 99.525499961938635
93.77261510554118 99.458499949564654
95.13656920021877 99.397499867702010
96.52036246404286 99.344500018909855
97.92428346437356 99.309000053987944
99.34862496587989 99.301500000000004
100.79368399159105 99.328499950145954
102.25976188483567 99.392999793035798
103.74716437208203 99.490000175113792
105.25620162669229 99.602499896626654
106.78718833360406 99.716000162846200
108.34044375495276 99.819499857422386
109.9162917966485 99.903500076693007
111.51506107592134 99.966000033951957
113.13708498984903 100.012999999731861
114.78270178488147 100.049000031115540
116.45225462737648 100.074999994885161
118.14609167516147 100.087999982397562
119.86456615013608 100.085499980053044
121.60803641193078 100.072500030758903
123.3768660326369 100.053000036773980
125.17142387262359 100.026000018152800
126.99208415745765 99.993499939955456
128.83922655594208 99.959500114711204
130.71323625928977 99.926000100724906
132.61450406144883 99.893499964605084
134.5434264405962 99.861000009246894
136.50040564181674 99.828000106830302
138.48584976098482 99.791000099910249
140.50017282986593 99.749499890890903
142.5437949024563 99.703499955796588
144.61714214257822 99.653499996326559
146.7206469127495 99.597999872930444
148.8547478643456 99.543000106200054
151.01989002907314 99.489500170024797
153.216524911774 99.439999943614751
155.4451105845792 99.398500061081450
157.70611178243232 99.356000079921614
160.00000000000236 99.314999999999969
162.3272535900062 99.283000018110414
164.6883578629612 99.251499943353878
167.08380518838874 99.215499930814460
169.51409509748981 99.175000065600344
171.97973438731407 99.133500027371781
174.4812372264439 99.090499904926617
177.01912526221608 99.041999873072513
179.5939277295025 98.989000110137454
182.20618156107355 98.935999908456779
184.85643149956664 98.881999967535876
187.54523021108326 98.822999927935797
190.27313840043846 98.760999849133839
193.04072492808663 98.695500025470409
195.84856692874806 98.626500125971745
198.69724993176072 98.555500001718514
201.58736798318304 98.481500102477796
204.5195237696723 98.404500191645894
207.49432874416505 98.325499873791927
210.5124032533856 98.245000046707702
213.57437666720915 98.161999846204139
216.68088750990657 98.076000154961235
219.83258359329807 97.987499927557053
223.03012215184378 97.897999967928428
226.2741699796992 97.807500000567416
229.5654035697641 97.713999869516073
232.90450925475412 97.618500021348879
236.2921833503241 97.520000222744883
239.72913230027333 97.418499809597293
243.21607282386276 97.314000213261693
246.75373206527502 97.208000178855258
250.34284774524843 97.099500068855377
253.9841683149166 96.989499777430765
257.67845311188546 96.877000423276286
261.42647251858085 96.763000320439303
265.22900812289896 96.646999873436343
269.08685288119375 96.528500003651544
273.0008112836349 96.408000391711056
276.97169952197106 96.285000323393518
281.00034565973334 96.160999705879931
285.0875898049141 96.036999853470206
289.23428428515797 95.909999960756977
293.44129382550057 95.781999697343352
297.7094957286928 95.651500220670300
302.0397800581479 95.520500450392547
306.4330498235497 95.386999825599119
310.89022116916016 95.254500201568803
315.41222356486645 95.125000212978648
320.00000000000654 94.993999999999829
324.6545071800142 94.864000077874749
329.3767157259242 94.736499823877779
334.16761037677935 94.611999815697715
339.02819019498156 94.491500192000970
343.95946877463007 94.373000100744349
348.9624744528898 94.257499744107250
354.03825052443415 94.145999757429593
359.187855459007 94.039500214156135
364.4123631221491 93.939999842821990
369.71286299913527 93.851499955781605
375.0904604221685 93.774999919666158
380.54627680087896 93.706999854500282
386.08144985617537 93.637000014824991
391.6971338574982 93.560000142168093
397.3944998635236 93.478500016297971
403.1747359663683 93.398500109401951
409.0390475393468 93.325500174446816
414.9886574883323 93.261499904087231
421.0248065067734 93.211000034118712
427.1487533344206 93.178499971620710
433.3617750198154 93.166500012326452
439.6651671865984 93.174500025243447
446.06024430368984 93.206500017817575
452.54833995940066 93.262499999613425
459.13080713953053 93.340000122242898
465.8090185095106 93.435499962098291
472.58436670065066 93.558999722418918
479.45826460054917 93.705000266563928
486.432145647728 93.851499721473317
493.50746413055253 94.016999686459897
500.6856954904994 94.210999904518786
507.9683366298358 94.408000379535423
515.3569062237735 94.616999202143006
522.8529450371643 94.835999386985748
530.4580162458005 95.043000211296956
538.1737057623901 95.236499994169861
546.0016225672724 95.405999469086026
553.9433990439449 95.561999600359187
562.0006913194694 95.699500336785960
570.1751796098309 95.834500142743053
578.4685685703187 95.971000024349905
586.8825876510039 96.096500274932396
595.4189914573883 96.214999799699285
604.0795601162986 96.338999570236041
612.8660996471021 96.457500135453188
621.780442338323 96.569999816453191
630.8244471297356 96.682499804171400
640.0000000000159 96.794000000000182
649.3090143600314 96.905999919689137
658.7534314518515 97.021500164850380
668.3352207535618 97.140000198420722
678.0563803899662 97.262499803199034
687.9189375492632 97.380999911929763
697.9249489057827 97.488500205739143
708.0765010488715 97.579500196851328
718.3757109180171 97.662999830714710
728.8247262443015 97.749000165793220
739.425725998274 97.841500053174030
750.1809208443404 97.940000121682203
761.0925536017613 98.042500231957519
772.1628997123541 98.146499969225545
783.3942677149998 98.249499823779274
794.7889997270506 98.350499988757534
806.34947193274 98.446499875330090
818.0780950786972 98.537999771224349
829.9773149766683 98.620000126215899
842.0496130135506 98.694499945855142
854.2975066688449 98.765000119009329
866.7235500396347 98.831499885540069
879.3303343732008 98.893500060195947
892.1204886073838 98.955500026021710
905.0966799188055 99.015999999619680
918.2616142790653 99.075000076604113
931.6180370190256 99.134499977704877
945.1687334013056 99.193999878032585
958.9165292011028 99.251000101548172
972.8642912954606 99.307499887188200
987.0149282611097 99.366499893070156
1001.3713909810035 99.423499968833028
1015.9366732596762 99.479000105529380
1030.7138124475518 99.535499794010775
1045.7058900743334 99.591999840238245
1060.916032491606 99.648500062209280
1076.3474115247852 99.706999998189616
1092.0032451345498 99.766499809000464
1107.8867980878947 99.825999838483185
1124.0013826389438 99.889500158166072
1140.350359219667 99.955000066682899
1156.9371371406426 100.018500011987669
1173.765175302013 100.083500148603775
1190.837982914782 100.150499880603917
1208.1591202326028 100.217499773084683
1225.73219929421 100.283000077915574
1243.5608846766518 100.347499898692917
1261.648894259477 100.410499889846420
1280.0000000000375 100.472000000000122
1298.6180287200684 100.532499956646362
1317.5068629037087 100.591500083129716
1336.6704415071292 100.650500094331193
1356.112760779938 100.709499900924612
1375.8378750985323 100.768499951804941
1395.8498978115715 100.826500127774864
1416.153002097749 100.885000140608128
1436.7514218360407 100.945499872634812
1457.6494524886093 101.009500123889467
1478.8514519965543 101.076500036941994
1500.3618416886875 101.143500082696647
1522.1851072035295 101.214500163877403
1544.3257994247153 101.290999976919167
1566.788535430007 101.368999866551320
1589.5779994541087 101.448499987442318
1612.6989438654878 101.530499889977378
1636.156190157402 101.614499786476088
1659.9546299533442 101.701000144484027
1684.099226027109 101.788999937660677
1708.5950133376978 101.876500152168106
1733.4471000792773 101.966499839756139
1758.6606687464096 102.060500089440211
1784.2409772147755 102.157000038712312
1810.193359837619 102.256000003256617
1836.5232285581387 102.358500140274288
1863.2360740380593 102.465499959497237
1890.3374668026197 102.578999758168067
1917.833058402214 102.698500223043339
1945.7285825909298 102.822499752605722
1974.0298565222283 102.952999765414432
2002.7427819620161 103.089499924308825
2031.8733465193618 103.228500258293124
2061.4276248951132 103.366999485026923
2091.411780148677 103.509999593969255
2121.832064983222 103.651500152502791
2152.694823049581 103.789999995734888
2184.0064902691106 103.929499546780818
2215.7735961758003 104.067499631203304
2248.002765277899 104.201500316332186
2280.7007184393456 104.330500131282008
2313.874274281297 104.456000022476914
2347.530350604038 104.573500250906122
2381.6759658295764 104.681499816975773
2416.318240465218 104.783499662474526
2451.4643985884327 104.874500100601495
2487.1217693533167 104.952999881280789
2523.2977885189675 105.019999888097999
2560.0000000000887 105.073500000000095
2597.236057440151 105.112999973703552
2635.0137258074315 105.137000018316726
2673.340883014273 105.145999996747207
2712.225521559891 105.140000016512559
2751.6757501970797 105.118500020227827
2791.699795623158 105.081999892670808
2832.3060041955137 105.028999847674513
2873.502843672097 104.960000152420605
2915.2989049772345 104.875999828740987
2957.7029039931244 104.777999942605319
3000.723683377391 104.667499860993559
3044.370214407075 104.544499706376328
3088.6515988494466 104.409000037730038
3133.57707086003 104.265000249788486
3179.1559989082334 104.114500023564986
3225.3978877309914 103.957500208590261
3272.3123803148205 103.797000411796063
3319.9092599067053 103.635499732621497
3368.198452054235 103.474000113471533
3417.190026675413 103.313499724938580
3466.8942001585724 103.154500276799098
3517.3213374928373 102.997499855404499
3568.4819544295697 102.847499943116546
3620.386719675257 102.705999998262627
3673.0464571162966 102.572999831403436
3726.472148076138 102.447500045704899
3780.6749336052594 102.331500239703360
3835.6661168044484 102.228499829544063
3891.45716518188 102.137000174555197
3948.059713044477 102.058000135064390
4005.4855639240527 101.993000035062806
4063.746693038744 101.940999918929876
4122.855249790247 101.900500140418956
4182.823560297375 101.868000084589724
4243.664129966465 101.841999980108326
4305.389646099183 101.827500000337523
4368.012980538242 101.828999977339038
4431.5471923516225 101.853499917035833
4496.00553055582 101.902500171406999
4561.401436878714 101.978000101476596
4627.748548562617 102.081000025075014
4695.060701208099 102.213500353537967
4763.351931659176 102.377499700507798
4832.63648093046 102.572499308406719
4902.928797176889 102.799500303193696
4974.243538706657 103.058499575776779
5046.595577037959 103.350499477856204
5120.000000000202 103.678500000000966
5194.472114880326 104.044499732771300
5270.027451614888 104.452000615723762
5346.6817660285715 104.898500768023865
5424.451043119808 105.386499174372091
5503.351500394186 105.921499574437732
5583.399591246343 106.500001349281419
5664.612008391055 107.129001567781017
5747.005687344222 107.807998569732490
5830.597809954497 108.523501344565574
5915.405807986278 109.267000403908582
6001.447366754812 110.016500847939554
6088.740428814181 110.735501472533997
6177.303197698925 111.377999824082252
6267.154141720092 111.895999171732868
6358.3119978165005 112.246999952715100
6450.795775462017 112.412999842897250
6544.624760629676 112.402500132181430
6639.818519813445 112.247499605613768
6736.396904108505 111.992000195458530
6834.380053350861 111.685999459966922
6933.788400317181 111.375000536189305
7034.642674985712 111.097499775496360
7136.963908859177 110.878999932416377
7240.773439350552 110.730499998790236
7346.092914232631 110.653999958876838
7452.944296152315 110.636500001486340
7561.349867210557 110.656999944847030
7671.332233608935 110.677499976309377
7782.914330363799 110.643500108362304
7896.119426088994 110.489000344691107
8010.971127848146 110.148000216411191
8127.49338607753 109.577498591642041
8245.710499580537 108.777003155730952
8365.647120594791 107.786502915631644
8487.328259932974 106.668998715455416
8610.77929219841 105.492000045846993
8736.025961076528 104.310003807372723
8863.094384703289 103.165503035722139
8992.011061111683 102.080497463175931
9122.802873757471 101.061998978891381
9255.497097125279 100.114999820228036
9390.121402416245 99.247998175653152
9526.7038633184 98.463501330302250
9665.272961860968 97.753502369220286
9805.857594353829 97.117999300228718
9948.487077413367 96.560000856960414
10093.19115407597 96.078000803164542
10240.000000000457 95.671999999998945
10388.944229760706 95.349000213925009
10540.05490322983 95.116499766109456
10693.363532057198 94.972999867164233
10848.902086239672 94.913000062747699
11006.703000788428 94.948499952157263
11166.799182492743 95.089000501599827
11329.224016782166 95.348000834444434
11494.0113746885 95.739499113107968
11661.195619909053 96.283501224320105
11830.811615972614 97.002500471199340
12002.894733509682 97.924501266580222
12177.48085762842 99.067502856034594
12354.606395397908 100.401999617169679
12534.308283440243 101.744497747664880
12716.62399563306 102.703499880047360
12901.591550924093 102.857000106046229
13089.249521259411 102.068002554660026
13279.637039626952 100.581997141259649
13472.793808217073 98.855001226331794
13668.760106701786 97.216497506216214
13867.576800634426 95.854002219614415
14069.285349971487 94.871999364540358
14273.927817718419 94.308999897612779
14481.54687870117 94.157500002645222
14692.18582846533 94.409000730987316
14905.888592304698 95.057999723170042
15122.699734421185 96.062997701293767
15342.664467217943 97.335502522140700
15565.828660727671 98.705997326406816
15792.238852178061 99.742498430137687
16021.942255696367 99.839500081175444
16254.986772155136 99.132498059972448
16491.42099916115 98.068504056431792
16731.294241189662 96.718004182559355
16974.65651986603 95.188498544328610
17221.558584396902 93.973500042746224
17472.051922153143 93.246501937594047
17726.188769406665 92.967000589640350
17984.022122223458 92.483997059144684
18245.605747515034 90.924997697558553
18510.99419425065 88.837999831878079
18780.242804832582 88.711003732546232
19053.40772663689 90.479996714226033
19330.545923722028 90.941500198367720
19611.71518870775 89.355996776442709
19896.974154826825 86.540004717997306
20186.382308152035 83.507005179803201
