20 83.993499999999997
20.290906698750476 84.114499875149193
20.586044732869844 84.237500307049146
20.885475648548283 84.363000274252968
21.189261887185914 84.491499952266736
21.49746679841394 84.619499916580935
21.810154653305165 84.746000260417631
22.12739065777668 84.872500266646824
22.449240966187475 85.002499583932490
22.77577269513385 85.135500284298843
23.107053937445478 85.271499974223957
23.44315377638505 85.408000310773389
23.784142300054445 85.543500118385964
24.130090616010463 85.677999852907220
24.481070866093134 85.808499950580583
24.837156241469714 85.936500086536256
25.1984209978975 86.064999999257736
25.56494047120865 86.193499814556020
25.936791093020236 86.322000378004461
26.3140504066728 86.451499797846893
26.69679708340074 86.579500352813540
27.08511093873791 86.704999659605761
27.47907294916184 86.827499984313263
27.878765268980047 86.947500079886765
28.284271247461966 87.067500072442016
28.695675446220072 87.187500129826802
29.11306365684382 87.309499899239398
29.536522918790062 87.433999684535166
29.966141537533712 87.562500162140367
30.402009102982383 87.693999729321092
30.844216508158908 87.829999849280114
31.29285596815558 87.967999990240031
31.74802103936409 88.107000309467665
32.20980663898519 88.242999603548583
32.67830906482211 88.374499739453796
33.153626015361866 88.504000272599086
33.63585661014871 88.632999896087341
34.125101410453844 88.761499582390144
34.62146244024586 88.888499602354344
35.12504320746613 89.013500289375941
35.635948725613716 89.134000167190806
36.15428553564419 89.251500119604515
36.68016172818701 89.368000158897075
37.21368696608603 89.484499774083417
37.754972507267915 89.601499678504879
38.30413122794313 89.717000047219898
38.86127764614443 89.831499723979647
39.4265279456077 89.947499784397621
40.000000000000206 90.066000000000045
40.58181339750116 90.187499874117407
41.1720894657399 90.313000099907001
41.77095129709678 90.442000280679906
42.37852377437204 90.571999740709515
42.9949335968281 90.699499917232700
43.62030930661056 90.820500243883984
44.25478131555359 90.938000242033326
44.89848193237519 91.055999804992794
45.55154539026795 91.179000271663384
46.21410787489121 91.309999974976591
46.88630755277036 91.447500114699523
47.56828460010916 91.588500327263404
48.260181232021196 91.729500047769250
48.962141732186545 91.874499737258645
49.674312482939705 92.026499889317009
50.39684199579528 92.176999795044438
51.129880942417586 92.307999650398273
51.873582186040764 92.410000132518519
52.628100813345895 92.492999979787598
53.393594166801776 92.581500159830483
54.17022187747612 92.692999831499151
54.95814589832399 92.825000156769278
55.75753053796041 92.963500091204111
56.56854249492426 93.097500077271548
57.39135089244048 93.224500131972746
58.226127313687975 93.346499900877845
59.073045837580466 93.456499732872558
59.932283075067765 93.538000148118101
60.804018205965114 93.595999889268001
61.68843301631817 93.667499821211806
62.58571193631152 93.784999990876585
63.49604207872855 93.935000343351788
64.41961327797075 94.085999397672708
65.35661812964459 94.235499542159388
66.3072520307241 94.385500151232591
67.27171322029778 94.519500025081072
68.25020282090806 94.623499685983958
69.2429248804921 94.711499730728178
70.25008641493265 94.795500189754733
71.27189745122783 94.874500115206928
72.30857107128878 94.961000007210799
73.36032345637442 95.074500298035844
74.42737393217246 95.204499747050718
75.50994501453623 95.316999614838181
76.60826245588666 95.394500083922139
77.72255529228926 95.458499902269580
78.85305589121582 95.532999856884402
80.00000000000082 95.619000000000071
81.16362679500274 95.716999893722118
82.34417893148023 95.826500165082948
83.541902594194 95.922000094800950
84.75704754874454 95.987999879399993
85.98986719365665 96.048499959594011
87.24061861322157 96.124000173612103
88.50956263110764 96.206500159988138
89.79696386475084 96.281499825287540
91.10309078053635 96.349000132672842
92.42821574978288 96.412500036941907
93.77261510554118 96.481500064264395
95.13656920021877 96.564500201928496
96.52036246404286 96.648499968740850
97.92428346437356 96.712499893823718
99.34862496587989 96.766999998687226
100.79368399159105 96.833499904446413
102.25976188483567 96.886999874143385
103.74716437208203 96.905500012620820
105.25620162669229 96.919999980957542
106.78718833360406 96.959000075391742
108.34044375495276 97.008499929431281
109.9162917966485 97.046000022556768
111.51506107592134 97.062000009320144
113.13708498984903 97.082499999831640
114.78270178488147 97.123500040772086
116.45225462737648 97.154999994440388
118.14609167516147 97.175499953060168
119.86456615013608 97.216000074347761
121.60803641193078 97.248999948735189
123.3768660326369 97.247500013372360
125.17142387262359 97.239000003755748
126.99208415745765 97.247500020586699
128.83922655594208 97.256499979143427
130.71323625928977 97.251000024418161
132.61450406144883 97.258000012870866
134.5434264405962 97.261500001444830
136.50040564181674 97.218000178050488
138.48584976098482 97.164500118314777
140.50017282986593 97.157500037950996
142.5437949024563 97.172499997237281
144.61714214257822 97.156999996326562
146.7206469127495 97.096499854447600
148.8547478643456 97.038000104269159
151.01989002907314 96.993500144360681
153.216524911774 96.929999883295636
155.4451105845792 96.836000151176577
157.70611178243232 96.739000172853721
160.00000000000236 96.672499999999957
162.3272535900062 96.644000016299373
164.6883578629612 96.571499794455505
167.08380518838874 96.436499764769167
169.51409509748981 96.313500176000929
171.97973438731407 96.228000054091879
174.4812372264439 96.144499816053695
177.01912526221608 96.059499846222479
179.5939277295025 96.009500075464558
182.20618156107355 96.005500003454472
184.85643149956664 96.006000000559737
187.54523021108326 96.011000029534500
190.27313840043846 96.041000076593576
193.04072492808663 96.071499989194379
195.84856692874806 96.092999965807664
198.69724993176072 96.107499999689708
201.58736798318304 96.118499984766800
204.5195237696723 96.125499987715017
207.49432874416505 96.113999968447970
210.5124032533856 96.097500007496308
213.57437666720915 96.101999998169106
216.68088750990657 96.093000029935695
219.83258359329807 96.060999982906722
223.03012215184378 96.048000001425407
226.2741699796992 96.053499999956358
229.5654035697641 96.047999968409158
232.90450925475412 96.020000007338666
236.2921833503241 95.986500071998350
239.72913230027333 95.972500003626720
243.21607282386276 95.971000010252965
246.75373206527502 95.951000045131707
250.34284774524843 95.911500025664267
253.9841683149166 95.872499918523772
257.67845311188546 95.831500153578133
261.42647251858085 95.800500072447150
265.22900812289896 95.789999993564564
269.08685288119375 95.780000000429595
273.0008112836349 95.759500067982913
276.97169952197106 95.723500107797832
281.00034565973334 95.685999938329672
285.0875898049141 95.664499990696527
289.23428428515797 95.652999991722183
293.44129382550057 95.623999919137532
297.7094957286928 95.588500061108704
302.0397800581479 95.555500103143331
306.4330498235497 95.536999986887139
310.89022116916016 95.528500010689257
315.41222356486645 95.519500019659574
320.00000000000654 95.492999999999938
324.6545071800142 95.453000025354555
329.3767157259242 95.404499925324188
334.16761037677935 95.351499923842027
339.02819019498156 95.304500070400351
343.95946877463007 95.276500020490374
348.9624744528898 95.251499918476640
354.03825052443415 95.212499901175022
359.187855459007 95.170500081583299
364.4123631221491 95.130499913638459
369.71286299913527 95.075999965856681
375.0904604221685 95.014499927935816
380.54627680087896 94.954499869478184
386.08144985617537 94.891500013383663
391.6971338574982 94.819000134969713
397.3944998635236 94.736000017291758
403.1747359663683 94.641000134328976
409.0390475393468 94.540000253070730
414.9886574883323 94.432499818637694
421.0248065067734 94.332000071945956
427.1487533344206 94.249499881474748
433.3617750198154 94.179000123264558
439.6651671865984 94.108999937862265
446.06024430368984 94.049499983964182
452.54833995940066 94.008000000236933
459.13080713953053 93.978999973903200
465.8090185095106 93.963500004459036
472.58436670065066 93.961500002102895
479.45826460054917 93.960999996373289
486.432145647728 93.960499998092274
493.50746413055253 93.966499985501031
500.6856954904994 93.977999993667055
507.9683366298358 93.994500031473663
515.3569062237735 94.012499928829669
522.8529450371643 94.029999949844296
530.4580162458005 94.045000015016029
538.1737057623901 94.059499999539725
546.0016225672724 94.075999948203517
553.9433990439449 94.089499965820195
562.0006913194694 94.101500034925948
570.1751796098309 94.116000014586888
578.4685685703187 94.128000000561912
586.8825876510039 94.126999981517145
595.4189914573883 94.119500011882252
604.0795601162986 94.117500003438110
612.8660996471021 94.114999992807782
621.780442338323 94.109000009832869
630.8244471297356 94.101000013987772
640.0000000000159 94.091999999999985
649.3090143600314 94.081500007817880
658.7534314518515 94.069999983092259
668.3352207535618 94.057999973977616
678.0563803899662 94.042500024000120
687.9189375492632 94.028500010538323
697.9249489057827 94.019499982674603
708.0765010488715 94.009499967191445
718.3757109180171 93.994500032633312
728.8247262443015 93.977999974493343
739.425725998274 93.962499989365199
750.1809208443404 93.943999977553773
761.0925536017613 93.924499959853506
772.1628997123541 93.906000005622261
783.3942677149998 93.886000035928504
794.7889997270506 93.860000003116724
806.34947193274 93.826000045452560
818.0780950786972 93.793000081342456
829.9773149766683 93.759999940213518
842.0496130135506 93.722500028926703
854.2975066688449 93.684499929994502
866.7235500396347 93.643500073958720
879.3303343732008 93.599499963105700
892.1204886073838 93.563499985688054
905.0966799188055 93.530500000205748
918.2616142790653 93.488999937678017
931.6180370190256 93.441000017836075
945.1687334013056 93.394500096732799
958.9165292011028 93.352999927465589
972.8642912954606 93.314000075207872
987.0149282611097 93.271500077931918
1001.3713909810035 93.224500026157983
1015.9366732596762 93.175499905578974
1030.7138124475518 93.122500202310860
1045.7058900743334 93.068500156908868
1060.916032491606 93.014499942081017
1076.3474115247852 92.959500001718339
1092.0032451345498 92.905000178050415
1107.8867980878947 92.851500148057085
1124.0013826389438 92.793999861300534
1140.350359219667 92.737499937484785
1156.9371371406426 92.677499988948881
1173.765175302013 92.618499869408808
1190.837982914782 92.560500101837846
1208.1591202326028 92.494000244105877
1225.73219929421 92.413999900507804
1243.5608846766518 92.332000128216777
1261.648894259477 92.258500124141321
1280.0000000000375 92.185999999999837
1298.6180287200684 92.105000058278662
1317.5068629037087 92.022999890099697
1336.6704415071292 91.944999869888008
1356.112760779938 91.864500133751761
1375.8378750985323 91.782000066669823
1395.8498978115715 91.697999826745956
1416.153002097749 91.622499861735349
1436.7514218360407 91.567500106485653
1457.6494524886093 91.516499901617181
1478.8514519965543 91.465999980409549
1500.3618416886875 91.439500003544140
1522.1851072035295 91.452500085216244
1544.3257994247153 91.498999984020969
1566.788535430007 91.575499856286044
1589.5779994541087 91.683999981551068
1612.6989438654878 91.836499779954750
1636.156190157402 92.040999445854624
1659.9546299533442 92.299000501542210
1684.099226027109 92.613499770955485
1708.5950133376978 92.969500637738236
1733.4471000792773 93.348999320284264
1758.6606687464096 93.753000398754281
1784.2409772147755 94.188000180130786
1810.193359837619 94.650000014942165
1836.5232285581387 95.117000622550677
1863.2360740380593 95.583499826469861
1890.3374668026197 96.054499005334691
1917.833058402214 96.525500837772540
1945.7285825909298 96.983499101463991
1974.0298565222283 97.425999219825314
2002.7427819620161 97.853499765134771
2031.8733465193618 98.253500703236043
2061.4276248951132 98.620498672105157
2091.411780148677 98.964999046955626
2121.832064983222 99.275500306110700
2152.694823049581 99.541499992175517
2184.0064902691106 99.766999297510282
2215.7735961758003 99.949999536985189
2248.002765277899 100.088000233599146
2280.7007184393456 100.170000045844517
2313.874274281297 100.205000002247687
2347.530350604038 100.213499984033248
2381.6759658295764 100.199500036259508
2416.318240465218 100.148500204560889
2451.4643985884327 100.075999909213280
2487.1217693533167 100.000000123467970
2523.2977885189675 99.910000167853013
2560.0000000000887 99.807999999999780
2597.236057440151 99.716000063253631
2635.0137258074315 99.635999899962513
2673.340883014273 99.568999913800781
2712.225521559891 99.519500075957779
2751.6757501970797 99.484000024117790
2791.699795623158 99.459499956192175
2832.3060041955137 99.441499950787147
2873.502843672097 99.415500064726544
2915.2989049772345 99.362999848781939
2957.7029039931244 99.267499927049755
3000.723683377391 99.112499740521315
3044.370214407075 98.853999174321416
3088.6515988494466 98.434000127407259
3133.57707086003 97.866501004286576
3179.1559989082334 97.440500051005785
3225.3978877309914 97.616999540573346
3272.3123803148205 98.280998207924554
3319.9092599067053 98.791000315539861
3368.198452054235 98.885500000700446
3417.190026675413 98.703499531184619
3466.8942001585724 98.421000511817169
3517.3213374928373 98.126999733639849
3568.4819544295697 97.850999896108675
3620.386719675257 97.590499996718279
3673.0464571162966 97.339499689150074
3726.472148076138 97.111000082120185
3780.6749336052594 96.909500413647407
3835.6661168044484 96.729999700795460
3891.45716518188 96.571000300078055
3948.059713044477 96.434000231031177
4005.4855639240527 96.322500057881427
4063.746693038744 96.240999879337494
4122.855249790247 96.179000221714134
4182.823560297375 96.130500121245277
4243.664129966465 96.114000013261119
4305.389646099183 96.133499999171534
4368.012980538242 96.172499857559700
4431.5471923516225 96.231999826042880
4496.00553055582 96.321000276699877
4561.401436878714 96.440500144815559
4627.748548562617 96.583000031748213
4695.060701208099 96.744500389798276
4763.351931659176 96.918999691801645
4832.63648093046 97.103499356338915
4902.928797176889 97.312500275299882
4974.243538706657 97.539999639093679
5046.595577037959 97.763499616631975
5120.000000000202 97.975000000000534
5194.472114880326 98.164499870649934
5270.027451614888 98.309000145124827
5346.6817660285715 98.397500062926326
5424.451043119808 98.413500011558796
5503.351500394186 98.342500072353374
5583.399591246343 98.187999515923380
5664.612008391055 97.941999247746338
5747.005687344222 97.602500743157862
5830.597809954497 97.204499207471500
5915.405807986278 96.752999731263998
6001.447366754812 96.236499362886946
6088.740428814181 95.682998772520392
6177.303197698925 95.128500157415075
6267.154141720092 94.582500938473146
6358.3119978165005 94.043000083097382
6450.795775462017 93.537500649534081
6544.624760629676 93.102501047283653
6639.818519813445 92.758499537097507
6736.396904108505 92.506000162052885
6834.380053350861 92.357999919167028
6933.788400317181 92.344499965182507
7034.642674985712 92.448500170280312
7136.963908859177 92.649000106434073
7240.773439350552 92.926500003989645
7346.092914232631 93.239000421844082
7452.944296152315 93.556499882207817
7561.349867210557 93.857999376347095
7671.332233608935 94.121000399095891
7782.914330363799 94.323499633538390
7896.119426088994 94.459999785684289
8010.971127848146 94.558999947403862
8127.49338607753 94.660500230012943
8245.710499580537 94.794499460495643
8365.647120594791 94.986999408955370
8487.328259932974 95.247000336767883
8610.77929219841 95.567499987055868
8736.025961076528 95.922998840672761
8863.094384703289 96.259499130350150
8992.011061111683 96.528000504426402
9122.802873757471 96.713000130016937
9255.497097125279 96.814000006470991
9390.121402416245 96.819499823230984
9526.7038633184 96.710000245513896
9665.272961860968 96.468000944949125
9805.857594353829 96.112999507613281
9948.487077413367 95.698000674120976
10093.19115407597 95.261000765001228
10240.000000000457 94.807499999998583
10388.944229760706 94.349000324796435
10540.05490322983 93.911999437817286
10693.363532057198 93.528499460557185
10848.902086239672 93.211500497027885
11006.703000788428 92.954500190586629
11166.799182492743 92.755999649537245
11329.224016782166 92.606499705490208
11494.0113746885 92.484500245664933
11661.195619909053 92.350999673879016
11830.811615972614 92.141499827570328
12002.894733509682 91.777499408618809
12177.48085762842 91.216498407931368
12354.606395397908 90.437000233269785
12534.308283440243 89.448501782237656
12716.62399563306 88.322500171702785
12901.591550924093 87.147001564181764
13089.249521259411 85.984502923242815
13279.637039626952 84.908498377381648
13472.793808217073 83.976000628689079
13668.760106701786 83.208498873497660
13867.576800634426 82.581001044524427
14069.285349971487 82.016999454912607
14273.927817718419 81.425999730474700
14481.54687870117 80.710999983881806
14692.18582846533 79.690998137502476
14905.888592304698 78.103500656217079
15122.699734421185 75.689505613415179
15342.664467217943 72.619495897876646
15565.828660727671 71.235001020575737
15792.238852178061 73.222995447577887
16021.942255696367 75.633498764697578
16254.986772155136 77.159501747721620
16491.42099916115 77.918497818606738
16731.294241189662 78.057000011311857
16974.65651986603 77.749999554632566
17221.558584396902 77.373000013486575
17472.051922153143 77.191000397206778
17726.188769406665 77.234499742702397
17984.022122223458 77.447500641552125
18245.605747515034 77.695000183268434
18510.99419425065 77.828500002381887
18780.242804832582 77.801999678189702
19053.40772663689 77.623000375318441
19330.545923722028 77.298001220987530
19611.71518870775 76.866999379058939
19896.974154826825 76.308000961367313
20186.382308152035 75.425001732961618
