20 104.944999999999993
20.290906698750476 104.926500019604674
20.586044732869844 104.907499950872136
20.885475648548283 104.887499952862754
21.189261887185914 104.866500007400504
21.49746679841394 104.843000015641081
21.810154653305165 104.817999944196217
22.12739065777668 104.789999942568372
22.449240966187475 104.761500092815055
22.77577269513385 104.731499934716567
23.107053937445478 104.700500005832538
23.44315377638505 104.669499926876853
23.784142300054445 104.637999972144485
24.130090616010463 104.606500034284778
24.481070866093134 104.575000011784624
24.837156241469714 104.543999978533634
25.1984209978975 104.512000000185566
25.56494047120865 104.480000046001607
25.936791093020236 104.447499901137306
26.3140504066728 104.413500053280657
26.69679708340074 104.378999899196145
27.08511093873791 104.342500100756695
27.47907294916184 104.305500004757448
27.878765268980047 104.267499974036809
28.284271247461966 104.227999975852669
28.695675446220072 104.187999956009108
29.11306365684382 104.146000035225242
29.536522918790062 104.103500111939127
29.966141537533712 104.059499943065219
30.402009102982383 104.013500094327497
30.844216508158908 103.966000053195245
31.29285596815558 103.918500003324056
31.74802103936409 103.869999891573372
32.20980663898519 103.822000140960498
32.67830906482211 103.773000099445113
33.153626015361866 103.724499896454603
33.63585661014871 103.675500039470705
34.125101410453844 103.626000161864283
34.62146244024586 103.575500156553417
35.12504320746613 103.525499881403306
35.635948725613716 103.475999929751765
36.15428553564419 103.425999949909226
36.68016172818701 103.375999931509881
37.21368696608603 103.325000100407365
37.754972507267915 103.269500156625838
38.30413122794313 103.209499974952934
38.86127764614443 103.147500152537560
39.4265279456077 103.083500120811678
40.000000000000206 103.018999999999977
40.58181339750116 102.952500069132242
41.1720894657399 102.885499946143881
41.77095129709678 102.816499850018374
42.37852377437204 102.746500140700263
42.9949335968281 102.681000041057786
43.62030930661056 102.626999909060203
44.25478131555359 102.583999922057075
44.89848193237519 102.545000066104137
45.55154539026795 102.499999888386355
46.21410787489121 102.444500010912463
46.88630755277036 102.379999944683917
47.56828460010916 102.312499851454902
48.260181232021196 102.250499982418262
48.962141732186545 102.200500084581137
49.674312482939705 102.158000030383562
50.39684199579528 102.117000058163057
51.129880942417586 102.071000134247072
51.873582186040764 102.019999916387121
52.628100813345895 101.966500013310608
53.393594166801776 101.907999905006420
54.17022187747612 101.842000099372285
54.95814589832399 101.769499915412268
55.75753053796041 101.693499950736452
56.56854249492426 101.619499955931062
57.39135089244048 101.547499922747662
58.226127313687975 101.476000058162583
59.073045837580466 101.404000183173110
59.932283075067765 101.331999825602878
60.804018205965114 101.259500147642683
61.68843301631817 101.186500163144231
62.58571193631152 101.113000005162860
63.49604207872855 101.040499839618576
64.41961327797075 100.969000289117091
65.35661812964459 100.899500210606689
66.3072520307241 100.831499924919996
67.27171322029778 100.760499983505241
68.25020282090806 100.686000246033188
69.2429248804921 100.609000241092218
70.25008641493265 100.532499822104938
71.27189745122783 100.456999896032784
72.30857107128878 100.382999994966042
73.36032345637442 100.309499833654428
74.42737393217246 100.236500142887380
75.50994501453623 100.161000282451994
76.60826245588666 100.081499893786031
77.72255529228926 100.002000119108942
78.85305589121582 99.930000128246448
80.00000000000082 99.861999999999952
81.16362679500274 99.784500083577754
82.34417893148023 99.694499847864734
83.541902594194 99.601499881498796
84.75704754874454 99.512500176880025
85.98986719365665 99.425000057350445
87.24061861322157 99.337999818120664
88.50956263110764 99.249499813347171
89.79696386475084 99.157500225670262
91.10309078053635 99.061999789408191
92.42821574978288 98.961999942907966
93.77261510554118 98.860499916212248
95.13656920021877 98.758999767898260
96.52036246404286 98.659000038591557
97.92428346437356 98.559000179959810
99.34862496587989 98.460500002315271
100.79368399159105 98.371000121865450
102.25976188483567 98.291500215354645
103.74716437208203 98.220499894300673
105.25620162669229 98.155500057127384
106.78718833360406 98.094499908022058
108.34044375495276 98.032000092171387
109.9162917966485 97.964999918795655
111.51506107592134 97.893499950070662
113.13708498984903 97.818000000473916
114.78270178488147 97.739999919528785
116.45225462737648 97.666500016011696
118.14609167516147 97.606500109526280
119.86456615013608 97.567999978239683
121.60803641193078 97.564999987696439
123.3768660326369 97.589999951525215
125.17142387262359 97.616499985602957
126.99208415745765 97.631000013724474
128.83922655594208 97.641499954810740
130.71323625928977 97.650499978634116
132.61450406144883 97.628499952806777
134.5434264405962 97.585000012425525
136.50040564181674 97.559500067982924
138.48584976098482 97.536000076247291
140.50017282986593 97.488999874287344
142.5437949024563 97.438999960401105
144.61714214257822 97.396999996734721
146.7206469127495 97.345999861378658
148.8547478643456 97.286000115854620
151.01989002907314 97.225000202104951
153.216524911774 97.150999889852045
155.4451105845792 97.066500129798072
157.70611178243232 96.984500150550019
160.00000000000236 96.905499999999918
162.3272535900062 96.821500051916530
164.6883578629612 96.733499864049307
167.08380518838874 96.649999859899282
169.51409509748981 96.570000126400657
171.97973438731407 96.487500054091868
174.4812372264439 96.402499826387754
177.01912526221608 96.318499799845128
179.5939277295025 96.238000161127019
182.20618156107355 96.161999870457720
184.85643149956664 96.086999958020527
187.54523021108326 96.012499914940634
190.27313840043846 95.940499835207731
193.04072492808663 95.869000027785887
195.84856692874806 95.797500129570949
198.69724993176072 95.723500001766268
201.58736798318304 95.649000103862647
204.5195237696723 95.574500181817896
207.49432874416505 95.500999889567936
210.5124032533856 95.432000039211403
213.57437666720915 95.364499875498581
216.68088750990657 95.296500119742774
219.83258359329807 95.227499943022394
223.03012215184378 95.158499975055435
226.2741699796992 95.089000000430232
229.5654035697641 95.022999918962626
232.90450925475412 94.966500012008751
236.2921833503241 94.920500098997735
239.72913230027333 94.881999947412595
243.21607282386276 94.856000047163647
246.75373206527502 94.842500018387000
250.34284774524843 94.836000003129783
253.9841683149166 94.830999990063873
257.67845311188546 94.825500022474841
261.42647251858085 94.817000027864282
265.22900812289896 94.805499984983967
269.08685288119375 94.791500000429593
273.0008112836349 94.774000058271071
276.97169952197106 94.754500052584319
281.00034565973334 94.730499928841908
285.0875898049141 94.698999956971420
289.23428428515797 94.660499987123387
293.44129382550057 94.615999886792565
297.7094957286928 94.566500084873184
302.0397800581479 94.514000178781771
306.4330498235497 94.460999930501913
310.89022116916016 94.408500079405883
315.41222356486645 94.357500083553163
320.00000000000654 94.307499999999919
324.6545071800142 94.258500029580318
329.3767157259242 94.207999930960085
334.16761037677935 94.159999928411509
339.02819019498156 94.114000072000366
343.95946877463007 94.069000037565701
348.9624744528898 94.028999918476643
354.03825052443415 93.994499930373308
359.187855459007 93.963000065266641
364.4123631221491 93.931499943001370
369.71286299913527 93.897499978170657
375.0904604221685 93.857999949200661
380.54627680087896 93.815999916551633
386.08144985617537 93.777000008030200
391.6971338574982 93.742500061186263
397.3944998635236 93.709500006360173
403.1747359663683 93.675000048469229
409.0390475393468 93.641000083537918
414.9886574883323 93.606999938964606
421.0248065067734 93.574000022993033
427.1487533344206 93.547499966612605
433.3617750198154 93.527000036979359
439.6651671865984 93.508999988349174
446.06024430368984 93.500000000356351
452.54833995940066 93.503499999962600
459.13080713953053 93.520000037084912
465.8090185095106 93.552499985879749
472.58436670065066 93.608999865415228
479.45826460054917 93.690000159575675
486.432145647728 93.779999824490034
493.50746413055253 93.884999804263984
500.6856954904994 93.999499944465015
507.9683366298358 94.102000188842027
515.3569062237735 94.209499576723758
522.8529450371643 94.332499654482888
530.4580162458005 94.433000081515587
538.1737057623901 94.503999997974788
546.0016225672724 94.559999825186878
553.9433990439449 94.611999868539215
562.0006913194694 94.660000117251400
570.1751796098309 94.707000048970229
578.4685685703187 94.754500008990732
586.8825876510039 94.802000110897097
595.4189914573883 94.851499913429350
604.0795601162986 94.909499793713309
612.8660996471021 94.971000074319448
621.780442338323 95.034499893477289
630.8244471297356 95.102999877607132
640.0000000000159 95.179000000000144
649.3090143600314 95.259999941721333
658.7534314518515 95.343000116945149
668.3352207535618 95.425000133364748
678.0563803899662 95.506499870399381
687.9189375492632 95.585499940533765
697.9249489057827 95.662000155928610
708.0765010488715 95.733000164042778
718.3757109180171 95.804499851110521
728.8247262443015 95.883000151217999
739.425725998274 95.967000047576775
750.1809208443404 96.054500106324241
761.0925536017613 96.144000198502098
772.1628997123541 96.234499972776433
783.3942677149998 96.327499839177207
794.7889997270506 96.423499989314081
806.34947193274 96.518999875330081
818.0780950786972 96.615999753430685
829.9773149766683 96.709000149466192
842.0496130135506 96.798999933246051
854.2975066688449 96.887500150511812
866.7235500396347 96.972499852082564
879.3303343732008 97.054500079614002
892.1204886073838 97.135500035129297
905.0966799188055 97.216999999488763
918.2616142790653 97.298000105168356
931.6180370190256 97.380999968415267
945.1687334013056 97.466999819151752
958.9165292011028 97.550500150508896
972.8642912954606 97.634999829792719
987.0149282611097 97.723499840511423
1001.3713909810035 97.808499954362659
1015.9366732596762 97.888500146260014
1030.7138124475518 97.966499716764787
1045.7058900743334 98.038499797444928
1060.916032491606 98.107000071862444
1076.3474115247852 98.173499997974830
1092.0032451345498 98.236999796051336
1107.8867980878947 98.299499830407342
1124.0013826389438 98.363500160599401
1140.350359219667 98.429000066682903
1156.9371371406426 98.492500012174972
1173.765175302013 98.558000157610053
1190.837982914782 98.627999877092265
1208.1591202326028 98.698499755894133
1225.73219929421 98.768000082710387
1243.5608846766518 98.837499889195385
1261.648894259477 98.906499879355607
1280.0000000000375 98.975500000000125
1298.6180287200684 99.043999951671353
1317.5068629037087 99.110500092992567
1336.6704415071292 99.177000108968798
1356.112760779938 99.244999886063312
1375.8378750985323 99.313499944575682
1395.8498978115715 99.382000151597282
1416.153002097749 99.452500166386272
1436.7514218360407 99.524999845491422
1457.6494524886093 99.601000143930406
1478.8514519965543 99.679500044218457
1500.3618416886875 99.758000096873218
1522.1851072035295 99.841000187912755
1544.3257994247153 99.927999973960084
1566.788535430007 100.018999844309889
1589.5779994541087 100.111999985426877
1612.6989438654878 100.209499868509539
1636.156190157402 100.310999740720973
1659.9546299533442 100.418500186002404
1684.099226027109 100.530999920850064
1708.5950133376978 100.648500206880243
1733.4471000792773 100.771499779884806
1758.6606687464096 100.904000127638639
1784.2409772147755 101.041500056093355
1810.193359837619 101.184500004661444
1836.5232285581387 101.331500200391844
1863.2360740380593 101.483499942775921
1890.3374668026197 101.640999665641047
1917.833058402214 101.800000282884241
1945.7285825909298 101.955999691251947
1974.0298565222283 102.109499728094008
2002.7427819620161 102.257499918743321
2031.8733465193618 102.393000233783567
2061.4276248951132 102.512999573308036
2091.411780148677 102.616499720853852
2121.832064983222 102.699000072936116
2152.694823049581 102.759499998312364
2184.0064902691106 102.800499883457931
2215.7735961758003 102.823999948853015
2248.002765277899 102.831499995133356
2280.7007184393456 102.826499989580796
2313.874274281297 102.814999997377697
2347.530350604038 102.801499972628420
2381.6759658295764 102.790000018993084
2416.318240465218 102.784000017046750
2451.4643985884327 102.785500011041620
2487.1217693533167 102.796999977839079
2523.2977885189675 102.817999958036751
2560.0000000000887 102.849000000000089
2597.236057440151 102.887999970860676
2635.0137258074315 102.934000070448917
2673.340883014273 102.984500086199205
2712.225521559891 103.037499912483426
2751.6757501970797 103.088499960322338
2791.699795623158 103.138500102948399
2832.3060041955137 103.184500103112640
2873.502843672097 103.226499916481856
2915.2989049772345 103.262000054657136
2957.7029039931244 103.290500012337176
3000.723683377391 103.312000019692576
3044.370214407075 103.327000022076959
3088.6515988494466 103.335999997812763
3133.57707086003 103.337999998289121
3179.1559989082334 103.335500000620129
3225.3978877309914 103.329000011881732
3272.3123803148205 103.317000035587313
3319.9092599067053 103.299999963463804
3368.198452054235 103.277000016810604
3417.190026675413 103.244999929072208
3466.8942001585724 103.201000081821121
3517.3213374928373 103.142999937215109
3568.4819544295697 103.074999970768232
3620.386719675257 103.000499998983315
3673.0464571162966 102.920499888041348
3726.472148076138 102.833500033071033
3780.6749336052594 102.741000201520535
3835.6661168044484 102.642999816850562
3891.45716518188 102.541000202013322
3948.059713044477 102.438500181270626
4005.4855639240527 102.338500054542124
4063.746693038744 102.243999834089053
4122.855249790247 102.157500314095032
4182.823560297375 102.078500214293967
4243.664129966465 102.009999931484231
4305.389646099183 101.951500001687606
4368.012980538242 101.901500152152138
4431.5471923516225 101.860000104374279
4496.00553055582 101.826499931437198
4561.401436878714 101.800999979916099
4627.748548562617 101.785499998584470
4695.060701208099 101.781500011331346
4763.351931659176 101.790499977363964
4832.63648093046 101.816999893864391
4902.928797176889 101.862000072766492
4974.243538706657 101.927499887612498
5046.595577037959 102.010499849081356
5120.000000000202 102.106500000000267
5194.472114880326 102.210999924664250
5270.027451614888 102.324000169077465
5346.6817660285715 102.446000204913929
5424.451043119808 102.573499788639253
5503.351500394186 102.696999905862825
5583.399591246343 102.806000205896837
5664.612008391055 102.894500171073275
5747.005687344222 102.962499869220835
5830.597809954497 103.007000049191419
5915.405807986278 103.029000005900400
6001.447366754812 103.038000011583875
6088.740428814181 103.051500066230915
6177.303197698925 103.087499988044414
6267.154141720092 103.141499905291710
6358.3119978165005 103.185499994108767
6450.795775462017 103.207999976236550
6544.624760629676 103.231999928825388
6639.818519813445 103.276000086898648
6736.396904108505 103.324499968015886
6834.380053350861 103.351000001719854
6933.788400317181 103.344500024372252
7034.642674985712 103.307499943874092
7136.963908859177 103.241999965196456
7240.773439350552 103.148499998519966
7346.092914232631 103.026999810302826
7452.944296152315 102.878500057223960
7561.349867210557 102.705000381828313
7671.332233608935 102.503999591792336
7782.914330363799 102.271500474823910
7896.119426088994 102.005000491140166
8010.971127848146 101.708000166554427
8127.49338607753 101.388999379719195
8245.710499580537 101.057001237903819
8365.647120594791 100.706001009583417
8487.328259932974 100.324999551341804
8610.77929219841 99.905500016664575
8736.025961076528 99.453501479030280
8863.094384703289 98.988501248108577
8992.011061111683 98.538998966660458
9122.802873757471 98.128999609949190
9255.497097125279 97.775499938323449
9390.121402416245 97.487999471959228
9526.7038633184 97.274000339540493
9665.272961860968 97.134500414271173
9805.857594353829 97.060499951488993
9948.487077413367 97.025500047697250
10093.19115407597 96.984000085000133
10240.000000000457 96.887999999999508
10388.944229760706 96.707000144275014
10540.05490322983 96.441499546308677
10693.363532057198 96.101999361740326
10848.902086239672 95.693500698481046
11006.703000788428 95.238000363134176
11166.799182492743 94.764998970515634
11329.224016782166 94.303499004276389
11494.0113746885 93.897500803615770
11661.195619909053 93.586499584605676
11830.811615972614 93.383999928425425
12002.894733509682 93.276499968568316
12177.48085762842 93.284500277455948
12354.606395397908 93.456499939171266
12534.308283440243 93.815999300880691
12716.62399563306 94.348499914447757
12901.591550924093 95.021499066793240
13089.249521259411 95.795997976607580
13279.637039626952 96.638001464354758
13472.793808217073 97.524499369194132
13668.760106701786 98.431501558184920
13867.576800634426 99.333998434954239
14069.285349971487 100.218000818106731
14273.927817718419 101.065500324968184
14481.54687870117 101.848500012555974
14692.18582846533 102.529500753458890
14905.888592304698 103.049999824984013
15122.699734421185 103.319999591482230
15342.664467217943 103.246499349418912
15565.828660727671 102.794501077712212
15792.238852178061 101.967501646658761
16021.942255696367 100.763500709594823
16254.986772155136 99.364497352965316
16491.42099916115 97.955505219103330
16731.294241189662 96.360504770775947
16974.65651986603 94.476997822526215
17221.558584396902 92.487000077315258
17472.051922153143 90.575505896744573
17726.188769406665 89.331002709665384
17984.022122223458 89.008000386890217
18245.605747515034 89.240000429732902
18510.99419425065 89.676500094084759
18780.242804832582 90.142001051549144
19053.40772663689 90.628499115569042
19330.545923722028 91.270497657208793
19611.71518870775 92.108001323138083
19896.974154826825 93.317497893241281
20186.382308152035 94.940497045812180
