20 94.013430199999988
20.290906698750476 94.103043140269165
20.586044732869844 94.192093898949423
20.885475648548283 94.280225870009104
21.189261887185914 94.367424672830026
21.49746679841394 94.452810494290190
21.810154653305165 94.536475411176383
22.12739065777668 94.619245547452209
22.449240966187475 94.702234548793271
22.77577269513385 94.786223811896463
23.107053937445478 94.870536792399946
23.44315377638505 94.955649668431803
23.784142300054445 95.041452385417699
24.130090616010463 95.127894837876354
24.481070866093134 95.214961652240447
24.837156241469714 95.302818342247093
25.1984209978975 95.391851746487134
25.56494047120865 95.481713012429537
25.936791093020236 95.572680350853403
26.3140504066728 95.664746466791769
26.69679708340074 95.757755237816667
27.08511093873791 95.851779071377081
27.47907294916184 95.946619406527162
27.878765268980047 96.041784821017188
28.284271247461966 96.137591983736513
28.695675446220072 96.233569309790397
29.11306365684382 96.330084512611094
29.536522918790062 96.426072897047916
29.966141537533712 96.520127724758439
30.402009102982383 96.611648987483420
30.844216508158908 96.701643605310778
31.29285596815558 96.790133026475075
31.74802103936409 96.877142862991008
32.20980663898519 96.961884137607271
32.67830906482211 97.043999471501678
33.153626015361866 97.123249894572950
33.63585661014871 97.200756907017393
34.125101410453844 97.276551592379576
34.62146244024586 97.350575962664209
35.12504320746613 97.423090402159559
35.635948725613716 97.494304052227392
36.15428553564419 97.564307920104653
36.68016172818701 97.632794041241937
37.21368696608603 97.699802490699625
37.754972507267915 97.765406681215723
38.30413122794313 97.829782127416848
38.86127764614443 97.892717522517586
39.4265279456077 97.954401605523117
40.000000000000206 98.013878827037786
40.58181339750116 98.069878943642294
41.1720894657399 98.122883383640101
41.77095129709678 98.175039825456309
42.37852377437204 98.227984162924898
42.9949335968281 98.282319127779203
43.62030930661056 98.338267540521969
44.25478131555359 98.395371301995027
44.89848193237519 98.453363470641960
45.55154539026795 98.512159085124125
46.21410787489121 98.571705871610675
46.88630755277036 98.631909622657957
47.56828460010916 98.692958249671932
48.260181232021196 98.755451836215798
48.962141732186545 98.820381601680921
49.674312482939705 98.887606132820224
50.39684199579528 98.956596305311820
51.129880942417586 99.027145401336867
51.873582186040764 99.099722094840672
52.628100813345895 99.174276696420179
53.393594166801776 99.249344686488371
54.17022187747612 99.323171682851978
54.95814589832399 99.396021800711239
55.75753053796041 99.469128111619796
56.56854249492426 99.542246232193634
57.39135089244048 99.614949959572130
58.226127313687975 99.687743225115952
59.073045837580466 99.761089834766523
59.932283075067765 99.834536641448807
60.804018205965114 99.907524860848554
61.68843301631817 99.977757877467582
62.58571193631152 100.041963499147883
63.49604207872855 100.100004722768915
64.41961327797075 100.153602209579986
65.35661812964459 100.203822827714177
66.3072520307241 100.251092075781457
67.27171322029778 100.295681890958605
68.25020282090806 100.337223794873097
69.2429248804921 100.374112701577033
70.25008641493265 100.402449203654925
71.27189745122783 100.421654270850496
72.30857107128878 100.434811506818150
73.36032345637442 100.444188967645061
74.42737393217246 100.449459724409223
75.50994501453623 100.448535651830014
76.60826245588666 100.439826074255507
77.72255529228926 100.423856078141881
78.85305589121582 100.403162570450633
80.00000000000082 100.379089010988992
81.16362679500274 100.352785535499933
82.34417893148023 100.324107354964752
83.541902594194 100.290803294967546
84.75704754874454 100.250135766120110
85.98986719365665 100.202743744318283
87.24061861322157 100.150734737393009
88.50956263110764 100.096057730533403
89.79696386475084 100.040526197963402
91.10309078053635 99.984489765221952
92.42821574978288 99.927686494972846
93.77261510554118 99.869442820072152
95.13656920021877 99.808484132529941
96.52036246404286 99.747337753509413
97.92428346437356 99.690526906221052
99.34862496587989 99.638893190823381
100.79368399159105 99.589938731861594
102.25976188483567 99.541544740710862
103.74716437208203 99.493883823963472
105.25620162669229 99.452101629700934
106.78718833360406 99.418110692441473
108.34044375495276 99.386771656312021
109.9162917966485 99.350986876061057
111.51506107592134 99.306768805183211
113.13708498984903 99.259939581901961
114.78270178488147 99.216836945568687
116.45225462737648 99.173084877663612
118.14609167516147 99.127867076894901
119.86456615013608 99.085989472232399
121.60803641193078 99.044909452686497
123.3768660326369 99.001460984024376
125.17142387262359 98.960126998382037
126.99208415745765 98.919143419288389
128.83922655594208 98.877869979241851
130.71323625928977 98.838620258130476
132.61450406144883 98.796480192672206
134.5434264405962 98.755643429276319
136.50040564181674 98.727237209364830
138.48584976098482 98.706968407841657
140.50017282986593 98.709569856565963
142.5437949024563 98.755878626717447
144.61714214257822 98.847587938348340
146.7206469127495 98.976982375864537
148.8547478643456 99.122780002608820
151.01989002907314 99.271275587034566
153.216524911774 99.424710210088634
155.4451105845792 99.577628783078438
157.70611178243232 99.728825009404488
160.00000000000236 99.880414432731072
162.3272535900062 100.024997779524583
164.6883578629612 100.154194063706754
167.08380518838874 100.255543087653621
169.51409509748981 100.313373389972099
171.97973438731407 100.326080537508943
174.4812372264439 100.300666876749119
177.01912526221608 100.245235228904775
179.5939277295025 100.172235761448349
182.20618156107355 100.094319480036745
184.85643149956664 100.014533916315941
187.54523021108326 99.934546024276273
190.27313840043846 99.853947255387197
193.04072492808663 99.771034050747289
195.84856692874806 99.687684231527584
198.69724993176072 99.606471995883368
201.58736798318304 99.526791659973412
204.5195237696723 99.448047072802098
207.49432874416505 99.370500278951823
210.5124032533856 99.294105339473589
213.57437666720915 99.218544292359013
216.68088750990657 99.145321777460950
219.83258359329807 99.076670137577835
223.03012215184378 99.012367802815078
226.2741699796992 98.950297129272656
229.5654035697641 98.889452976990171
232.90450925475412 98.828873539353594
236.2921833503241 98.767630167035065
239.72913230027333 98.706740792611669
243.21607282386276 98.650598272580851
246.75373206527502 98.605445429817266
250.34284774524843 98.576086789093978
253.9841683149166 98.564164820206329
257.67845311188546 98.569443397386777
261.42647251858085 98.584339003763688
265.22900812289896 98.598026237327588
269.08685288119375 98.603394622706588
273.0008112836349 98.593633927037786
276.97169952197106 98.565789659471648
281.00034565973334 98.520977946003740
285.0875898049141 98.459897770167231
289.23428428515797 98.385594473696983
293.44129382550057 98.303164977309365
297.7094957286928 98.215026237824091
302.0397800581479 98.123168004328292
306.4330498235497 98.029777569879855
310.89022116916016 97.936756688293087
315.41222356486645 97.843476601042596
320.00000000000654 97.749741031390002
324.6545071800142 97.656083658020876
329.3767157259242 97.563913425085516
334.16761037677935 97.475776967912765
339.02819019498156 97.391820826289546
343.95946877463007 97.308966442853389
348.9624744528898 97.226376731114328
354.03825052443415 97.146555124970888
359.187855459007 97.069063045176051
364.4123631221491 96.991279458714843
369.71286299913527 96.908135462646754
375.0904604221685 96.813927215051933
380.54627680087896 96.712110641188303
386.08144985617537 96.611160350391629
391.6971338574982 96.513530904641783
397.3944998635236 96.419042278147032
403.1747359663683 96.328578720102669
409.0390475393468 96.244591023091687
414.9886574883323 96.166037698988958
421.0248065067734 96.088417583829226
427.1487533344206 96.018800918975231
433.3617750198154 95.957845686955437
439.6651671865984 95.897718802708866
446.06024430368984 95.837374823997436
452.54833995940066 95.777505826244322
459.13080713953053 95.719259104322930
465.8090185095106 95.664410792348548
472.58436670065066 95.607640981060825
479.45826460054917 95.550842535228469
486.432145647728 95.503360517935747
493.50746413055253 95.466511653985236
500.6856954904994 95.439041140432437
507.9683366298358 95.426219865781718
515.3569062237735 95.433888824834810
522.8529450371643 95.467241061294601
530.4580162458005 95.529940776236231
538.1737057623901 95.623615804892196
546.0016225672724 95.740479132724488
553.9433990439449 95.876145947360385
562.0006913194694 96.009934183230314
570.1751796098309 96.143834358708631
578.4685685703187 96.269987838943479
586.8825876510039 96.373477346527494
595.4189914573883 96.454647183194595
604.0795601162986 96.520848339951527
612.8660996471021 96.571651371219872
621.780442338323 96.616982017876296
630.8244471297356 96.669168426895936
640.0000000000159 96.729782749123785
649.3090143600314 96.794597232906526
658.7534314518515 96.859382439421765
668.3352207535618 96.917704330438596
678.0563803899662 96.967277772534885
687.9189375492632 97.005215615355638
697.9249489057827 97.028776191657215
708.0765010488715 97.040613758022488
718.3757109180171 97.053812760797626
728.8247262443015 97.080219643119634
739.425725998274 97.120500138956260
750.1809208443404 97.169383103379616
761.0925536017613 97.224574147165967
772.1628997123541 97.282328256935500
783.3942677149998 97.341451284198712
794.7889997270506 97.398330987075326
806.34947193274 97.450622868537380
818.0780950786972 97.503324388239406
829.9773149766683 97.551509426519274
842.0496130135506 97.593251467319277
854.2975066688449 97.631072569986827
866.7235500396347 97.666252702900991
879.3303343732008 97.704893089900906
892.1204886073838 97.750187181565735
905.0966799188055 97.793029700488802
918.2616142790653 97.831314555535471
931.6180370190256 97.871316833512964
945.1687334013056 97.914134414370182
958.9165292011028 97.955114686021602
972.8642912954606 97.996277754626618
987.0149282611097 98.040100675627741
1001.3713909810035 98.079634209335353
1015.9366732596762 98.113368920180733
1030.7138124475518 98.144549329328555
1045.7058900743334 98.173848535489924
1060.916032491606 98.201266888390222
1076.3474115247852 98.228520475478263
1092.0032451345498 98.256959067976396
1107.8867980878947 98.282836466122589
1124.0013826389438 98.305455986523029
1140.350359219667 98.332354735848355
1156.9371371406426 98.363117658005450
1173.765175302013 98.397445484231213
1190.837982914782 98.440169110148886
1208.1591202326028 98.489465912871168
1225.73219929421 98.542199605370570
1243.5608846766518 98.598335036164343
1261.648894259477 98.658495486113907
1280.0000000000375 98.721887629666568
1298.6180287200684 98.788397672855595
1317.5068629037087 98.853206516082693
1336.6704415071292 98.913210893744477
1356.112760779938 98.975865667352991
1375.8378750985323 99.044489482055155
1395.8498978115715 99.116072924896599
1416.153002097749 99.187376673424410
1436.7514218360407 99.257424023673508
1457.6494524886093 99.328537053252717
1478.8514519965543 99.398361468773814
1500.3618416886875 99.461996620400825
1522.1851072035295 99.518515108774636
1544.3257994247153 99.568557665456126
1566.788535430007 99.614732158244408
1589.5779994541087 99.651940621892436
1612.6989438654878 99.682656082824195
1636.156190157402 99.716784629997306
1659.9546299533442 99.760032726695997
1684.099226027109 99.805673368954061
1708.5950133376978 99.848091936312912
1733.4471000792773 99.892418759696653
1758.6606687464096 99.945488677286320
1784.2409772147755 100.015044148642218
1810.193359837619 100.101057081452879
1836.5232285581387 100.195253265293957
1863.2360740380593 100.294842836255867
1890.3374668026197 100.397903455094976
1917.833058402214 100.504179027822403
1945.7285825909298 100.615555346781576
1974.0298565222283 100.731930727519426
2002.7427819620161 100.844028128288087
2031.8733465193618 100.944310137094078
2061.4276248951132 101.038819297470127
2091.411780148677 101.123664932846026
2121.832064983222 101.198034134511630
2152.694823049581 101.271124773379029
2184.0064902691106 101.344198481835377
2215.7735961758003 101.414324928173215
2248.002765277899 101.479934629392403
2280.7007184393456 101.545330298497873
2313.874274281297 101.617165172959318
2347.530350604038 101.690377716519748
2381.6759658295764 101.761002144235945
2416.318240465218 101.831480482354920
2451.4643985884327 101.902511924501653
2487.1217693533167 101.980872081927743
2523.2977885189675 102.073308911410876
2560.0000000000887 102.182496997315965
2597.236057440151 102.313123414330136
2635.0137258074315 102.467308901657844
2673.340883014273 102.635322507258735
2712.225521559891 102.801310912899794
2751.6757501970797 102.953551283415663
2791.699795623158 103.089198099309556
2832.3060041955137 103.208743307597501
2873.502843672097 103.315272030938658
2915.2989049772345 103.416120463432634
2957.7029039931244 103.503990644401426
3000.723683377391 103.564753369433888
3044.370214407075 103.605867555221607
3088.6515988494466 103.629060579734926
3133.57707086003 103.626804721162188
3179.1559989082334 103.605204311406254
3225.3978877309914 103.578716477262645
3272.3123803148205 103.543441180954233
3319.9092599067053 103.482441297202570
3368.198452054235 103.395094236712652
3417.190026675413 103.292628191560866
3466.8942001585724 103.179335553486681
3517.3213374928373 103.048466659361679
3568.4819544295697 102.903386470023719
3620.386719675257 102.756222024976523
3673.0464571162966 102.606033789033916
3726.472148076138 102.451799564576874
3780.6749336052594 102.299531473771282
3835.6661168044484 102.154206658605190
3891.45716518188 102.012328284182104
3948.059713044477 101.877219025108815
4005.4855639240527 101.757140770017017
4063.746693038744 101.651172911871058
4122.855249790247 101.552799553870969
4182.823560297375 101.459732557235355
4243.664129966465 101.380067304437432
4305.389646099183 101.316875957678562
4368.012980538242 101.268194434034726
4431.5471923516225 101.229143491467966
4496.00553055582 101.199992089946761
4561.401436878714 101.187457468310868
4627.748548562617 101.189054975110963
4695.060701208099 101.203712961455793
4763.351931659176 101.230727869033558
4832.63648093046 101.267502955398541
4902.928797176889 101.315215198096070
4974.243538706657 101.372043460310849
5046.595577037959 101.439293753006154
5120.000000000202 101.515174921581149
5194.472114880326 101.588458754540028
5270.027451614888 101.665916028750246
5346.6817660285715 101.748770524794196
5424.451043119808 101.834551325133560
5503.351500394186 101.924137125261069
5583.399591246343 102.014014524752213
5664.612008391055 102.097450346206472
5747.005687344222 102.181254540361167
5830.597809954497 102.269066585282786
5915.405807986278 102.357177489011605
6001.447366754812 102.439968589361726
6088.740428814181 102.515676860080049
6177.303197698925 102.589043721172686
6267.154141720092 102.664194724135939
6358.3119978165005 102.737858190901761
6450.795775462017 102.807375050271673
6544.624760629676 102.875359193247107
6639.818519813445 102.943495754744077
6736.396904108505 103.001822979776108
6834.380053350861 103.045214122250215
6933.788400317181 103.081709627162667
7034.642674985712 103.103374255018053
7136.963908859177 103.092135046446813
7240.773439350552 103.033282747344785
7346.092914232631 102.915154611211037
7452.944296152315 102.736065865601830
7561.349867210557 102.494758277509220
7671.332233608935 102.191586459292637
7782.914330363799 101.828733761460413
7896.119426088994 101.411938589326127
8010.971127848146 100.955435709634315
8127.49338607753 100.480895384861839
8245.710499580537 100.000512805867487
8365.647120594791 99.519142290000957
8487.328259932974 99.051614928529006
8610.77929219841 98.604360744525252
8736.025961076528 98.180151655763026
8863.094384703289 97.790319334584424
8992.011061111683 97.447846741892079
9122.802873757471 97.158984374509345
9255.497097125279 96.922195320592621
9390.121402416245 96.726925110759481
9526.7038633184 96.561117419830182
9665.272961860968 96.424411927799071
9805.857594353829 96.323931173784857
9948.487077413367 96.252034419815431
10093.19115407597 96.179107246515258
10240.000000000457 96.071678196626451
10388.944229760706 95.905420004513616
10540.05490322983 95.668546468677263
10693.363532057198 95.353073529763279
10848.902086239672 94.962479086139666
11006.703000788428 94.529109235581601
11166.799182492743 94.105491386966918
11329.224016782166 93.736200927043143
11494.0113746885 93.455158150313679
11661.195619909053 93.279979381627015
11830.811615972614 93.242049088321551
12002.894733509682 93.352887373065329
12177.48085762842 93.577941231353080
12354.606395397908 93.896127292400053
12534.308283440243 94.337290422742313
12716.62399563306 94.910182756553169
12901.591550924093 95.626120730250662
13089.249521259411 96.520250315756186
13279.637039626952 97.617503582423410
13472.793808217073 98.877524806680995
13668.760106701786 100.196031560341311
13867.576800634426 101.380315554195761
14069.285349971487 102.168629648811304
14273.927817718419 102.356937118406435
14481.54687870117 101.905016423660982
14692.18582846533 100.949528753894612
14905.888592304698 99.817683642206063
15122.699734421185 98.731227256174463
15342.664467217943 97.832645530966630
15565.828660727671 97.201404505086600
15792.238852178061 96.815147815366771
16021.942255696367 96.643606071584287
16254.986772155136 96.772678642736707
16491.42099916115 97.237251992757422
16731.294241189662 98.012874546078791
16974.65651986603 98.903699747961497
17221.558584396902 99.478167777706574
17472.051922153143 99.352640022419365
17726.188769406665 98.206180468264080
17984.022122223458 96.116131700498244
18245.605747515034 93.901686896955340
18510.99419425065 93.393136129600236
18780.242804832582 93.334841472085046
19053.40772663689 92.032835749374485
19330.545923722028 89.598905989181958
19611.71518870775 86.528984138559039
19896.974154826825 84.064747485687633
20186.382308152035 83.226200980545471
