20 75.217999999999989
20.290906698750476 75.313999900944822
20.586044732869844 75.411500245639331
20.885475648548283 75.512000222830551
21.189261887185914 75.617499960407287
21.49746679841394 75.727499927008324
21.810154653305165 75.844000248016798
22.12739065777668 75.966000256391169
22.449240966187475 76.091999593534041
22.77577269513385 76.222500275875177
23.107053937445478 76.354499974976534
23.44315377638505 76.487500301632991
23.784142300054445 76.620000114033530
24.130090616010463 76.750499856225105
24.481070866093134 76.877999951721023
24.837156241469714 77.003000084523791
25.1984209978975 77.128499999275135
25.56494047120865 77.253499820306217
25.936791093020236 77.380000372188988
26.3140504066728 77.509499794712738
26.69679708340074 77.637500341613105
27.08511093873791 77.755999686837299
27.47907294916184 77.860999986884863
27.878765268980047 77.959500064575124
28.284271247461966 78.057000059160984
28.695675446220072 78.156000109440782
29.11306365684382 78.258999914804050
29.536522918790062 78.365999725240300
29.966141537533712 78.473500131197540
30.402009102982383 78.579999780586036
30.844216508158908 78.685999882527142
31.29285596815558 78.793499992291032
31.74802103936409 78.903000252995469
32.20980663898519 79.015499668155471
32.67830906482211 79.132999765309521
33.153626015361866 79.253500262033242
33.63585661014871 79.377499900114969
34.125101410453844 79.502999592101986
34.62146244024586 79.626499618009689
35.12504320746613 79.744000268028529
35.635948725613716 79.856000153141167
36.15428553564419 79.965000110404162
36.68016172818701 80.074500153417887
37.21368696608603 80.186999781807060
37.754972507267915 80.302999678504875
38.30413122794313 80.424000051325962
38.86127764614443 80.548999697346119
39.4265279456077 80.676499763952563
40.000000000000206 80.802500000000038
40.58181339750116 80.916999885467476
41.1720894657399 81.019000075710778
41.77095129709678 81.116000207831675
42.37852377437204 81.213499803019630
42.9949335968281 81.314999933525485
43.62030930661056 81.421000225282668
44.25478131555359 81.531000229726544
44.89848193237519 81.642999814908421
45.55154539026795 81.752000219015457
46.21410787489121 81.853499981373545
46.88630755277036 81.947500074839411
47.56828460010916 82.040000222817639
48.260181232021196 82.137500034500022
48.962141732186545 82.242499809242560
49.674312482939705 82.352499918977159
50.39684199579528 82.464999843513652
51.129880942417586 82.577499683960028
51.873582186040764 82.689000175113762
52.628100813345895 82.799999972639313
53.393594166801776 82.909000158322655
54.17022187747612 83.012999851661647
54.95814589832399 83.110500108272305
55.75753053796041 83.205000061246551
56.56854249492426 83.295500053727878
57.39135089244048 83.383000093346567
58.226127313687975 83.469499929549542
59.073045837580466 83.560499763401410
59.932283075067765 83.659000248456181
60.804018205965114 83.763499784687767
61.68843301631817 83.868999765340504
62.58571193631152 83.972999992644702
63.49604207872855 84.074000221371548
64.41961327797075 84.169999622541582
65.35661812964459 84.257999737504718
66.3072520307241 84.339500092241153
67.27171322029778 84.430000023725356
68.25020282090806 84.539999627712945
69.2429248804921 84.658499633665059
70.25008641493265 84.763000211102153
71.27189745122783 84.849000112396993
72.30857107128878 84.928000005374088
73.36032345637442 85.007000180207712
74.42737393217246 85.084999849388979
75.50994501453623 85.163999710211584
76.60826245588666 85.243000103591399
77.72255529228926 85.322499877836975
78.85305589121582 85.399999856884406
80.00000000000082 85.476500000000044
81.16362679500274 85.550499923645020
82.34417893148023 85.623500118147604
83.541902594194 85.697500100067685
84.75704754874454 85.773499847239989
85.98986719365665 85.851499948514942
87.24061861322157 85.930000161211225
88.50956263110764 86.006000141527977
89.79696386475084 86.072499844700033
91.10309078053635 86.133000132672834
92.42821574978288 86.197000036382178
93.77261510554118 86.262000053689235
95.13656920021877 86.327000150866127
96.52036246404286 86.390999975687322
97.92428346437356 86.453499886625309
99.34862496587989 86.514499998544011
100.79368399159105 86.574499916909929
102.25976188483567 86.631999840581642
103.74716437208203 86.686000082035292
105.25620162669229 86.738499951940469
106.78718833360406 86.792000082930940
108.34044375495276 86.846999920790211
109.9162917966485 86.900500057519750
111.51506107592134 86.950500029957595
113.13708498984903 86.994499999731858
114.78270178488147 87.035000045063882
116.45225462737648 87.078499989992693
118.14609167516147 87.127499902208683
119.86456615013608 87.176000077974464
121.60803641193078 87.217499917976312
123.3768660326369 87.254499938152847
125.17142387262359 87.295999973083781
126.99208415745765 87.338000061760084
128.83922655594208 87.372499885288804
130.71323625928977 87.402999908431894
132.61450406144883 87.431500027886898
134.5434264405962 87.458499991908965
136.50040564181674 87.483999919067955
138.48584976098482 87.508999934269568
140.50017282986593 87.538000080645844
142.5437949024563 87.570500026706242
144.61714214257822 87.599000001836714
146.7206469127495 87.625000053138180
148.8547478643456 87.644499969105439
151.01989002907314 87.658499951879776
153.216524911774 87.676500026225710
155.4451105845792 87.695999970986321
157.70611178243232 87.717999957251237
160.00000000000236 87.744500000000016
162.3272535900062 87.766499987926395
164.6883578629612 87.780000016184601
167.08380518838874 87.790000019026024
169.51409509748981 87.802999975999867
171.97973438731407 87.821999986314111
174.4812372264439 87.843000041336254
177.01912526221608 87.862000043936433
179.5939277295025 87.878499969406263
182.20618156107355 87.894500031090161
184.85643149956664 87.912000009515339
187.54523021108326 87.929500020083452
190.27313840043846 87.947000037136291
193.04072492808663 87.962999993825363
195.84856692874806 87.980999965807669
198.69724993176072 88.003499999427163
201.58736798318304 88.025499970918460
204.5195237696723 88.043999958231026
207.49432874416505 88.059000022086408
210.5124032533856 88.072499992503708
213.57437666720915 88.085500025632641
216.68088750990657 88.099999973586137
219.83258359329807 88.117000013023443
223.03012215184378 88.133500006770674
226.2741699796992 88.152499999881542
229.5654035697641 88.175000034337870
232.90450925475412 88.200999993995623
236.2921833503241 88.233499921251806
239.72913230027333 88.280000108801545
243.21607282386276 88.344999856458472
246.75373206527502 88.432999841203269
250.34284774524843 88.548499923007185
253.9841683149166 88.688500304045476
257.67845311188546 88.842999415653964
261.42647251858085 89.000999562530694
265.22900812289896 89.146500137289394
269.08685288119375 89.267999996471190
273.0008112836349 89.368499692458272
276.97169952197106 89.449999794921183
281.00034565973334 89.517000144688097
285.0875898049141 89.575500061635552
289.23428428515797 89.628000015329306
293.44129382550057 89.678500115517807
297.7094957286928 89.728999913429348
302.0397800581479 89.779999824656329
306.4330498235497 89.832000068186815
310.89022116916016 89.884499919067068
315.41222356486645 89.939999906617061
320.00000000000654 90.001500000000092
324.6545071800142 90.066999960157119
329.3767157259242 90.134000100037412
334.16761037677935 90.206000114236957
339.02819019498156 90.282499875199363
343.95946877463007 90.361999930844974
348.9624744528898 90.446500203808384
354.03825052443415 90.537000208880059
359.187855459007 90.630999806239686
364.4123631221491 90.730500179632017
369.71286299913527 90.836500062129630
375.0904604221685 90.948000135858706
380.54627680087896 91.064000252484817
386.08144985617537 91.183999974879882
391.6971338574982 91.310999769651701
397.3944998635236 91.444499973167979
403.1747359663683 91.583999806123131
409.0390475393468 91.727499643735371
414.9886574883323 91.875500268555726
421.0248065067734 92.029499885776545
427.1487533344206 92.181000260421683
433.3617750198154 92.343999700643224
439.6651671865984 92.532000188355013
446.06024430368984 92.725000066637676
452.54833995940066 92.910999998846535
459.13080713953053 93.095500254100415
465.8090185095106 93.283499929027158
472.58436670065066 93.489499554187972
479.45826460054917 93.705000362671996
486.432145647728 93.899499639441473
493.50746413055253 94.091499648400116
500.6856954904994 94.284499907928819
507.9683366298358 94.449000270303287
515.3569062237735 94.592999468095343
522.8529450371643 94.724499646123604
530.4580162458005 94.827000083660721
538.1737057623901 94.897999998036170
546.0016225672724 94.934999909356151
553.9433990439449 94.940500007887650
562.0006913194694 94.913499870275032
570.1751796098309 94.851499905185278
578.4685685703187 94.752999978272399
586.8825876510039 94.630499674239758
595.4189914573883 94.480000271594179
604.0795601162986 94.289000684184202
612.8660996471021 94.073999726696229
621.780442338323 93.838500398231020
630.8244471297356 93.565000496565375
640.0000000000159 93.253499999999434
649.3090143600314 92.914000243064748
658.7534314518515 92.611999799925158
668.3352207535618 92.535000138243959
678.0563803899662 92.620499862399342
687.9189375492632 92.593000063982657
697.9249489057827 92.394499471575259
708.0765010488715 92.150499425850299
718.3757109180171 91.903500507855881
728.8247262443015 91.649499535414577
739.425725998274 91.397499866225303
750.1809208443404 91.159499723556948
761.0925536017613 90.930499498168842
772.1628997123541 90.703500067763017
783.3942677149998 90.468000405478747
794.7889997270506 90.222500027605278
806.34947193274 89.965500342842262
818.0780950786972 89.677500749875747
829.9773149766683 89.349499347330948
842.0496130135506 88.918500347862192
854.2975066688449 88.342499004171913
866.7235500396347 87.820000838198808
879.3303343732008 87.606000007767221
892.1204886073838 87.649000035129305
905.0966799188055 87.699999999869078
918.2616142790653 87.616999788364893
931.6180370190256 87.439500071344355
945.1687334013056 87.221500468943717
958.9165292011028 86.996499588367200
972.8642912954606 86.764500469059584
987.0149282611097 86.511500462154402
1001.3713909810035 86.260000138025134
1015.9366732596762 86.008499527894855
1030.7138124475518 85.752000949021877
1045.7058900743334 85.500000716074993
1060.916032491606 85.244499720058258
1076.3474115247852 84.982500008070048
1092.0032451345498 84.723500831981056
1107.8867980878947 84.469000686446464
1124.0013826389438 84.210499369769025
1140.350359219667 83.951499739519903
1156.9371371406426 83.702499952985903
1173.765175302013 83.449999419094368
1190.837982914782 83.191500454758611
1208.1591202326028 82.932000890470704
1225.73219929421 82.671999688337706
1243.5608846766518 82.411500413142946
1261.648894259477 82.150500458098961
1280.0000000000375 81.885499999999467
1298.6180287200684 81.617000191182427
1317.5068629037087 81.344499613939973
1336.6704415071292 81.068499541355237
1356.112760779938 80.782000480515620
1375.8378750985323 80.489500236155791
1395.8498978115715 80.191499350297363
1416.153002097749 79.890499287585527
1436.7514218360407 79.584500643089768
1457.6494524886093 79.265499404237431
1478.8514519965543 78.940999821447036
1500.3618416886875 78.622999618414013
1522.1851072035295 78.296499259274185
1544.3257994247153 77.955000101792365
1566.788535430007 77.614000579988470
1589.5779994541087 77.275500052866306
1612.6989438654878 76.927500468267027
1636.156190157402 76.574500899850761
1659.9546299533442 76.214499388849219
1684.099226027109 75.845000259863951
1708.5950133376978 75.471499338325202
1733.4471000792773 75.077000707890477
1758.6606687464096 74.656499593792375
1784.2409772147755 74.217499822634380
1810.193359837619 73.764499985121688
1836.5232285581387 73.292499338706904
1863.2360740380593 72.791000188765139
1890.3374668026197 72.259501135558693
1917.833058402214 71.701998966384508
1945.7285825909298 71.128001143951138
1974.0298565222283 70.544001039640534
2002.7427819620161 69.965500318348134
2031.8733465193618 69.447499208152450
2061.4276248951132 69.076001188116436
2091.411780148677 68.957500112786306
2121.832064983222 69.216500645374168
2152.694823049581 69.900499975943518
2184.0064902691106 70.928496442229502
2215.7735961758003 72.148496648526503
2248.002765277899 73.383502956489167
2280.7007184393456 74.605501318029724
2313.874274281297 75.894500255112902
2347.530350604038 77.280503295994151
2381.6759658295764 78.732497480826908
2416.318240465218 80.158995213275034
2451.4643985884327 81.420001332356406
2487.1217693533167 82.439998489891678
2523.2977885189675 83.190998805795772
2560.0000000000887 83.672500000000696
2597.236057440151 83.905499874203457
2635.0137258074315 83.941499895735575
2673.340883014273 83.840999725138374
2712.225521559891 83.656000331902490
2751.6757501970797 83.424500185940445
2791.699795623158 83.173499441450161
2832.3060041955137 82.917499402415388
2873.502843672097 82.665000521988361
2915.2989049772345 82.432999631975335
2957.7029039931244 82.240999912030588
3000.723683377391 82.085499845934521
3044.370214407075 81.958499761568746
3088.6515988494466 81.857500025700176
3133.57707086003 81.788500102652804
3179.1559989082334 81.756500003410721
3225.3978877309914 81.760999981517330
3272.3123803148205 81.805999857650733
3319.9092599067053 81.893500200949063
3368.198452054235 82.026499898435972
3417.190026675413 82.209500384048027
3466.8942001585724 82.445999563040431
3517.3213374928373 82.739000320583457
3568.4819544295697 83.090000156034492
3620.386719675257 83.499500005868470
3673.0464571162966 83.972500687557883
3726.472148076138 84.509999794513760
3780.6749336052594 85.099998725117501
3835.6661168044484 85.720001135163898
3891.45716518188 86.337498805571684
3948.059713044477 86.875999098978383
4005.4855639240527 87.236999831364656
4063.746693038744 87.316499654980646
4122.855249790247 87.036001396799094
4182.823560297375 86.387502069628596
4243.664129966465 85.442498783292478
4305.389646099183 84.305500035992281
4368.012980538242 83.075504014226652
4431.5471923516225 81.840003286451378
4496.00553055582 80.638497147297656
4561.401436878714 79.487998828790893
4627.748548562617 78.395499789693432
4695.060701208099 77.374997803985309
4763.351931659176 76.420501636759653
4832.63648093046 75.519503040271488
4902.928797176889 74.670999018865174
4974.243538706657 73.874001242594119
5046.595577037959 73.121001290614558
5120.000000000202 72.411999999998159
5194.472114880326 71.747500464807374
5270.027451614888 71.119499156021661
5346.6817660285715 70.529999099669496
5424.451043119808 69.981500890026879
5503.351500394186 69.472500388996593
5583.399591246343 68.998499016514032
5664.612008391055 68.556999022773283
5747.005687344222 68.149000828268129
5830.597809954497 67.781999384196254
5915.405807986278 67.450999834252656
6001.447366754812 67.149999680285092
6088.740428814181 66.882999472360382
6177.303197698925 66.653000062909086
6267.154141720092 66.452500332340037
6358.3119978165005 66.286000024185057
6450.795775462017 66.162500149181611
6544.624760629676 66.075000203356041
6639.818519813445 66.022499968248567
6736.396904108505 66.014999997156963
6834.380053350861 66.050000104910893
6933.788400317181 66.119499864211804
7034.642674985712 66.221500116056959
7136.963908859177 66.349000057871010
7240.773439350552 66.494000001878987
7346.092914232631 66.636000157859897
7452.944296152315 66.741499965814256
7561.349867210557 66.778499968180981
7671.332233608935 66.708499675620686
7782.914330363799 66.487000522109298
7896.119426088994 66.085000798326035
8010.971127848146 65.501500344066400
8127.49338607753 64.746498355973046
8245.710499580537 63.844003447654543
8365.647120594791 62.854002822308807
8487.328259932974 61.948499299040137
8610.77929219841 61.481000011471437
8736.025961076528 61.650498992450977
8863.094384703289 62.038499028354195
8992.011061111683 62.074999054812650
9122.802873757471 61.560999108908319
9255.497097125279 60.655999792726355
9390.121402416245 59.630997738263162
9526.7038633184 58.659501645465497
9665.272961860968 57.794002869084686
9805.857594353829 57.046499217760001
9948.487077413367 56.441000899887918
10093.19115407597 56.000000702552143
10240.000000000457 55.631999999998769
10388.944229760706 55.204500323375015
10540.05490322983 54.742499465996879
10693.363532057198 54.412999719748925
10848.902086239672 54.286000133751685
11006.703000788428 54.293999979608017
11166.799182492743 54.318999995619215
11329.224016782166 54.308499964939308
11494.0113746885 54.311999954198065
11661.195619909053 54.397000282395261
11830.811615972614 54.573000123628830
12002.894733509682 54.817500355061540
12177.48085762842 55.131500717862203
12354.606395397908 55.460999907082737
12534.308283440243 55.894999154513343
12716.62399563306 56.661499868530711
12901.591550924093 57.942998108400531
13089.249521259411 59.812994921183353
13279.637039626952 61.965003343526746
13472.793808217073 63.853498751089035
13668.760106701786 65.124001116183223
13867.576800634426 65.511999778909001
14069.285349971487 64.887998843235124
14273.927817718419 63.558999363823183
14481.54687870117 61.974999972860054
14692.18582846533 60.530498627911697
14905.888592304698 59.718000218119720
15122.699734421185 59.814999322664832
15342.664467217943 60.422500987716958
15565.828660727671 60.880499263136443
15792.238852178061 61.032499839263245
16021.942255696367 60.888500125904763
16254.986772155136 60.681500948332229
16491.42099916115 61.548995452662439
16731.294241189662 62.563498119403675
16974.65651986603 61.753997495630912
17221.558584396902 59.090500117968745
17472.051922153143 55.317512513628259
17726.188769406665 52.055007936022974
17984.022122223458 49.700494735354752
18245.605747515034 48.097500467650505
18510.99419425065 49.463500594877658
18780.242804832582 52.427505740461207
19053.40772663689 54.676496585644713
19330.545923722028 55.540998170228768
19611.71518870775 55.300499041907351
19896.974154826825 54.497501294514393
20186.382308152035 53.893000855205287
