20 97.833500000000001
20.290906698750476 97.924651069445389
20.586044732869844 98.012836692517197
20.885475648548283 98.098836352583831
21.189261887185914 98.183028855358586
21.49746679841394 98.266828766151605
21.810154653305165 98.349615067650745
22.12739065777668 98.430347664444184
22.449240966187475 98.510481928499189
22.77577269513385 98.589432694290650
23.107053937445478 98.667122487687408
23.44315377638505 98.743471126822243
23.784142300054445 98.818550950261852
24.130090616010463 98.893252757258097
24.481070866093134 98.967072224353188
24.837156241469714 99.040388325393252
25.1984209978975 99.112936173332130
25.56494047120865 99.184957296189907
25.936791093020236 99.256490367721995
26.3140504066728 99.327789293543233
26.69679708340074 99.399399453137647
27.08511093873791 99.471436892312312
27.47907294916184 99.542035394814718
27.878765268980047 99.611587008899050
28.284271247461966 99.679689027078695
28.695675446220072 99.746025369610322
29.11306365684382 99.809215848301292
29.536522918790062 99.867382750254819
29.966141537533712 99.918936984504057
30.402009102982383 99.968721000591387
30.844216508158908 100.017363745556850
31.29285596815558 100.065749876656341
31.74802103936409 100.113294188093874
32.20980663898519 100.160480663898511
32.67830906482211 100.206795979287733
33.153626015361866 100.252901723490098
33.63585661014871 100.299678091184433
34.125101410453844 100.347009735403560
34.62146244024586 100.394660394263596
35.12504320746613 100.442378931879418
35.635948725613716 100.488463487854006
36.15428553564419 100.533614270529753
36.68016172818701 100.577773261711329
37.21368696608603 100.620881270320808
37.754972507267915 100.661165927052252
38.30413122794313 100.697831292764818
38.86127764614443 100.727559852237832
39.4265279456077 100.754055993145343
40.000000000000206 100.780000000000001
40.58181339750116 100.807151382388000
41.1720894657399 100.837081170769252
41.77095129709678 100.870378164515131
42.37852377437204 100.905471742700456
42.9949335968281 100.940546330641368
43.62030930661056 100.973382616428466
44.25478131555359 100.999691180920451
44.89848193237519 101.019623645162767
45.55154539026795 101.036678178665881
46.21410787489121 101.051852673047847
46.88630755277036 101.068781008493204
47.56828460010916 101.086950985787425
48.260181232021196 101.106805406960632
48.962141732186545 101.126740752055156
49.674312482939705 101.142343263790764
50.39684199579528 101.149484212459242
51.129880942417586 101.151499999999999
51.873582186040764 101.151766844037397
52.628100813345895 101.153872939024552
53.393594166801776 101.158451959940948
54.17022187747612 101.164937778951156
54.95814589832399 101.170617972821901
55.75753053796041 101.173045369190390
56.56854249492426 101.171510101267756
57.39135089244048 101.167847570091567
58.226127313687975 101.162577917833659
59.073045837580466 101.155159972867835
59.932283075067765 101.145278744636727
60.804018205965114 101.133948324568550
61.68843301631817 101.122442698431826
62.58571193631152 101.110196467996303
63.49604207872855 101.096315305700983
64.41961327797075 101.078348894606677
65.35661812964459 101.054658074240308
66.3072520307241 101.026936065093636
67.27171322029778 100.998892029831666
68.25020282090806 100.971869625245944
69.2429248804921 100.946412727748680
70.25008641493265 100.923998271701350
71.27189745122783 100.904921538231577
72.30857107128878 100.889988576073250
73.36032345637442 100.877216603708064
74.42737393217246 100.867294695508704
75.50994501453623 100.862150089517655
76.60826245588666 100.865710744389276
77.72255529228926 100.881392673483916
78.85305589121582 100.909268434128279
80.00000000000082 100.947500000000034
81.16362679500274 100.988227039642709
82.34417893148023 101.023385309773886
83.541902594194 101.050040196322882
84.75704754874454 101.068260625884818
85.98986719365665 101.077274239731935
87.24061861322157 101.077699523683236
88.50956263110764 101.070372498251913
89.79696386475084 101.053207148469994
91.10309078053635 101.029816996157436
92.42821574978288 100.999656555797571
93.77261510554118 100.970100425531399
95.13656920021877 100.945723840972619
96.52036246404286 100.921592705505205
97.92428346437356 100.891719309010995
99.34862496587989 100.856098637392250
100.79368399159105 100.816776848235463
102.25976188483567 100.775473413262986
103.74716437208203 100.732351944896209
105.25620162669229 100.684905914631543
106.78718833360406 100.632423616101448
108.34044375495276 100.577024172740010
109.9162917966485 100.522575113207012
111.51506107592134 100.471721339164759
113.13708498984903 100.424150932819472
114.78270178488147 100.375109503900291
116.45225462737648 100.321631718568824
118.14609167516147 100.264965368818196
119.86456615013608 100.199861574205670
121.60803641193078 100.129158428695192
123.3768660326369 100.055458352893950
125.17142387262359 99.985043034131181
126.99208415745765 99.915972745911631
128.83922655594208 99.840793368586503
130.71323625928977 99.759943235670647
132.61450406144883 99.672350179035092
134.5434264405962 99.579958957291979
136.50040564181674 99.488231137655532
138.48584976098482 99.394571899271511
140.50017282986593 99.294824634230082
142.5437949024563 99.191962323243033
144.61714214257822 99.085717179657223
146.7206469127495 98.975493972389373
148.8547478643456 98.862969312762544
151.01989002907314 98.747017982418413
153.216524911774 98.626517909923024
155.4451105845792 98.501717718795902
157.70611178243232 98.372963071905957
160.00000000000236 98.238999999999862
162.3272535900062 98.094244826701612
164.6883578629612 97.942132082052709
167.08380518838874 97.784885618604022
169.51409509748981 97.606442867688259
171.97973438731407 97.401722577078317
174.4812372264439 97.185132361299381
177.01912526221608 96.967566702606746
179.5939277295025 96.749353714084094
182.20618156107355 96.533210639367539
184.85643149956664 96.328497347133180
187.54523021108326 96.167025495118679
190.27313840043846 96.086071329438511
193.04072492808663 96.093315863029574
195.84856692874806 96.198253442496380
198.69724993176072 96.412696543462673
201.58736798318304 96.746768012449621
204.5195237696723 97.174097771454669
207.49432874416505 97.654817078415149
210.5124032533856 98.133141496141306
213.57437666720915 98.569785690905618
216.68088750990657 98.899615415071736
219.83258359329807 99.157699392547613
223.03012215184378 99.283387111232102
226.2741699796992 99.348048096416278
229.5654035697641 99.351441625598838
232.90450925475412 99.307900530930283
236.2921833503241 99.228490159921805
239.72913230027333 99.128389021754543
243.21607282386276 99.015991469370761
246.75373206527502 98.893057810731705
250.34284774524843 98.758671793903460
253.9841683149166 98.617115456757602
257.67845311188546 98.473500135275458
261.42647251858085 98.320942935803004
265.22900812289896 98.161696545007231
269.08685288119375 98.005112737633453
273.0008112836349 97.854094678274151
276.97169952197106 97.708719291372489
281.00034565973334 97.574189353680211
285.0875898049141 97.448565003423397
289.23428428515797 97.333286896872607
293.44129382550057 97.235947406456432
297.7094957286928 97.154896673466482
302.0397800581479 97.084648326620510
306.4330498235497 97.018909760950677
310.89022116916016 96.948256461293440
315.41222356486645 96.866337973415639
320.00000000000654 96.775499999999852
324.6545071800142 96.675428095629698
329.3767157259242 96.564271837295593
334.16761037677935 96.445309740580512
339.02819019498156 96.324600883164464
343.95946877463007 96.201909227511706
348.9624744528898 96.078126881013617
354.03825052443415 95.957197287623359
359.187855459007 95.834829040075633
364.4123631221491 95.703425976697417
369.71286299913527 95.560781412723443
375.0904604221685 95.407883109215845
380.54627680087896 95.250054135403147
386.08144985617537 95.091678679099005
391.6971338574982 94.933099539391776
397.3944998635236 94.772714553834987
403.1747359663683 94.612459322255404
409.0390475393468 94.455984763977000
414.9886574883323 94.308517494233499
421.0248065067734 94.174627236180640
427.1487533344206 94.056545569982063
433.3617750198154 93.967020474782032
439.6651671865984 93.912912687727982
446.06024430368984 93.889484938924085
452.54833995940066 93.895890185882266
459.13080713953053 93.920998516822237
465.8090185095106 93.950005746874552
472.58436670065066 93.973580554866288
479.45826460054917 93.984821369657610
486.432145647728 93.981238210657949
493.50746413055253 93.960512788741880
500.6856954904994 93.928057250929626
507.9683366298358 93.886182064378431
515.3569062237735 93.837960535864141
522.8529450371643 93.797334546758862
530.4580162458005 93.774513357738840
538.1737057623901 93.766549630217824
546.0016225672724 93.769644711505464
553.9433990439449 93.779293636125658
562.0006913194694 93.789900656753488
570.1751796098309 93.797675179609826
578.4685685703187 93.805968568570322
586.8825876510039 93.816791493328850
595.4189914573883 93.827502789748877
604.0795601162986 93.835294752565432
612.8660996471021 93.835762107268891
621.780442338323 93.827735240351799
630.8244471297356 93.813727438671066
640.0000000000159 93.793999999999983
649.3090143600314 93.776778323433945
658.7534314518515 93.773749313709629
668.3352207535618 93.811425254428698
678.0563803899662 93.914870926640589
687.9189375492632 94.026296153674281
697.9249489057827 94.067727382483298
708.0765010488715 94.047462846748488
718.3757109180171 94.019304366067246
728.8247262443015 93.997350547511388
739.425725998274 93.976148548003451
750.1809208443404 93.952108004837271
761.0925536017613 93.928466133862855
772.1628997123541 93.909692127398813
783.3942677149998 93.899834296790772
794.7889997270506 93.909163624510967
806.34947193274 93.940987713095126
818.0780950786972 93.932245934820017
829.9773149766683 93.807228237740219
842.0496130135506 93.590331514271895
854.2975066688449 93.432684650543479
866.7235500396347 93.386729849972568
879.3303343732008 93.376236632189475
892.1204886073838 93.365727706835571
905.0966799188055 93.379263103042376
918.2616142790653 93.456742058735202
931.6180370190256 93.580953069616982
945.1687334013056 93.706038142235940
958.9165292011028 93.797398520856291
972.8642912954606 93.853860734249153
987.0149282611097 93.890150982776490
1001.3713909810035 93.919651355896605
1015.9366732596762 93.947998236287305
1030.7138124475518 93.979529598101891
1045.7058900743334 94.012104797991356
1060.916032491606 94.049064890976496
1076.3474115247852 94.092362579704371
1092.0032451345498 94.137321931172295
1107.8867980878947 94.183929936847676
1124.0013826389438 94.234559895505583
1140.350359219667 94.285649009293152
1156.9371371406426 94.336284398045166
1173.765175302013 94.388016172818794
1190.837982914782 94.441056062486155
1208.1591202326028 94.494631583571561
1225.73219929421 94.549561407238400
1243.5608846766518 94.607251739513657
1261.648894259477 94.664499868679698
1280.0000000000375 94.723500000000115
1298.6180287200684 94.784939494776225
1317.5068629037087 94.847523333872616
1336.6704415071292 94.913513023199584
1356.112760779938 94.980186205671288
1375.8378750985323 95.045764987825152
1395.8498978115715 95.107842188325293
1416.153002097749 95.164920755768804
1436.7514218360407 95.221060053411406
1457.6494524886093 95.277000532669462
1478.8514519965543 95.333282688071250
1500.3618416886875 95.387875656886621
1522.1851072035295 95.440687959432537
1544.3257994247153 95.494268434607804
1566.788535430007 95.555343669912617
1589.5779994541087 95.622817118340492
1612.6989438654878 95.692342852719150
1636.156190157402 95.761799199062764
1659.9546299533442 95.833956630652580
1684.099226027109 95.911345461368910
1708.5950133376978 95.993238746148435
1733.4471000792773 96.081761096298095
1758.6606687464096 96.178469461610717
1784.2409772147755 96.279909450226228
1810.193359837619 96.381550236169971
1836.5232285581387 96.483479662234416
1863.2360740380593 96.587385410229189
1890.3374668026197 96.695463365882574
1917.833058402214 96.807615539449074
1945.7285825909298 96.921987188622808
1974.0298565222283 97.041386591654245
2002.7427819620161 97.172713909810085
2031.8733465193618 97.319959077138265
2061.4276248951132 97.494707518000070
2091.411780148677 97.711423665308359
2121.832064983222 97.981687062828868
2152.694823049581 98.313466520934540
2184.0064902691106 98.676577883229328
2215.7735961758003 99.053051075256860
2248.002765277899 99.426130971112457
2280.7007184393456 99.784857543613128
2313.874274281297 100.121849222623894
2347.530350604038 100.438987053047086
2381.6759658295764 100.748312742893319
2416.318240465218 101.057688398791598
2451.4643985884327 101.364398742807580
2487.1217693533167 101.672032579261071
2523.2977885189675 101.983360981263118
2560.0000000000887 102.298500000000757
2597.236057440151 102.621030953319320
2635.0137258074315 102.953621702159225
2673.340883014273 103.291899770525603
2712.225521559891 103.632602888289711
2751.6757501970797 103.973703345449820
2791.699795623158 104.312174530679812
2832.3060041955137 104.648201474571039
2873.502843672097 104.982962863123660
2915.2989049772345 105.310129831130169
2957.7029039931244 105.620378369634125
3000.723683377391 105.906860192348773
3044.370214407075 106.168046037586407
3088.6515988494466 106.409454603988365
3133.57707086003 106.627096818870143
3179.1559989082334 106.802171316211570
3225.3978877309914 106.936724824940939
3272.3123803148205 107.031584189487972
3319.9092599067053 107.089431944930027
3368.198452054235 107.110726108356204
3417.190026675413 107.091309973324584
3466.8942001585724 107.029273033725673
3517.3213374928373 106.931468070266760
3568.4819544295697 106.801956790787131
3620.386719675257 106.645854762645669
3673.0464571162966 106.470989722948772
3726.472148076138 106.284288595810466
3780.6749336052594 106.090132025683857
3835.6661168044484 105.890975334831808
3891.45716518188 105.693313852946375
3948.059713044477 105.501572722061837
4005.4855639240527 105.325003281914547
4063.746693038744 105.161508377635187
4122.855249790247 105.012789831706215
4182.823560297375 104.883679779206631
4243.664129966465 104.779816235271539
4305.389646099183 104.701147683528490
4368.012980538242 104.647155849551467
4431.5471923516225 104.620881123059348
4496.00553055582 104.619366851018526
4561.401436878714 104.648202588337824
4627.748548562617 104.704991971989202
4695.060701208099 104.794925921365376
4763.351931659176 104.919923329994845
4832.63648093046 105.083623957749467
4902.928797176889 105.290666533883694
4974.243538706657 105.534630367569520
5046.595577037959 105.824910201202940
5120.000000000202 106.154142857143810
5194.472114880326 106.528525629231410
5270.027451614888 106.951221204648562
5346.6817660285715 107.420637453243756
5424.451043119808 107.934902108116404
5503.351500394186 108.486652406361713
5583.399591246343 109.062165799309540
5664.612008391055 109.646560340331689
5747.005687344222 110.215233019896118
5830.597809954497 110.737787954749734
5915.405807986278 111.175885257229766
6001.447366754812 111.487851970976564
6088.740428814181 111.614313798946654
6177.303197698925 111.561924838000309
6267.154141720092 111.355368848854482
6358.3119978165005 111.024794208788592
6450.795775462017 110.621307601856245
6544.624760629676 110.183932996449968
6639.818519813445 109.749696698018980
6736.396904108505 109.343552073976838
6834.380053350861 108.977060716206282
6933.788400317181 108.646087017015148
7034.642674985712 108.388189560771579
7136.963908859177 108.308166773973880
7240.773439350552 108.381385040940813
7346.092914232631 108.478143866814946
7452.944296152315 108.563620158402614
7561.349867210557 108.631663684711867
7671.332233608935 108.628318638160550
7782.914330363799 108.494182302524052
7896.119426088994 108.163470033830407
8010.971127848146 107.562947949662103
8127.49338607753 106.683676130949465
8245.710499580537 105.597897411544920
8365.647120594791 104.456738778025766
8487.328259932974 103.361200877932106
8610.77929219841 102.309145498618477
8736.025961076528 101.237193018009890
8863.094384703289 100.136245280798306
8992.011061111683 99.050766865439627
9122.802873757471 98.031131937173001
9255.497097125279 97.094487719848217
9390.121402416245 96.243850178737461
9526.7038633184 95.482811691950602
9665.272961860968 94.810602460706178
9805.857594353829 94.225100489060893
9948.487077413367 93.725341352277241
10093.19115407597 93.322551919926028
10240.000000000457 93.013999999999172
10388.944229760706 92.806208373372925
10540.05490322983 92.712604754433997
10693.363532057198 92.730335107011072
10848.902086239672 92.877138586937193
11006.703000788428 93.170911792327502
11166.799182492743 93.622035999200392
11329.224016782166 94.276419982528552
11494.0113746885 95.092959906692784
11661.195619909053 96.076286864826642
11830.811615972614 96.957842316841450
12002.894733509682 97.470782378730775
12177.48085762842 97.421562540929784
12354.606395397908 96.378975755496384
12534.308283440243 94.806332195533415
12716.62399563306 92.856685487410417
12901.591550924093 90.971576925943609
13089.249521259411 89.161481760652094
13279.637039626952 87.551962128438902
13472.793808217073 86.159382540698715
13668.760106701786 84.945912809405627
13867.576800634426 83.942773001402031
14069.285349971487 83.309851667120640
14273.927817718419 83.042111105151747
14481.54687870117 83.043401641346719
14692.18582846533 83.019325240700994
14905.888592304698 83.033136180107263
15122.699734421185 83.206991252622913
15342.664467217943 83.609053075668015
15565.828660727671 84.274289502732515
15792.238852178061 85.246617266666078
16021.942255696367 86.509188074927550
16254.986772155136 87.894797590777216
16491.42099916115 89.189038549408139
16731.294241189662 89.679159766119383
16974.65651986603 88.777732999118939
17221.558584396902 86.634547257886084
17472.051922153143 83.920658571740688
17726.188769406665 81.376802580723336
17984.022122223458 79.332508995212663
18245.605747515034 77.793328471323349
18510.99419425065 76.719712409869885
18780.242804832582 76.109201115635756
19053.40772663689 76.064038851768430
19330.545923722028 76.480030150803486
19611.71518870775 76.628945456766289
19896.974154826825 75.520800542376122
20186.382308152035 72.943394032518626
