20 74.964500000000001
20.290906698750476 75.152135446145536
20.586044732869844 75.337731469714981
20.885475648548283 75.521591731109623
21.189261887185914 75.706467061481220
21.49746679841394 75.893954895669751
21.810154653305165 76.084694917541569
22.12739065777668 76.277889824599328
22.449240966187475 76.473618957254814
22.77577269513385 76.672968314942253
23.107053937445478 76.873767848047351
23.44315377638505 77.076869760519770
23.784142300054445 77.281985380032665
24.130090616010463 77.489337811372295
24.481070866093134 77.699189899041158
24.837156241469714 77.911150455037756
25.1984209978975 78.124816415006904
25.56494047120865 78.340902769092011
25.936791093020236 78.557313081688676
26.3140504066728 78.770537299783257
26.69679708340074 78.975326476076887
27.08511093873791 79.175597746865947
27.47907294916184 79.373536323421717
27.878765268980047 79.570594981800227
28.284271247461966 79.766450198781740
28.695675446220072 79.961380433384790
29.11306365684382 80.154491709236567
29.536522918790062 80.344923992592456
29.966141537533712 80.532237710364711
30.402009102982383 80.717847168933673
30.844216508158908 80.904250934689273
31.29285596815558 81.093963786466105
31.74802103936409 81.289393110044642
32.20980663898519 81.490605114514494
32.67830906482211 81.697882461040308
33.153626015361866 81.911899836989647
33.63585661014871 82.131586470837959
34.125101410453844 82.355296445987861
34.62146244024586 82.581779560550885
35.12504320746613 82.808019184114954
35.635948725613716 83.034453387995654
36.15428553564419 83.263965634432964
36.68016172818701 83.498491807315020
37.21368696608603 83.733667517213519
37.754972507267915 83.961217349046009
38.30413122794313 84.178195142515406
38.86127764614443 84.375729340052743
39.4265279456077 84.565794990829318
40.000000000000206 84.756000000000057
40.58181339750116 84.950908137856686
41.1720894657399 85.152940347314185
41.77095129709678 85.361381683094322
42.37852377437204 85.573156918985518
42.9949335968281 85.786665106120068
43.62030930661056 86.000338550310346
44.25478131555359 86.212954869120964
44.89848193237519 86.425998926013563
45.55154539026795 86.639104955572094
46.21410787489121 86.852467191939525
46.88630755277036 87.064755613136512
47.56828460010916 87.275826773280755
48.260181232021196 87.486614249838382
48.962141732186545 87.697454864197454
49.674312482939705 87.910107640700033
50.39684199579528 88.123820508537875
51.129880942417586 88.339108145124939
51.873582186040764 88.557172899369249
52.628100813345895 88.781162541823605
53.393594166801776 89.013038364256005
54.17022187747612 89.250153371784350
54.95814589832399 89.484016613916410
55.75753053796041 89.702942425034990
56.56854249492426 89.901960300049581
57.39135089244048 90.091075573568006
58.226127313687975 90.277152518266107
59.073045837580466 90.466898790536817
59.932283075067765 90.659797550352707
60.804018205965114 90.857455995481715
61.68843301631817 91.070646566059651
62.58571193631152 91.301490316979866
63.49604207872855 91.539966982548151
64.41961327797075 91.775983706214717
65.35661812964459 92.004840187660946
66.3072520307241 92.225363576836116
67.27171322029778 92.434793640330597
68.25020282090806 92.630413434562087
69.2429248804921 92.816590865809317
70.25008641493265 92.996389647331085
71.27189745122783 93.167683335824535
72.30857107128878 93.339537080868610
73.36032345637442 93.532465499915816
74.42737393217246 93.757731760806621
75.50994501453623 93.997763228427260
76.60826245588666 94.229396704243754
77.72255529228926 94.442491920411982
78.85305589121582 94.631184263646134
80.00000000000082 94.786500000000103
81.16362679500274 94.927590101619330
82.34417893148023 95.108907721157195
83.541902594194 95.335369075328273
84.75704754874454 95.560958605916341
85.98986719365665 95.756455124420455
87.24061861322157 95.927382640958484
88.50956263110764 96.090211266606971
89.79696386475084 96.253282089535105
91.10309078053635 96.430215739204542
92.42821574978288 96.622536089211991
93.77261510554118 96.796971183280462
95.13656920021877 96.932246490553311
96.52036246404286 97.069081246555996
97.92428346437356 97.243889104650179
99.34862496587989 97.448193349214876
100.79368399159105 97.651147338864803
102.25976188483567 97.821969680560343
103.74716437208203 97.946200367105035
105.25620162669229 98.061136557497804
106.78718833360406 98.207778736140455
108.34044375495276 98.362600973373972
109.9162917966485 98.479050259609636
111.51506107592134 98.564292241787314
113.13708498984903 98.654145703606645
114.78270178488147 98.777757982090975
116.45225462737648 98.934464377734002
118.14609167516147 99.076007370873043
119.86456615013608 99.199605437802433
121.60803641193078 99.342143287856288
123.3768660326369 99.484526783050484
125.17142387262359 99.595685531032331
126.99208415745765 99.663410721091140
128.83922655594208 99.731367404857565
130.71323625928977 99.810343528070064
132.61450406144883 99.904912227441130
134.5434264405962 100.011845027792191
136.50040564181674 100.110266022851761
138.48584976098482 100.187719366036930
140.50017282986593 100.272843127025737
142.5437949024563 100.388648377805850
144.61714214257822 100.458971408920902
146.7206469127495 100.460552636053706
148.8547478643456 100.468421781206246
151.01989002907314 100.509504656883820
153.216524911774 100.574276087564954
155.4451105845792 100.624835331753744
157.70611178243232 100.628897659819188
160.00000000000236 100.605499999999978
162.3272535900062 100.585020168407937
164.6883578629612 100.575621911693347
167.08380518838874 100.569498867547864
169.51409509748981 100.561652076668537
171.97973438731407 100.550101328063420
174.4812372264439 100.543141278101814
177.01912526221608 100.561383602517282
179.5939277295025 100.567256356637699
182.20618156107355 100.510580515724300
184.85643149956664 100.417225893415775
187.54523021108326 100.374798519393153
190.27313840043846 100.390016701758412
193.04072492808663 100.368590021783461
195.84856692874806 100.298785826781298
198.69724993176072 100.234273351323850
201.58736798318304 100.184660357591184
204.5195237696723 100.149324286072954
207.49432874416505 100.124543479628073
210.5124032533856 100.087037077483544
213.57437666720915 100.022140583319768
216.68088750990657 99.923700934050558
219.83258359329807 99.809487385759695
223.03012215184378 99.736337312659430
226.2741699796992 99.706282348411150
229.5654035697641 99.677418397040725
232.90450925475412 99.631368700681861
236.2921833503241 99.616269541624177
239.72913230027333 99.607677169249314
243.21607282386276 99.570650871230129
246.75373206527502 99.515817152988234
250.34284774524843 99.494014189388793
253.9841683149166 99.531337725227900
257.67845311188546 99.576561050620597
261.42647251858085 99.571077200573910
265.22900812289896 99.557402674752751
269.08685288119375 99.581079019207948
273.0008112836349 99.594995537940008
276.97169952197106 99.573398577509664
281.00034565973334 99.570504493576536
285.0875898049141 99.623708739307816
289.23428428515797 99.680933123135190
293.44129382550057 99.690467611852341
297.7094957286928 99.660195546984369
302.0397800581479 99.625566017231051
306.4330498235497 99.622177116254946
310.89022116916016 99.635656941153627
315.41222356486645 99.643736670694608
320.00000000000654 99.657500000000027
324.6545071800142 99.672859873694051
329.3767157259242 99.682753431451857
334.16761037677935 99.673164213020385
339.02819019498156 99.660123886473556
343.95946877463007 99.630179665455060
348.9624744528898 99.564751625542527
354.03825052443415 99.493368317710363
359.187855459007 99.453197725062353
364.4123631221491 99.444911345814489
369.71286299913527 99.452040580798609
375.0904604221685 99.454364309366753
380.54627680087896 99.446180584798697
386.08144985617537 99.436245245273255
391.6971338574982 99.423050736222365
397.3944998635236 99.413084400109184
403.1747359663683 99.412322806652654
409.0390475393468 99.412233730191943
414.9886574883323 99.394562383814161
421.0248065067734 99.358554815313596
427.1487533344206 99.324942174995925
433.3617750198154 99.300856085335766
439.6651671865984 99.271722318643214
446.06024430368984 99.232533106646400
452.54833995940066 99.176771434401928
459.13080713953053 99.115912851049870
465.8090185095106 99.060980106551284
472.58436670065066 99.004050518751470
479.45826460054917 98.948926120552954
486.432145647728 98.904236769807952
493.50746413055253 98.863814490682557
500.6856954904994 98.826342929974317
507.9683366298358 98.798122695559385
515.3569062237735 98.765495895199820
522.8529450371643 98.736806982157304
530.4580162458005 98.731486642261160
538.1737057623901 98.739537222663373
546.0016225672724 98.741858533629085
553.9433990439449 98.753316046892820
562.0006913194694 98.785304251614733
570.1751796098309 98.835682462366350
578.4685685703187 98.891662837849651
586.8825876510039 98.949489854791921
595.4189914573883 98.998636856432682
604.0795601162986 99.035513542885241
612.8660996471021 99.068659555680853
621.780442338323 99.106074721282937
630.8244471297356 99.140003900301366
640.0000000000159 99.179000000000087
649.3090143600314 99.226010522518152
658.7534314518515 99.275455515122218
668.3352207535618 99.339513023199572
678.0563803899662 99.411020033905245
687.9189375492632 99.476973094070217
697.9249489057827 99.545578394895188
708.0765010488715 99.615324032184759
718.3757109180171 99.672053696773702
728.8247262443015 99.719770031787135
739.425725998274 99.764116762892826
750.1809208443404 99.798391995162746
761.0925536017613 99.822033866137147
772.1628997123541 99.840026111084853
783.3942677149998 99.855154262869036
794.7889997270506 99.871183499590572
806.34947193274 99.887730523907521
818.0780950786972 99.900409230640491
829.9773149766683 99.906765740765650
842.0496130135506 99.909181137128954
854.2975066688449 99.913648753334428
866.7235500396347 99.920043450021339
879.3303343732008 99.927747750779901
892.1204886073838 99.933424097721485
905.0966799188055 99.933938191683580
918.2616142790653 99.930814180771023
931.6180370190256 99.929000000000002
945.1687334013056 99.929298697225050
958.9165292011028 99.930986088200171
972.8642912954606 99.936514288290212
987.0149282611097 99.942583238879706
1001.3713909810035 99.947594269425096
1015.9366732596762 99.954062003955812
1030.7138124475518 99.963035359335663
1045.7058900743334 99.975132362592916
1060.916032491606 99.994190842239078
1076.3474115247852 100.014161807547225
1092.0032451345498 100.034443077575006
1107.8867980878947 100.062543138759779
1124.0013826389438 100.096280466242405
1140.350359219667 100.128004855171042
1156.9371371406426 100.162266220774200
1173.765175302013 100.200802614798647
1190.837982914782 100.240802307054992
1208.1591202326028 100.281129134892140
1225.73219929421 100.328787155075901
1243.5608846766518 100.380329025804400
1261.648894259477 100.427010532124001
1280.0000000000375 100.477000000000146
1298.6180287200684 100.541631156842527
1317.5068629037087 100.608026079034090
1336.6704415071292 100.682097960840110
1356.112760779938 100.756228490963764
1375.8378750985323 100.828412297232177
1395.8498978115715 100.905710848910417
1416.153002097749 100.982304541164922
1436.7514218360407 101.057461190880247
1457.6494524886093 101.134709766153520
1478.8514519965543 101.221676098385529
1500.3618416886875 101.311889472084545
1522.1851072035295 101.395690811661552
1544.3257994247153 101.476459393917480
1566.788535430007 101.557774498256634
1589.5779994541087 101.646103557805517
1612.6989438654878 101.741843521989665
1636.156190157402 101.839294132039058
1659.9546299533442 101.935119427214303
1684.099226027109 102.030668966026269
1708.5950133376978 102.129614756818597
1733.4471000792773 102.238525602366252
1758.6606687464096 102.355531929733203
1784.2409772147755 102.475432592909442
1810.193359837619 102.598835861614077
1836.5232285581387 102.727194284506041
1863.2360740380593 102.858356762786485
1890.3374668026197 102.996368326045740
1917.833058402214 103.148648432892628
1945.7285825909298 103.313871495545584
1974.0298565222283 103.494252276003152
2002.7427819620161 103.697619421107518
2031.8733465193618 103.922236992618977
2061.4276248951132 104.154397536699378
2091.411780148677 104.383417766483106
2121.832064983222 104.620164155606545
2152.694823049581 104.896418189547262
2184.0064902691106 105.195162631096906
2215.7735961758003 105.497574634100332
2248.002765277899 105.801159649561342
2280.7007184393456 106.112691861095755
2313.874274281297 106.430193033100437
2347.530350604038 106.757089608429652
2381.6759658295764 107.086776423245325
2416.318240465218 107.406144457442764
2451.4643985884327 107.700593323583945
2487.1217693533167 107.978342544504756
2523.2977885189675 108.233798628998443
2560.0000000000887 108.469750000000545
2597.236057440151 108.677680287200758
2635.0137258074315 108.851805131993189
2673.340883014273 108.984648498381915
2712.225521559891 109.085025722072430
2751.6757501970797 109.145554156520973
2791.699795623158 109.177208619709759
2832.3060041955137 109.162470277398782
2873.502843672097 109.104494312655817
2915.2989049772345 109.008051109864653
2957.7029039931244 108.885158823381730
3000.723683377391 108.748831417545873
3044.370214407075 108.585353751863153
3088.6515988494466 108.388570630393218
3133.57707086003 108.177982480343616
3179.1559989082334 107.967173965011199
3225.3978877309914 107.752891864296259
3272.3123803148205 107.538709907599042
3319.9092599067053 107.335464775175041
3368.198452054235 107.145163897673370
3417.190026675413 106.960225001034217
3466.8942001585724 106.781566545465608
3517.3213374928373 106.619421694520923
3568.4819544295697 106.476131738027419
3620.386719675257 106.349853083911171
3673.0464571162966 106.243055448048338
3726.472148076138 106.155880106770354
3780.6749336052594 106.089572213045869
3835.6661168044484 106.035467106556439
3891.45716518188 106.000087670339184
3948.059713044477 105.979215480814844
4005.4855639240527 105.988337051387134
4063.746693038744 106.024934468618852
4122.855249790247 106.079640774769274
4182.823560297375 106.146573994143353
4243.664129966465 106.234358244665898
4305.389646099183 106.338585559136931
4368.012980538242 106.441254534879135
4431.5471923516225 106.542535884960074
4496.00553055582 106.674078326921858
4561.401436878714 106.856914526167941
4627.748548562617 107.065714214258179
4695.060701208099 107.273321492126684
4763.351931659176 107.472480779586121
4832.63648093046 107.669535807600681
4902.928797176889 107.898897229977962
4974.243538706657 108.172039959987529
5046.595577037959 108.476531202411337
5120.000000000202 108.774785714286509
5194.472114880326 109.038122663178228
5270.027451614888 109.249257330045367
5346.6817660285715 109.399607303570349
5424.451043119808 109.468692879993640
5503.351500394186 109.419694431712060
5583.399591246343 109.244189764220010
5664.612008391055 108.978473270841079
5747.005687344222 108.665597023129337
5830.597809954497 108.320541373394747
5915.405807986278 107.960798361495847
6001.447366754812 107.611054282585030
6088.740428814181 107.285844973666173
6177.303197698925 106.996090406903221
6267.154141720092 106.746578085070752
6358.3119978165005 106.534588284770948
6450.795775462017 106.350035773149898
6544.624760629676 106.187207887779920
6639.818519813445 106.039962238869578
6736.396904108505 105.901680365207014
6834.380053350861 105.748225001034143
6933.788400317181 105.540508521192777
7034.642674985712 105.255773825422935
7136.963908859177 104.877740011449831
7240.773439350552 104.397016787344654
7346.092914232631 103.814981585461894
7452.944296152315 103.116419104722382
7561.349867210557 102.305482284651077
7671.332233608935 101.443370217824878
7782.914330363799 100.564628880957457
7896.119426088994 99.684514754115327
8010.971127848146 98.845199042425875
8127.49338607753 98.125027778474376
8245.710499580537 97.628515901761745
8365.647120594791 97.583812202939669
8487.328259932974 97.971353746589244
8610.77929219841 98.561703272924689
8736.025961076528 99.043882368822779
8863.094384703289 99.277162883314290
8992.011061111683 99.249230936759133
9122.802873757471 99.022035936741048
9255.497097125279 98.690967553630486
9390.121402416245 98.321991383194245
9526.7038633184 97.938619311485766
9665.272961860968 97.554606340671228
9805.857594353829 97.151856890741243
9948.487077413367 96.711126715099780
10093.19115407597 96.245492572334626
10240.000000000457 95.781799999998583
10388.944229760706 95.331661548315623
10540.05490322983 94.908475731843907
10693.363532057198 94.527029334986167
10848.902086239672 94.210542119594209
11006.703000788428 93.964115117631422
11166.799182492743 93.734404036689028
11329.224016782166 93.414770609155283
11494.0113746885 92.969766255090775
11661.195619909053 92.394776050268931
11830.811615972614 91.814388223227894
12002.894733509682 91.252470658654929
12177.48085762842 90.670341254487141
12354.606395397908 89.947729912585416
12534.308283440243 89.000738187245616
12716.62399563306 87.755479872053343
12901.591550924093 86.260234030108535
13089.249521259411 84.628682019450309
13279.637039626952 82.523394356819267
13472.793808217073 80.646282893846802
13668.760106701786 80.059200537645296
13867.576800634426 80.075607488564600
14069.285349971487 79.196889949821639
14273.927817718419 77.486419990236897
14481.54687870117 75.044550735910661
14692.18582846533 72.408489711044766
14905.888592304698 70.602256723774616
15122.699734421185 70.232690987044094
15342.664467217943 71.051536871256872
15565.828660727671 72.216847228627117
15792.238852178061 73.045175590406103
16021.942255696367 73.345295013518950
16254.986772155136 73.288553227343442
16491.42099916115 73.409607551570502
16731.294241189662 73.728097579535557
16974.65651986603 73.688798922278579
17221.558584396902 72.932188867569678
17472.051922153143 71.405985621333755
17726.188769406665 69.289824133878952
17984.022122223458 66.820197812632486
18245.605747515034 64.087130862587173
18510.99419425065 61.085939625368447
18780.242804832582 58.111046930287074
19053.40772663689 56.857446578405330
19330.545923722028 57.720044698036659
19611.71518870775 58.824602072536294
19896.974154826825 59.302105232484450
20186.382308152035 59.218804738130537
