20 104.785500000000013
20.290906698750476 104.793257537825141
20.586044732869844 104.801127860783652
20.885475648548283 104.809112683961288
21.189261887185914 104.817213624612876
21.49746679841394 104.822852836618210
21.810154653305165 104.825474610993680
22.12739065777668 104.824363046711113
22.449240966187475 104.822589659982896
22.77577269513385 104.819742280522931
23.107053937445478 104.815894185585591
23.44315377638505 104.810852685511946
23.784142300054445 104.804356798248776
24.130090616010463 104.794729994846278
24.481070866093134 104.780125468065847
24.837156241469714 104.762456436573956
25.1984209978975 104.742338818868262
25.56494047120865 104.721103546986356
25.936791093020236 104.698963504717540
26.3140504066728 104.676657012789676
26.69679708340074 104.653938171350205
27.08511093873791 104.631201897900638
27.47907294916184 104.608802163615053
27.878765268980047 104.586319453619865
28.284271247461966 104.563580810142128
28.695675446220072 104.540150824119237
29.11306365684382 104.514924734991453
29.536522918790062 104.485749460227680
29.966141537533712 104.447513403159491
30.402009102982383 104.399252211458133
30.844216508158908 104.343751937069186
31.29285596815558 104.286634073940746
31.74802103936409 104.233469664630576
32.20980663898519 104.189344888798132
32.67830906482211 104.159511019277460
33.153626015361866 104.143234731723481
33.63585661014871 104.135369720678213
34.125101410453844 104.127372059096842
34.62146244024586 104.108362016503520
35.12504320746613 104.069120203971252
35.635948725613716 104.008739075865307
36.15428553564419 103.936282882867232
36.68016172818701 103.860736872869268
37.21368696608603 103.786579633510556
37.754972507267915 103.716628482122246
38.30413122794313 103.648712633102718
38.86127764614443 103.583049970390505
39.4265279456077 103.516632977182311
40.000000000000206 103.449999999999960
40.58181339750116 103.386000312942571
41.1720894657399 103.325360917957070
41.77095129709678 103.267307953973841
42.37852377437204 103.208300530774522
42.9949335968281 103.147006475338770
43.62030930661056 103.083601948318176
44.25478131555359 103.018833234435263
44.89848193237519 102.950828629975405
45.55154539026795 102.876151836504633
46.21410787489121 102.787836938639813
46.88630755277036 102.684252300162569
47.56828460010916 102.576598747128827
48.260181232021196 102.478019093085550
48.962141732186545 102.403220124694315
49.674312482939705 102.342926645201658
50.39684199579528 102.286256547537320
51.129880942417586 102.221690000995451
51.873582186040764 102.145439706315983
52.628100813345895 102.059430646336835
53.393594166801776 101.964824687680135
54.17022187747612 101.859346648524280
54.95814589832399 101.741969227014437
55.75753053796041 101.621022008372222
56.56854249492426 101.512863645639541
57.39135089244048 101.419169235309738
58.226127313687975 101.334821950346978
59.073045837580466 101.246515361977600
59.932283075067765 101.140829181766662
60.804018205965114 101.023471762256349
61.68843301631817 100.910195639260849
62.58571193631152 100.813152067064522
63.49604207872855 100.724879960442053
64.41961327797075 100.625726793365544
65.35661812964459 100.503077134942259
66.3072520307241 100.361644065314579
67.27171322029778 100.217145009497415
68.25020282090806 100.079723024819231
69.2429248804921 99.949270002617752
70.25008641493265 99.822864414170752
71.27189745122783 99.699459895657569
72.30857107128878 99.584605749478044
73.36032345637442 99.487313800033675
74.42737393217246 99.403019581154894
75.50994501453623 99.314029789194990
76.60826245588666 99.212929747130033
77.72255529228926 99.109038009671139
78.85305589121582 99.021117869729665
80.00000000000082 98.947999999999951
81.16362679500274 98.866061075004581
82.34417893148023 98.763604346510732
83.541902594194 98.637394633332192
84.75704754874454 98.487077745417452
85.98986719365665 98.338452976885719
87.24061861322157 98.219043794621896
88.50956263110764 98.112613862850694
89.79696386475084 97.993314681866423
91.10309078053635 97.871544603094776
92.42821574978288 97.771328587815532
93.77261510554118 97.674959283312930
95.13656920021877 97.543066886808361
96.52036246404286 97.381541970645827
97.92428346437356 97.219512998765111
99.34862496587989 97.055665199507416
100.79368399159105 96.872733713109980
102.25976188483567 96.681743970817820
103.74716437208203 96.493371430949168
105.25620162669229 96.295342655041495
106.78718833360406 96.084318425517836
108.34044375495276 95.878263643121002
109.9162917966485 95.668796062017350
111.51506107592134 95.425975654813300
113.13708498984903 95.170120407489463
114.78270178488147 94.940067756288869
116.45225462737648 94.746310723391218
118.14609167516147 94.579774409137997
119.86456615013608 94.518305851788099
121.60803641193078 94.556802376763585
123.3768660326369 94.816723099585815
125.17142387262359 95.205384456572261
126.99208415745765 95.687301600414131
128.83922655594208 96.086510503366299
130.71323625928977 96.400273270841083
132.61450406144883 96.632277690777656
134.5434264405962 96.754944227116397
136.50040564181674 96.784616582932301
138.48584976098482 96.736009408604531
140.50017282986593 96.663410415986505
142.5437949024563 96.589499417694498
144.61714214257822 96.484057182158182
146.7206469127495 96.360793573382665
148.8547478643456 96.259226287134709
151.01989002907314 96.172928266871963
153.216524911774 96.091997982893815
155.4451105845792 96.021838102684029
157.70611178243232 95.961569312388107
160.00000000000236 95.889999999999901
162.3272535900062 95.801098912861761
164.6883578629612 95.713093087497839
167.08380518838874 95.641069649536718
169.51409509748981 95.560923585704842
171.97973438731407 95.476793083953851
174.4812372264439 95.408676574448322
177.01912526221608 95.340579792867715
179.5939277295025 95.264263382569027
182.20618156107355 95.207435132466316
184.85643149956664 95.160026805607629
187.54523021108326 95.098805922427402
190.27313840043846 95.028318721270892
193.04072492808663 94.975619445848594
195.84856692874806 94.947238885041770
198.69724993176072 94.931732100300252
201.58736798318304 94.920708773389379
204.5195237696723 94.911188174729375
207.49432874416505 94.908741493116253
210.5124032533856 94.918562016266932
213.57437666720915 94.931903912502037
216.68088750990657 94.934170221877480
219.83258359329807 94.928544103321784
223.03012215184378 94.914364450316697
226.2741699796992 94.902798461730953
229.5654035697641 94.896651894645345
232.90450925475412 94.890190981490491
236.2921833503241 94.881527762385318
239.72913230027333 94.858328356973146
243.21607282386276 94.820217399203131
246.75373206527502 94.791031710461482
250.34284774524843 94.784528584350284
253.9841683149166 94.779521768566980
257.67845311188546 94.757889087967669
261.42647251858085 94.727303292656885
265.22900812289896 94.696797707354776
269.08685288119375 94.676319652430649
273.0008112836349 94.641365163185924
276.97169952197106 94.597833716025463
281.00034565973334 94.574299585208308
285.0875898049141 94.569044533014448
289.23428428515797 94.547481721717176
293.44129382550057 94.514593131865794
297.7094957286928 94.480636882889058
302.0397800581479 94.453566017231068
306.4330498235497 94.430712717666552
310.89022116916016 94.395891953000586
315.41222356486645 94.351954877342152
320.00000000000654 94.312499999999972
324.6545071800142 94.287831111945934
329.3767157259242 94.268493137096300
334.16761037677935 94.237660249437894
339.02819019498156 94.201788573537641
343.95946877463007 94.167575612332513
348.9624744528898 94.129592699267462
354.03825052443415 94.094443721486300
359.187855459007 94.073342505893478
364.4123631221491 94.052409311199185
369.71286299913527 94.009469378207427
375.0904604221685 93.954543704108502
380.54627680087896 93.896867930962145
386.08144985617537 93.829665586826565
391.6971338574982 93.755762976388155
397.3944998635236 93.683266001637719
403.1747359663683 93.620781762997382
409.0390475393468 93.567674603838782
414.9886574883323 93.516600192186388
421.0248065067734 93.470986930528852
427.1487533344206 93.444388434999183
433.3617750198154 93.448782139644436
439.6651671865984 93.471802883254924
446.06024430368984 93.499240977214754
452.54833995940066 93.527741699797005
459.13080713953053 93.571276111199296
465.8090185095106 93.631407603304240
472.58436670065066 93.709822219465138
479.45826460054917 93.797775887278618
486.432145647728 93.883742533207965
493.50746413055253 93.963476562035481
500.6856954904994 94.039628403446329
507.9683366298358 94.104717008629166
515.3569062237735 94.160370877057915
522.8529450371643 94.209244506769238
530.4580162458005 94.251118325136829
538.1737057623901 94.286781675930754
546.0016225672724 94.322722746243642
553.9433990439449 94.366632093785654
562.0006913194694 94.421905495989790
570.1751796098309 94.486673703385861
578.4685685703187 94.542239409421143
586.8825876510039 94.597925078496615
595.4189914573883 94.661039082940505
604.0795601162986 94.730401398452187
612.8660996471021 94.801776375723037
621.780442338323 94.873243538706589
630.8244471297356 94.950084913593571
640.0000000000159 95.034500000000151
649.3090143600314 95.122935636420294
658.7534314518515 95.210469240929626
668.3352207535618 95.299100791970446
678.0563803899662 95.396272260958156
687.9189375492632 95.504296153674289
697.9249489057827 95.617448170080621
708.0765010488715 95.731052986694920
718.3757109180171 95.845051605644102
728.8247262443015 95.956983334501814
739.425725998274 96.061872114783085
750.1809208443404 96.158500135334322
761.0925536017613 96.248975756947942
772.1628997123541 96.337412316940657
783.3942677149998 96.425862715917688
794.7889997270506 96.514614747884650
806.34947193274 96.604208407478737
818.0780950786972 96.695222123303722
829.9773149766683 96.784798380793731
842.0496130135506 96.872197162099368
854.2975066688449 96.962552237238469
866.7235500396347 97.053609875282021
879.3303343732008 97.144544474361680
892.1204886073838 97.242989209618585
905.0966799188055 97.346061077687153
918.2616142790653 97.447721275774569
931.6180370190256 97.544835338903880
945.1687334013056 97.641375922709358
958.9165292011028 97.742130924908182
972.8642912954606 97.850660758291127
987.0149282611097 97.965467876590594
1001.3713909810035 98.079105423586441
1015.9366732596762 98.192055830961380
1030.7138124475518 98.311541912502491
1045.7058900743334 98.438873229085601
1060.916032491606 98.571622154758899
1076.3474115247852 98.708491962570591
1092.0032451345498 98.847465793516847
1107.8867980878947 98.985942097623081
1124.0013826389438 99.127401294232754
1140.350359219667 99.273957369708697
1156.9371371406426 99.421488261019334
1173.765175302013 99.570886577718113
1190.837982914782 99.721415505007613
1208.1591202326028 99.872006744850879
1225.73219929421 100.021268327451736
1243.5608846766518 100.169413891525977
1261.648894259477 100.318685822353657
1280.0000000000375 100.471500000000304
1298.6180287200684 100.623635891826837
1317.5068629037087 100.777554903229671
1336.6704415071292 100.931697054132385
1356.112760779938 101.090221819375984
1375.8378750985323 101.251078682053048
1395.8498978115715 101.412987924828442
1416.153002097749 101.574647149975476
1436.7514218360407 101.737667446958824
1457.6494524886093 101.902889641809338
1478.8514519965543 102.070348064213746
1500.3618416886875 102.234163154828735
1522.1851072035295 102.394782389017976
1544.3257994247153 102.555418787834938
1566.788535430007 102.711333582341240
1589.5779994541087 102.865172596342532
1612.6989438654878 103.019067008389527
1636.156190157402 103.172345864613675
1659.9546299533442 103.324214168706078
1684.099226027109 103.474141309724274
1708.5950133376978 103.619835376558385
1733.4471000792773 103.759952224431274
1758.6606687464096 103.894862264106393
1784.2409772147755 104.024965607896689
1810.193359837619 104.149185588056298
1836.5232285581387 104.263553843374879
1863.2360740380593 104.365120423575490
1890.3374668026197 104.455466395096281
1917.833058402214 104.532365951845748
1945.7285825909298 104.592457165181855
1974.0298565222283 104.638005979044237
2002.7427819620161 104.665734251882910
2031.8733465193618 104.677843887790047
2061.4276248951132 104.674643425062925
2091.411780148677 104.655994101174741
2121.832064983222 104.622935109023487
2152.694823049581 104.572586409765194
2184.0064902691106 104.509184098840677
2215.7735961758003 104.426228270612157
2248.002765277899 104.334991704166299
2280.7007184393456 104.235649427530703
2313.874274281297 104.130871084395153
2347.530350604038 104.022026360536870
2381.6759658295764 103.912678808491094
2416.318240465218 103.805545278604342
2451.4643985884327 103.707619343740646
2487.1217693533167 103.619690656132491
2523.2977885189675 103.546525424170454
2560.0000000000887 103.487749999999892
2597.236057440151 103.446280252611871
2635.0137258074315 103.422245195967392
2673.340883014273 103.419334088301426
2712.225521559891 103.432483186139279
2751.6757501970797 103.465404122054821
2791.699795623158 103.515794724091265
2832.3060041955137 103.584827747509962
2873.502843672097 103.667736199205166
2915.2989049772345 103.762523350044916
2957.7029039931244 103.867143782701575
3000.723683377391 103.982616773878874
3044.370214407075 104.110392132500863
3088.6515988494466 104.240322781649013
3133.57707086003 104.369105225179581
3179.1559989082334 104.493346517084987
3225.3978877309914 104.606145247394721
3272.3123803148205 104.697422932306864
3319.9092599067053 104.761511074708579
3368.198452054235 104.800645179588741
3417.190026675413 104.822657008002636
3466.8942001585724 104.836723550039636
3517.3213374928373 104.852794601871778
3568.4819544295697 104.879882909467824
3620.386719675257 104.918940313314238
3673.0464571162966 104.971503425683750
3726.472148076138 105.039031564345066
3780.6749336052594 105.118169720413704
3835.6661168044484 105.203222448055158
3891.45716518188 105.295513609938737
3948.059713044477 105.393153005001722
4005.4855639240527 105.499288275717305
4063.746693038744 105.614368055381362
4122.855249790247 105.738852930783310
4182.823560297375 105.872776544713702
4243.664129966465 106.018793911919516
4305.389646099183 106.173397276016289
4368.012980538242 106.335350307894942
4431.5471923516225 106.499203831706666
4496.00553055582 106.654013135070073
4561.401436878714 106.782102155318071
4627.748548562617 106.875682268945923
4695.060701208099 106.910772706883975
4763.351931659176 106.882310085426028
4832.63648093046 106.786100673329770
4902.928797176889 106.626561155810691
4974.243538706657 106.429625472347695
5046.595577037959 106.205350265260961
5120.000000000202 105.977785714285091
5194.472114880326 105.767695921676847
5270.027451614888 105.591628307455409
5346.6817660285715 105.454643262655708
5424.451043119808 105.362359046290464
5503.351500394186 105.322232385590397
5583.399591246343 105.336019877373900
5664.612008391055 105.400119987677812
5747.005687344222 105.502773502579601
5830.597809954497 105.644725510406715
5915.405807986278 105.824821258606306
6001.447366754812 106.036299337731379
6088.740428814181 106.266473747604607
6177.303197698925 106.512899181964059
6267.154141720092 106.774899431460028
6358.3119978165005 107.051309393285734
6450.795775462017 107.346618101270039
6544.624760629676 107.665132909810154
6639.818519813445 108.002050300932126
6736.396904108505 108.347072978626272
6834.380053350861 108.691079782459951
6933.788400317181 109.020581924986431
7034.642674985712 109.316570954962856
7136.963908859177 109.552665396857932
7240.773439350552 109.693225938758388
7346.092914232631 109.704691928604603
7452.944296152315 109.562993635849267
7561.349867210557 109.251508591422919
7671.332233608935 108.793972055316218
7782.914330363799 108.216457541685060
7896.119426088994 107.549858065422114
8010.971127848146 106.834879051196964
8127.49338607753 106.096656289182050
8245.710499580537 105.365528910286514
8365.647120594791 104.671360276873926
8487.328259932974 104.012952206109418
8610.77929219841 103.402181468227795
8736.025961076528 102.852287069317100
8863.094384703289 102.365137714071238
8992.011061111683 101.943150459961089
9122.802873757471 101.586376798868287
9255.497097125279 101.299429789743300
9390.121402416245 101.082023007140776
9526.7038633184 100.933307295677110
9665.272961860968 100.859641914733359
9805.857594353829 100.866128200840166
9948.487077413367 100.963130988945693
10093.19115407597 101.165590943963579
10240.000000000457 101.454800000001001
10388.944229760706 101.797560203645105
10540.05490322983 102.129427968355230
10693.363532057198 102.365357756053982
10848.902086239672 102.392439165504129
11006.703000788428 102.124248970044363
11166.799182492743 101.585508890885350
11329.224016782166 100.837660541854291
11494.0113746885 100.040119690577171
11661.195619909053 99.338374640561312
11830.811615972614 98.781250128540975
12002.894733509682 98.475471665840487
12177.48085762842 98.392461277627319
12354.606395397908 98.702636017539191
12534.308283440243 99.280772914536300
12716.62399563306 100.161435816374848
12901.591550924093 101.145565380777413
13089.249521259411 102.130233559408310
13279.637039626952 102.792084060664166
13472.793808217073 102.951428640687197
13668.760106701786 102.573995826010233
13867.576800634426 101.808214977129225
14069.285349971487 100.932551453613769
14273.927817718419 100.116028007303512
14481.54687870117 99.558586670443830
14692.18582846533 99.346835815862889
14905.888592304698 99.438235064628060
15122.699734421185 99.801537598198408
15342.664467217943 100.315915971077345
15565.828660727671 100.752162928582138
15792.238852178061 100.799900786564137
16021.942255696367 100.200727566632096
16254.986772155136 99.038240980615541
16491.42099916115 97.769534918501279
16731.294241189662 96.564715851639789
16974.65651986603 95.350413278908249
17221.558584396902 94.226986370213936
17472.051922153143 93.166381926956802
17726.188769406665 91.983198518555795
17984.022122223458 90.495886009814967
18245.605747515034 88.666549788058774
18510.99419425065 86.601677432972195
18780.242804832582 84.389274792097794
19053.40772663689 82.149722635103075
19330.545923722028 80.829641682120609
19611.71518870775 81.102463173855739
19896.974154826825 81.608291133023585
20186.382308152035 80.990779088034941
