20 87.194000000000003
20.290906698750476 87.313999876181015
20.586044732869844 87.437000302136369
20.885475648548283 87.561000272110377
21.189261887185914 87.687499953376800
21.49746679841394 87.811499919839505
21.810154653305165 87.927000229415526
22.12739065777668 88.038000227675354
22.449240966187475 88.149999638341313
22.77577269513385 88.265000244286426
23.107053937445478 88.380999978175026
23.44315377638505 88.498500271926716
23.784142300054445 88.617500102717230
24.130090616010463 88.732999875026451
24.481070866093134 88.838499960844615
24.837156241469714 88.935500065069903
25.1984209978975 89.031999999443300
25.56494047120865 89.126999863432729
25.936791093020236 89.220500264603118
26.3140504066728 89.310999858962958
26.69679708340074 89.396500221208470
27.08511093873791 89.471499806656084
27.47907294916184 89.534499992285205
27.878765268980047 89.589000035283306
28.284271247461966 89.641000031391542
28.695675446220072 89.694000060085131
29.11306365684382 89.751999950848500
29.536522918790062 89.819999821915019
29.966141537533712 89.898500106443294
30.402009102982383 89.986999813395599
30.844216508158908 90.082499892501261
31.29285596815558 90.179999993069003
31.74802103936409 90.275000203299925
32.20980663898519 90.362499750382426
32.67830906482211 90.438499854810146
33.153626015361866 90.506000137356125
33.63585661014871 90.569999949251951
34.125101410453844 90.631499802525582
34.62146244024586 90.691999812135904
35.12504320746613 90.750500130456359
35.635948725613716 90.804000070248236
36.15428553564419 90.854500051113035
36.68016172818701 90.904000071229717
37.21368696608603 90.956999895730803
37.754972507267915 91.012999840626350
38.30413122794313 91.073500026278893
38.86127764614443 91.138499840198762
39.4265279456077 91.204499877329681
40.000000000000206 91.268500000000017
40.58181339750116 91.326999941186017
41.1720894657399 91.380000039806703
41.77095129709678 91.430000104987130
42.37852377437204 91.479999897489819
42.9949335968281 91.533999964155896
43.62030930661056 91.592500126075635
44.25478131555359 91.654500129221162
44.89848193237519 91.717999894233373
45.55154539026795 91.778500113719559
46.21410787489121 91.830999990404550
46.88630755277036 91.876500035792759
47.56828460010916 91.921000109087800
48.260181232021196 91.969000016918272
48.962141732186545 92.020499906420881
49.674312482939705 92.071999963105668
50.39684199579528 92.121999932143098
51.129880942417586 92.168499871346569
51.873582186040764 92.209500059948851
52.628100813345895 92.247999990386802
53.393594166801776 92.286500060313386
54.17022187747612 92.326499942392871
54.95814589832399 92.367000045113457
55.75753053796041 92.407000025297492
56.56854249492426 92.443500018714204
57.39135089244048 92.474000032188485
58.226127313687975 92.503999975424250
59.073045837580466 92.538499908413456
59.932283075067765 92.580000114672075
60.804018205965114 92.627999901571542
61.68843301631817 92.674499899431652
62.58571193631152 92.712999997383207
63.49604207872855 92.746500076802363
64.41961327797075 92.779499871503518
65.35661812964459 92.807999914536424
66.3072520307241 92.834000026814294
67.27171322029778 92.858500005648892
68.25020282090806 92.882999922305316
69.2429248804921 92.908499921723305
70.25008641493265 92.931500047438675
71.27189745122783 92.950500022479389
72.30857107128878 92.965000000748290
73.36032345637442 92.974000013862138
74.42737393217246 92.979499990345460
75.50994501453623 92.990499948645095
76.60826245588666 93.011500032782095
77.72255529228926 93.037499958769985
78.85305589121582 93.064499949816621
80.00000000000082 93.090500000000020
81.16362679500274 93.111999979363517
82.34417893148023 93.128000017803060
83.541902594194 93.138000007900075
84.75704754874454 93.142499993970006
85.98986719365665 93.147499996741459
87.24061861322157 93.157500033068970
88.50956263110764 93.176000057431651
89.79696386475084 93.205999922350003
91.10309078053635 93.236000033694694
92.42821574978288 93.247000000000000
93.77261510554118 93.250000011388636
95.13656920021877 93.270500085877643
96.52036246404286 93.308499984949293
97.92428346437356 93.347999931615277
99.34862496587989 93.360999999952270
100.79368399159105 93.318500076165904
102.25976188483567 93.251000184589685
103.74716437208203 93.211999988956791
105.25620162669229 93.216999984584675
106.78718833360406 93.251000034680217
108.34044375495276 93.263999995679470
109.9162917966485 93.247499990977303
111.51506107592134 93.243500003994342
113.13708498984903 93.246499999999997
114.78270178488147 93.239499994635253
116.45225462737648 93.239999998665695
118.14609167516147 93.254499970662607
119.86456615013608 93.261499985493117
121.60803641193078 93.249500032809465
123.3768660326369 93.226000040117071
125.17142387262359 93.205000011893219
126.99208415745765 93.190499977697755
128.83922655594208 93.177000048665349
130.71323625928977 93.158500061045402
132.61450406144883 93.134499982838832
134.5434264405962 93.123000002022764
136.50040564181674 93.124000003237285
138.48584976098482 93.109000052584349
140.50017282986593 93.086499971536767
142.5437949024563 93.076499984344622
144.61714214257822 93.053499997414974
146.7206469127495 93.014999909896133
148.8547478643456 92.980500057927316
151.01989002907314 92.967500025664123
153.216524911774 92.957499967217871
155.4451105845792 92.928500050392188
157.70611178243232 92.906000031596918
160.00000000000236 92.893499999999960
162.3272535900062 92.840000038635566
164.6883578629612 92.770999935261571
167.08380518838874 92.746000010377827
169.51409509748981 92.749499998399983
171.97973438731407 92.723500024113235
174.4812372264439 92.674999886325310
177.01912526221608 92.617499848663385
179.5939277295025 92.560500106058285
182.20618156107355 92.524499930910778
184.85643149956664 92.478499966976159
187.54523021108326 92.417999936205476
190.27313840043846 92.368999895554197
193.04072492808663 92.323500017752110
195.84856692874806 92.287500064785462
198.69724993176072 92.242500001121812
201.58736798318304 92.192500067856926
204.5195237696723 92.150500090908949
207.49432874416505 92.117999932163144
210.5124032533856 92.066000035174937
213.57437666720915 91.997999893807616
216.68088750990657 91.943500089807088
219.83258359329807 91.882499931626882
223.03012215184378 91.797499971135579
226.2741699796992 91.723000000424008
229.5654035697641 91.653999879130680
232.90450925475412 91.560000022238427
236.2921833503241 91.449000249744273
239.72913230027333 91.351499842237757
243.21607282386276 91.265500174300428
246.75373206527502 91.172500162139812
250.34284774524843 91.085000050702575
253.9841683149166 91.042999990063876
257.67845311188546 91.042999981270953
261.42647251858085 91.048499977708573
265.22900812289896 91.066500010725733
269.08685288119375 91.059000000767128
273.0008112836349 90.997000229846975
276.97169952197106 90.950000086764106
281.00034565973334 90.963500189754882
285.0875898049141 91.066000197698926
289.23428428515797 91.250500067448939
293.44129382550057 91.476000547554378
297.7094957286928 91.712499599398512
302.0397800581479 91.965999102653001
306.4330498235497 92.237500371093603
310.89022116916016 92.529499540362053
315.41222356486645 92.879999390553422
320.00000000000654 93.301000000000585
324.6545071800142 93.690999777845690
329.3767157259242 93.981000305748168
334.16761037677935 94.174500172117007
339.02819019498156 94.257499915199574
343.95946877463007 94.226500044395806
348.9624744528898 94.137499728255492
354.03825052443415 93.998999613684177
359.187855459007 93.833500324293567
364.4123631221491 93.733999944728623
369.71286299913527 93.721500024068234
375.0904604221685 93.784500153579401
380.54627680087896 93.927000346631687
386.08144985617537 94.091999965408363
391.6971338574982 94.264499685070689
397.3944998635236 94.427999968994129
403.1747359663683 94.533999879519371
409.0390475393468 94.572499943489049
414.9886574883323 94.556499944196219
421.0248065067734 94.524500023734745
427.1487533344206 94.492999923208998
433.3617750198154 94.437500114459937
439.6651671865984 94.363499935920458
446.06024430368984 94.300999982538784
452.54833995940066 94.257000000243167
459.13080713953053 94.223999958794536
465.8090185095106 94.192000012633912
472.58436670065066 94.161000058880830
479.45826460054917 94.138999967359524
486.432145647728 94.123500024800322
493.50746413055253 94.121499998187630
500.6856954904994 94.118500002435752
507.9683366298358 94.108499992594432
515.3569062237735 94.109499977525161
522.8529450371643 94.111000011145705
530.4580162458005 94.087999958169632
538.1737057623901 94.046500001350140
546.0016225672724 93.995500168338566
553.9433990439449 93.953000099910213
562.0006913194694 93.919999900211565
570.1751796098309 93.875999946862066
578.4685685703187 93.825499991196580
586.8825876510039 93.781499919137531
595.4189914573883 93.748500052621367
604.0795601162986 93.706000158153131
612.8660996471021 93.659999972429873
621.780442338323 93.648000001638820
630.8244471297356 93.659499979018364
640.0000000000159 93.670000000000030
649.3090143600314 93.686499987207128
658.7534314518515 93.706500040860362
668.3352207535618 93.739000069935173
678.0563803899662 93.782499929599652
687.9189375492632 93.831999961610407
697.9249489057827 93.885500106118087
708.0765010488715 93.933500107799532
718.3757109180171 93.982499893941736
728.8247262443015 94.046000132998969
739.425725998274 94.119500040860061
750.1809208443404 94.193000088603554
761.0925536017613 94.270000196271738
772.1628997123541 94.361999971592809
783.3942677149998 94.457999837466332
794.7889997270506 94.542499990761144
806.34947193274 94.626499887017900
818.0780950786972 94.724999750888742
829.9773149766683 94.821500164412811
842.0496130135506 94.925999918411847
854.2975066688449 95.046500201265786
866.7235500396347 95.157999809820438
879.3303343732008 95.263000103886569
892.1204886073838 95.368000042502118
905.0966799188055 95.465999999388998
918.2616142790653 95.564500128539095
931.6180370190256 95.663499963213070
945.1687334013056 95.760499796020000
958.9165292011028 95.861000181336038
972.8642912954606 95.963499792188784
987.0149282611097 96.072499802451659
1001.3713909810035 96.182999938779176
1015.9366732596762 96.298000222167119
1030.7138124475518 96.417999558594474
1045.7058900743334 96.530499686182267
1060.916032491606 96.640500122273409
1076.3474115247852 96.755499996440577
1092.0032451345498 96.869499634187321
1107.8867980878947 96.973999730805303
1124.0013826389438 97.070000236032456
1140.350359219667 97.167000097940516
1156.9371371406426 97.261000017232277
1173.765175302013 97.353500211647784
1190.837982914782 97.447999833196647
1208.1591202326028 97.542999676817573
1225.73219929421 97.638500118671402
1243.5608846766518 97.738999838541844
1261.648894259477 97.832999839140825
1280.0000000000375 97.922000000000182
1298.6180287200684 98.017499930349899
1317.5068629037087 98.116500135261902
1336.6704415071292 98.215000175651198
1356.112760779938 98.324999815059286
1375.8378750985323 98.431999915658650
1395.8498978115715 98.533000216567544
1416.153002097749 98.635500267155422
1436.7514218360407 98.752999747357592
1457.6494524886093 98.881000227737985
1478.8514519965543 99.002000065488076
1500.3618416886875 99.120500152398108
1522.1851072035295 99.252000303719427
1544.3257994247153 99.391999958276969
1566.788535430007 99.533999760476746
1589.5779994541087 99.668999979225561
1612.6989438654878 99.800499825573880
1636.156190157402 99.935499651752679
1659.9546299533442 100.070500219217138
1684.099226027109 100.199499911744311
1708.5950133376978 100.319500208589986
1733.4471000792773 100.441499785167579
1758.6606687464096 100.567500120185287
1784.2409772147755 100.696500051353070
1810.193359837619 100.827000004086742
1836.5232285581387 100.954500171001058
1863.2360740380593 101.081999952808729
1890.3374668026197 101.207999732933416
1917.833058402214 101.334500219416626
1945.7285825909298 101.454499764480644
1974.0298565222283 101.577999777854586
2002.7427819620161 101.707999927091606
2031.8733465193618 101.828000205503301
2061.4276248951132 101.936999599056691
2091.411780148677 102.053499667280363
2121.832064983222 102.170500119350010
2152.694823049581 102.273999996962260
2184.0064902691106 102.370499689221134
2215.7735961758003 102.469499733497287
2248.002765277899 102.565000216565878
2280.7007184393456 102.652500086479421
2313.874274281297 102.734000014048064
2347.530350604038 102.807000152824642
2381.6759658295764 102.872999887768160
2416.318240465218 102.934499795439109
2451.4643985884327 102.985500052754446
2487.1217693533167 103.023499947763554
2523.2977885189675 103.044499966779085
2560.0000000000887 103.062000000000026
2597.236057440151 103.073499993603562
2635.0137258074315 103.065999966184506
2673.340883014273 103.039499946328789
2712.225521559891 103.003000066050248
2751.6757501970797 102.957000037343676
2791.699795623158 102.898499851053373
2832.3060041955137 102.827499817209429
2873.502843672097 102.747500171212181
2915.2989049772345 102.656499817809575
2957.7029039931244 102.553999942605316
3000.723683377391 102.445499870260662
3044.370214407075 102.331999739491778
3088.6515988494466 102.216500030894892
3133.57707086003 102.108500179642391
3179.1559989082334 102.000500016898570
3225.3978877309914 101.892000139940308
3272.3123803148205 101.802000213523883
3319.9092599067053 101.734999913641730
3368.198452054235 101.688000029418546
3417.190026675413 101.665999999999997
3466.8942001585724 101.672999975627761
3517.3213374928373 101.706500057077164
3568.4819544295697 101.776000038317335
3620.386719675257 101.881500001647282
3673.0464571162966 102.015000200208419
3726.472148076138 102.173999938316967
3780.6749336052594 102.352999613929086
3835.6661168044484 102.538000328218317
3891.45716518188 102.716499654812168
3948.059713044477 102.873999731648397
4005.4855639240527 103.003499932657178
4063.746693038744 103.095000103694346
4122.855249790247 103.135999900228626
4182.823560297375 103.129500047934187
4243.664129966465 103.079999901646715
4305.389646099183 102.979000003467291
4368.012980538242 102.830000517964720
4431.5471923516225 102.644000519195089
4496.00553055582 102.424499400075462
4561.401436878714 102.173499717768209
4627.748548562617 101.903499943985651
4695.060701208099 101.623499349580783
4763.351931659176 101.333000511922705
4832.63648093046 101.029001047661126
4902.928797176889 100.721499628890911
4974.243538706657 100.414500487540110
5046.595577037959 100.104500537756067
5120.000000000202 99.802499999999199
5194.472114880326 99.507500209660819
5270.027451614888 99.210499589987165
5346.6817660285715 98.923999557902221
5424.451043119808 98.653000442536552
5503.351500394186 98.389500204612204
5583.399591246343 98.136499472115545
5664.612008391055 97.898999465688988
5747.005687344222 97.676000452537465
5830.597809954497 97.469999644728603
5915.405807986278 97.276999899693351
6001.447366754812 97.094499806549308
6088.740428814181 96.933499679883909
6177.303197698925 96.792000039282598
6267.154141720092 96.668000206636293
6358.3119978165005 96.559000016278418
6450.795775462017 96.471500108255697
6544.624760629676 96.417000104219966
6639.818519813445 96.402500006684505
6736.396904108505 96.411499990049379
6834.380053350861 96.441000089432237
6933.788400317181 96.497499893806662
7034.642674985712 96.571500089420937
7136.963908859177 96.675000054633458
7240.773439350552 96.819500002213601
7346.092914232631 97.002000285209050
7452.944296152315 97.227499912306143
7561.349867210557 97.492999416651202
7671.332233608935 97.793000595910314
7782.914330363799 98.126499330123920
7896.119426088994 98.483999355266889
8010.971127848146 98.854999795642101
8127.49338607753 99.221500652331798
8245.710499580537 99.555498810134225
8365.647120594791 99.811499343912175
8487.328259932974 99.950000031811953
8610.77929219841 99.937000002131512
8736.025961076528 99.743500781496351
8863.094384703289 99.357501164901336
8992.011061111683 98.788498293275694
9122.802873757471 98.053999113136513
9255.497097125279 97.186999809712688
9390.121402416245 96.229997738263165
9526.7038633184 95.222501770834299
9665.272961860968 94.191503540135528
9805.857594353829 93.174998834523052
9948.487077413367 92.249501415018102
10093.19115407597 91.511501181328413
10240.000000000457 91.006499999998937
10388.944229760706 90.703500184075011
10540.05490322983 90.568999977456343
10693.363532057198 90.588000196013752
10848.902086239672 90.739999697820252
11006.703000788428 91.008499770198029
11166.799182492743 91.346000751304558
11329.224016782166 91.676000656803609
11494.0113746885 91.930499525325388
11661.195619909053 92.096500255066701
11830.811615972614 92.242000099770635
12002.894733509682 92.439000265423061
12177.48085762842 92.664500433800157
12354.606395397908 92.836999958703444
12534.308283440243 92.878499998278045
12716.62399563306 92.752000025575938
12901.591550924093 92.463000433463932
13089.249521259411 92.037501159129334
13279.637039626952 91.509999037090950
13472.793808217073 90.921500422654049
13668.760106701786 90.313498985287978
13867.576800634426 89.739500971407722
14069.285349971487 89.252499621387813
14273.927817718419 88.886499893565841
14481.54687870117 88.658499997813294
14692.18582846533 88.573500037012025
14905.888592304698 88.635499964327948
15122.699734421185 88.743999803149464
15342.664467217943 88.688499404089583
15565.828660727671 88.252001075741987
15792.238852178061 87.470501423413253
16021.942255696367 87.116500134187959
16254.986772155136 86.863498657629123
16491.42099916115 85.910004410769787
16731.294241189662 83.979006156478505
16974.65651986603 81.211996570890150
17221.558584396902 78.045000124324488
17472.051922153143 74.901510056113125
17726.188769406665 71.886008013748295
17984.022122223458 68.954993006592176
18245.605747515034 66.130497156179374
18510.99419425065 63.489999492855389
18780.242804832582 60.914993815349931
19053.40772663689 58.166504809636365
19330.545923722028 55.733507031793735
19611.71518870775 55.657501632395835
19896.974154826825 57.186497284058035
20186.382308152035 58.758497554078190
