20 70.458500000000001
20.290906698750476 70.660499790539546
20.586044732869844 70.864500501104231
20.885475648548283 71.068000434948061
21.189261887185914 71.268999926364941
21.49746679841394 71.465999872264561
21.810154653305165 71.662000407160903
22.12739065777668 71.858500404072487
22.449240966187475 72.055999366297186
22.77577269513385 72.254500416971638
23.107053937445478 72.452999962558863
23.44315377638505 72.652500459304804
23.784142300054445 72.853500174097007
24.130090616010463 73.054499776595947
24.481070866093134 73.256999923209833
24.837156241469714 73.459000136177224
25.1984209978975 73.661999998822836
25.56494047120865 73.866499705302203
25.936791093020236 74.072500610622569
26.3140504066728 74.283499667779395
26.69679708340074 74.497000613223520
27.08511093873791 74.716499400906145
27.47907294916184 74.940999970940950
27.878765268980047 75.171000155779183
28.284271247461966 75.405000142469305
28.695675446220072 75.642000253215897
29.11306365684382 75.878499805851533
29.536522918790062 76.109999417407678
29.966141537533712 76.332000269821393
30.402009102982383 76.548499559121467
30.844216508158908 76.764999759513131
31.29285596815558 76.982499984582063
31.74802103936409 77.200500490178712
32.20980663898519 77.415499374487752
32.67830906482211 77.622499592275020
33.153626015361866 77.820000409955213
33.63585661014871 78.014999842117206
34.125101410453844 78.212499355780125
34.62146244024586 78.418999345606750
35.12504320746613 78.639000547916709
35.635948725613716 78.873500342811411
36.15428553564419 79.119500256587457
36.68016172818701 79.371000343820413
37.21368696608603 79.619999523065019
37.754972507267915 79.856499359757578
38.30413122794313 80.079000088280665
38.86127764614443 80.293499481856543
39.4265279456077 80.507999598533502
40.000000000000206 80.726000000000084
40.58181339750116 80.952499763712183
41.1720894657399 81.186000185764584
41.77095129709678 81.425500516365304
42.37852377437204 81.666999513579086
42.9949335968281 81.902999846847905
43.62030930661056 82.129000454698968
44.25478131555359 82.348500449197417
44.89848193237519 82.568999633122019
45.55154539026795 82.799000509632108
46.21410787489121 83.044999952963508
46.88630755277036 83.306000218010439
47.56828460010916 83.573000598822404
48.260181232021196 83.824000075302905
48.962141732186545 84.040499629282735
49.674312482939705 84.226499869061286
50.39684199579528 84.409999741035875
51.129880942417586 84.612999415465907
51.873582186040764 84.841000378624344
52.628100813345895 85.083999939362798
53.393594166801776 85.334500382990043
54.17022187747612 85.588999632754550
54.95814589832399 85.846500292109639
55.75753053796041 86.103000165099402
56.56854249492426 86.344500135225218
57.39135089244048 86.562500221027520
58.226127313687975 86.768999830427376
59.073045837580466 86.982999445392551
59.932283075067765 87.215500575749417
60.804018205965114 87.458499497604777
61.68843301631817 87.698999470339984
62.58571193631152 87.923999984369971
63.49604207872855 88.137000483403185
64.41961327797075 88.352999124617682
65.35661812964459 88.580499294925460
66.3072520307241 88.815500247764021
67.27171322029778 89.041500047676649
68.25020282090806 89.248499342832403
69.2429248804921 89.446499380048579
70.25008641493265 89.648500493362320
71.27189745122783 89.856500293637140
72.30857107128878 90.063000013605262
73.36032345637442 90.261000443588216
74.42737393217246 90.452499631196090
75.50994501453623 90.639999314045141
76.60826245588666 90.825000242587464
77.72255529228926 91.008999720552097
78.85305589121582 91.190499663585413
80.00000000000082 91.366000000000128
81.16362679500274 91.527499836971785
82.34417893148023 91.676500239532118
83.541902594194 91.826500206718762
84.75704754874454 91.983999682419977
85.98986719365665 92.140999898985015
87.24061861322157 92.286000279019433
88.50956263110764 92.417500246135603
89.79696386475084 92.535999716092249
91.10309078053635 92.648000240074666
92.42821574978288 92.762500064928190
93.77261510554118 92.878500091109004
95.13656920021877 92.989500248348861
96.52036246404286 93.093999960636609
97.92428346437356 93.191499829038179
99.34862496587989 93.280499997923414
100.79368399159105 93.361499890598068
102.25976188483567 93.433499804223061
103.74716437208203 93.494500085190509
105.25620162669229 93.545999955567595
106.78718833360406 93.592000072376095
108.34044375495276 93.639999930871454
109.9162917966485 93.689500053008402
111.51506107592134 93.734000025297533
113.13708498984903 93.770499999781748
114.78270178488147 93.803000032188493
116.45225462737648 93.832499993550854
118.14609167516147 93.861499943281032
119.86456615013608 93.890000050774077
121.60803641193078 93.916999946684598
123.3768660326369 93.935499974926842
125.17142387262359 93.938499999374045
126.99208415745765 93.936500006862232
128.83922655594208 93.941999975667329
130.71323625928977 93.948499981686382
132.61450406144883 93.950499996782270
134.5434264405962 93.946500001444832
136.50040564181674 93.938000029135537
138.48584976098482 93.930500018404530
140.50017282986593 93.923499978652558
142.5437949024563 93.912499988949151
144.61714214257822 93.900499999455775
146.7206469127495 93.893999990758573
148.8547478643456 93.890000007723643
151.01989002907314 93.884000019248091
153.216524911774 93.873499979019442
155.4451105845792 93.856000029013671
157.70611178243232 93.831500048324699
160.00000000000236 93.800999999999959
162.3272535900062 93.770500018110425
164.6883578629612 93.742499951446177
167.08380518838874 93.713499951570128
169.51409509748981 93.687500038400202
171.97973438731407 93.665500014337610
174.4812372264439 93.642999950396501
177.01912526221608 93.617999931654424
179.5939277295025 93.588500063227059
182.20618156107355 93.553999937819697
184.85643149956664 93.519999982648500
187.54523021108326 93.490999969284118
190.27313840043846 93.465499937332524
193.04072492808663 93.438500010419702
195.84856692874806 93.414000041390722
198.69724993176072 93.395000000429633
201.58736798318304 93.379000020772523
204.5195237696723 93.363000039311984
207.49432874416505 93.345499965292774
210.5124032533856 93.320000016722503
213.57437666720915 93.285499930425686
216.68088750990657 93.248000065154145
219.83258359329807 93.211499967441370
223.03012215184378 93.170499983607868
226.2741699796992 93.124000000293066
229.5654035697641 93.078499939565347
232.90450925475412 93.034000010007290
236.2921833503241 92.989000098997735
239.72913230027333 92.945499918398838
243.21607282386276 92.900000094327282
246.75373206527502 92.856500068533336
250.34284774524843 92.821000020656612
253.9841683149166 92.786499938396020
257.67845311188546 92.758000097391005
261.42647251858085 92.744500025077855
265.22900812289896 92.736999987129110
269.08685288119375 92.725500000337533
273.0008112836349 92.717500022660971
276.97169952197106 92.711000018404519
281.00034565973334 92.703999988140311
285.0875898049141 92.698999995348260
289.23428428515797 92.695499999080255
293.44129382550057 92.694000006931063
297.7094957286928 92.697999991512688
302.0397800581479 92.706999969056994
306.4330498235497 92.713500009179000
310.89022116916016 92.722499983202596
315.41222356486645 92.742499962319158
320.00000000000654 92.770000000000024
324.6545071800142 92.790499989737441
329.3767157259242 92.803000023952620
334.16761037677935 92.822500044171619
339.02819019498156 92.851499953599770
343.95946877463007 92.876499981217165
348.9624744528898 92.893500033968053
354.03825052443415 92.908000024706240
359.187855459007 92.915499991841671
364.4123631221491 92.910999975818768
369.71286299913527 92.895499989924929
375.0904604221685 92.879999996455865
380.54627680087896 92.884000055632242
386.08144985617537 92.914999992587525
391.6971338574982 92.962499908220593
397.3944998635236 93.027499986285861
403.1747359663683 93.106499887828377
409.0390475393468 93.179999828010182
414.9886574883323 93.238500073242477
421.0248065067734 93.273999978490394
427.1487533344206 93.289500018363071
433.3617750198154 93.301999975347087
439.6651671865984 93.316000013592628
446.06024430368984 93.331000007839734
452.54833995940066 93.354999999837901
459.13080713953053 93.383000038458448
465.8090185095106 93.410499989967192
472.58436670065066 93.440999932707626
479.45826460054917 93.473500054400802
486.432145647728 93.501999948491630
493.50746413055253 93.531999942004148
500.6856954904994 93.568499981975492
507.9683366298358 93.600500046284807
515.3569062237735 93.623999917592229
522.8529450371643 93.648499927552876
530.4580162458005 93.681500036467497
538.1737057623901 93.715499998956716
546.0016225672724 93.748499893169765
553.9433990439449 93.780999915865095
562.0006913194694 93.813000092304293
570.1751796098309 93.853500052095995
578.4685685703187 93.906000010114582
586.8825876510039 93.960000117828173
595.4189914573883 94.011999910034433
604.0795601162986 94.066499810903863
612.8660996471021 94.123500068325939
621.780442338323 94.179999908226591
630.8244471297356 94.233499909079583
640.0000000000159 94.282000000000096
649.3090143600314 94.331999963753503
658.7534314518515 94.384000069039914
668.3352207535618 94.434000082946369
678.0563803899662 94.485499916799597
687.9189375492632 94.538999958599462
697.9249489057827 94.594000127774834
708.0765010488715 94.654500152325426
718.3757109180171 94.722499855189696
728.8247262443015 94.794000131177057
739.425725998274 94.865000038621147
750.1809208443404 94.934500083878021
761.0925536017613 95.005000156125249
772.1628997123541 95.075499978990507
783.3942677149998 95.148999875105716
794.7889997270506 95.223999991762952
806.34947193274 95.297499905198919
818.0780950786972 95.368999816979482
829.9773149766683 95.439000116251492
842.0496130135506 95.508999948080273
854.2975066688449 95.580500127760018
866.7235500396347 95.653999869691773
879.3303343732008 95.726500070875886
892.1204886073838 95.801000034261904
905.0966799188055 95.880999999494975
918.2616142790653 95.963500106466739
931.6180370190256 96.045499969530013
945.1687334013056 96.129499823357520
958.9165292011028 96.215500159575711
972.8642912954606 96.304999819896949
987.0149282611097 96.404499816950604
1001.3713909810035 96.507999942675042
1015.9366732596762 96.615500209207369
1030.7138124475518 96.730999565951237
1045.7058900743334 96.850999651947618
1060.916032491606 96.977000141579737
1076.3474115247852 97.109999995888259
1092.0032451345498 97.250499540306180
1107.8867980878947 97.398499593516021
1124.0013826389438 97.555500386898544
1140.350359219667 97.715500165665333
1156.9371371406426 97.875500030905698
1173.765175302013 98.044000403031433
1190.837982914782 98.224499680439891
1208.1591202326028 98.410499357073263
1225.73219929421 98.601500233746719
1243.5608846766518 98.797999686581221
1261.648894259477 98.997499650306139
1280.0000000000375 99.200000000000415
1298.6180287200684 99.405499853592630
1317.5068629037087 99.611500290249495
1336.6704415071292 99.818500344796774
1356.112760779938 100.031999644979862
1375.8378750985323 100.245499828907555
1395.8498978115715 100.455000446129148
1416.153002097749 100.660500475724149
1436.7514218360407 100.864499571969475
1457.6494524886093 101.071000375312209
1478.8514519965543 101.273000107467610
1500.3618416886875 101.461000212648543
1522.1851072035295 101.640500391120710
1544.3257994247153 101.817999947920185
1566.788535430007 101.989499710861196
1589.5779994541087 102.151499975194696
1612.6989438654878 102.303499800080829
1636.156190157402 102.444999644126810
1659.9546299533442 102.579500214234912
1684.099226027109 102.706999911744319
1708.5950133376978 102.823000191492440
1733.4471000792773 102.933999806298630
1758.6606687464096 103.043500099688572
1784.2409772147755 103.148500039502366
1810.193359837619 103.247500003128920
1836.5232285581387 103.345500130922687
1863.2360740380593 103.442499964327851
1890.3374668026197 103.539999796020012
1917.833058402214 103.638500177709318
1945.7285825909298 103.737999800105428
1974.0298565222283 103.842499813397851
2002.7427819620161 103.950999939335759
2031.8733465193618 104.063000218700751
2061.4276248951132 104.180999558594507
2091.411780148677 104.306999639083784
2121.832064983222 104.439500150292616
2152.694823049581 104.576499995765573
2184.0064902691106 104.717999540306266
2215.7735961758003 104.863999601591900
2248.002765277899 105.013000369865324
2280.7007184393456 105.166000161497720
2313.874274281297 105.323000029969208
2347.530350604038 105.483000367235334
2381.6759658295764 105.643999722010363
2416.318240465218 105.802499464732307
2451.4643985884327 105.954000174212354
2487.1217693533167 106.093999781556647
2523.2977885189675 106.224499776195984
2560.0000000000887 106.341500000000252
2597.236057440151 106.446499928217790
2635.0137258074315 106.533000097219514
2673.340883014273 106.596000073188009
2712.225521559891 106.633499950462323
2751.6757501970797 106.640500000777990
2791.699795623158 106.617499899241992
2832.3060041955137 106.562999812522477
2873.502843672097 106.474500202531488
2915.2989049772345 106.353999746755306
2957.7029039931244 106.207999910421393
3000.723683377391 106.034499776431318
3044.370214407075 105.833999516514396
3088.6515988494466 105.610000062609998
3133.57707086003 105.370000417454719
3179.1559989082334 105.117000039843433
3225.3978877309914 104.851500353811346
3272.3123803148205 104.578000699036522
3319.9092599067053 104.298999531672422
3368.198452054235 104.017000197524524
3417.190026675413 103.737999522534892
3466.8942001585724 103.462000480481436
3517.3213374928373 103.184999741250152
3568.4819544295697 102.916499897688766
3620.386719675257 102.660499996821244
3673.0464571162966 102.414999681247110
3726.472148076138 102.175000088437116
3780.6749336052594 101.940500492134348
3835.6661168044484 101.733499711675620
3891.45716518188 101.590500249084386
3948.059713044477 101.484500186602105
4005.4855639240527 101.365000069012495
4063.746693038744 101.242499790725958
4122.855249790247 101.133000399085446
4182.823560297375 101.026500296064029
4243.664129966465 100.931999916012927
4305.389646099183 100.861500001994457
4368.012980538242 100.810500152152144
4431.5471923516225 100.775000082964169
4496.00553055582 100.764000019589361
4561.401436878714 100.777500030654380
4627.748548562617 100.812000010919760
4695.060701208099 100.874000185834063
4763.351931659176 100.959999843288955
4832.63648093046 101.061999633660989
4902.928797176889 101.192000192831188
4974.243538706657 101.359499721405655
5046.595577037959 101.557499644387121
5120.000000000202 101.787500000000705
5194.472114880326 102.054499803132046
5270.027451614888 102.370500505823401
5346.6817660285715 102.742500676054618
5424.451043119808 103.180999243724841
5503.351500394186 103.713499565879815
5583.399591246343 104.331001425945146
5664.612008391055 104.985501523255095
5747.005687344222 105.625498692208225
5830.597809954497 106.212500974718949
5915.405807986278 106.728500240306843
6001.447366754812 107.146000371842348
6088.740428814181 107.431000397385475
6177.303197698925 107.574499969541748
6267.154141720092 107.559000098152239
6358.3119978165005 107.382500032866872
6450.795775462017 107.085000425101583
6544.624760629676 106.704501009154399
6639.818519813445 106.264999219583160
6736.396904108505 105.793000339031693
6834.380053350861 105.315499201989340
6933.788400317181 104.860500776429973
7034.642674985712 104.445499640413658
7136.963908859177 104.081499870903144
7240.773439350552 103.777999996705319
7346.092914232631 103.536499739995463
7452.944296152315 103.355000062054557
7561.349867210557 103.236000218490631
7671.332233608935 103.179499974487015
7782.914330363799 103.177499980297767
7896.119426088994 103.219999907129861
8010.971127848146 103.283999964388030
8127.49338607753 103.332500018853523
8245.710499580537 103.324000099771354
8365.647120594791 103.215000398743030
8487.328259932974 102.948999541469135
8610.77929219841 102.475500020501315
8736.025961076528 101.784002399387560
8863.094384703289 100.911502442535053
8992.011061111683 99.927497502354697
9122.802873757471 98.912998972549090
9255.497097125279 97.975499836809917
9390.121402416245 97.227498742220490
9526.7038633184 96.743500719129372
9665.272961860968 96.526000540949141
9805.857594353829 96.489500009702198
9948.487077413367 96.484000030208250
10093.19115407597 96.370000267143283
10240.000000000457 96.091499999998831
10388.944229760706 95.691500299210716
10540.05490322983 95.248499389911998
10693.363532057198 94.827999400619092
10848.902086239672 94.481500533355501
11006.703000788428 94.248500156861411
11166.799182492743 94.157500052569418
11329.224016782166 94.222000434752559
11494.0113746885 94.448499444131059
11661.195619909053 94.839500936459132
11830.811615972614 95.388500346486055
12002.894733509682 96.036500734569955
12177.48085762842 96.623500854388141
12354.606395397908 96.898999954517976
12534.308283440243 96.615000774885942
12716.62399563306 95.652500169309704
12901.591550924093 94.097502222993910
13089.249521259411 92.195004969512780
13279.637039626952 90.211496778086342
13472.793808217073 88.305501325115699
13668.760106701786 86.526997145047517
13867.576800634426 84.921002701836528
14069.285349971487 83.587998995441041
14273.927817718419 82.638999750304635
14481.54687870117 82.124499995767650
14692.18582846533 81.948999985459565
14905.888592304698 81.981999971388035
15122.699734421185 82.180499500465316
15342.664467217943 82.507500663337581
15565.828660727671 82.856499341945380
15792.238852178061 83.044499780326433
16021.942255696367 82.902000127561408
16254.986772155136 82.495499264712578
16491.42099916115 82.183000867389879
16731.294241189662 82.194999756795056
16974.65651986603 82.337500137120514
17221.558584396902 82.457499995543230
17472.051922153143 82.524499880515037
17726.188769406665 82.378000586960155
17984.022122223458 81.948498511207305
18245.605747515034 81.270499032047724
18510.99419425065 80.249499735014467
18780.242804832582 78.817496183601776
19053.40772663689 77.077503120703369
19330.545923722028 75.175006617957621
19611.71518870775 73.119497254276240
19896.974154826825 70.735003973968816
20186.382308152035 67.721005561436399
