20 98.143499999999989
20.290906698750476 98.152712076167347
20.586044732869844 98.067663307482803
20.885475648548283 98.071112683961289
21.189261887185914 98.143333129207406
21.49746679841394 98.154253295791847
21.810154653305165 98.124660114164271
22.12739065777668 98.169166141088610
22.449240966187475 98.241775128157286
22.77577269513385 98.262262865795108
23.107053937445478 98.274921191191083
23.44315377638505 98.303645296429693
23.784142300054445 98.308292884997286
24.130090616010463 98.279937708297609
24.481070866093134 98.258584370906462
24.837156241469714 98.276501498176458
25.1984209978975 98.283098687631409
25.56494047120865 98.246995924092573
25.936791093020236 98.204779547672217
26.3140504066728 98.186099170219350
26.69679708340074 98.174144131246962
27.08511093873791 98.167159620419881
27.47907294916184 98.201639876812663
27.878765268980047 98.227150610759196
28.284271247461966 98.216365081389597
28.695675446220072 98.197064333043642
29.11306365684382 98.191831564783257
29.536522918790062 98.214157412538214
29.966141537533712 98.221890547675613
30.402009102982383 98.264757834023285
30.844216508158908 98.288398143294273
31.29285596815558 98.250928641910662
31.74802103936409 98.237259894803174
32.20980663898519 98.234531353527103
32.67830906482211 98.228577200573909
33.153626015361866 98.209670796817136
33.63585661014871 98.174712746780926
34.125101410453844 98.144368408320503
34.62146244024586 98.129352607898937
35.12504320746613 98.163001555468782
35.635948725613716 98.151893280663927
36.15428553564419 98.057611461441468
36.68016172818701 97.982829972852414
37.21368696608603 97.960649443373057
37.754972507267915 97.969337992354596
38.30413122794313 97.994894120713326
38.86127764614443 98.003823389135562
39.4265279456077 97.969908328773954
40.000000000000206 97.901499999999970
40.58181339750116 97.851076004136587
41.1720894657399 97.856651107566222
41.77095129709678 97.864136902503390
42.37852377437204 97.856648603564082
42.9949335968281 97.846338633184274
43.62030930661056 97.810679934170651
44.25478131555359 97.742889168117287
44.89848193237519 97.668759215363934
45.55154539026795 97.626717278834874
46.21410787489121 97.597365188513862
46.88630755277036 97.567609311699300
47.56828460010916 97.539061507333614
48.260181232021196 97.494208645382656
48.962141732186545 97.447213959397757
49.674312482939705 97.390083381410903
50.39684199579528 97.315607193109656
51.129880942417586 97.223109705171055
51.873582186040764 97.163562055027739
52.628100813345895 97.135827419858629
53.393594166801776 97.082068474031928
54.17022187747612 97.005804430724822
54.95814589832399 96.925821708630608
55.75753053796041 96.864866709146057
56.56854249492426 96.811544737829934
57.39135089244048 96.733407085767624
58.226127313687975 96.633904841542801
59.073045837580466 96.552293664135249
59.932283075067765 96.461644135580343
60.804018205965114 96.404290427416925
61.68843301631817 96.352656190590949
62.58571193631152 96.267848535060807
63.49604207872855 96.180080486426164
64.41961327797075 96.115340882989585
65.35661812964459 96.049586350489307
66.3072520307241 95.956928422942951
67.27171322029778 95.871289636951687
68.25020282090806 95.813989858954599
69.2429248804921 95.759616720805809
70.25008641493265 95.689243864539776
71.27189745122783 95.614384152627395
72.30857107128878 95.530271458940462
73.36032345637442 95.453663988909454
74.42737393217246 95.393793320476618
75.50994501453623 95.303093072474553
76.60826245588666 95.216111568328330
77.72255529228926 95.169232311269724
78.85305589121582 95.102678930206650
80.00000000000082 95.052499999999966
81.16362679500274 95.002076046156660
82.34417893148023 94.905885174007963
83.541902594194 94.781997556701128
84.75704754874454 94.721003357052325
85.98986719365665 94.716624456951379
87.24061861322157 94.699489282872818
88.50956263110764 94.663397554240220
89.79696386475084 94.582291276520692
91.10309078053635 94.489525718475406
92.42821574978288 94.395107713709194
93.77261510554118 94.305811810375417
95.13656920021877 94.287370281337360
96.52036246404286 94.249322890597654
97.92428346437356 94.191997370730888
99.34862496587989 94.140112404017856
100.79368399159105 94.085546324327950
102.25976188483567 94.031408334030758
103.74716437208203 93.966540770540334
105.25620162669229 93.875241578391922
106.78718833360406 93.796111635545458
108.34044375495276 93.744006539433101
109.9162917966485 93.681907792976205
111.51506107592134 93.598537563849362
113.13708498984903 93.531833804515529
114.78270178488147 93.495078399076846
116.45225462737648 93.465265276085034
118.14609167516147 93.423443393718060
119.86456615013608 93.393370067272670
121.60803641193078 93.376899867957576
123.3768660326369 93.303378377222231
125.17142387262359 93.226771489655903
126.99208415745765 93.211140280524859
128.83922655594208 93.182609390874205
130.71323625928977 93.111397022146974
132.61450406144883 93.057746178924646
134.5434264405962 93.026163743051939
136.50040564181674 92.991237627924590
138.48584976098482 92.941613201912119
140.50017282986593 92.923247839626669
142.5437949024563 92.897702563719292
144.61714214257822 92.878254291788096
146.7206469127495 92.850566813838952
148.8547478643456 92.822159227336371
151.01989002907314 92.788326067453426
153.216524911774 92.746886026676293
155.4451105845792 92.712109778830836
157.70611178243232 92.708494668277837
160.00000000000236 92.713999999999942
162.3272535900062 92.645578744453815
164.6883578629612 92.638311642137040
167.08380518838874 92.618412231229144
169.51409509748981 92.586302668635142
171.97973438731407 92.541093152886106
174.4812372264439 92.539321196351068
177.01912526221608 92.589555181240740
179.5939277295025 92.595555787903294
182.20618156107355 92.523019717421221
184.85643149956664 92.465428797408833
187.54523021108326 92.418631579947203
190.27313840043846 92.368659360635448
193.04072492808663 92.342255650431468
195.84856692874806 92.326426878742012
198.69724993176072 92.321133949849866
201.58736798318304 92.318444212058864
204.5195237696723 92.301090555881018
207.49432874416505 92.288501890418615
210.5124032533856 92.303880234160545
213.57437666720915 92.332095013337678
216.68088750990657 92.334829778122526
219.83258359329807 92.326711519728491
223.03012215184378 92.318803459889381
226.2741699796992 92.329765991548243
229.5654035697641 92.356233497604620
232.90450925475412 92.375974800901147
236.2921833503241 92.391983558477762
239.72913230027333 92.421197624552320
243.21607282386276 92.416177217143485
246.75373206527502 92.378147380298302
250.34284774524843 92.416557045356953
253.9841683149166 92.454335746267247
257.67845311188546 92.420474308715058
261.42647251858085 92.401652564601562
265.22900812289896 92.398830154445506
269.08685288119375 92.412601328361404
273.0008112836349 92.413497971790918
276.97169952197106 92.405635612679276
281.00034565973334 92.410802177656322
285.0875898049141 92.436472984946533
289.23428428515797 92.458865135139860
293.44129382550057 92.466097164442942
297.7094957286928 92.496762553869871
302.0397800581479 92.522264917521809
306.4330498235497 92.542464398588407
310.89022116916016 92.633071143367658
315.41222356486645 92.677369569787587
320.00000000000654 92.726000000000056
324.6545071800142 92.775337776108159
329.3767157259242 92.804384951210352
334.16761037677935 92.856344280370649
339.02819019498156 92.945355346841126
343.95946877463007 93.036958278575725
348.9624744528898 93.122965818253846
354.03825052443415 93.205112008390955
359.187855459007 93.284155402976893
364.4123631221491 93.374598827262034
369.71286299913527 93.464647384685378
375.0904604221685 93.519624293818381
380.54627680087896 93.587432297382350
386.08144985617537 93.669986907727576
391.6971338574982 93.755250578728564
397.3944998635236 93.839480798034742
403.1747359663683 93.899487713095112
409.0390475393468 93.916207698499051
414.9886574883323 93.910011342511666
421.0248065067734 93.910024806506783
427.1487533344206 93.902539982216410
433.3617750198154 93.867042091541180
439.6651671865984 93.828960842304198
446.06024430368984 93.781493938608804
452.54833995940066 93.714564940365392
459.13080713953053 93.677747117358820
465.8090185095106 93.653216180589340
472.58436670065066 93.614219252152779
479.45826460054917 93.571568859868165
486.432145647728 93.549851781528403
493.50746413055253 93.522505324611330
500.6856954904994 93.529342806630723
507.9683366298358 93.548914904692680
515.3569062237735 93.542382399525479
522.8529450371643 93.549873163453753
530.4580162458005 93.552198471569852
538.1737057623901 93.539148890653479
546.0016225672724 93.546717067258186
553.9433990439449 93.556271225358529
562.0006913194694 93.553399792604154
570.1751796098309 93.550772266507224
578.4685685703187 93.539990860858580
586.8825876510039 93.470550641020168
595.4189914573883 93.438103352989913
604.0795601162986 93.413297501838557
612.8660996471021 93.363193716302277
621.780442338323 93.301115317082335
630.8244471297356 93.222610534744547
640.0000000000159 93.151499999999899
649.3090143600314 93.092387758813800
658.7534314518515 93.047734215321498
668.3352207535618 93.000740657269859
678.0563803899662 92.939327889426224
687.9189375492632 92.917393221818344
697.9249489057827 92.935604867155035
708.0765010488715 92.950287976206198
718.3757109180171 92.973020491749139
728.8247262443015 93.016711268099357
739.425725998274 93.090336513487472
750.1809208443404 93.190105672493530
761.0925536017613 93.286946413215631
772.1628997123541 93.361058848130298
783.3942677149998 93.415014209563452
794.7889997270506 93.465333373760359
806.34947193274 93.503286311848655
818.0780950786972 93.515766227112351
829.9773149766683 93.513968518468715
842.0496130135506 93.507619120862017
854.2975066688449 93.492121237773773
866.7235500396347 93.464737724888721
879.3303343732008 93.427859446724426
892.1204886073838 93.388638534177858
905.0966799188055 93.343763833671645
918.2616142790653 93.294047675296980
931.6180370190256 93.258518465847288
945.1687334013056 93.210455030218526
958.9165292011028 93.151576927295679
972.8642912954606 93.112339271761343
987.0149282611097 93.094522959113462
1001.3713909810035 93.080354330822800
1015.9366732596762 93.063437996044200
1030.7138124475518 93.055178453111893
1045.7058900743334 93.061218762305970
1060.916032491606 93.086503822143726
1076.3474115247852 93.128817665986901
1092.0032451345498 93.173071525530460
1107.8867980878947 93.214493268901862
1124.0013826389438 93.228165860127291
1140.350359219667 93.221175179609830
1156.9371371406426 93.234198434802579
1173.765175302013 93.253544528389256
1190.837982914782 93.266711641689369
1208.1591202326028 93.275649325514905
1225.73219929421 93.260040762576949
1243.5608846766518 93.240947316130388
1261.648894259477 93.215521326888634
1280.0000000000375 93.227500000000049
1298.6180287200684 93.253831212046947
1317.5068629037087 93.278002745161473
1336.6704415071292 93.287751981791246
1356.112760779938 93.306418398818934
1375.8378750985323 93.314459468774629
1395.8498978115715 93.334123629928598
1416.153002097749 93.417611276875718
1436.7514218360407 93.525170959924452
1457.6494524886093 93.656628233121637
1478.8514519965543 93.807735964451609
1500.3618416886875 93.984402628812887
1522.1851072035295 94.129309111831432
1544.3257994247153 94.226849261652831
1566.788535430007 94.333606906441446
1589.5779994541087 94.429604837936523
1612.6989438654878 94.514716197915760
1636.156190157402 94.602509141613865
1659.9546299533442 94.700101279195650
1684.099226027109 94.787110204382884
1708.5950133376978 94.844971832543990
1733.4471000792773 94.911186010245757
1758.6606687464096 94.989174859738938
1784.2409772147755 95.072397878884601
1810.193359837619 95.165196095415425
1836.5232285581387 95.256296189670692
1863.2360740380593 95.346826259133209
1890.3374668026197 95.452110611234957
1917.833058402214 95.551705753895362
1945.7285825909298 95.611153162056411
1974.0298565222283 95.632917913913332
2002.7427819620161 95.613494313280597
2031.8733465193618 95.605217234309407
2061.4276248951132 95.630500331286711
2091.411780148677 95.618994101174735
2121.832064983222 95.588270991877096
2152.694823049581 95.582032867797011
2184.0064902691106 95.569092860703989
2215.7735961758003 95.557809438470315
2248.002765277899 95.572835176851925
2280.7007184393456 95.578582734633869
2313.874274281297 95.550938104765578
2347.530350604038 95.549771245422818
2381.6759658295764 95.599684335076205
2416.318240465218 95.648914445744282
2451.4643985884327 95.692391682935579
2487.1217693533167 95.765443414431388
2523.2977885189675 95.869310920843930
2560.0000000000887 95.981250000000273
2597.236057440151 96.126879427866726
2635.0137258074315 96.316572746779386
2673.340883014273 96.500742212526546
2712.225521559891 96.656252728334266
2751.6757501970797 96.787446188140507
2791.699795623158 96.927034274462216
2832.3060041955137 97.050833532250891
2873.502843672097 97.142219805805837
2915.2989049772345 97.196026353936560
2957.7029039931244 97.220505510076435
3000.723683377391 97.243060854617482
3044.370214407075 97.273864184533920
3088.6515988494466 97.241494542128521
3133.57707086003 97.147772737021938
3179.1559989082334 97.065391321670404
3225.3978877309914 97.014197605324455
3272.3123803148205 96.962923924740352
3319.9092599067053 96.883278757983788
3368.198452054235 96.801069950411659
3417.190026675413 96.730745553051264
3466.8942001585724 96.642252555711394
3517.3213374928373 96.544759124390396
3568.4819544295697 96.423120166685806
3620.386719675257 96.283309997631335
3673.0464571162966 96.160485227482752
3726.472148076138 96.058379576424471
3780.6749336052594 95.986044173063348
3835.6661168044484 95.941830181454534
3891.45716518188 95.923660528598276
3948.059713044477 95.905618466467075
4005.4855639240527 95.873148731814354
4063.746693038744 95.811253306961262
4122.855249790247 95.753048912643337
4182.823560297375 95.712225190670239
4243.664129966465 95.673982546878221
4305.389646099183 95.641843596566247
4368.012980538242 95.601308121145649
4431.5471923516225 95.562192438983999
4496.00553055582 95.514995852083132
4561.401436878714 95.468695108743972
4627.748548562617 95.443418858857811
4695.060701208099 95.442081834492825
4763.351931659176 95.452358338463796
4832.63648093046 95.454736351906945
4902.928797176889 95.431477927387988
4974.243538706657 95.411782902580441
5046.595577037959 95.434468009667086
5120.000000000202 95.451785714285734
5194.472114880326 95.450005762402270
5270.027451614888 95.450501372580746
5346.6817660285715 95.486136041408400
5424.451043119808 95.573683982720297
5503.351500394186 95.699554304233089
5583.399591246343 95.843204254024585
5664.612008391055 96.008539097537295
5747.005687344222 96.220461692355286
5830.597809954497 96.491812710677777
5915.405807986278 96.819897654901752
6001.447366754812 97.185413643932264
6088.740428814181 97.580573452327798
6177.303197698925 98.060277541662671
6267.154141720092 98.511998478683921
6358.3119978165005 98.858553632696186
6450.795775462017 99.113306410298776
6544.624760629676 99.265385408369866
6639.818519813445 99.296387110489547
6736.396904108505 99.215998380686472
6834.380053350861 99.061021699166872
6933.788400317181 98.861989751295852
7034.642674985712 98.632550433533993
7136.963908859177 98.389210716459459
7240.773439350552 98.151429371002806
7346.092914232631 97.932005565248232
7452.944296152315 97.736053582464109
7561.349867210557 97.555772719102578
7671.332233608935 97.322179854265414
7782.914330363799 96.996920062991734
7896.119426088994 96.594544688035711
8010.971127848146 96.151735567547277
8127.49338607753 95.651262312553314
8245.710499580537 95.087457617385127
8365.647120594791 94.440281565699763
8487.328259932974 93.776219380116117
8610.77929219841 93.106483920207793
8736.025961076528 92.443793674776643
8863.094384703289 91.820860931917395
8992.011061111683 91.248470888664116
9122.802873757471 90.690079572629543
9255.497097125279 90.178812130511716
9390.121402416245 89.795623970845256
9526.7038633184 89.428131865355709
9665.272961860968 89.120705175755802
9805.857594353829 88.889365835792404
9948.487077413367 88.709661754603189
10093.19115407597 88.623436281974676
10240.000000000457 88.621000000000080
10388.944229760706 88.671071929502020
10540.05490322983 88.742589436897134
10693.363532057198 88.823038730857945
10848.902086239672 88.977957281420402
11006.703000788428 89.247069829640253
11166.799182492743 89.654640521407828
11329.224016782166 90.282190113624253
11494.0113746885 91.041604882872008
11661.195619909053 91.795147582227514
11830.811615972614 92.419382983334060
12002.894733509682 92.737074892633245
12177.48085762842 92.749354462880319
12354.606395397908 92.315167063821349
12534.308283440243 91.629474523584406
12716.62399563306 90.688182264338423
12901.591550924093 89.685790434037472
13089.249521259411 88.692543605334123
13279.637039626952 87.812553656294057
13472.793808217073 87.137414423704215
13668.760106701786 86.690155729543903
13867.576800634426 86.440967571628875
14069.285349971487 86.412461647313179
14273.927817718419 86.557075657854341
14481.54687870117 86.821042153443329
14692.18582846533 87.077391737472254
14905.888592304698 87.175059946614851
15122.699734421185 87.076416850175235
15342.664467217943 86.788406656466648
15565.828660727671 86.364496497828981
15792.238852178061 85.912965900098058
16021.942255696367 85.588257638470822
16254.986772155136 85.492156322408405
16491.42099916115 85.736629313132624
16731.294241189662 86.024440854874740
16974.65651986603 85.976008539722329
17221.558584396902 85.490762809209073
17472.051922153143 84.774002725803925
17726.188769406665 84.192979952227702
17984.022122223458 83.751555232864618
18245.605747515034 82.806925715788793
18510.99419425065 80.589621483853449
18780.242804832582 76.601676039485312
19053.40772663689 73.002732184107188
19330.545923722028 72.948549625080531
19611.71518870775 74.796948969743440
19896.974154826825 75.251605105584815
20186.382308152035 74.030955124139439
