20 66.694500000000005
20.290906698750476 67.119225195926347
20.586044732869844 67.540113810626821
20.885475648548283 67.953956394996624
21.189261887185914 68.363055941411915
21.49746679841394 68.763039475838355
21.810154653305165 69.158966002102076
22.12739065777668 69.542798691143162
22.449240966187475 69.921142106318172
22.77577269513385 70.286838849841615
23.107053937445478 70.641836466064859
23.44315377638505 70.986847251697426
23.784142300054445 71.326380165553630
24.130090616010463 71.664971499741796
24.481070866093134 72.002422767505109
24.837156241469714 72.340197763904968
25.1984209978975 72.677035475549928
25.56494047120865 73.013890027935929
25.936791093020236 73.349586332588899
26.3140504066728 73.684673729440036
26.69679708340074 74.018475473495897
27.08511093873791 74.352152290650821
27.47907294916184 74.683374500922838
27.878765268980047 75.013087520563630
28.284271247461966 75.340769811711965
28.695675446220072 75.667018198944106
29.11306365684382 75.991154506514988
29.536522918790062 76.313063482823438
29.966141537533712 76.631410879312483
30.402009102982383 76.947423109868822
30.844216508158908 77.258730028745518
31.29285596815558 77.567400988385600
31.74802103936409 77.871693885980307
32.20980663898519 78.172276248950524
32.67830906482211 78.468729929254522
33.153626015361866 78.760521983201755
33.63585661014871 79.046660977276105
34.125101410453844 79.327431688443696
34.62146244024586 79.602954105053499
35.12504320746613 79.875273072786911
35.635948725613716 80.147552824575257
36.15428553564419 80.420728478534983
36.68016172818701 80.693103128288129
37.21368696608603 80.965411917873439
37.754972507267915 81.235846964877283
38.30413122794313 81.506003160552424
38.86127764614443 81.774304108587216
39.4265279456077 82.041738490813771
40.000000000000206 82.307500000000090
40.58181339750116 82.571256286054819
41.1720894657399 82.832649207843872
41.77095129709678 83.092888413617572
42.37852377437204 83.349719752295982
42.9949335968281 83.604335897149866
43.62030930661056 83.855623482026814
44.25478131555359 84.104260285062324
44.89848193237519 84.349592203055963
45.55154539026795 84.592056313987442
46.21410787489121 84.830460934206513
46.88630755277036 85.066523003680828
47.56828460010916 85.303460604093772
48.260181232021196 85.540840918423157
48.962141732186545 85.776755290491678
49.674312482939705 86.012108389788267
50.39684199579528 86.245489597391483
51.129880942417586 86.477941404170366
51.873582186040764 86.708742936079744
52.628100813345895 86.937430104541392
53.393594166801776 87.163880441035815
54.17022187747612 87.388277813882013
54.95814589832399 87.610453421669888
55.75753053796041 87.829578532606149
56.56854249492426 88.045595218659997
57.39135089244048 88.259098802126104
58.226127313687975 88.470192637451476
59.073045837580466 88.680250138532060
59.932283075067765 88.889044787241460
60.804018205965114 89.096430157765980
61.68843301631817 89.300570342200814
62.58571193631152 89.503802929878361
63.49604207872855 89.704389152123468
64.41961327797075 89.902748208290816
65.35661812964459 90.098606716577137
66.3072520307241 90.291489528098737
67.27171322029778 90.481168938297174
68.25020282090806 90.667412623278437
69.2429248804921 90.850347940928827
70.25008641493265 91.030640079405742
71.27189745122783 91.207722566708739
72.30857107128878 91.382414226762648
73.36032345637442 91.553971591291713
74.42737393217246 91.722242959486721
75.50994501453623 91.887279465789703
76.60826245588666 92.048913230427104
77.72255529228926 92.206887287091917
78.85305589121582 92.360918998526898
80.00000000000082 92.510500000000107
81.16362679500274 92.654499175879536
82.34417893148023 92.793221032221254
83.541902594194 92.927311213405687
84.75704754874454 93.056888698401906
85.98986719365665 93.182724303918491
87.24061861322157 93.304459777753834
88.50956263110764 93.422331948906361
89.79696386475084 93.534335856233326
91.10309078053635 93.642545594599682
92.42821574978288 93.744505756604710
93.77261510554118 93.842509115343319
95.13656920021877 93.934820116231094
96.52036246404286 94.023091535089847
97.92428346437356 94.107314650116820
99.34862496587989 94.187217097444574
100.79368399159105 94.262184199579551
102.25976188483567 94.332449046702436
103.74716437208203 94.397720752375221
105.25620162669229 94.457107526135360
106.78718833360406 94.511239611120132
108.34044375495276 94.561053756403538
109.9162917966485 94.606698055905397
111.51506107592134 94.648049736442715
113.13708498984903 94.684636800385391
114.78270178488147 94.717425648280653
116.45225462737648 94.743283849115898
118.14609167516147 94.765904728726341
119.86456615013608 94.782428534465566
121.60803641193078 94.797060277289091
123.3768660326369 94.808195638952014
125.17142387262359 94.817571412908734
126.99208415745765 94.823312224419880
128.83922655594208 94.827079005571932
130.71323625928977 94.829488446619081
132.61450406144883 94.830346373984639
134.5434264405962 94.829049003728954
136.50040564181674 94.825248985895456
138.48584976098482 94.819556600956062
140.50017282986593 94.810498963020791
142.5437949024563 94.798237230585258
144.61714214257822 94.783775719466306
146.7206469127495 94.768267212845643
148.8547478643456 94.751662017085238
151.01989002907314 94.734544857773244
153.216524911774 94.717411105688157
155.4451105845792 94.699850093206436
157.70611178243232 94.681309883384046
160.00000000000236 94.662499999999994
162.3272535900062 94.643416520561942
164.6883578629612 94.625806151814089
167.08380518838874 94.609330124718952
169.51409509748981 94.592804153337070
171.97973438731407 94.574849965533872
174.4812372264439 94.553565112407298
177.01912526221608 94.527193447168074
179.5939277295025 94.494360153970561
182.20618156107355 94.458995930769390
184.85643149956664 94.421538672706149
187.54523021108326 94.383875823087052
190.27313840043846 94.346176062393852
193.04072492808663 94.307429851006788
195.84856692874806 94.266932069297269
198.69724993176072 94.221146751160063
201.58736798318304 94.168840008319521
204.5195237696723 94.111103016683330
207.49432874416505 94.049619096372538
210.5124032533856 93.985483330052205
213.57437666720915 93.919257307488209
216.68088750990657 93.852025807598267
219.83258359329807 93.785932036337385
223.03012215184378 93.727579035997834
226.2741699796992 93.675887450304515
229.5654035697641 93.631222186331442
232.90450925475412 93.592582228446105
236.2921833503241 93.567513881192653
239.72913230027333 93.555914178486574
243.21607282386276 93.550783927176141
246.75373206527502 93.547246267934725
250.34284774524843 93.543028584350282
253.9841683149166 93.538021768566978
257.67845311188546 93.526964640664346
261.42647251858085 93.509724255536739
265.22900812289896 93.488354959385504
269.08685288119375 93.469167063955410
273.0008112836349 93.455247768969997
276.97169952197106 93.445056600956065
281.00034565973334 93.437899619774299
285.0875898049141 93.433526276941464
289.23428428515797 93.434770285285538
293.44129382550057 93.443603234563753
297.7094957286928 93.461047478643465
302.0397800581479 93.482443927783478
306.4330498235497 93.500921182686355
310.89022116916016 93.514184385861341
315.41222356486645 93.526319115407574
320.00000000000654 93.541000000000025
324.6545071800142 93.557290775130042
329.3767157259242 93.572943161895552
334.16761037677935 93.587919592168021
339.02819019498156 93.602987389604436
343.95946877463007 93.618274353201343
348.9624744528898 93.632594928468095
354.03825052443415 93.642365025891536
359.187855459007 93.646512713275413
364.4123631221491 93.643911345814502
369.71286299913527 93.635959419201384
375.0904604221685 93.628448308330178
380.54627680087896 93.625330698970913
386.08144985617537 93.625724434956851
391.6971338574982 93.631284275589678
397.3944998635236 93.641225699645162
403.1747359663683 93.664138241162362
409.0390475393468 93.704331904084455
414.9886574883323 93.762873341953053
421.0248065067734 93.831933447650783
427.1487533344206 93.902136286678626
433.3617750198154 93.968117750198161
439.6651671865984 94.027725028340356
446.06024430368984 94.079750023100530
452.54833995940066 94.121270703772637
459.13080713953053 94.152703459169416
465.8090185095106 94.174522546273778
472.58436670065066 94.181309819057333
479.45826460054917 94.184547579771746
486.432145647728 94.195750720424996
493.50746413055253 94.217916848991052
500.6856954904994 94.240514230503351
507.9683366298358 94.261906988850143
515.3569062237735 94.280341278956030
522.8529450371643 94.297545962879866
530.4580162458005 94.311129772337978
538.1737057623901 94.321785373752505
546.0016225672724 94.335647145356376
553.9433990439449 94.358301896653813
562.0006913194694 94.386202315920229
570.1751796098309 94.413805826205220
578.4685685703187 94.451955415423470
586.8825876510039 94.501672043436230
595.4189914573883 94.554055847890069
604.0795601162986 94.606222388190531
612.8660996471021 94.659739333521287
621.780442338323 94.717557192508991
630.8244471297356 94.777776461630310
640.0000000000159 94.836500000000086
649.3090143600314 94.895612241186200
658.7534314518515 94.953833603428876
668.3352207535618 95.013178368672087
678.0563803899662 95.077074929593266
687.9189375492632 95.143452828457526
697.9249489057827 95.209408415332888
708.0765010488715 95.273478131555450
718.3757109180171 95.335335479962197
728.8247262443015 95.396183412216956
739.425725998274 95.455312779290409
750.1809208443404 95.512525218117929
761.0925536017613 95.574357803743311
772.1628997123541 95.638913875241457
783.3942677149998 95.701345615981921
794.7889997270506 95.761010748612506
806.34947193274 95.819776482324755
818.0780950786972 95.880526885606983
829.9773149766683 95.944758102754491
842.0496130135506 96.012279073201228
854.2975066688449 96.079740972789295
866.7235500396347 96.146297850216470
879.3303343732008 96.216615939364573
892.1204886073838 96.291985582024054
905.0966799188055 96.369155356186269
918.2616142790653 96.447810516992817
931.6180370190256 96.528462761999492
945.1687334013056 96.610609794857936
958.9165292011028 96.695728307506897
972.8642912954606 96.785200036062975
987.0149282611097 96.880793934700620
1001.3713909810035 96.980191162932428
1015.9366732596762 97.083400159679627
1030.7138124475518 97.192430073261733
1045.7058900743334 97.306827266205730
1060.916032491606 97.425980932014795
1076.3474115247852 97.552452997960671
1092.0032451345498 97.686404003390038
1107.8867980878947 97.829020267959024
1124.0013826389438 97.979957733140964
1140.350359219667 98.137416002391745
1156.9371371406426 98.301659682445134
1173.765175302013 98.472203370302012
1190.837982914782 98.651340934347019
1208.1591202326028 98.835210542500477
1225.73219929421 99.025008268494005
1243.5608846766518 99.219669731443162
1261.648894259477 99.419026133329567
1280.0000000000375 99.622500000000414
1298.6180287200684 99.830224006148185
1317.5068629037087 100.041076864521528
1336.6704415071292 100.254041900729135
1356.112760779938 100.468643187598815
1375.8378750985323 100.683736891696526
1395.8498978115715 100.898990154029107
1416.153002097749 101.112029655219843
1436.7514218360407 101.324520574998104
1457.6494524886093 101.533117623438145
1478.8514519965543 101.739780677807545
1500.3618416886875 101.942271048865734
1522.1851072035295 102.139553369119909
1544.3257994247153 102.329269295110095
1566.788535430007 102.511136742022856
1589.5779994541087 102.685251875927662
1612.6989438654878 102.852146585935714
1636.156190157402 103.011015236023098
1659.9546299533442 103.161524150116335
1684.099226027109 103.304501619313442
1708.5950133376978 103.440397371223312
1733.4471000792773 103.570404442397972
1758.6606687464096 103.694378356483043
1784.2409772147755 103.812529938833606
1810.193359837619 103.925515978514753
1836.5232285581387 104.034092914232559
1863.2360740380593 104.139620688748437
1890.3374668026197 104.243475624513906
1917.833058402214 104.345982316088197
1945.7285825909298 104.447537468979164
1974.0298565222283 104.549507483480014
2002.7427819620161 104.651328302030549
2031.8733465193618 104.755712825027729
2061.4276248951132 104.861639449622416
2091.411780148677 104.969605938204381
2121.832064983222 105.079595433939602
2152.694823049581 105.190066621826020
2184.0064902691106 105.300221417888068
2215.7735961758003 105.403475507762565
2248.002765277899 105.508209401944853
2280.7007184393456 105.619382442693777
2313.874274281297 105.728010250272021
2347.530350604038 105.825916291651026
2381.6759658295764 105.915273712865428
2416.318240465218 105.999531953070004
2451.4643985884327 106.072855577247452
2487.1217693533167 106.134111928384868
2523.2977885189675 106.177171455588422
2560.0000000000887 106.204000000000036
2597.236057440151 106.209621887075969
2635.0137258074315 106.191988561827145
2673.340883014273 106.144488675478584
2712.225521559891 106.071715128646247
2751.6757501970797 105.965911952570721
2791.699795623158 105.827588240866049
2832.3060041955137 105.647277080490852
2873.502843672097 105.438554701044126
2915.2989049772345 105.204971515385452
2957.7029039931244 104.948277065964831
3000.723683377391 104.667542768864877
3044.370214407075 104.368272683684410
3088.6515988494466 104.063236547881303
3133.57707086003 103.758149485080537
3179.1559989082334 103.457694447107400
3225.3978877309914 103.176470103301412
3272.3123803148205 102.927508079276265
3319.9092599067053 102.707890182401172
3368.198452054235 102.507162067947391
3417.190026675413 102.323022507703072
3466.8942001585724 102.158648457522702
3517.3213374928373 102.012925242269048
3568.4819544295697 101.887372715242194
3620.386719675257 101.793366326848144
3673.0464571162966 101.724613786889279
3726.472148076138 101.647526791232082
3780.6749336052594 101.548183879469747
3835.6661168044484 101.444554279096351
3891.45716518188 101.357471577981173
3948.059713044477 101.283534499835653
4005.4855639240527 101.226788714272146
4063.746693038744 101.171440641613188
4122.855249790247 101.115406481440530
4182.823560297375 101.061442834640488
4243.664129966465 101.017116133881572
4305.389646099183 100.982958855413770
4368.012980538242 100.957778249289191
4431.5471923516225 100.945130184332186
4496.00553055582 100.944900138263904
4561.401436878714 100.960956401934808
4627.748548562617 100.994553126469867
4695.060701208099 101.045662207524487
4763.351931659176 101.110187124825103
4832.63648093046 101.189811978874729
4902.928797176889 101.293686075483009
4974.243538706657 101.413211555559201
5046.595577037959 101.545575484589676
5120.000000000202 101.692571428571853
5194.472114880326 101.854156310700148
5270.027451614888 102.019309707262380
5346.6817660285715 102.182239947622321
5424.451043119808 102.337091996829344
5503.351500394186 102.479365125689839
5583.399591246343 102.610335593439430
5664.612008391055 102.750394074726302
5747.005687344222 102.914737369973679
5830.597809954497 103.092572521356942
5915.405807986278 103.249366604706751
6001.447366754812 103.330303454749242
6088.740428814181 103.278140724090989
6177.303197698925 103.101831137805846
6267.154141720092 102.803430121306405
6358.3119978165005 102.425800609443627
6450.795775462017 102.042062919274628
6544.624760629676 101.689482709205578
6639.818519813445 101.380628107342886
6736.396904108505 101.124516888358585
6834.380053350861 100.929882817572917
6933.788400317181 100.792177469659038
7034.642674985712 100.696923340884922
7136.963908859177 100.642443842329499
7240.773439350552 100.634339219083103
7346.092914232631 100.670120638256776
7452.944296152315 100.746090980614042
7561.349867210557 100.866743578480310
7671.332233608935 101.028185343793382
7782.914330363799 101.221277666221283
7896.119426088994 101.435873180728734
8010.971127848146 101.665208003813376
8127.49338607753 101.881836589096736
8245.710499580537 102.052796722470305
8365.647120594791 102.132391441915928
8487.328259932974 102.086494266784356
8610.77929219841 101.872288827127988
8736.025961076528 101.458280463857562
8863.094384703289 100.869627797712567
8992.011061111683 100.147264687570868
9122.802873757471 99.382284912773287
9255.497097125279 98.693251605342681
9390.121402416245 98.190238984805063
9526.7038633184 97.936976287134513
9665.272961860968 97.886554592372192
9805.857594353829 97.915960540278931
9948.487077413367 97.908814885727878
10093.19115407597 97.779170615108839
10240.000000000457 97.533399999999091
10388.944229760706 97.212969535257827
10540.05490322983 96.889698747370687
10693.363532057198 96.628255607875914
10848.902086239672 96.477416907736227
11006.703000788428 96.464174047035158
11166.799182492743 96.588283418572658
11329.224016782166 96.849283073766614
11494.0113746885 97.156996848880823
11661.195619909053 97.339587169312551
11830.811615972614 97.237222663852748
12002.894733509682 96.615737866286196
12177.48085762842 95.566155272024560
12354.606395397908 93.940892790233136
12534.308283440243 92.082409408770928
12716.62399563306 90.081856847890776
12901.591550924093 88.114285878491231
13089.249521259411 86.168808891743510
13279.637039626952 84.394308941492568
13472.793808217073 83.158828216171258
13668.760106701786 82.874659903533654
13867.576800634426 83.315228693785912
14069.285349971487 83.759594861637197
14273.927817718419 83.971058744975693
14481.54687870117 83.826438199627404
14692.18582846533 83.354672701507965
14905.888592304698 82.592886744858163
15122.699734421185 81.368381033556147
15342.664467217943 79.511333884047389
15565.828660727671 77.923701470729171
15792.238852178061 78.525207299656358
16021.942255696367 80.604511119732607
16254.986772155136 81.956622644064680
16491.42099916115 82.981801452362731
16731.294241189662 83.826679490234298
16974.65651986603 84.500819168836927
17221.558584396902 85.026796918195203
17472.051922153143 85.391931652571344
17726.188769406665 85.556260955790108
17984.022122223458 85.469806575932807
18245.605747515034 85.078872610886492
18510.99419425065 84.310830117082801
18780.242804832582 83.167390831933744
19053.40772663689 81.796241160567632
19330.545923722028 80.383147157456960
19611.71518870775 79.051005081192557
19896.974154826825 77.764970768492404
20186.382308152035 77.299499999999995
