20 71.536500000000004
20.290906698750476 71.528257616060785
20.586044732869844 71.518465174020434
20.885475648548283 71.507056766805647
21.189261887185914 71.494929563080689
21.49746679841394 71.481126647895920
21.810154653305165 71.465441441861003
22.12739065777668 71.447197322211167
22.449240966187475 71.427217279863228
22.77577269513385 71.404943390501487
23.107053937445478 71.380114080280379
23.44315377638505 71.353309065565000
23.784142300054445 71.324387548745236
24.130090616010463 71.293141350283520
24.481070866093134 71.259345581328006
24.837156241469714 71.224970208627752
25.1984209978975 71.190153952705003
25.56494047120865 71.154624439957274
25.936791093020236 71.118320859093672
26.3140504066728 71.080024772381933
26.69679708340074 71.038852320825924
27.08511093873791 70.995829347409767
27.47907294916184 70.952650849655768
27.878765268980047 70.909532733584655
28.284271247461966 70.865798705274102
28.695675446220072 70.821367051808238
29.11306365684382 70.776289125060870
29.536522918790062 70.730811185202214
29.966141537533712 70.687419704709100
30.402009102982383 70.644799090371464
30.844216508158908 70.600217873458405
31.29285596815558 70.553509053383465
31.74802103936409 70.504465706709311
32.20980663898519 70.454340882989598
32.67830906482211 70.403742620999211
33.153626015361866 70.352101138310189
33.63585661014871 70.299055772883634
34.125101410453844 70.245739250491894
34.62146244024586 70.193246443774200
35.12504320746613 70.140870636045918
35.635948725613716 70.088725383810555
36.15428553564419 70.034300018757364
36.68016172818701 69.979623503724923
37.21368696608603 69.925844990357490
37.754972507267915 69.872002785697788
38.30413122794313 69.816462195838028
38.86127764614443 69.756658748718706
39.4265279456077 69.694127856176976
40.000000000000206 69.632999999999981
40.58181339750116 69.576757850767734
41.1720894657399 69.520651582496811
41.77095129709678 69.460904779972935
42.37852377437204 69.395188828512715
42.9949335968281 69.325494892678435
43.62030930661056 69.253230908329726
44.25478131555359 69.180200354853682
44.89848193237519 69.106174616692243
45.55154539026795 69.031219560920576
46.21410787489121 68.957018773198996
46.88630755277036 68.887054103687319
47.56828460010916 68.819683803297153
48.260181232021196 68.744658011693417
48.962141732186545 68.658419698400110
49.674312482939705 68.571768410815963
50.39684199579528 68.488607193109658
51.129880942417586 68.403885482705505
51.873582186040764 68.315970733829857
52.628100813345895 68.228000897208005
53.393594166801776 68.139490617576826
54.17022187747612 68.050453318981909
54.95814589832399 67.959986050356719
55.75753053796041 67.864747915418420
56.56854249492426 67.770970426826096
57.39135089244048 67.678364375492890
58.226127313687975 67.585173740866935
59.073045837580466 67.491049324566788
59.932283075067765 67.403407126343083
60.804018205965114 67.301488987400163
61.68843301631817 67.193079966732128
62.58571193631152 67.107419877614348
63.49604207872855 67.027864128756960
64.41961327797075 66.938699445646975
65.35661812964459 66.847404368331979
66.3072520307241 66.762615447311646
67.27171322029778 66.678089236613800
68.25020282090806 66.593233165864632
69.2429248804921 66.511808934441120
70.25008641493265 66.432493259635251
71.27189745122783 66.353879588609146
72.30857107128878 66.277937168402843
73.36032345637442 66.202556711141042
74.42737393217246 66.126583824747939
75.50994501453623 66.054203401671202
76.60826245588666 65.987417352492514
77.72255529228926 65.922876331351645
78.85305589121582 65.851405240275511
80.00000000000082 65.784499999999952
81.16362679500274 65.721470057695825
82.34417893148023 65.660970828572374
83.541902594194 65.597699143771678
84.75704754874454 65.536147652931902
85.98986719365665 65.476981190754287
87.24061861322157 65.418170944677428
88.50956263110764 65.360588806862367
89.79696386475084 65.305230553815704
91.10309078053635 65.252376258469184
92.42821574978288 65.198898972645765
93.77261510554118 65.139221918625282
95.13656920021877 65.078728426893548
96.52036246404286 65.008996026148424
97.92428346437356 64.939212772733327
99.34862496587989 64.881698031788801
100.79368399159105 64.823400711022643
102.25976188483567 64.761336746875287
103.74716437208203 64.699579779736979
105.25620162669229 64.636611470379904
106.78718833360406 64.569314128876613
108.34044375495276 64.499740326863758
109.9162917966485 64.427548768343058
111.51506107592134 64.355302643732529
113.13708498984903 64.289148389041969
114.78270178488147 64.223691950334626
116.45225462737648 64.158229968970687
118.14609167516147 64.093471071159684
119.86456615013608 64.034315846613282
121.60803641193078 63.979118904047908
123.3768660326369 63.926193979681827
125.17142387262359 63.868900153494295
126.99208415745765 63.811229559433727
128.83922655594208 63.762218231181365
130.71323625928977 63.718045145316736
132.61450406144883 63.674827284632755
134.5434264405962 63.632452188137336
136.50040564181674 63.590365974469577
138.48584976098482 63.546068380377847
140.50017282986593 63.503163613339041
142.5437949024563 63.467059623389936
144.61714214257822 63.434742867861331
146.7206469127495 63.405599201986604
148.8547478643456 63.376033529899161
151.01989002907314 63.345721539592972
153.216524911774 63.316401701058709
155.4451105845792 63.290281827803462
157.70611178243232 63.266438882175677
160.00000000000236 63.243499999999976
162.3272535900062 63.220692914817938
164.6883578629612 63.196678749797798
167.08380518838874 63.175579275379860
169.51409509748981 63.153470325103093
171.97973438731407 63.134745912411340
174.4812372264439 63.119112576641342
177.01912526221608 63.102269948216929
179.5939277295025 63.085598862531185
182.20618156107355 63.069762910633557
184.85643149956664 63.051504979503036
187.54523021108326 63.031210526649062
190.27313840043846 63.013970424957549
193.04072492808663 62.998255650431481
195.84856692874806 62.981408598427507
198.69724993176072 62.966232100300246
201.58736798318304 62.957325264033628
204.5195237696723 62.953486984153550
207.49432874416505 62.951254726046528
210.5124032533856 62.949495865582207
213.57437666720915 62.952148753334420
216.68088750990657 62.960707551590986
219.83258359329807 62.968623313084919
223.03012215184378 62.975817774841644
226.2741699796992 62.980653198309653
229.5654035697641 62.981499999999997
232.90450925475412 62.979563660496829
236.2921833503241 62.977025202055721
239.72913230027333 62.971440160012051
243.21607282386276 62.962797763322442
246.75373206527502 62.951300370787862
250.34284774524843 62.941557168700569
253.9841683149166 62.931543537133976
257.67845311188546 62.921384253942314
261.42647251858085 62.913647054962837
265.22900812289896 62.907070609769562
269.08685288119375 62.899826294237613
273.0008112836349 62.892498783074544
276.97169952197106 62.887271225358518
281.00034565973334 62.885700241961814
285.0875898049141 62.888622625726882
289.23428428515797 62.894427997999223
293.44129382550057 62.905479752093953
297.7094957286928 62.922734629924861
302.0397800581479 62.944463817812547
306.4330498235497 62.968787282333452
310.89022116916016 62.997286437599541
315.41222356486645 63.032374901509741
320.00000000000654 63.075500000000062
324.6545071800142 63.121114170364137
329.3767157259242 63.166954142541471
334.16761037677935 63.214259342730116
339.02819019498156 63.266004454105797
343.95946877463007 63.321637944030783
348.9624744528898 63.377879713872360
354.03825052443415 63.435939881030990
359.187855459007 63.494741552232675
364.4123631221491 63.550771049094777
369.71286299913527 63.603657343691438
375.0904604221685 63.651743067753529
380.54627680087896 63.696558702292933
386.08144985617537 63.735029424065139
391.6971338574982 63.762137102358743
397.3944998635236 63.783465149631510
403.1747359663683 63.792616490644249
409.0390475393468 63.790194682652597
414.9886574883323 63.778279301488475
421.0248065067734 63.761425580479681
427.1487533344206 63.743590928330342
433.3617750198154 63.724536972845655
439.6651671865984 63.699887485829819
446.06024430368984 63.671728900633397
452.54833995940066 63.642787304178640
459.13080713953053 63.613411367872118
465.8090185095106 63.583994253125454
472.58436670065066 63.558127261783390
479.45826460054917 63.538354338498628
486.432145647728 63.524022137834088
493.50746413055253 63.512773984937702
500.6856954904994 63.503828576127376
507.9683366298358 63.502007915842540
515.3569062237735 63.510137332542456
522.8529450371643 63.524025744463259
530.4580162458005 63.542316796706672
538.1737057623901 63.564508709732713
546.0016225672724 63.587218689825463
553.9433990439449 63.608115572729375
562.0006913194694 63.625200933281278
570.1751796098309 63.635964964078028
578.4685685703187 63.634306286285934
586.8825876510039 63.623331989140951
595.4189914573883 63.602243025627835
604.0795601162986 63.571926787027536
612.8660996471021 63.531669501764490
621.780442338323 63.479833028660181
630.8244471297356 63.419934981874285
640.0000000000159 63.357999999999905
649.3090143600314 63.300749561685805
658.7534314518515 63.253608185885930
668.3352207535618 63.217076444249500
678.0563803899662 63.191664687064076
687.9189375492632 63.182248637470444
697.9249489057827 63.193679918249252
708.0765010488715 63.221229503146617
718.3757109180171 63.262177985855672
728.8247262443015 63.314006103845941
739.425725998274 63.369956347790854
750.1809208443404 63.428449834432783
761.0925536017613 63.485735906409246
772.1628997123541 63.533106002640253
783.3942677149998 63.571151372496729
794.7889997270506 63.597946499499599
806.34947193274 63.611468419957959
818.0780950786972 63.610324542247156
829.9773149766683 63.593513888515375
842.0496130135506 63.561670023830395
854.2975066688449 63.518489036102494
866.7235500396347 63.468015749832318
879.3303343732008 63.415895179225856
892.1204886073838 63.366204793671699
905.0966799188055 63.318373981947460
918.2616142790653 63.276196819799651
931.6180370190256 63.239954907452429
945.1687334013056 63.207571652622008
958.9165292011028 63.176809331347563
972.8642912954606 63.149107132124115
987.0149282611097 63.128363945484615
1001.3713909810035 63.120774278196201
1015.9366732596762 63.124686452795586
1030.7138124475518 63.144182557912089
1045.7058900743334 63.180884215547110
1060.916032491606 63.229206113720622
1076.3474115247852 63.283305767771736
1092.0032451345498 63.338760952329103
1107.8867980878947 63.391997322493665
1124.0013826389438 63.440614606115105
1140.350359219667 63.479917265366112
1156.9371371406426 63.502464150517419
1173.765175302013 63.517272264194631
1190.837982914782 63.521875804735252
1208.1591202326028 63.525348225805672
1225.73219929421 63.534367389938453
1243.5608846766518 63.549129970160351
1261.648894259477 63.575638230815159
1280.0000000000375 63.609000000000066
1298.6180287200684 63.644108282729270
1317.5068629037087 63.680013725807420
1336.6704415071292 63.718757644051934
1356.112760779938 63.758128340579376
1375.8378750985323 63.803614953359016
1395.8498978115715 63.861842188325291
1416.153002097749 63.944227125721952
1436.7514218360407 64.041807962281823
1457.6494524886093 64.163120627329832
1478.8514519965543 64.293801973338702
1500.3618416886875 64.426576971293059
1522.1851072035295 64.551842515348255
1544.3257994247153 64.665402029100562
1566.788535430007 64.766526473057638
1589.5779994541087 64.859145757860105
1612.6989438654878 64.945208240161136
1636.156190157402 65.024030437094240
1659.9546299533442 65.096368426864700
1684.099226027109 65.164203941232103
1708.5950133376978 65.227643732810733
1733.4471000792773 65.289624576202954
1758.6606687464096 65.358155219614162
1784.2409772147755 65.441691615694680
1810.193359837619 65.542608244121254
1836.5232285581387 65.656354528511628
1863.2360740380593 65.775768168728973
1890.3374668026197 65.892110611234955
1917.833058402214 66.001335605432544
1945.7285825909298 66.103208325675524
1974.0298565222283 66.200682109306015
2002.7427819620161 66.297505467441951
2031.8733465193618 66.392682484442062
2061.4276248951132 66.481925968461567
2091.411780148677 66.563911802025984
2121.832064983222 66.637030542963089
2152.694823049581 66.705087295997203
2184.0064902691106 66.775315901159331
2215.7735961758003 66.854919840200495
2248.002765277899 66.936606774930851
2280.7007184393456 67.015468343025134
2313.874274281297 67.094954447798557
2347.530350604038 67.183792809181242
2381.6759658295764 67.290030687237604
2416.318240465218 67.410877489721315
2451.4643985884327 67.545747764459605
2487.1217693533167 67.689269979993711
2523.2977885189675 67.841806823562109
2560.0000000000887 67.998250000000382
2597.236057440151 68.161277709198686
2635.0137258074315 68.338067713983321
2673.340883014273 68.529287937146719
2712.225521559891 68.722275481002796
2751.6757501970797 68.915711175965697
2791.699795623158 69.107866524100572
2832.3060041955137 69.288677238334401
2873.502843672097 69.453900635333639
2915.2989049772345 69.601956495927141
2957.7029039931244 69.732796463262332
3000.723683377391 69.842784537994874
3044.370214407075 69.917161562034210
3088.6515988494466 69.954758379367192
3133.57707086003 69.971804840943520
3179.1559989082334 69.967044760316611
3225.3978877309914 69.932046407986675
3272.3123803148205 69.867853943889997
3319.9092599067053 69.789751535955816
3368.198452054235 69.703103095891521
3417.190026675413 69.593774529043401
3466.8942001585724 69.457506819540143
3517.3213374928373 69.309189560771642
3568.4819544295697 69.148955091749528
3620.386719675257 68.973054215530098
3673.0464571162966 68.791181116662258
3726.472148076138 68.608994696541117
3780.6749336052594 68.424047905736288
3835.6661168044484 68.240308393234031
3891.45716518188 68.069201362713443
3948.059713044477 67.902223846518794
4005.4855639240527 67.740374672895570
4063.746693038744 67.591445050894862
4122.855249790247 67.456766037957962
4182.823560297375 67.326514225707967
4243.664129966465 67.208309690350859
4305.389646099183 67.099529699710587
4368.012980538242 66.997712348129852
4431.5471923516225 66.907454685102707
4496.00553055582 66.824092948541335
4561.401436878714 66.746191368947052
4627.748548562617 66.678978304959799
4695.060701208099 66.623919626968330
4763.351931659176 66.576347179468300
4832.63648093046 66.540945407627817
4902.928797176889 66.517062183623409
4974.243538706657 66.504717097419558
5046.595577037959 66.503582444712976
5120.000000000202 66.509142857142876
5194.472114880326 66.528247582244688
5270.027451614888 66.560763039517070
5346.6817660285715 66.605051386880888
5424.451043119808 66.661743327044988
5503.351500394186 66.734970418248508
5583.399591246343 66.838278190518437
5664.612008391055 66.986993416362566
5747.005687344222 67.193961692355288
5830.597809954497 67.467913524523908
5915.405807986278 67.805132874578874
6001.447366754812 68.189273017942924
6088.740428814181 68.633882875875216
6177.303197698925 69.150439551644865
6267.154141720092 69.702382111735830
6358.3119978165005 70.212304228492968
6450.795775462017 70.606991446466651
6544.624760629676 70.851023350251552
6639.818519813445 70.955246463344963
6736.396904108505 70.947158198082974
6834.380053350861 70.858681132777917
6933.788400317181 70.726499993535327
7034.642674985712 70.582905602144223
7136.963908859177 70.458405730229401
7240.773439350552 70.374390077144199
7346.092914232631 70.336546992007442
7452.944296152315 70.338265251826655
7561.349867210557 70.366183082396731
7671.332233608935 70.394674151718604
7782.914330363799 70.401018230252419
7896.119426088994 70.359276095432676
8010.971127848146 70.229329179140194
8127.49338607753 69.985395833855776
8245.710499580537 69.613011926321306
8365.647120594791 69.099548601736359
8487.328259932974 68.465082613690811
8610.77929219841 67.730054764504587
8736.025961076528 66.933272610199566
8863.094384703289 66.118203743553451
8992.011061111683 65.312904238255683
9122.802873757471 64.540138095752326
9255.497097125279 63.815429943648603
9390.121402416245 63.144736756455742
9526.7038633184 62.532124031617279
9665.272961860968 61.982472576642181
9805.857594353829 61.507282706234434
9948.487077413367 61.119631014207926
10093.19115407597 60.832915480367049
10240.000000000457 60.641999999999534
10388.944229760706 60.551775467364337
10540.05490322983 60.563765784678580
10693.363532057198 60.651333860816422
10848.902086239672 60.798506537793251
11006.703000788428 60.996882497941840
11166.799182492743 61.261619954138695
11329.224016782166 61.653892887611903
11494.0113746885 62.177364195280788
11661.195619909053 62.870259005757077
11830.811615972614 63.561326050244404
12002.894733509682 64.152365373169800
12177.48085762842 64.567098310087161
12354.606395397908 64.662376017458797
12534.308283440243 64.565010959404461
12716.62399563306 64.264920808952226
12901.591550924093 63.788935085653648
13089.249521259411 63.225425009018167
13279.637039626952 62.524006285548154
13472.793808217073 61.708756856858450
13668.760106701786 60.895023993466197
13867.576800634426 60.205616016222024
14069.285349971487 59.726645805211049
14273.927817718419 59.408085697084999
14481.54687870117 59.238601716122169
14692.18582846533 59.127485227482680
14905.888592304698 58.973289126156246
15122.699734421185 58.741925937816248
15342.664467217943 58.455829613927961
15565.828660727671 58.194443588561143
15792.238852178061 58.064826878609864
16021.942255696367 58.162057215139534
16254.986772155136 58.585463676087286
16491.42099916115 59.413456339062350
16731.294241189662 60.424650171126544
16974.65651986603 61.222900863571283
17221.558584396902 61.388635379239616
17472.051922153143 60.755105321911579
17726.188769406665 59.589198661925636
17984.022122223458 58.376500158283093
18245.605747515034 57.514087973466800
18510.99419425065 57.103668360279073
18780.242804832582 56.648629877483756
19053.40772663689 55.491790789635800
19330.545923722028 53.457494226215012
19611.71518870775 50.996852148638126
19896.974154826825 49.783233367956370
20186.382308152035 49.713999999999999
