20 91.512500000000003
20.290906698750476 91.753468518693367
20.586044732869844 91.991742788705722
20.885475648548283 92.202357161236222
21.189261887185914 92.425588879930700
21.49746679841394 92.670861428049278
21.810154653305165 92.889192868914321
22.12739065777668 93.111345254532665
22.449240966187475 93.300665952902648
22.77577269513385 93.454695156511036
23.107053937445478 93.658224310709898
23.44315377638505 93.887913380466713
23.784142300054445 94.091976486279265
24.130090616010463 94.266324153925211
24.481070866093134 94.425566303238710
24.837156241469714 94.595492220652062
25.1984209978975 94.764313134085413
25.56494047120865 94.912615774708627
25.936791093020236 95.058162284419836
26.3140504066728 95.224652984923893
26.69679708340074 95.414064465139631
27.08511093873791 95.632066193022098
27.47907294916184 95.816815148440043
27.878765268980047 95.961780191453215
28.284271247461966 96.084585848021590
28.695675446220072 96.206768037435779
29.11306365684382 96.348438990501776
29.536522918790062 96.529373588481008
29.966141537533712 96.727857390340574
30.402009102982383 96.890032410515630
30.844216508158908 97.011363411430210
31.29285596815558 97.167017366704954
31.74802103936409 97.343035595210438
32.20980663898519 97.482465333605575
32.67830906482211 97.590867703038725
33.153626015361866 97.707132650163061
33.63585661014871 97.840398416943117
34.125101410453844 97.984531234419791
34.62146244024586 98.133645095948111
35.12504320746613 98.254005357725802
35.635948725613716 98.313143231482073
36.15428553564419 98.363199981242644
36.68016172818701 98.429046523422670
37.21368696608603 98.535562802419761
37.754972507267915 98.652255879110243
38.30413122794313 98.742203887809069
38.86127764614443 98.814590729131226
39.4265279456077 98.899025098156514
40.000000000000206 98.938999999999993
40.58181339750116 98.931242462174851
41.1720894657399 98.964371835308981
41.77095129709678 99.042602753536329
42.37852377437204 99.044433843043180
42.9949335968281 99.029151942601629
43.62030930661056 99.035105402338672
44.25478131555359 99.096336934267669
44.89848193237519 99.146893711578628
45.55154539026795 99.122064094750982
46.21410787489121 99.105081530680096
46.88630755277036 99.147410747115828
47.56828460010916 99.120708310403444
48.260181232021196 99.044060180232023
48.962141732186545 99.052925940068945
49.674312482939705 99.066085628675637
50.39684199579528 99.054086831474166
51.129880942417586 99.034281703976532
51.873582186040764 99.039710110131495
52.628100813345895 99.063970071429580
53.393594166801776 99.061938156897895
54.17022187747612 99.040479996750619
54.95814589832399 99.014001436849497
55.75753053796041 98.981850334208275
56.56854249492426 98.973137084989844
57.39135089244048 98.992784842837139
58.226127313687975 99.029349137694851
59.073045837580466 99.048546764237187
59.932283075067765 98.978518929381977
60.804018205965114 98.903488516570789
61.68843301631817 98.906480008316976
62.58571193631152 98.924098183821030
63.49604207872855 98.921555410897810
64.41961327797075 98.915339226555943
65.35661812964459 98.924880526046650
66.3072520307241 98.946759544675928
67.27171322029778 98.950859757967791
68.25020282090806 98.908489858954596
69.2429248804921 98.860797155019327
70.25008641493265 98.821997580381890
71.27189745122783 98.816090308543153
72.30857107128878 98.863442849103990
73.36032345637442 98.854317843238348
74.42737393217246 98.801311460458294
75.50994501453623 98.796224239099871
76.60826245588666 98.801603305236668
77.72255529228926 98.787976894385025
78.85305589121582 98.766952620137758
80.00000000000082 98.733500000000021
81.16362679500274 98.751924136981216
82.34417893148023 98.760861310203950
83.541902594194 98.711107183036262
84.75704754874454 98.640678413959392
85.98986719365665 98.575269179498036
87.24061861322157 98.528078327587252
88.50956263110764 98.470050556337938
89.79696386475084 98.409542698356717
91.10309078053635 98.411030935382698
92.42821574978288 98.405386529686098
93.77261510554118 98.361437506531459
95.13656920021877 98.243415860522703
96.52036246404286 98.152744447477858
97.92428346437356 98.108570473734545
99.34862496587989 98.032239331665650
100.79368399159105 97.956517201666884
102.25976188483567 97.907986429109428
103.74716437208203 97.842636513642844
105.25620162669229 97.753233334490176
106.78718833360406 97.688221122770287
108.34044375495276 97.641605799841514
109.9162917966485 97.555500469425837
111.51506107592134 97.452096293878583
113.13708498984903 97.390466789234665
114.78270178488147 97.308033878144428
116.45225462737648 97.225677927772864
118.14609167516147 97.161656328498424
119.86456615013608 97.092917296623241
121.60803641193078 97.013098151406098
123.3768660326369 96.918427947199518
125.17142387262359 96.823757382496197
126.99208415745765 96.731395792127117
128.83922655594208 96.635801655487114
130.71323625928977 96.534872847178249
132.61450406144883 96.450874991987547
134.5434264405962 96.372758556954096
136.50040564181674 96.265233977148242
138.48584976098482 96.167860793762685
140.50017282986593 96.018322733101556
142.5437949024563 95.892980579316017
144.61714214257822 95.807995739474109
146.7206469127495 95.710532430657821
148.8547478643456 95.616142488843224
151.01989002907314 95.501595214092802
153.216524911774 95.355203086069935
155.4451105845792 95.218345483410388
157.70611178243232 95.145744865258379
160.00000000000236 95.064999999999912
162.3272535900062 94.984942476503790
164.6883578629612 94.875271837295642
167.08380518838874 94.803403737838153
169.51409509748981 94.860882052334148
171.97973438731407 94.854535081107144
174.4812372264439 94.808479008025841
177.01912526221608 94.823844803356366
179.5939277295025 94.825812144541004
182.20618156107355 94.742047573303637
184.85643149956664 94.751265310896287
187.54523021108326 94.864578946701869
190.27313840043846 94.898949894724737
193.04072492808663 94.936734413173397
195.84856692874806 95.006695892904190
198.69724993176072 95.070663348594280
201.58736798318304 95.136125954257452
204.5195237696723 95.195572142199595
207.49432874416505 95.259599711720369
210.5124032533856 95.309330621147012
213.57437666720915 95.346551591676160
216.68088750990657 95.374776878201772
219.83258359329807 95.377669665626811
223.03012215184378 95.333820759336220
226.2741699796992 95.366620484583834
229.5654035697641 95.446062656505731
232.90450925475412 95.464745358012678
236.2921833503241 95.457084366700641
239.72913230027333 95.463958264600535
243.21607282386276 95.451258244452418
246.75373206527502 95.414555029822765
250.34284774524843 95.391885662598867
253.9841683149166 95.411912925732040
257.67845311188546 95.350845717014906
261.42647251858085 95.298814311934336
265.22900812289896 95.288293886279405
269.08685288119375 95.234385388024677
273.0008112836349 95.216891124262247
276.97169952197106 95.292168654791794
281.00034565973334 95.324894434878289
285.0875898049141 95.260035774033952
289.23428428515797 95.238058293288674
293.44129382550057 95.170336064228252
297.7094957286928 95.065363170023730
302.0397800581479 94.998705247434572
306.4330498235497 94.990011867137198
310.89022116916016 94.960295896523590
315.41222356486645 94.955437450754872
320.00000000000654 94.976999999999933
324.6545071800142 94.923007716711822
329.3767157259242 94.904994509677039
334.16761037677935 94.939674971315654
339.02819019498156 94.923636496869108
343.95946877463007 94.896222921739536
348.9624744528898 94.915067341607909
354.03825052443415 94.932807101468413
359.187855459007 94.927124289081988
364.4123631221491 94.929471126809943
369.71286299913527 94.955449460195325
375.0904604221685 94.989344924990576
380.54627680087896 94.979992096912781
386.08144985617537 94.974642985100672
391.6971338574982 95.000127807082336
397.3944998635236 95.015387150177418
403.1747359663683 95.036075081078295
409.0390475393468 95.088903491239918
414.9886574883323 95.100571835907232
421.0248065067734 95.071345292441549
427.1487533344206 95.077517842787657
433.3617750198154 95.124308875099075
439.6651671865984 95.154683621424454
446.06024430368984 95.195445817087517
452.54833995940066 95.246967529817312
459.13080713953053 95.235575618385411
465.8090185095106 95.212699381190106
472.58436670065066 95.235678745439571
479.45826460054917 95.233440731483682
486.432145647728 95.198293555243168
493.50746413055253 95.181985071738893
500.6856954904994 95.189985769496658
507.9683366298358 95.168593011149852
515.3569062237735 95.114450669830191
522.8529450371643 95.068172799426094
530.4580162458005 95.080204203182916
538.1737057623901 95.116363516900975
546.0016225672724 95.106850420792739
553.9433990439449 95.086008260528132
562.0006913194694 95.111004320746673
570.1751796098309 95.160894892234097
578.4685685703187 95.155918858857802
586.8825876510039 95.156376517530191
595.4189914573883 95.164857537613216
604.0795601162986 95.168185357405520
612.8660996471021 95.174037042201775
621.780442338323 95.206574721282934
630.8244471297356 95.208913654985651
640.0000000000159 95.169000000000082
649.3090143600314 95.216475973236157
658.7534314518515 95.284775392743711
668.3352207535618 95.288582106510177
678.0563803899662 95.298778932545957
687.9189375492632 95.359308244109627
697.9249489057827 95.452956994167238
708.0765010488715 95.542554083967843
718.3757109180171 95.610091836599906
728.8247262443015 95.662799922284847
739.425725998274 95.721755351890252
750.1809208443404 95.794623216908604
761.0925536017613 95.862366270277604
772.1628997123541 95.930150040548625
783.3942677149998 95.998834175641719
794.7889997270506 96.063207998544272
806.34947193274 96.121953675672103
818.0780950786972 96.175916336303573
829.9773149766683 96.228780787777822
842.0496130135506 96.283385790809859
854.2975066688449 96.329780955005731
866.7235500396347 96.363080600109754
879.3303343732008 96.410682905927246
892.1204886073838 96.470532555948552
905.0966799188055 96.519263103042391
918.2616142790653 96.570732276345240
931.6180370190256 96.634881044063263
945.1687334013056 96.695285355804799
958.9165292011028 96.738263499403132
972.8642912954606 96.799650027047221
987.0149282611097 96.883475907442943
1001.3713909810035 96.971634076460930
1015.9366732596762 97.052339478508344
1030.7138124475518 97.129027941668326
1045.7058900743334 97.211090105621452
1060.916032491606 97.273797716969781
1076.3474115247852 97.330473524426552
1092.0032451345498 97.399576393232294
1107.8867980878947 97.467721048811541
1124.0013826389438 97.534282540200806
1140.350359219667 97.586221402097806
1156.9371371406426 97.617266220774184
1173.765175302013 97.655802614798660
1190.837982914782 97.683713787650021
1208.1591202326028 97.705972463338952
1225.73219929421 97.745103460106677
1243.5608846766518 97.791255839917170
1261.648894259477 97.847941351056278
1280.0000000000375 97.915000000000092
1298.6180287200684 97.959417297089303
1317.5068629037087 98.003012353226666
1336.6704415071292 98.049176103767820
1356.112760779938 98.134035613704697
1375.8378750985323 98.211496084742038
1395.8498978115715 98.292777075918025
1416.153002097749 98.406110362481598
1436.7514218360407 98.517699899440871
1457.6494524886093 98.608810579999670
1478.8514519965543 98.701907185505320
1500.3618416886875 98.792861183219074
1522.1851072035295 98.844800555144388
1544.3257994247153 98.907158302343177
1566.788535430007 98.967150192118027
1589.5779994541087 98.997538359661547
1612.6989438654878 98.998666443576496
1636.156190157402 98.981228190826855
1659.9546299533442 98.961022685023323
1684.099226027109 98.950770232191871
1708.5950133376978 98.951672708802874
1733.4471000792773 98.993247444288571
1758.6606687464096 99.083812340612440
1784.2409772147755 99.153013270379205
1810.193359837619 99.210807697005691
1836.5232285581387 99.316393599369292
1863.2360740380593 99.420443765806354
1890.3374668026197 99.490481682941294
1917.833058402214 99.546022777972468
1945.7285825909298 99.608175739959137
1974.0298565222283 99.653564187652904
2002.7427819620161 99.659045713032697
2031.8733465193618 99.662060240243136
2061.4276248951132 99.703331456041980
2091.411780148677 99.762658852613356
2121.832064983222 99.818881684478185
2152.694823049581 99.862018290438726
2184.0064902691106 99.912814278592037
2215.7735961758003 99.990983049579057
2248.002765277899 100.079140983935531
2280.7007184393456 100.170675392859465
2313.874274281297 100.253979786467283
2347.530350604038 100.287376517530205
2381.6759658295764 100.278245815376692
2416.318240465218 100.254497671558042
2451.4643985884327 100.196156457981942
2487.1217693533167 100.109344408633262
2523.2977885189675 100.018458974623940
2560.0000000000887 99.943999999999846
2597.236057440151 99.884438618147783
2635.0137258074315 99.823724149729344
2673.340883014273 99.749693517084481
2712.225521559891 99.675512359754876
2751.6757501970797 99.619821524743799
2791.699795623158 99.615339959124640
2832.3060041955137 99.590509076559670
2873.502843672097 99.535575108883990
2915.2989049772345 99.465521752036423
2957.7029039931244 99.398445644010309
3000.723683377391 99.332756581530077
3044.370214407075 99.193664816185276
3088.6515988494466 99.021590214343348
3133.57707086003 98.849638850417392
3179.1559989082334 98.664711044541747
3225.3978877309914 98.451264540222354
3272.3123803148205 98.214929984197568
3319.9092599067053 98.001729386538656
3368.198452054235 97.834992891508620
3417.190026675413 97.672444003701756
3466.8942001585724 97.495715009452937
3517.3213374928373 97.335771669018911
3568.4819544295697 97.212905730229451
3620.386719675257 97.119512186093601
3673.0464571162966 97.054449582308820
3726.472148076138 97.020940583731061
3780.6749336052594 96.987240946447187
3835.6661168044484 96.935290709322260
3891.45716518188 96.871286229489144
3948.059713044477 96.819282638640388
4005.4855639240527 96.766342957383955
4063.746693038744 96.732966131989002
4122.855249790247 96.783020149594478
4182.823560297375 96.897150460098743
4243.664129966465 96.975808625170927
4305.389646099183 97.058776022233900
4368.012980538242 97.135582459654856
4431.5471923516225 97.188116999486326
4496.00553055582 97.204334255092647
4561.401436878714 97.183299281560636
4627.748548562617 97.150319439432764
4695.060701208099 97.126037882186012
4763.351931659176 97.132768547021129
4832.63648093046 97.160708253367574
4902.928797176889 97.221132911059300
4974.243538706657 97.310584865721651
5046.595577037959 97.388227241690657
5120.000000000202 97.436785714285804
5194.472114880326 97.476230295037908
5270.027451614888 97.504444877621495
5346.6817660285715 97.495869620852318
5424.451043119808 97.483047477647432
5503.351500394186 97.509175750197102
5583.399591246343 97.569804662778239
5664.612008391055 97.715631557159710
5747.005687344222 97.950169621337579
5830.597809954497 98.231371959003710
5915.405807986278 98.466362472149427
6001.447366754812 98.529347041952207
6088.740428814181 98.396018048521825
6177.303197698925 98.249881414009067
6267.154141720092 98.212020255115519
6358.3119978165005 98.288682837390724
6450.795775462017 98.389295775462017
6544.624760629676 98.472414818078562
6639.818519813445 98.537992926689938
6736.396904108505 98.577867628493010
6834.380053350861 98.577248787195799
6933.788400317181 98.555755971946084
7034.642674985712 98.541728586001142
7136.963908859177 98.545371338126202
7240.773439350552 98.600865704957044
7346.092914232631 98.738088418766637
7452.944296152315 98.925564454554930
7561.349867210557 99.089232329586878
7671.332233608935 99.217214255283025
7782.914330363799 99.301544620193027
7896.119426088994 99.300649237462338
8010.971127848146 99.218083115263681
8127.49338607753 99.118908781157543
8245.710499580537 99.030700627236058
8365.647120594791 98.969676439702596
8487.328259932974 98.943270353428687
8610.77929219841 98.965002179976324
8736.025961076528 98.953166135410115
8863.094384703289 98.864445360418472
8992.011061111683 98.726074794406799
9122.802873757471 98.567121664256746
9255.497097125279 98.430622334612195
9390.121402416245 98.288685945395855
9526.7038633184 98.183653647838554
9665.272961860968 98.152915394540273
9805.857594353829 98.180132059149699
9948.487077413367 98.281128528703590
10093.19115407597 98.470180359311428
10240.000000000457 98.658800000000525
10388.944229760706 98.816038281980127
10540.05490322983 98.954486055043873
10693.363532057198 99.028039977052586
10848.902086239672 98.991048956880164
11006.703000788428 98.918150543400145
11166.799182492743 98.866655927421533
11329.224016782166 98.925842608810626
11494.0113746885 99.121141825060079
11661.195619909053 99.579149613655687
11830.811615972614 100.111011942865844
12002.894733509682 100.663994422489765
12177.48085762842 101.093790226528142
12354.606395397908 101.173025610475293
12534.308283440243 100.916514019604818
12716.62399563306 100.255188179258212
12901.591550924093 99.375623714129603
13089.249521259411 98.430095626454374
13279.637039626952 97.483760357809274
13472.793808217073 96.566240389324719
13668.760106701786 95.677189425443800
13867.576800634426 94.781464123070535
14069.285349971487 93.776805638911810
14273.927817718419 92.615459634447973
14481.54687870117 91.159908606154829
14692.18582846533 89.572537650174382
14905.888592304698 88.648939369193954
15122.699734421185 89.034274930817986
15342.664467217943 90.549314088157004
15565.828660727671 92.365603796339386
15792.238852178061 93.770622281130244
16021.942255696367 94.690366400152328
16254.986772155136 95.312369231782128
16491.42099916115 96.041059519414659
16731.294241189662 97.036160282102301
16974.65651986603 97.865751402431997
17221.558584396902 97.846810582502243
17472.051922153143 96.572689186014443
17726.188769406665 94.200516702586384
17984.022122223458 91.353004850519540
18245.605747515034 88.655567453485816
18510.99419425065 86.374252904487719
18780.242804832582 84.417833243212726
19053.40772663689 82.756784405142326
19330.545923722028 81.373792476385859
19611.71518870775 80.205557168949213
19896.974154826825 79.213006911315546
20186.382308152035 78.255323533068406
