20 59.030000000000001
20.290906698750476 58.993000043336650
20.586044732869844 58.939499842790831
20.885475648548283 58.871499839304896
21.189261887185914 58.798000026641830
21.49746679841394 58.760500012382522
21.810154653305165 58.801000173611754
22.12739065777668 58.890500192806158
22.449240966187475 58.983499705552234
22.77577269513385 59.073500187426646
23.107053937445478 59.162499983254975
23.44315377638505 59.251500205658857
23.784142300054445 59.342500086178021
24.130090616010463 59.448499875026442
24.481070866093134 59.584999945258488
24.837156241469714 59.746000113369206
25.1984209978975 59.917499998990991
25.56494047120865 60.096999738365859
25.936791093020236 60.286500569914409
26.3140504066728 60.485499683450172
26.69679708340074 60.695500607623295
27.08511093873791 60.910499419968225
27.47907294916184 61.109999975184088
27.878765268980047 61.279500102521339
28.284271247461966 61.430500089948850
28.695675446220072 61.582500179182439
29.11306365684382 61.759499846811124
29.536522918790062 62.006999305468540
29.966141537533712 62.394000626282676
30.402009102982383 62.932498829108638
30.844216508158908 63.565999281864094
31.29285596815558 64.217499954311961
31.74802103936409 64.804501102337369
32.20980663898519 65.252498801835685
32.67830906482211 65.550999470951979
33.153626015361866 65.748000314862509
33.63585661014871 65.880999905753640
34.125101410453844 65.948999838135720
34.62146244024586 65.960499993737869
35.12504320746613 65.952999978652599
35.635948725613716 65.939499943801422
36.15428553564419 65.889499921285918
36.68016172818701 65.810499908223221
37.21368696608603 65.762500055996412
37.754972507267915 65.874499516383395
38.30413122794313 66.248000215569050
38.86127764614443 66.797498610213353
39.4265279456077 67.371998955443630
40.000000000000206 67.829000000000107
40.58181339750116 68.081999791571448
41.1720894657399 68.185000050734033
41.77095129709678 68.254500179977953
42.37852377437204 68.343999809049649
42.9949335968281 68.453999925704935
43.62030930661056 68.578500289353897
44.25478131555359 68.724000344589797
44.89848193237519 68.898499700878773
45.55154539026795 69.122000619139811
46.21410787489121 69.444999933772621
46.88630755277036 69.874000378264384
47.56828460010916 70.333500960901063
48.260181232021196 70.718500095538502
48.962141732186545 70.972999602288752
49.674312482939705 71.128999897274610
50.39684199579528 71.271999792274755
51.129880942417586 71.482499339951914
51.873582186040764 71.814500657859796
52.628100813345895 72.243499891296736
53.393594166801776 72.655500453858281
54.17022187747612 72.902999720605422
54.95814589832399 72.953999961653551
55.75753053796041 72.925000025963215
56.56854249492426 73.005000125566255
57.39135089244048 73.241000303644597
58.226127313687975 73.524999766530442
59.073045837580466 73.803499300380508
59.932283075067765 74.073500633085445
60.804018205965114 74.337499460694104
61.68843301631817 74.630499316135158
62.58571193631152 74.997999972841939
63.49604207872855 75.394000738658121
64.41961327797075 75.675499052338409
65.35661812964459 75.752999926745503
66.3072520307241 75.704000004290293
67.27171322029778 75.769000061685915
68.25020282090806 76.101998727749432
69.2429248804921 76.541498644247639
70.25008641493265 76.843500379509479
71.27189745122783 76.976500118016844
72.30857107128878 77.070500008911452
73.36032345637442 77.219000445898587
74.42737393217246 77.424999577130592
75.50994501453623 77.691498965565401
76.60826245588666 78.017500434034844
77.72255529228926 78.330499549523864
78.85305589121582 78.545499654292186
80.00000000000082 78.698500000000124
81.16362679500274 78.899499769903230
82.34417893148023 79.167500451550410
83.541902594194 79.442000339703441
84.75704754874454 79.693499507549973
85.98986719365665 79.921499855972172
87.24061861322157 80.126000415428933
88.50956263110764 80.331500463555415
89.79696386475084 80.566499407918855
91.10309078053635 80.828500564386061
92.42821574978288 81.098000148887053
93.77261510554118 81.361000203368320
95.13656920021877 81.605000536155018
96.52036246404286 81.836499910467609
97.92428346437356 82.071999569896064
99.34862496587989 82.317999994080537
100.79368399159105 82.569499651021701
102.25976188483567 82.816499314780685
103.74716437208203 83.052000367581215
105.25620162669229 83.286999785092235
106.78718833360406 83.529500367911766
108.34044375495276 83.773999647156415
109.9162917966485 84.019000280831705
111.51506107592134 84.269000167096863
113.13708498984903 84.518499998453564
114.78270178488147 84.762500262872607
116.45225462737648 85.009499944626242
118.14609167516147 85.262499503220070
119.86456615013608 85.513000422512846
121.60803641193078 85.740499544768483
123.3768660326369 85.958499630588591
125.17142387262359 86.203499841632478
126.99208415745765 86.465500435751821
128.83922655594208 86.713499158784558
130.71323625928977 86.944499301030078
132.61450406144883 87.174000256344954
134.5434264405962 87.415999929203437
136.50040564181674 87.662499200391409
138.48584976098482 87.901499379504713
140.50017282986593 88.127500533685804
142.5437949024563 88.356000220096206
144.61714214257822 88.598500016598507
146.7206469127495 88.840000533692162
148.8547478643456 89.068499563614296
151.01989002907314 89.284999313484775
153.216524911774 89.491000268813437
155.4451105845792 89.699999674741321
157.70611178243232 89.928499566936352
160.00000000000236 90.161500000000217
162.3272535900062 90.372999876849150
164.6883578629612 90.554500275138295
167.08380518838874 90.726000318253483
169.51409509748981 90.917499681598315
171.97973438731407 91.122999866399596
174.4812372264439 91.305500322422745
177.01912526221608 91.455500331964174
179.5939277295025 91.588999732814685
182.20618156107355 91.708500186540903
184.85643149956664 91.813500052054522
187.54523021108326 91.900500083877986
190.27313840043846 91.967000141582091
193.04072492808663 92.027999976459171
195.84856692874806 92.097499870429061
198.69724993176072 92.172499998185998
201.58736798318304 92.243999905831217
204.5195237696723 92.306499847666089
207.49432874416505 92.379500140406492
210.5124032533856 92.470999945795995
213.57437666720915 92.560500144641352
216.68088750990657 92.636999869691692
219.83258359329807 92.707500057791577
223.03012215184378 92.780500028151721
226.2741699796992 92.859499999507406
229.5654035697641 92.936500108507687
232.90450925475412 93.017499981542116
236.2921833503241 93.104999802004556
239.72913230027333 93.189000139628661
243.21607282386276 93.269499827750167
246.75373206527502 93.357999851232535
250.34284774524843 93.439999951175281
253.9841683149166 93.501500113271845
257.67845311188546 93.560499771505718
261.42647251858085 93.622999824455007
265.22900812289896 93.682500057918958
269.08685288119375 93.735999998373671
273.0008112836349 93.787499838135915
276.97169952197106 93.831999886943720
281.00034565973334 93.873000097249388
285.0875898049141 93.914000047680332
289.23428428515797 93.953500010423923
293.44129382550057 93.986500071621037
297.7094957286928 94.017499947378610
302.0397800581479 94.045999907170994
306.4330498235497 94.067500027536980
310.89022116916016 94.088999966405197
315.41222356486645 94.108499967234053
320.00000000000654 94.131500000000031
324.6545071800142 94.156499985511672
329.3767157259242 94.172000016907731
334.16761037677935 94.185000022847390
339.02819019498156 94.199999975999873
343.95946877463007 94.209999993169873
348.9624744528898 94.211500011322684
354.03825052443415 94.216500011230110
359.187855459007 94.219499997960412
364.4123631221491 94.216499993091077
369.71286299913527 94.213499997201353
375.0904604221685 94.206499975191008
380.54627680087896 94.179499903713406
386.08144985617537 94.130500010912840
391.6971338574982 94.078500088180206
397.3944998635236 94.057000001788793
403.1747359663683 94.078499958454955
409.0390475393468 94.110999923833077
414.9886574883323 94.131000020926422
421.0248065067734 94.141499993324601
427.1487533344206 94.141499993322526
433.3617750198154 94.137000008804620
439.6651671865984 94.131499994174590
446.06024430368984 94.124999996792837
452.54833995940066 94.115000000068591
459.13080713953053 94.105499989011889
465.8090185095106 94.100000001114751
472.58436670065066 94.099999995794221
479.45826460054917 94.100499996373273
486.432145647728 94.098000005723151
493.50746413055253 94.097999998187632
500.6856954904994 94.104499996589965
507.9683366298358 94.106999985188864
515.3569062237735 94.096000052441312
522.8529450371643 94.083500030650725
530.4580162458005 94.078999998927429
538.1737057623901 94.078000000030684
546.0016225672724 94.088999951440798
553.9433990439449 94.115499923752736
562.0006913194694 94.150000102283144
570.1751796098309 94.192500048970246
578.4685685703187 94.240000009739958
586.8825876510039 94.292500124759243
595.4189914573883 94.347999903244585
604.0795601162986 94.404499807465754
612.8660996471021 94.460500063531128
621.780442338323 94.509499926253511
630.8244471297356 94.548999930061214
640.0000000000159 94.584500000000062
649.3090143600314 94.616499977257106
658.7534314518515 94.650000052132185
668.3352207535618 94.687000056923978
678.0563803899662 94.721999943999720
687.9189375492632 94.755999975159682
697.9249489057827 94.787500073632955
708.0765010488715 94.822000082021390
718.3757109180171 94.857499926575059
728.8247262443015 94.891500065588531
739.425725998274 94.927500021269623
750.1809208443404 94.965000042529695
761.0925536017613 95.001500082523336
772.1628997123541 95.038999988755478
783.3942677149998 95.080999926432128
794.7889997270506 95.119499995881483
806.34947193274 95.150499961040651
818.0780950786972 95.183999913573643
829.9773149766683 95.220500056464999
842.0496130135506 95.254999974040132
854.2975066688449 95.292500066505227
866.7235500396347 95.329499936606808
879.3303343732008 95.362500032039776
892.1204886073838 95.397500016480421
905.0966799188055 95.434999999769317
918.2616142790653 95.472500053233375
931.6180370190256 95.515499983278673
945.1687334013056 95.558999911678754
958.9165292011028 95.586500048960716
972.8642912954606 95.618999924792135
987.0149282611097 95.669499903944370
1001.3713909810035 95.717499974955118
1015.9366732596762 95.756500068501538
1030.7138124475518 95.795499849186442
1045.7058900743334 95.844499851649800
1060.916032491606 95.905500069717291
1076.3474115247852 95.969499998066880
1092.0032451345498 96.027999821949578
1107.8867980878947 96.083499846559022
1124.0013826389438 96.154000192232616
1140.350359219667 96.235000084395551
1156.9371371406426 96.316000015921119
1173.765175302013 96.403500207144646
1190.837982914782 96.497499831440820
1208.1591202326028 96.599499642436470
1225.73219929421 96.706000130658410
1243.5608846766518 96.814499829044308
1261.648894259477 96.924999804171435
1280.0000000000375 97.046000000000262
1298.6180287200684 97.175999906896294
1317.5068629037087 97.309000187394091
1336.6704415071292 97.444500230948790
1356.112760779938 97.588999757265299
1375.8378750985323 97.741999875496106
1395.8498978115715 97.903500357336455
1416.153002097749 98.070000403076605
1436.7514218360407 98.244999628344232
1457.6494524886093 98.426500324298900
1478.8514519965543 98.600500092914700
1500.3618416886875 98.767000205560251
1522.1851072035295 98.944000391120710
1544.3257994247153 99.120999948216095
1566.788535430007 99.281999731391778
1589.5779994541087 99.435499975814835
1612.6989438654878 99.591499793372137
1636.156190157402 99.733999649210716
1659.9546299533442 99.853000169395045
1684.099226027109 99.948499937660671
1708.5950133376978 100.011000064970659
1733.4471000792773 100.041999957737886
1758.6606687464096 100.033999955279882
1784.2409772147755 99.972499959707591
1810.193359837619 99.859499995530129
1836.5232285581387 99.710499760865730
1863.2360740380593 99.518000076546485
1890.3374668026197 99.266000561470690
1917.833058402214 98.962999403404396
1945.7285825909298 98.624500688745670
1974.0298565222283 98.246500687762207
2002.7427819620161 97.836000232082469
2031.8733465193618 97.408499168560070
2061.4276248951132 96.964001647913818
2091.411780148677 96.504501305501620
2121.832064983222 96.024999446348517
2152.694823049581 95.514000015986511
2184.0064902691106 94.967001790215733
2215.7735961758003 94.423501445575326
2248.002765277899 93.917998863637507
2280.7007184393456 93.460499548848333
2313.874274281297 93.033499923953144
2347.530350604038 92.636499172009778
2381.6759658295764 92.290000569792397
2416.318240465218 92.015500869383814
2451.4643985884327 91.821999839282967
2487.1217693533167 91.717500123467971
2523.2977885189675 91.728999924815838
2560.0000000000887 91.852000000000459
2597.236057440151 92.071999823742686
2635.0137258074315 92.434500681945622
2673.340883014273 92.951000969334501
2712.225521559891 93.568498944847335
2751.6757501970797 94.266999440622641
2791.699795623158 95.046001815834586
2832.3060041955137 95.883501989605207
2873.502843672097 96.730498235679377
2915.2989049772345 97.582501532221514
2957.7029039931244 98.416000433410275
3000.723683377391 99.215500893116371
3044.370214407075 99.973001552010857
3088.6515988494466 100.646999823653033
3133.57707086003 101.185999141138240
3179.1559989082334 101.562499948219056
3225.3978877309914 101.757999803291455
3272.3123803148205 101.775000068632664
3319.9092599067053 101.630499593119652
3368.198452054235 101.357500210832910
3417.190026675413 100.995999292452055
3466.8942001585724 100.576000750317021
3517.3213374928373 100.127999574775060
3568.4819544295697 99.683999829744636
3620.386719675257 99.256499994607694
3673.0464571162966 98.841499469184242
3726.472148076138 98.444500145289553
3780.6749336052594 98.068500784869428
3835.6661168044484 97.715999387084025
3891.45716518188 97.384000639381981
3948.059713044477 97.075000538480367
4005.4855639240527 96.795500150825688
4063.746693038744 96.555999600305455
4122.855249790247 96.346500764913770
4182.823560297375 96.152500532915269
4243.664129966465 95.982499841971688
4305.389646099183 95.846500003958226
4368.012980538242 95.739500320490677
4431.5471923516225 95.664000181985898
4496.00553055582 95.607999872669069
4561.401436878714 95.557999967231524
4627.748548562617 95.539500004448797
4695.060701208099 95.574500167703889
4763.351931659176 95.657999838065280
4832.63648093046 95.767499606271144
4902.928797176889 95.893500174639570
4974.243538706657 96.048999735651961
5046.595577037959 96.248499635713628
5120.000000000202 96.484000000000691
5194.472114880326 96.748999805264191
5270.027451614888 97.055000474825874
5346.6817660285715 97.397000566336942
5424.451043119808 97.749499415455432
5503.351500394186 98.114499712920519
5583.399591246343 98.498000838920106
5664.612008391055 98.877500860053260
5747.005687344222 99.239499258918002
5830.597809954497 99.581500581187555
5915.405807986278 99.889000141609387
6001.447366754812 100.135500216618425
6088.740428814181 100.296000145708007
6177.303197698925 100.320500004839161
6267.154141720092 100.148500383999107
6358.3119978165005 99.780000064183426
6450.795775462017 99.252500741947472
6544.624760629676 98.611501685313257
6639.818519813445 97.919998826868053
6736.396904108505 97.218000498952307
6834.380053350861 96.522498833941313
6933.788400317181 95.857001136790956
7034.642674985712 95.248999460620496
7136.963908859177 94.697499795225681
7240.773439350552 94.207499994247186
7346.092914232631 93.773999470705064
7452.944296152315 93.387000139344053
7561.349867210557 93.060500659714464
7671.332233608935 92.791999568101716
7782.914330363799 92.568000415717208
7896.119426088994 92.401500269680611
8010.971127848146 92.291000053691889
8127.49338607753 92.232999954751548
8245.710499580537 92.212000066514236
8365.647120594791 92.165000189473631
8487.328259932974 92.017999794867777
8610.77929219841 91.855500005348176
8736.025961076528 91.937499421951046
8863.094384703289 92.388998566688215
8992.011061111683 93.053501807119844
9122.802873757471 93.805000819212410
9255.497097125279 94.574500146810408
9390.121402416245 95.269501316702502
9526.7038633184 95.795999178137862
9665.272961860968 96.087999212542385
9805.857594353829 96.147999912680191
9948.487077413367 96.039000232126568
10093.19115407597 95.782500515204902
10240.000000000457 95.342499999998168
10388.944229760706 94.698500492525014
10540.05490322983 93.906998830547252
10693.363532057198 93.085498751019799
10848.902086239672 92.345001172391349
11006.703000788428 91.759000424310130
11166.799182492743 91.377499520304099
11329.224016782166 91.201999834046063
11494.0113746885 91.146500083276251
11661.195619909053 91.126499970849522
11830.811615972614 91.109499982648586
12002.894733509682 91.068499916182191
12177.48085762842 90.987999746766405
12354.606395397908 90.838500051341683
12534.308283440243 90.548500554473932
12716.62399563306 90.239000043075265
12901.591550924093 89.735500819207061
13089.249521259411 88.523003558730380
13279.637039626952 86.766997056297086
13472.793808217073 85.035001197402210
13668.760106701786 83.441997392706057
13867.576800634426 81.933502613051942
14069.285349971487 80.391498581631225
14273.927817718419 78.989499625254624
14481.54687870117 78.212499992081973
14692.18582846533 77.727998978203985
14905.888592304698 76.743000444785864
15122.699734421185 75.265503132675150
15342.664467217943 74.633000448299583
15565.828660727671 74.963999180387049
15792.238852178061 75.257499564224787
16021.942255696367 75.421999929316627
16254.986772155136 75.391499726623920
16491.42099916115 75.294000184551038
16731.294241189662 75.295000002827976
16974.65651986603 74.763498313966139
17221.558584396902 72.774000094638524
17472.051922153143 68.656015045417831
17726.188769406665 63.318013162380552
17984.022122223458 61.289999564136352
18245.605747515034 60.864498868791351
18510.99419425065 59.682499710600062
18780.242804832582 58.178496441956540
19053.40772663689 56.683502467371255
19330.545923722028 55.922501480917646
19611.71518870775 56.917502888831265
19896.974154826825 59.644495126534046
20186.382308152035 63.008494235604132
