20 62.622999999999998
20.290906698750476 62.587606233672801
20.586044732869844 62.556465298164341
20.885475648548283 62.534540911854037
21.189261887185914 62.523375867695599
21.49746679841394 62.518172492960971
21.810154653305165 62.512042997886283
22.12739065777668 62.492831032411203
22.449240966187475 62.463926967746985
22.77577269513385 62.422518213900531
23.107053937445478 62.376690822622784
23.44315377638505 62.330674169607448
23.784142300054445 62.283259722242242
24.130090616010463 62.231902250472515
24.481070866093134 62.172859904468950
24.837156241469714 62.108397602917663
25.1984209978975 62.044020404110057
25.56494047120865 61.985995924092578
25.936791093020236 61.935743052389753
26.3140504066728 61.889623942601290
26.69679708340074 61.841908371866410
27.08511093873791 61.791935658178545
27.47907294916184 61.746650849655779
27.878765268980047 61.713289517998945
28.284271247461966 61.690286437626902
28.695675446220072 61.664824341533489
29.11306365684382 61.626849469982929
29.536522918790062 61.568791103805687
29.966141537533712 61.495755938619268
30.402009102982383 61.425222075013849
30.844216508158908 61.367415175099666
31.29285596815558 61.317267983423278
31.74802103936409 61.266725601512491
32.20980663898519 61.209676103736996
32.67830906482211 61.142148858693290
33.153626015361866 61.062271935127335
33.63585661014871 60.970192821360115
34.125101410453844 60.873105630603320
34.62146244024586 60.782308934441154
35.12504320746613 60.705994296614470
35.635948725613716 60.638146922042147
36.15428553564419 60.565702884117727
36.68016172818701 60.485755093859197
37.21368696608603 60.408934381374905
37.754972507267915 60.343042449471071
38.30413122794313 60.277505247176187
38.86127764614443 60.192679743764764
39.4265279456077 60.095173945225099
40.000000000000206 60.022999999999996
40.58181339750116 59.999242540410506
41.1720894657399 59.978000158310195
41.77095129709678 59.906582561966601
42.37852377437204 59.779857045373603
42.9949335968281 59.643876907628773
43.62030930661056 59.520774164862154
44.25478131555359 59.409206125648737
44.89848193237519 59.293442510426878
45.55154539026795 59.171258661089588
46.21410787489121 59.053013275163735
46.88630755277036 58.960882775001622
47.56828460010916 58.883427916088479
48.260181232021196 58.789209180324377
48.962141732186545 58.666065763163374
49.674312482939705 58.539138469626032
50.39684199579528 58.421245334091282
51.129880942417586 58.309931557059784
51.873582186040764 58.204765944820203
52.628100813345895 58.098193012189455
53.393594166801776 57.987920767798201
54.17022187747612 57.880842205614272
54.95814589832399 57.773359665863694
55.75753053796041 57.644719860071554
56.56854249492426 57.506563504615414
57.39135089244048 57.378602225950772
58.226127313687975 57.262568303397373
59.073045837580466 57.145138811926643
59.932283075067765 57.029141784865850
60.804018205965114 56.925020566830497
61.68843301631817 56.817907527331428
62.58571193631152 56.702116445964862
63.49604207872855 56.582522445607836
64.41961327797075 56.450120715358594
65.35661812964459 56.309251770914578
66.3072520307241 56.194458959495989
67.27171322029778 56.111915530851419
68.25020282090806 56.009848937513311
69.2429248804921 55.881919765536026
70.25008641493265 55.753614673415541
71.27189745122783 55.637761895956515
72.30857107128878 55.538031462691919
73.36032345637442 55.435607330906180
74.42737393217246 55.332963720036645
75.50994501453623 55.238229610159664
76.60826245588666 55.140214871194914
77.72255529228926 55.034271698031567
78.85305589121582 54.927012598399493
80.00000000000082 54.829999999999941
81.16362679500274 54.751454994974800
82.34417893148023 54.678588966703600
83.541902594194 54.586449446499756
84.75704754874454 54.481062083954129
85.98986719365665 54.391446460302255
87.24061861322157 54.315363323609205
88.50956263110764 54.231448554939462
89.79696386475084 54.157208417132701
91.10309078053635 54.074258542320052
92.42821574978288 53.937620156668842
93.77261510554118 53.862453661812822
95.13656920021877 53.826264834237037
96.52036246404286 53.768988894955726
97.92428346437356 53.692390308599371
99.34862496587989 53.602153703894714
100.79368399159105 53.505823172563396
102.25976188483567 53.408355715600848
103.74716437208203 53.312535449418490
105.25620162669229 53.225479212539305
106.78718833360406 53.144566206652584
108.34044375495276 53.058193966376109
109.9162917966485 52.958795592591528
111.51506107592134 52.852713753937010
113.13708498984903 52.752275014317377
114.78270178488147 52.660089267112824
116.45225462737648 52.570936294814615
118.14609167516147 52.479049235408894
119.86456615013608 52.385524494924894
121.60803641193078 52.294378124997621
123.3768660326369 52.207623586151527
125.17142387262359 52.120385936695818
126.99208415745765 52.035028156809432
128.83922655594208 51.952673479078513
130.71323625928977 51.871555630490747
132.61450406144883 51.795224227772479
134.5434264405962 51.728289636951665
136.50040564181674 51.668738033566406
138.48584976098482 51.609195732528974
140.50017282986593 51.544327399507935
142.5437949024563 51.474163041682331
144.61714214257822 51.407155736973138
146.7206469127495 51.342348204469864
148.8547478643456 51.277857564069635
151.01989002907314 51.216370925226656
153.216524911774 51.160233317064488
155.4451105845792 51.108796589256173
157.70611178243232 51.059424318430004
160.00000000000236 51.008499999999948
162.3272535900062 50.960093125327873
164.6883578629612 50.920610931047435
167.08380518838874 50.887160249437919
169.51409509748981 50.850080116479162
171.97973438731407 50.808448568538196
174.4812372264439 50.772158926275068
177.01912526221608 50.741981972010734
179.5939277295025 50.710116510608266
182.20618156107355 50.674554694457186
184.85643149956664 50.638452531605893
187.54523021108326 50.607439145382571
190.27313840043846 50.573066807033683
193.04072492808663 50.534078720920490
195.84856692874806 50.499835477169519
198.69724993176072 50.472182550559566
201.58736798318304 50.450123862787187
204.5195237696723 50.428856825689067
207.49432874416505 50.411275520651259
210.5124032533856 50.402231395119927
213.57437666720915 50.398425623332791
216.68088750990657 50.392973335918924
219.83258359329807 50.385460395118429
223.03012215184378 50.375530868275490
226.2741699796992 50.366814575050753
229.5654035697641 50.356021087505823
232.90450925475412 50.333684350340931
236.2921833503241 50.313159972867815
239.72913230027333 50.303278744636714
243.21607282386276 50.291500663189638
246.75373206527502 50.275138989198105
250.34284774524843 50.253557209815099
253.9841683149166 50.227612800756219
257.67845311188546 50.206348894606663
261.42647251858085 50.190365800860853
265.22900812289896 50.174026715477680
269.08685288119375 50.157710490396020
273.0008112836349 50.145998377432733
276.97169952197106 50.138299525836551
281.00034565973334 50.131399446944428
285.0875898049141 50.124964964078032
289.23428428515797 50.123306286285938
293.44129382550057 50.128161940738252
297.7094957286928 50.140254184623295
302.0397800581479 50.158443927783466
306.4330498235497 50.179759740813822
310.89022116916016 50.203896216430380
315.41222356486645 50.235256566162448
320.00000000000654 50.271500000000060
324.6545071800142 50.315717818210132
329.3767157259242 50.361891814114060
334.16761037677935 50.407175537541725
339.02819019498156 50.456893178027805
343.95946877463007 50.518869040947649
348.9624744528898 50.584804662778140
354.03825052443415 50.642516930716326
359.187855459007 50.694878554590069
364.4123631221491 50.749771049094775
369.71286299913527 50.805013775191007
375.0904604221685 50.857288297964615
380.54627680087896 50.904831840693376
386.08144985617537 50.946478293978842
391.6971338574982 50.977953523617956
397.3944998635236 51.000528449713400
403.1747359663683 51.004677193347348
409.0390475393468 51.000967460383876
414.9886574883323 50.992522685023332
421.0248065067734 50.980450386986455
427.1487533344206 50.968381556109030
433.3617750198154 50.950962456165783
439.6651671865984 50.922364533151764
446.06024430368984 50.891213839557473
452.54833995940066 50.860522802190815
459.13080713953053 50.831001483177758
465.8090185095106 50.805168435216714
472.58436670065066 50.782437080840722
479.45826460054917 50.759214521369543
486.432145647728 50.736760348492041
493.50746413055253 50.720125796273024
500.6856954904994 50.714757135808938
507.9683366298358 50.717488126236191
515.3569062237735 50.723162825844149
522.8529450371643 50.737952216981846
530.4580162458005 50.760074430844938
538.1737057623901 50.786459079514891
546.0016225672724 50.806360156196362
553.9433990439449 50.820658023446413
562.0006913194694 50.833401002413225
570.1751796098309 50.845017517960983
578.4685685703187 50.845846856857037
586.8825876510039 50.836364377288596
595.4189914573883 50.814117328190619
604.0795601162986 50.782426787027532
612.8660996471021 50.742517080310705
621.780442338323 50.693254615209582
630.8244471297356 50.637058648943750
640.0000000000159 50.576499999999896
649.3090143600314 50.513664153069783
658.7534314518515 50.455604068143707
668.3352207535618 50.413408833872722
678.0563803899662 50.390387239220068
687.9189375492632 50.384124318735218
697.9249489057827 50.401331135038006
708.0765010488715 50.431037153251502
718.3757109180171 50.468827701488465
728.8247262443015 50.519123631221504
739.425725998274 50.572128629991369
750.1809208443404 50.626814143799535
761.0925536017613 50.675916491207929
772.1628997123541 50.721824241123919
783.3942677149998 50.763848506354236
794.7889997270506 50.794643749431359
806.34947193274 50.807616490644250
818.0780950786972 50.804123223584227
829.9773149766683 50.787853934855249
842.0496130135506 50.756988886701443
854.2975066688449 50.708086843322988
866.7235500396347 50.648608949807922
879.3303343732008 50.589663045476577
892.1204886073838 50.538416842532435
905.0966799188055 50.491798705274036
918.2616142790653 50.447547675296974
931.6180370190256 50.408963987223132
945.1687334013056 50.380357322097609
958.9165292011028 50.355524551848021
972.8642912954606 50.331614276269221
987.0149282611097 50.314136621237182
1001.3713909810035 50.305454286967297
1015.9366732596762 50.306155230353596
1030.7138124475518 50.324978611498501
1045.7058900743334 50.357404433963708
1060.916032491606 50.401919854635331
1076.3474115247852 50.459844732381647
1092.0032451345498 50.521199162202294
1107.8867980878947 50.577025622971689
1124.0013826389438 50.622836905150606
1140.350359219667 50.662819333731960
1156.9371371406426 50.679603635454193
1173.765175302013 50.682551617281881
1190.837982914782 50.690752682450835
1208.1591202326028 50.700656671553176
1225.73219929421 50.709320175904793
1243.5608846766518 50.718060884676653
1261.648894259477 50.744303120241113
1280.0000000000375 50.777000000000065
1298.6180287200684 50.810512451696127
1317.5068629037087 50.844763039517048
1336.6704415071292 50.879506794712839
1356.112760779938 50.914502969403884
1375.8378750985323 50.957927112726622
1395.8498978115715 51.014653445989424
1416.153002097749 51.094573392108913
1436.7514218360407 51.189632820098225
1457.6494524886093 51.310079594479149
1478.8514519965543 51.441339799099119
1500.3618416886875 51.571511839789103
1522.1851072035295 51.692849196051625
1544.3257994247153 51.808607641020032
1566.788535430007 51.914555721560831
1589.5779994541087 52.008562637881937
1612.6989438654878 52.092176409142652
1636.156190157402 52.171038551322575
1659.9546299533442 52.246465704661901
1684.099226027109 52.314294018629397
1708.5950133376978 52.376315633077496
1733.4471000792773 52.439469286210880
1758.6606687464096 52.509135579489367
1784.2409772147755 52.591321976606082
1810.193359837619 52.691812111318001
1836.5232285581387 52.807698245080928
1863.2360740380593 52.931650662055830
1890.3374668026197 53.050417360571004
1917.833058402214 53.160192266600589
1945.7285825909298 53.261793754023714
1974.0298565222283 53.356298526523354
2002.7427819620161 53.453416884736257
2031.8733465193618 53.552869819093999
2061.4276248951132 53.644997349706316
2091.411780148677 53.728270624011103
2121.832064983222 53.798576344587666
2152.694823049581 53.869626260607113
2184.0064902691106 53.945015414389140
2215.7735961758003 54.021250970726314
2248.002765277899 54.100807189722538
2280.7007184393456 54.184930141405687
2313.874274281297 54.268879399417301
2347.530350604038 54.359961499221512
2381.6759658295764 54.465404989800383
2416.318240465218 54.583517636349207
2451.4643985884327 54.719930814283153
2487.1217693533167 54.868908971041819
2523.2977885189675 55.030796160117788
2560.0000000000887 55.206500000000446
2597.236057440151 55.396920202996796
2635.0137258074315 55.595321602962102
2673.340883014273 55.787286804694581
2712.225521559891 55.974441652768817
2751.6757501970797 56.164731441578375
2791.699795623158 56.356366524100579
2832.3060041955137 56.535884998166573
2873.502843672097 56.698285379403153
2915.2989049772345 56.842120627329876
2957.7029039931244 56.968719434222400
3000.723683377391 57.078212169657135
3044.370214407075 57.148515888220643
3088.6515988494466 57.187356684237756
3133.57707086003 57.207983694486508
3179.1559989082334 57.203753200327533
3225.3978877309914 57.170070281250531
3272.3123803148205 57.107353943889990
3319.9092599067053 57.025468776573533
3368.198452054235 56.927825544795802
3417.190026675413 56.808415027709628
3466.8942001585724 56.671351529548069
3517.3213374928373 56.524862774146563
3568.4819544295697 56.364770272205234
3620.386719675257 56.188146481136599
3673.0464571162966 56.007524833231571
3726.472148076138 55.831465518752552
3780.6749336052594 55.654430039108476
3835.6661168044484 55.478031666082522
3891.45716518188 55.314858688467439
3948.059713044477 55.158847915921157
4005.4855639240527 55.009928916007382
4063.746693038744 54.877444169038533
4122.855249790247 54.758575025398528
4182.823560297375 54.645462135236357
4243.664129966465 54.547682648268179
4305.389646099183 54.462262397381942
4368.012980538242 54.375748710255429
4431.5471923516225 54.303099974400659
4496.00553055582 54.239828033217336
4561.401436878714 54.181530361175817
4627.748548562617 54.133738298290567
4695.060701208099 54.098115108019158
4763.351931659176 54.068326823919293
4832.63648093046 54.045214514958076
4902.928797176889 54.031031091811712
4974.243538706657 54.028568265402996
5046.595577037959 54.037489336555694
5120.000000000202 54.052500000000052
5194.472114880326 54.077788845952128
5270.027451614888 54.111137696371884
5346.6817660285715 54.154176103767853
5424.451043119808 54.208338282339852
5503.351500394186 54.278183925374478
5583.399591246343 54.374834478839091
5664.612008391055 54.512301615103894
5747.005687344222 54.714196720792017
5830.597809954497 55.005395309048652
5915.405807986278 55.412252606711149
6001.447366754812 55.971922683642759
6088.740428814181 56.690172063201189
6177.303197698925 57.392798868538407
6267.154141720092 58.032148163696633
6358.3119978165005 58.586712147597723
6450.795775462017 59.031762679394276
6544.624760629676 59.337698816070294
6639.818519813445 59.493479315675941
6736.396904108505 59.502380646987234
6834.380053350861 59.400211725842304
6933.788400317181 59.268622861620969
7034.642674985712 59.156935885513434
7136.963908859177 59.073506474228793
7240.773439350552 59.029068515310406
7346.092914232631 59.029370905702343
7452.944296152315 59.069295755479970
7561.349867210557 59.133877413686861
7671.332233608935 59.200232728484913
7782.914330363799 59.246285058723089
7896.119426088994 59.243283566013076
8010.971127848146 59.152211943560047
8127.49338607753 58.944028566816307
8245.710499580537 58.605291068509615
8365.647120594791 58.126853144679458
8487.328259932974 57.528781091670695
8610.77929219841 56.829403811011630
8736.025961076528 56.063832846772250
8863.094384703289 55.278715452035215
8992.011061111683 54.503066782311379
9122.802873757471 53.758144769085405
9255.497097125279 53.057592791117415
9390.121402416245 52.415429726979269
9526.7038633184 51.832187336475279
9665.272961860968 51.311549549343539
9805.857594353829 50.864165203697027
9948.487077413367 50.498762624529704
10093.19115407597 50.230719693216670
10240.000000000457 50.059599999999598
10388.944229760706 49.989211154047865
10540.05490322983 50.016833260283775
10693.363532057198 50.119792637569191
10848.902086239672 50.285863809004411
11006.703000788428 50.504553819917859
11166.799182492743 50.787181298039727
11329.224016782166 51.192943644472734
11494.0113746885 51.726539811409751
11661.195619909053 52.423422542573185
11830.811615972614 53.120307377935390
12002.894733509682 53.719619927665448
12177.48085762842 54.140035331527876
12354.606395397908 54.239925232576368
12534.308283440243 54.148612012631666
12716.62399563306 53.857474088719329
12901.591550924093 53.391304924773920
13089.249521259411 52.837713912284741
13279.637039626952 52.145187230128563
13472.793808217073 51.342444330556901
13668.760106701786 50.546743804669887
13867.576800634426 49.874156972250574
14069.285349971487 49.400106524961480
14273.927817718419 49.078476779819219
14481.54687870117 48.900432106580617
14692.18582846533 48.791175829081197
14905.888592304698 48.643089338294601
15122.699734421185 48.414189739409728
15342.664467217943 48.126217640321343
15565.828660727671 47.863470217846967
15792.238852178061 47.735495834018565
16021.942255696367 47.833074485514217
16254.986772155136 48.251463676087290
16491.42099916115 49.079456339062347
16731.294241189662 50.093888290503202
16974.65651986603 50.901387124365932
17221.558584396902 51.072123433758762
17472.051922153143 50.436440698845736
17726.188769406665 49.272912927158515
17984.022122223458 48.063308423749774
18245.605747515034 47.193719801041347
18510.99419425065 46.779882511228550
18780.242804832582 46.316936280413131
19053.40772663689 45.146081742383416
19330.545923722028 43.110488073485783
19611.71518870775 40.686493502795742
19896.974154826825 39.512876024007369
20186.382308152035 39.448999999999998
