20 91.880499999999998
20.290906698750476 91.892621152851774
20.586044732869844 91.903011567278554
20.885475648548283 91.911588476708872
21.189261887185914 91.917785218459656
21.49746679841394 91.920987335210413
21.810154653305165 91.922449221987364
22.12739065777668 91.920703808388907
22.449240966187475 91.918343455972661
22.77577269513385 91.913989707363896
23.107053937445478 91.909572609409423
23.44315377638505 91.904614095013272
23.784142300054445 91.898086976123835
24.130090616010463 91.889597268510585
24.481070866093134 91.878162516374161
24.837156241469714 91.864556586391615
25.1984209978975 91.848571055094610
25.56494047120865 91.831871484135320
25.936791093020236 91.814502408069501
26.3140504066728 91.796487593636130
26.69679708340074 91.776922156767213
27.08511093873791 91.755201897900633
27.47907294916184 91.731406800380839
27.878765268980047 91.706577170688746
28.284271247461966 91.681090911409896
28.695675446220072 91.655563797780573
29.11306365684382 91.629876989618836
29.536522918790062 91.603089487359853
29.966141537533712 91.574734658522772
30.402009102982383 91.545359363260019
30.844216508158908 91.514765428862830
31.29285596815558 91.484723292109692
31.74802103936409 91.454382590362599
32.20980663898519 91.423442955187994
32.67830906482211 91.391874983592089
33.153626015361866 91.359246178924678
33.63585661014871 91.325490037289597
34.125101410453844 91.291117799857787
34.62146244024586 91.255876166742553
35.12504320746613 91.219996889062429
35.635948725613716 91.182667896853360
36.15428553564419 91.142811442684106
36.68016172818701 91.100906900016852
37.21368696608603 91.057691355747039
37.754972507267915 91.013737982639640
38.30413122794313 90.969065451536608
38.86127764614443 90.923694660061415
39.4265279456077 90.877061452064169
40.000000000000206 90.828999999999979
40.58181339750116 90.781000234706937
41.1720894657399 90.732302690063023
41.77095129709678 90.681944856477216
42.37852377437204 90.629085770253624
42.9949335968281 90.573543381766058
43.62030930661056 90.515437854193749
44.25478131555359 90.455692216401786
44.89848193237519 90.393813445915214
45.55154539026795 90.329271832170207
46.21410787489121 90.262030528967273
46.88630755277036 90.191937614905370
47.56828460010916 90.120330127231199
48.260181232021196 90.047801436101807
48.962141732186545 89.974788019328827
49.674312482939705 89.899011524789074
50.39684199579528 89.820843379011478
51.129880942417586 89.740713038172572
51.873582186040764 89.659172862278609
52.628100813345895 89.578014337974921
53.393594166801776 89.495696580856034
54.17022187747612 89.409982208051304
54.95814589832399 89.321295036767665
55.75753053796041 89.231626304973560
56.56854249492426 89.140254698073562
57.39135089244048 89.048255726385321
58.226127313687975 88.956917441092230
59.073045837580466 88.866793664135258
59.932283075067765 88.776144135580353
60.804018205965114 88.684086596548454
61.68843301631817 88.593522130467761
62.58571193631152 88.504152067064524
63.49604207872855 88.415383918363332
64.41961327797075 88.326426931953790
65.35661812964459 88.239260986461630
66.3072520307241 88.155729951373090
67.27171322029778 88.073268519664538
68.25020282090806 87.990483368685545
69.2429248804921 87.909201622239891
70.25008641493265 87.827868216427788
71.27189745122783 87.748335793706687
72.30857107128878 87.671245739474131
73.36032345637442 87.598358328422904
74.42737393217246 87.527507007442694
75.50994501453623 87.457703401671210
76.60826245588666 87.388719005110858
77.72255529228926 87.321259487171432
78.85305589121582 87.259258927101172
80.00000000000082 87.199999999999960
81.16362679500274 87.141333669086123
82.34417893148023 87.084051311279083
83.541902594194 87.028412298931897
84.75704754874454 86.973432887638722
85.98986719365665 86.920018093400813
87.24061861322157 86.870175707845050
88.50956263110764 86.822120682299385
89.79696386475084 86.771053766698216
91.10309078053635 86.720714747699645
92.42821574978288 86.672595270749525
93.77261510554118 86.626437506531460
95.13656920021877 86.580333873993879
96.52036246404286 86.533403320643231
97.92428346437356 86.487129226443415
99.34862496587989 86.440212555418725
100.79368399159105 86.392837550938566
102.25976188483567 86.346194127608484
103.74716437208203 86.298450348559669
105.25620162669229 86.248103226478165
106.78718833360406 86.196235596657459
108.34044375495276 86.143985208168232
109.9162917966485 86.092220479384522
111.51506107592134 86.041567723615685
113.13708498984903 85.993335076404279
114.78270178488147 85.946975715855046
116.45225462737648 85.902713234887216
118.14609167516147 85.859544367333200
119.86456615013608 85.818895805214709
121.60803641193078 85.780979247358204
123.3768660326369 85.745790478679297
125.17142387262359 85.710857229001903
126.99208415745765 85.678298597375715
128.83922655594208 85.651429281328689
130.71323625928977 85.628941164888516
132.61450406144883 85.608508585400870
134.5434264405962 85.589837448814336
136.50040564181674 85.571246146402729
138.48584976098482 85.552870277031616
140.50017282986593 85.537665860127291
142.5437949024563 85.528128957121879
144.61714214257822 85.517510003751468
146.7206469127495 85.507585024201347
148.8547478643456 85.498581008542615
151.01989002907314 85.488492593843006
153.216524911774 85.477347290388195
155.4451105845792 85.468075646129350
157.70611178243232 85.461005331722163
160.00000000000236 85.455499999999986
162.3272535900062 85.450845492819980
164.6883578629612 85.444810269556314
167.08380518838874 85.440249150660890
169.51409509748981 85.435874628824521
171.97973438731407 85.431040531225364
174.4812372264439 85.426037525547116
177.01912526221608 85.425000000000011
179.5939277295025 85.424581214454093
182.20618156107355 85.424058763687782
184.85643149956664 85.420229709600690
187.54523021108326 85.412337171240097
190.27313840043846 85.402789840158860
193.04072492808663 85.396351130086288
195.84856692874806 85.393321146456998
198.69724993176072 85.391042200054585
201.58736798318304 85.390000000000001
204.5195237696723 85.391772777731290
207.49432874416505 85.395492438325547
210.5124032533856 85.401533075342371
213.57437666720915 85.412584695002437
216.68088750990657 85.427569326610794
219.83258359329807 85.441788480271526
223.03012215184378 85.451969131724525
226.2741699796992 85.459927368289357
229.5654035697641 85.464920538093025
232.90450925475412 85.468404509254754
236.2921833503241 85.472792183350322
239.72913230027333 85.476229132300276
243.21607282386276 85.478027009102988
246.75373206527502 85.478469216508159
250.34284774524843 85.480585711936314
253.9841683149166 85.481496042078732
257.67845311188546 85.480120580083053
261.42647251858085 85.479143381870358
265.22900812289896 85.479643130076809
269.08685288119375 85.482072377400996
273.0008112836349 85.484875304231366
276.97169952197106 85.486728774641477
281.00034565973334 85.490800622187521
285.0875898049141 85.498271528395236
289.23428428515797 85.511126281283993
293.44129382550057 85.526232787154356
297.7094957286928 85.545276529070591
302.0397800581479 85.569758570377957
306.4330498235497 85.601558890284480
310.89022116916016 85.638094324645579
315.41222356486645 85.676168789727313
320.00000000000654 85.717000000000070
324.6545071800142 85.763079621082142
329.3767157259242 85.812017843549626
334.16761037677935 85.866427519332959
339.02819019498156 85.920712911164287
343.95946877463007 85.977033890908245
348.9624744528898 86.033775961317659
354.03825052443415 86.085074855139453
359.187855459007 86.133028270222866
364.4123631221491 86.184182394909271
369.71286299913527 86.237599916291259
375.0904604221685 86.287094454202816
380.54627680087896 86.322946961834347
386.08144985617537 86.351274669338409
391.6971338574982 86.372233539367329
397.3944998635236 86.386155049877175
403.1747359663683 86.384267018711512
409.0390475393468 86.373915396998086
414.9886574883323 86.360028356279173
421.0248065067734 86.342345292441536
427.1487533344206 86.320942174995920
433.3617750198154 86.296856085335747
439.6651671865984 86.268674164066994
446.06024430368984 86.234981908228477
452.54833995940066 86.197219628235473
459.13080713953053 86.160280560732588
465.8090185095106 86.125772325661586
472.58436670065066 86.094370349847068
479.45826460054917 86.064074704240454
486.432145647728 86.033941773714758
493.50746413055253 86.010583151008944
500.6856954904994 85.993757176923481
507.9683366298358 85.980557389858419
515.3569062237735 85.972423520094907
522.8529450371643 85.971479781583412
530.4580162458005 85.975900764215083
538.1737057623901 85.982710928425760
546.0016225672724 85.992216255974540
553.9433990439449 86.000714624402463
562.0006913194694 86.003399619774285
570.1751796098309 85.998693435682810
578.4685685703187 85.984180005001946
586.8825876510039 85.957755072604044
595.4189914573883 85.920717891431664
604.0795601162986 85.875297501838546
612.8660996471021 85.822413087932503
621.780442338323 85.760083951702086
630.8244471297356 85.691687647735364
640.0000000000159 85.626999999999896
649.3090143600314 85.567887758813811
658.7534314518515 85.515356127014826
668.3352207535618 85.468490940382907
678.0563803899662 85.433913944713112
687.9189375492632 85.414037806166249
697.9249489057827 85.414858721898185
708.0765010488715 85.436595077674625
718.3757109180171 85.477515556947480
728.8247262443015 85.531271049094784
739.425725998274 85.587456347790862
750.1809208443404 85.643404604221701
761.0925536017613 85.697962768008807
772.1628997123541 85.745106002640256
783.3942677149998 85.779277095089810
794.7889997270506 85.789237000090992
806.34947193274 85.759456498963743
818.0780950786972 85.684940147819844
829.9773149766683 85.572026618533954
842.0496130135506 85.430042369579496
854.2975066688449 85.278071794418139
866.7235500396347 85.134312674574687
879.3303343732008 85.003928790017270
892.1204886073838 84.888263797976492
905.0966799188055 84.779938922312837
918.2616142790653 84.677556230270156
931.6180370190256 84.577119262242661
945.1687334013056 84.475734499490216
958.9165292011028 84.373740597141861
972.8642912954606 84.283307108082141
987.0149282611097 84.235803665718379
1001.3713909810035 84.214797244351303
1015.9366732596762 84.173753747889464
1030.7138124475518 84.106558404270743
1045.7058900743334 84.035569821573020
1060.916032491606 83.974660299276024
1076.3474115247852 83.927856039775506
1092.0032451345498 83.892744726656360
1107.8867980878947 83.869663071770020
1124.0013826389438 83.865165860127291
1140.350359219667 83.847794426389640
1156.9371371406426 83.782724438060654
1173.765175302013 83.717432209899329
1190.837982914782 83.666403969732713
1208.1591202326028 83.620835982408551
1225.73219929421 83.588992258251963
1243.5608846766518 83.562296843952424
1261.648894259477 83.548510663444304
1280.0000000000375 83.551500000000061
1298.6180287200684 83.574905521819517
1317.5068629037087 83.599761666936303
1336.6704415071292 83.634840316788186
1356.112760779938 83.680879082930346
1375.8378750985323 83.747912297232176
1395.8498978115715 83.839079509495548
1416.153002097749 83.949995245150660
1436.7514218360407 84.066314318919538
1457.6494524886093 84.184336933936208
1478.8514519965543 84.303145160220623
1500.3618416886875 84.424142102797020
1522.1851072035295 84.553335834644898
1544.3257994247153 84.684408732594321
1566.788535430007 84.808993862030633
1589.5779994541087 84.919684117521655
1612.6989438654878 85.020589543112351
1636.156190157402 85.125157217542935
1659.9546299533442 85.243458631351785
1684.099226027109 85.372453836025841
1708.5950133376978 85.504413072023567
1733.4471000792773 85.641993180459821
1758.6606687464096 85.792908639852243
1784.2409772147755 85.957490449617524
1810.193359837619 86.127552971747775
1836.5232285581387 86.294713552489299
1863.2360740380593 86.459004773112923
1890.3374668026197 86.625478795504137
1917.833058402214 86.795208300925680
1945.7285825909298 86.972992071885585
1974.0298565222283 87.161500038698932
2002.7427819620161 87.355830926112802
2031.8733465193618 87.549645970862031
2061.4276248951132 87.732399524419634
2091.411780148677 87.897276544713648
2121.832064983222 88.042744292424501
2152.694823049581 88.178929053825073
2184.0064902691106 88.312126123333172
2215.7735961758003 88.437425515229023
2248.002765277899 88.561010369792115
2280.7007184393456 88.685767837835414
2313.874274281297 88.820271951981454
2347.530350604038 88.973022200429597
2381.6759658295764 89.150008316333981
2416.318240465218 89.338794263907545
2451.4643985884327 89.534700632095223
2487.1217693533167 89.739803802007117
2523.2977885189675 89.965105846521396
2560.0000000000887 90.205750000000592
2597.236057440151 90.452180725514978
2635.0137258074315 90.697588302694470
2673.340883014273 90.942506368178314
2712.225521559891 91.189632061905314
2751.6757501970797 91.434993704344436
2791.699795623158 91.668773824833153
2832.3060041955137 91.882229801522982
2873.502843672097 92.077587654340832
2915.2989049772345 92.255777685610298
2957.7029039931244 92.418843931656482
3000.723683377391 92.565309208443480
3044.370214407075 92.670783690678462
3088.6515988494466 92.730053293978870
3133.57707086003 92.753420700786251
3179.1559989082334 92.742213560534964
3225.3978877309914 92.706094154514389
3272.3123803148205 92.649985791362397
3319.9092599067053 92.576260609965132
3368.198452054235 92.483327374521764
3417.190026675413 92.370853033044710
3466.8942001585724 92.240520471549658
3517.3213374928373 92.093843134021782
3568.4819544295697 91.935357745825371
3620.386719675257 91.768447028252154
3673.0464571162966 91.597368549800876
3726.472148076138 91.422141911348746
3780.6749336052594 91.246559319131777
3835.6661168044484 91.073688327250565
3891.45716518188 90.908444757384473
3948.059713044477 90.746066198203664
4005.4855639240527 90.587008968633967
4063.746693038744 90.433508377635178
4122.855249790247 90.284290162992917
4182.823560297375 90.143989850224159
4243.664129966465 90.014486351928525
4305.389646099183 89.893451770490742
4368.012980538242 89.785877933084990
4431.5471923516225 89.693256571090146
4496.00553055582 89.611459799559867
4561.401436878714 89.545797411662178
4627.748548562617 89.494109155814527
4695.060701208099 89.459551483888760
4763.351931659176 89.440069435893662
4832.63648093046 89.435263648093041
4902.928797176889 89.448173022070705
4974.243538706657 89.474480318063115
5046.595577037959 89.515331013292240
5120.000000000202 89.567428571428735
5194.472114880326 89.632930851172887
5270.027451614888 89.712655539921570
5346.6817660285715 89.804643968573401
5424.451043119808 89.909683982720296
5503.351500394186 90.033648893504733
5583.399591246343 90.178289243805736
5664.612008391055 90.349854178292503
5747.005687344222 90.552505185209071
5830.597809954497 90.786099407963036
5915.405807986278 91.042758004757459
6001.447366754812 91.309233547757827
6088.740428814181 91.561600251648088
6177.303197698925 91.778896897893389
6267.154141720092 91.946151913366407
6358.3119978165005 92.049814558078523
6450.795775462017 92.093103450810062
6544.624760629676 92.076295124472566
6639.818519813445 92.007681480186562
6736.396904108505 91.900184024658941
6834.380053350861 91.769883626109049
6933.788400317181 91.638284977617801
7034.642674985712 91.526975165762991
7136.963908859177 91.447909128304644
7240.773439350552 91.410014921671433
7346.092914232631 91.415484157700490
7452.944296152315 91.457825198441483
7561.349867210557 91.520832418113173
7671.332233608935 91.574966281763125
7782.914330363799 91.590979984372666
7896.119426088994 91.534768624852262
8010.971127848146 91.363477910954529
8127.49338607753 91.056496312189708
8245.710499580537 90.606816599672499
8365.647120594791 90.014488380114415
8487.328259932974 89.313340875059879
8610.77929219841 88.529550949546021
8736.025961076528 87.701158627323338
8863.094384703289 86.865545121491039
8992.011061111683 86.043916170514862
9122.802873757471 85.258922490078675
9255.497097125279 84.524091660748581
9390.121402416245 83.845483721395340
9526.7038633184 83.230680362103072
9665.272961860968 82.683320830194958
9805.857594353829 82.203196946799039
9948.487077413367 81.791294607677145
10093.19115407597 81.453396470015662
10240.000000000457 81.183799999999252
10388.944229760706 80.986573057446066
10540.05490322983 80.862900955037645
10693.363532057198 80.790945187327026
10848.902086239672 80.747433825681682
11006.703000788428 80.707657356047974
11166.799182492743 80.665774501769775
11329.224016782166 80.656999999999996
11494.0113746885 80.732057488336594
11661.195619909053 81.041172616782362
11830.811615972614 81.537267541911433
12002.894733509682 82.287152819486408
12177.48085762842 83.144383012718606
12354.606395397908 84.022620552567304
12534.308283440243 84.759350412528704
12716.62399563306 85.152294075982411
12901.591550924093 84.950639150467993
13089.249521259411 84.436456311749211
13279.637039626952 83.513051261713827
13472.793808217073 82.267134475630883
13668.760106701786 80.943605600303044
13867.576800634426 79.702035786423409
14069.285349971487 78.661845591704179
14273.927817718419 77.794502599236779
14481.54687870117 77.162506590930889
14692.18582846533 76.778171631725769
14905.888592304698 76.590890611124763
15122.699734421185 76.619227224186830
15342.664467217943 76.885678342550477
15565.828660727671 77.413156181651502
15792.238852178061 78.213574834801278
16021.942255696367 79.259308391266657
16254.986772155136 80.430338702417629
16491.42099916115 81.347230634746950
16731.294241189662 81.509562186583821
16974.65651986603 80.778184171402373
17221.558584396902 79.397052929771746
17472.051922153143 77.775171702208297
17726.188769406665 76.282819402674221
17984.022122223458 75.146661626594721
18245.605747515034 74.500835281844644
18510.99419425065 74.326019158327654
18780.242804832582 74.104061873308950
19053.40772663689 73.057659664504257
19330.545923722028 70.795104023802111
19611.71518870775 67.882032960667090
19896.974154826825 66.265776485544876
20186.382308152035 66.072499999999991
