20 100.769499999999994
20.290906698750476 100.796499971108901
20.586044732869844 100.822000058953449
20.885475648548283 100.846000049279837
21.189261887185914 100.868499991859451
21.49746679841394 100.888499987617479
21.810154653305165 100.906500035135707
22.12739065777668 100.923500030766945
22.449240966187475 100.939499945591166
22.77577269513385 100.955000029482846
23.107053937445478 100.969999996989657
23.44315377638505 100.984500034276465
23.784142300054445 100.999500013057286
24.130090616010463 101.014499983410587
24.481070866093134 101.029999994297754
24.837156241469714 101.046000010062357
25.1984209978975 101.060999999913008
25.56494047120865 101.076499976999202
25.936791093020236 101.090500043615890
26.3140504066728 101.104999978060903
26.69679708340074 101.116500022400857
27.08511093873791 101.122499989107382
27.47907294916184 101.122500000128582
27.878765268980047 101.117999995339943
28.284271247461966 101.111499995774210
28.695675446220072 101.104999993562302
29.11306365684382 101.099500004095972
29.536522918790062 101.097999999999999
29.966141537533712 101.101000006188571
30.402009102982383 101.106499987696424
30.844216508158908 101.112499993350582
31.29285596815558 101.118499999575647
31.74802103936409 101.123500009035553
32.20980663898519 101.126499994126647
32.67830906482211 101.125500005966714
33.153626015361866 101.119499980981459
33.63585661014871 101.111000006444200
34.125101410453844 101.102000025898292
34.62146244024586 101.094000025048558
35.12504320746613 101.087499981024536
35.635948725613716 101.079499985950349
36.15428553564419 101.068999986710608
36.68016172818701 101.055499979452946
37.21368696608603 101.039500032825487
37.754972507267915 101.020000057704252
38.30413122794313 100.995999988913582
38.86127764614443 100.967500072636938
39.4265279456077 100.938000053900595
40.000000000000206 100.910999999999987
40.58181339750116 100.888500021668307
41.1720894657399 100.870999987511624
41.77095129709678 100.856499972146267
42.37852377437204 100.844500022110054
42.9949335968281 100.837000003910276
43.62030930661056 100.834499999999991
44.25478131555359 100.836500006153386
44.89848193237519 100.839499995042189
45.55154539026795 100.836999974728997
46.21410787489121 100.822500003198485
46.88630755277036 100.798999978036250
47.56828460010916 100.770999930369499
48.260181232021196 100.740499989052893
48.962141732186545 100.707000061186335
49.674312482939705 100.671500026043049
50.39684199579528 100.634500051238888
51.129880942417586 100.595000111872551
51.873582186040764 100.552499930585526
52.628100813345895 100.508500010845680
53.393594166801776 100.467499948733618
54.17022187747612 100.436500040325001
54.95814589832399 100.417499983082450
55.75753053796041 100.401499984688357
56.56854249492426 100.374499975852643
57.39135089244048 100.330999943133691
58.226127313687975 100.277000045055530
59.073045837580466 100.221000142467972
59.932283075067765 100.163999861437901
60.804018205965114 100.106000118934389
61.68843301631817 100.052500113977459
62.58571193631152 100.011000002758237
63.49604207872855 99.976499925456523
64.41961327797075 99.944000128496484
65.35661812964459 99.913000094620386
66.3072520307241 99.880499962459993
67.27171322029778 99.843499990509855
68.25020282090806 99.798500155389391
69.2429248804921 99.749500153422318
70.25008641493265 99.703999902750695
71.27189745122783 99.663999942396529
72.30857107128878 99.620999996394602
73.36032345637442 99.563999845206183
74.42737393217246 99.495500135163738
75.50994501453623 99.425000256774553
76.60826245588666 99.357499910832715
77.72255529228926 99.288500106892641
78.85305589121582 99.213000144974245
80.00000000000082 99.132499999999936
81.16362679500274 99.052000082545931
82.34417893148023 98.971499862430875
83.541902594194 98.883499868331995
84.75704754874454 98.780500213060009
85.98986719365665 98.672000070384641
87.24061861322157 98.565499782984887
88.50956263110764 98.458999768222299
89.79696386475084 98.343000288760891
91.10309078053635 98.220999740972076
92.42821574978288 98.098499933392631
93.77261510554118 97.979999907264045
95.13656920021877 97.866999749330120
96.52036246404286 97.760000040907045
97.92428346437356 97.657000183559006
99.34862496587989 97.558000002315268
100.79368399159105 97.464000127404788
102.25976188483567 97.382000215354637
103.74716437208203 97.328999966870356
105.25620162669229 97.321499994559304
106.78718833360406 97.367500125150315
108.34044375495276 97.458999855982199
109.9162917966485 97.561500092482731
111.51506107592134 97.634500031954772
113.13708498984903 97.679499999738113
114.78270178488147 97.725500070814661
116.45225462737648 97.799999981542086
118.14609167516147 97.908499775079946
119.86456615013608 98.035000230296703
121.60803641193078 98.159999747777135
123.3768660326369 98.274499812786985
125.17142387262359 98.372999941159890
126.99208415745765 98.449500096071262
128.83922655594208 98.496999864432226
130.71323625928977 98.508999990843193
132.61450406144883 98.484999951734210
134.5434264405962 98.436000015315187
136.50040564181674 98.374000207186043
138.48584976098482 98.302000197191290
140.50017282986593 98.224999819732801
142.5437949024563 98.150499932773954
144.61714214257822 98.076999994898003
146.7206469127495 98.002499833654383
148.8547478643456 97.933000129370981
151.01989002907314 97.877500163608772
153.216524911774 97.831999942303455
155.4451105845792 97.788000067189586
157.70611178243232 97.738500094790766
160.00000000000236 97.678499999999929
162.3272535900062 97.611000040446612
164.6883578629612 97.543499881852370
167.08380518838874 97.466499847791809
169.51409509748981 97.377500144000763
171.97973438731407 97.295000051485033
174.4812372264439 97.218999826387744
177.01912526221608 97.130999763231429
179.5939277295025 97.033000201918668
182.20618156107355 96.932999825549715
184.85643149956664 96.831999945706571
187.54523021108326 96.737499893675789
190.27313840043846 96.647999798071453
193.04072492808663 96.562000032802786
195.84856692874806 96.479000145767316
198.69724993176072 96.403000001766259
201.58736798318304 96.345000069241763
204.5195237696723 96.320000041768978
207.49432874416505 96.317000003155201
210.5124032533856 96.320499997116812
213.57437666720915 96.329000016478133
216.68088750990657 96.335999991195379
219.83258359329807 96.331499986976553
223.03012215184378 96.313499990378517
226.2741699796992 96.283500000205763
229.5654035697641 96.236999918962624
232.90450925475412 96.175500014232597
236.2921833503241 96.109000150746539
239.72913230027333 96.047499894825165
243.21607282386276 95.988500123035607
246.75373206527502 95.922500115336575
250.34284774524843 95.851000045068957
253.9841683149166 95.776999844996425
257.67845311188546 95.699500288427203
261.42647251858085 95.629500186690720
265.22900812289896 95.564499924919858
269.08685288119375 95.493000002240024
273.0008112836349 95.420500233084255
276.97169952197106 95.349500189303512
281.00034565973334 95.275999822104808
285.0875898049141 95.200999910454016
289.23428428515797 95.124999977925796
293.44129382550057 95.055499849826859
297.7094957286928 94.990500110335162
302.0397800581479 94.921000240667780
306.4330498235497 94.850999913455212
310.89022116916016 94.787500093149220
315.41222356486645 94.725000104851034
320.00000000000654 94.657999999999902
324.6545071800142 94.591500039842899
329.3767157259242 94.528999908416452
334.16761037677935 94.462499894902010
339.02819019498156 94.394000108800554
343.95946877463007 94.331000052079702
348.9624744528898 94.271999852805052
354.03825052443415 94.205999847270476
359.187855459007 94.140000130533252
364.4123631221491 94.076999887729983
369.71286299913527 94.008999954662158
375.0904604221685 93.925999904308213
380.54627680087896 93.847499841662071
386.08144985617537 93.772500015648603
391.6971338574982 93.693000145767286
397.3944998635236 93.617000014509159
403.1747359663683 93.550000090014265
409.0390475393468 93.488500144962842
414.9886574883323 93.439999938964604
421.0248065067734 93.408500020767903
427.1487533344206 93.386499973290086
433.3617750198154 93.374500014087374
439.6651671865984 93.380500016505323
446.06024430368984 93.399500007839720
452.54833995940066 93.423499999837887
459.13080713953053 93.454500052193595
465.8090185095106 93.495499983650234
472.58436670065066 93.549499880135443
479.45826460054917 93.614500132375269
486.432145647728 93.687999858828931
493.50746413055253 93.765499856822728
500.6856954904994 93.845499961028082
507.9683366298358 93.928000142557210
515.3569062237735 94.001999734047672
522.8529450371643 94.063999835600725
530.4580162458005 94.115500043975516
538.1737057623901 94.153499998926037
546.0016225672724 94.179499919067979
553.9433990439449 94.206499926381952
562.0006913194694 94.237000069851916
570.1751796098309 94.264000029173758
578.4685685703187 94.293000005993818
586.8825876510039 94.328000094724615
595.4189914573883 94.373499915126814
604.0795601162986 94.431499786837094
612.8660996471021 94.506000104286969
621.780442338323 94.596999844312961
630.8244471297356 94.699999818159156
640.0000000000159 94.808000000000192
649.3090143600314 94.922499917556991
658.7534314518515 95.039500171895270
668.3352207535618 95.163000213058325
678.0563803899662 95.297999777598932
687.9189375492632 95.444999887089438
697.9249489057827 95.600000331348298
708.0765010488715 95.752000356207162
718.3757109180171 95.903499692023132
728.8247262443015 96.050000258710298
739.425725998274 96.190000076122843
750.1809208443404 96.324500150035334
761.0925536017613 96.446000243109310
772.1628997123541 96.554499968041910
783.3942677149998 96.661999816935747
794.7889997270506 96.773499987421786
806.34947193274 96.887499849357198
818.0780950786972 97.005999697507747
829.9773149766683 97.123500194306047
842.0496130135506 97.241499911736469
854.2975066688449 97.363500218767157
866.7235500396347 97.489499776362919
879.3303343732008 97.616500128159117
892.1204886073838 97.749000058115143
905.0966799188055 97.881999999177026
918.2616142790653 98.010000168788736
931.6180370190256 98.143499949092842
945.1687334013056 98.289999686669887
958.9165292011028 98.437000266563984
972.8642912954606 98.586999697189384
987.0149282611097 98.749499700958907
1001.3713909810035 98.918999904272880
1015.9366732596762 99.106000385089686
1030.7138124475518 99.321499179721400
1045.7058900743334 99.561499301042332
1060.916032491606 99.812000263853136
1076.3474115247852 100.054999992635686
1092.0032451345498 100.280999284561034
1107.8867980878947 100.494999426615308
1124.0013826389438 100.712500542631304
1140.350359219667 100.936000230264398
1156.9371371406426 101.157000043080643
1173.765175302013 101.393000562893064
1190.837982914782 101.642499562799628
1208.1591202326028 101.866999267682388
1225.73219929421 102.056000228951916
1243.5608846766518 102.255999669169057
1261.648894259477 102.496499566379612
1280.0000000000375 102.752000000000521
1298.6180287200684 103.005499819478288
1317.5068629037087 103.267500384651044
1336.6704415071292 103.544000465150361
1356.112760779938 103.831999521135629
1375.8378750985323 104.127499759827970
1395.8498978115715 104.438500680022088
1416.153002097749 104.745000625706126
1436.7514218360407 104.989499536474256
1457.6494524886093 105.131500129355175
1478.8514519965543 105.187000017351536
1500.3618416886875 105.223500087422167
1522.1851072035295 105.315500325569758
1544.3257994247153 105.482999944961108
1566.788535430007 105.720499565436370
1589.5779994541087 106.008499953955152
1612.6989438654878 106.316499584060793
1636.156190157402 106.631499194201425
1659.9546299533442 106.954500539739129
1684.099226027109 107.279499772356388
1708.5950133376978 107.606500560799319
1733.4471000792773 107.934999420656794
1758.6606687464096 108.264000300929041
1784.2409772147755 108.585500126012548
1810.193359837619 108.904000010121081
1836.5232285581387 109.220500424830732
1863.2360740380593 109.538999881464420
1890.3374668026197 109.852999343899427
1917.833058402214 110.154000534941360
1945.7285825909298 110.448999416149519
1974.0298565222283 110.744499473959664
2002.7427819620161 111.030999841939035
2031.8733465193618 111.308000516586262
2061.4276248951132 111.582498988445764
2091.411780148677 111.851499249970999
2121.832064983222 112.104000266327347
2152.694823049581 112.341499992819877
2184.0064902691106 112.564999287798457
2215.7735961758003 112.771999458918742
2248.002765277899 112.956000401498528
2280.7007184393456 113.117000151078514
2313.874274281297 113.256000022289598
2347.530350604038 113.366000196162972
2381.6759658295764 113.445999872228370
2416.318240465218 113.507499809076506
2451.4643985884327 113.543500014722170
2487.1217693533167 113.549499999999995
2523.2977885189675 113.542500013987748
2560.0000000000887 113.528999999999968
2597.236057440151 113.513500011371434
2635.0137258074315 113.499499969002471
2673.340883014273 113.473499938196795
2712.225521559891 113.433000071004017
2751.6757501970797 113.383000040455670
2791.699795623158 113.319999831339857
2832.3060041955137 113.238999786744330
2873.502843672097 113.145500200443536
2915.2989049772345 113.040499792302910
2957.7029039931244 112.924999936704936
3000.723683377391 112.807499867943875
3044.370214407075 112.694999765984136
3088.6515988494466 112.591500027614018
3133.57707086003 112.501000147135699
3179.1559989082334 112.426500010852294
3225.3978877309914 112.365500077891312
3272.3123803148205 112.314000124555605
3319.9092599067053 112.276999950177924
3368.198452054235 112.249000018211476
3417.190026675413 112.229499979240643
3466.8942001585724 112.220000012186119
3517.3213374928373 112.215999999048705
3568.4819544295697 112.218000003555218
3620.386719675257 112.228500000154440
3673.0464571162966 112.239000013171605
3726.472148076138 112.246499998142070
3780.6749336052594 112.244000012727611
3835.6661168044484 112.221999920212127
3891.45716518188 112.171000113755071
3948.059713044477 112.085000170607657
4005.4855639240527 111.950000082369741
4063.746693038744 111.754499532432789
4122.855249790247 111.489001045751692
4182.823560297375 111.169000930486959
4243.664129966465 110.818999585590078
4305.389646099183 110.433000012181537
4368.012980538242 110.009001392030214
4431.5471923516225 109.566001198965964
4496.00553055582 109.097998795253602
4561.401436878714 108.596999446106878
4627.748548562617 108.065999888577963
4695.060701208099 107.509998710492923
4763.351931659176 106.940000994244429
4832.63648093046 106.365001972067986
4902.928797176889 105.787999305080035
4974.243538706657 105.216000903848709
5046.595577037959 104.656000964491511
5120.000000000202 104.115999999998593
5194.472114880326 103.606000357489464
5270.027451614888 103.124499357505641
5346.6817660285715 102.677999332012845
5424.451043119808 102.275000647292273
5503.351500394186 101.911500276187581
5583.399591246343 101.582499351644003
5664.612008391055 101.298999428193468
5747.005687344222 101.068500450461613
5830.597809954497 100.890999744933353
5915.405807986278 100.763999952796866
6001.447366754812 100.689999964089992
6088.740428814181 100.672000048569345
6177.303197698925 100.707499986051829
6267.154141720092 100.798999817471270
6358.3119978165005 100.943499975504878
6450.795775462017 101.135999730680993
6544.624760629676 101.368499389931856
6639.818519813445 101.618500399399622
6736.396904108505 101.846499845765464
6834.380053350861 102.005000125549088
6933.788400317181 102.041000001740883
7034.642674985712 101.914999767886073
7136.963908859177 101.638499857143614
7240.773439350552 101.275999995366874
7346.092914232631 100.937999693566098
7452.944296152315 100.766000041989017
7561.349867210557 100.880999582110121
7671.332233608935 101.326001197287667
7782.914330363799 102.027998528242847
7896.119426088994 102.789998667670659
8010.971127848146 103.355499733732046
8127.49338607753 103.517999622929608
8245.710499580537 103.206501563084529
8365.647120594791 102.515502160565063
8487.328259932974 101.624998969951008
8610.77929219841 100.691500035964509
8736.025961076528 99.819002741695883
8863.094384703289 99.056501967448554
8992.011061111683 98.405498621397726
9122.802873757471 97.873999541241062
9255.497097125279 97.471999937716802
9390.121402416245 97.196499596604042
9526.7038633184 97.053000189794432
9665.272961860968 97.049499890440671
9805.857594353829 97.192000310470448
9948.487077413367 97.488499464201013
10093.19115407597 97.956499110100623
10240.000000000457 98.623500000002565
10388.944229760706 99.517499322689275
10540.05490322983 100.672501955663165
10693.363532057198 102.140502736092827
10848.902086239672 103.872497069021620
11006.703000788428 105.609498680795468
11166.799182492743 106.833501088624956
11329.224016782166 107.029998384870865
11494.0113746885 106.072502548253141
11661.195619909053 104.329496461860629
11830.811615972614 102.411499047841147
12002.894733509682 100.743998388835479
12177.48085762842 99.455997771544318
12354.606395397908 98.531500233548812
12534.308283440243 97.947000867872248
12716.62399563306 97.680000028268140
12901.591550924093 97.731999822372572
13089.249521259411 98.104998848496521
13279.637039626952 98.803501614288692
13472.793808217073 99.865999184327080
13668.760106701786 101.231002419830205
13867.576800634426 102.567997794312589
14069.285349971487 103.344000079908113
14273.927817718419 103.175499635776617
14481.54687870117 102.086499973195117
14692.18582846533 100.522497943189393
14905.888592304698 99.044000520588980
15122.699734421185 97.983501979088686
15342.664467217943 97.464999863323300
15565.828660727671 97.539499558669945
15792.238852178061 98.142998746253312
16021.942255696367 98.893499601301585
16254.986772155136 99.313999930241962
16491.42099916115 99.065501697869536
16731.294241189662 97.903503959150157
16974.65651986603 95.908997501115721
17221.558584396902 93.680000084484846
17472.051922153143 92.013004718041515
17726.188769406665 91.132501999416803
17984.022122223458 90.366497130156176
18245.605747515034 88.909497504810730
18510.99419425065 86.272999556571023
18780.242804832582 85.014502304796309
19053.40772663689 86.127997897521681
19330.545923722028 86.537499500660573
19611.71518870775 86.315499895701308
19896.974154826825 86.363499711272539
20186.382308152035 86.632499613162722
