20 109.545000000000002
20.290906698750476 109.495000051591248
20.586044732869844 109.443999874723943
20.885475648548283 109.392499888584737
21.189261887185914 109.340000019611352
21.49746679841394 109.287000034540711
21.810154653305165 109.233999890459245
22.12739065777668 109.180999889239018
22.449240966187475 109.127000172828048
22.77577269513385 109.072499884174533
23.107053937445478 109.017000010536194
23.44315377638505 108.960999869749386
23.784142300054445 108.903999950382357
24.130090616010463 108.846500064145715
24.481070866093134 108.790500021288352
24.837156241469714 108.735499963104687
25.1984209978975 108.680000000324739
25.56494047120865 108.625000079065273
25.936791093020236 108.568499831351858
26.3140504066728 108.510500090890545
26.69679708340074 108.451499834793665
27.08511093873791 108.392000163389241
27.47907294916184 108.331000007843357
27.878765268980047 108.269499958725177
28.284271247461966 108.206999960760555
28.695675446220072 108.142499929185391
29.11306365684382 108.076500054066656
29.536522918790062 108.008500175540917
29.966141537533712 107.936999909646971
30.402009102982383 107.862500155845439
30.844216508158908 107.785500086442283
31.29285596815558 107.707000005587233
31.74802103936409 107.628499823806720
32.20980663898519 107.551500223187475
32.67830906482211 107.478000145189867
33.153626015361866 107.405999849964843
33.63585661014871 107.334500057997758
34.125101410453844 107.263500233084571
34.62146244024586 107.191500225436897
35.12504320746613 107.119999826848840
35.635948725613716 107.046999898842529
36.15428553564419 106.973999925374955
36.68016172818701 106.900999898634609
37.21368696608603 106.827000142887414
37.754972507267915 106.752000206086620
38.30413122794313 106.676499969204428
38.86127764614443 106.601000184013557
39.4265279456077 106.523500146832646
40.000000000000206 106.445999999999970
40.58181339750116 106.368500079450484
41.1720894657399 106.291999940680228
41.77095129709678 106.215499837162810
42.37852377437204 106.138500156780296
42.9949335968281 106.059000052136895
43.62030930661056 105.975999826387664
44.25478131555359 105.891999825653983
44.89848193237519 105.808000137166090
45.55154539026795 105.727999842056164
46.21410787489121 105.655000013358375
46.88630755277036 105.588499946310861
47.56828460010916 105.522999839849831
48.260181232021196 105.452999974788455
48.962141732186545 105.376000140368660
49.674312482939705 105.293500060043726
50.39684199579528 105.208500119095802
51.129880942417586 105.121000243322811
51.873582186040764 105.032999862748682
52.628100813345895 104.945000021937844
53.393594166801776 104.855499862787042
54.17022187747612 104.763500133936574
54.95814589832399 104.669999893983373
55.75753053796041 104.574999936090549
56.56854249492426 104.478999941442652
57.39135089244048 104.381999893778044
58.226127313687975 104.283000081099942
59.073045837580466 104.185000249318961
59.932283075067765 104.089499777822837
60.804018205965114 103.996000192755716
61.68843301631817 103.903000207841274
62.58571193631152 103.810000006506613
63.49604207872855 103.718499789922916
64.41961327797075 103.625000377458434
65.35661812964459 103.528500299122527
66.3072520307241 103.429999891670278
67.27171322029778 103.329999977404441
68.25020282090806 103.230500320490592
69.2429248804921 103.130500316237843
70.25008641493265 103.029999758062701
71.27189745122783 102.927499855288872
72.30857107128878 102.822999992721179
73.36032345637442 102.714499743550562
74.42737393217246 102.603000216261989
75.50994501453623 102.492000407171062
76.60826245588666 102.384499863626502
77.72255529228926 102.279500161865997
78.85305589121582 102.173500197016281
80.00000000000082 102.067499999999924
81.16362679500274 101.963000107309711
82.34417893148023 101.860499833298590
83.541902594194 101.756999864381953
84.75704754874454 101.652500213060009
85.98986719365665 101.543000072339765
87.24061861322157 101.426499751982732
88.50956263110764 101.305999755915508
89.79696386475084 101.187500286334313
91.10309078053635 101.070499751501671
92.42821574978288 100.951999932832905
93.77261510554118 100.830499896688877
95.13656920021877 100.701499688983674
96.52036246404286 100.566000052870422
97.92428346437356 100.428500244745322
99.34862496587989 100.300500002983597
100.79368399159105 100.194500138483463
102.25976188483567 100.117000195776939
103.74716437208203 100.071499963715155
105.25620162669229 100.055000009067840
106.78718833360406 100.056000004523511
108.34044375495276 100.057000001440173
109.9162917966485 100.047499978571068
111.51506107592134 100.024499975368187
113.13708498984903 99.982000000299308
114.78270178488147 99.923499928112392
116.45225462737648 99.857000014677368
118.14609167516147 99.789000134952033
119.86456615013608 99.716999860371288
121.60803641193078 99.639000161996790
123.3768660326369 99.557000137066666
125.17142387262359 99.481000045694969
126.99208415745765 99.426499948533248
128.83922655594208 99.404500048665355
130.71323625928977 99.405499984738654
132.61450406144883 99.412500003217716
134.5434264405962 99.411000001733782
136.50040564181674 99.395000061508355
138.48584976098482 99.377000044696700
140.50017282986593 99.367999999999995
142.5437949024563 99.372500014734470
144.61714214257822 99.394500002448964
146.7206469127495 99.435500122448857
148.8547478643456 99.488999895730842
151.01989002907314 99.532999878095424
153.216524911774 99.543999971151720
155.4451105845792 99.512000064135520
157.70611178243232 99.445500137539526
160.00000000000236 99.353999999999900
162.3272535900062 99.248500065197504
164.6883578629612 99.136499815495483
167.08380518838874 99.022499801091584
169.51409509748981 98.907500184000966
171.97973438731407 98.788500078205118
174.4812372264439 98.665999737514824
177.01912526221608 98.536999672917659
179.5939277295025 98.401000281462387
182.20618156107355 98.261999768551107
184.85643149956664 98.128999926116165
187.54523021108326 97.996499841695069
190.27313840043846 97.863499693625656
193.04072492808663 97.732500050168980
195.84856692874806 97.604500228548744
198.69724993176072 97.481000002911941
201.58736798318304 97.364500157871220
204.5195237696723 97.253500267812854
207.49432874416505 97.153999861171116
210.5124032533856 97.068500047860979
213.57437666720915 96.992499879160391
216.68088750990657 96.930500102133550
219.83258359329807 96.877499958487761
223.03012215184378 96.824999979331650
226.2741699796992 96.766000000374120
229.5654035697641 96.700999906600970
232.90450925475412 96.633500014899738
236.2921833503241 96.569000141746756
239.72913230027333 96.508999891198457
243.21607282386276 96.449500120985007
246.75373206527502 96.395000086920319
250.34284774524843 96.353000024412353
253.9841683149166 96.315499922498219
257.67845311188546 96.275000157323944
261.42647251858085 96.228500136535018
265.22900812289896 96.166999920629564
269.08685288119375 96.090000002454815
273.0008112836349 96.003500281643483
276.97169952197106 95.914000236629406
281.00034565973334 95.822499779409952
285.0875898049141 95.728999887195329
289.23428428515797 95.631999969954563
293.44129382550057 95.531999771274755
297.7094957286928 95.433500166351465
302.0397800581479 95.340000316306217
306.4330498235497 95.252499887229504
310.89022116916016 95.166000132852162
315.41222356486645 95.078000144170161
320.00000000000654 94.990499999999884
324.6545071800142 94.907500048898100
329.3767157259242 94.826999884463831
334.16761037677935 94.743999870531454
339.02819019498156 94.660000132800661
343.95946877463007 94.578500068301253
348.9624744528898 94.498499816572462
354.03825052443415 94.418999824810271
359.187855459007 94.339500165206161
364.4123631221491 94.255999853185358
369.71286299913527 94.170499952423256
375.0904604221685 94.085999899582703
380.54627680087896 94.001999828823855
386.08144985617537 93.922000016472197
391.6971338574982 93.840500149366477
397.3944998635236 93.758000016297956
403.1747359663683 93.681500102477770
409.0390475393468 93.611500167075832
414.9886574883323 93.546999902343373
421.0248065067734 93.493000038568965
427.1487533344206 93.450999949918909
433.3617750198154 93.423500044023058
439.6651671865984 93.410499996116386
446.06024430368984 93.410500003207162
452.54833995940066 93.421499999918950
459.13080713953053 93.437000032964377
465.8090185095106 93.465499987737672
472.58436670065066 93.509499899061410
479.45826460054917 93.565000106988236
486.432145647728 93.625999879813833
493.50746413055253 93.694499873134049
500.6856954904994 93.764499966873871
507.9683366298358 93.826000107380764
515.3569062237735 93.882499793980585
522.8529450371643 93.934999857892166
530.4580162458005 93.978000034322349
538.1737057623901 94.005999999263565
546.0016225672724 94.020499961152638
553.9433990439449 94.029999976337052
562.0006913194694 94.036500014968254
570.1751796098309 94.043000007293443
578.4685685703187 94.052000002434994
586.8825876510039 94.066500048517483
595.4189914573883 94.090999952471023
604.0795601162986 94.129499855599306
612.8660996471021 94.179500070723350
621.780442338323 94.240499896754912
630.8244471297356 94.313999868864784
640.0000000000159 94.397000000000133
649.3090143600314 94.483499938167739
658.7534314518515 94.572000125399015
668.3352207535618 94.661000144749551
678.0563803899662 94.750999854399296
687.9189375492632 94.847999924726281
697.9249489057827 94.958000253384000
708.0765010488715 95.076500292933503
718.3757109180171 95.204499732814782
728.8247262443015 95.337500245956988
739.425725998274 95.470000070525572
750.1809208443404 95.595500144128437
761.0925536017613 95.715500263182548
772.1628997123541 95.832999965378733
783.3942677149998 95.945999810092232
794.7889997270506 96.049999988534921
806.34947193274 96.152999863642293
818.0780950786972 96.264999712759462
829.9773149766683 96.375500177698683
842.0496130135506 96.482999919895263
854.2975066688449 96.593500194265232
866.7235500396347 96.703999806298583
879.3303343732008 96.816000114566492
892.1204886073838 96.936000054211888
905.0966799188055 97.059999999233142
918.2616142790653 97.182500163595222
931.6180370190256 97.311999950579178
945.1687334013056 97.447999716110303
958.9165292011028 97.575000221229971
972.8642912954606 97.699999746668240
987.0149282611097 97.836999746268162
1001.3713909810035 97.976499923195689
1015.9366732596762 98.106000236978275
1030.7138124475518 98.233499532845826
1045.7058900743334 98.366499614860061
1060.916032491606 98.512000170539224
1076.3474115247852 98.673999994937034
1092.0032451345498 98.845999439950504
1107.8867980878947 99.022499523525397
1124.0013826389438 99.201000440431670
1140.350359219667 99.382000183377983
1156.9371371406426 99.557500032591463
1173.765175302013 99.732500398528288
1190.837982914782 99.909999687463198
1208.1591202326028 100.087499391454372
1225.73219929421 100.267500219362290
1243.5608846766518 100.449499713490923
1261.648894259477 100.625499695766337
1280.0000000000375 100.793000000000319
1298.6180287200684 100.955499884153397
1317.5068629037087 101.123000245162217
1336.6704415071292 101.301000310642380
1356.112760779938 101.494499676353740
1375.8378750985323 101.693499840956306
1395.8498978115715 101.886500413644015
1416.153002097749 102.078500466350278
1436.7514218360407 102.279499576145383
1457.6494524886093 102.491500393531254
1478.8514519965543 102.707000118662151
1500.3618416886875 102.918500255178230
1522.1851072035295 103.137500491632181
1544.3257994247153 103.363499932828859
1566.788535430007 103.590999611630139
1589.5779994541087 103.821499963877272
1612.6989438654878 104.055499686032988
1636.156190157402 104.290999400099480
1659.9546299533442 104.533000410201737
1684.099226027109 104.779499827691296
1708.5950133376978 105.024000422309228
1733.4471000792773 105.273999554486835
1758.6606687464096 105.535000250618921
1784.2409772147755 105.804000108236494
1810.193359837619 106.079500008907843
1836.5232285581387 106.359500379408573
1863.2360740380593 106.644999893355134
1890.3374668026197 106.936999381751377
1917.833058402214 107.228500522247828
1945.7285825909298 107.516499430003591
1974.0298565222283 107.808999477513979
2002.7427819620161 108.109499831921084
2031.8733465193618 108.409500561834705
2061.4276248951132 108.705998914878194
2091.411780148677 108.997499182299208
2121.832064983222 109.280500301690324
2152.694823049581 109.550499991807285
2184.0064902691106 109.809999171256379
2215.7735961758003 110.059499335089185
2248.002765277899 110.295500537764696
2280.7007184393456 110.512500209426065
2313.874274281297 110.708500033528054
2347.530350604038 110.881000351268582
2381.6759658295764 111.029499753089965
2416.318240465218 111.156499587468858
2451.4643985884327 111.260500103055193
2487.1217693533167 111.337999887612483
2523.2977885189675 111.395999905582684
2560.0000000000887 111.439000000000078
2597.236057440151 111.466999982942838
2635.0137258074315 111.486500022543652
2673.340883014273 111.501000016264001
2712.225521559891 111.509999986789950
2751.6757501970797 111.515999995332038
2791.699795623158 111.519500006571178
2832.3060041955137 111.522000004686930
2873.502843672097 111.522999999999996
2915.2989049772345 111.521000000000001
2957.7029039931244 111.522000002681992
3000.723683377391 111.528500012742256
3044.370214407075 111.540500028700052
3088.6515988494466 111.553999996172308
3133.57707086003 111.572499965782399
3179.1559989082334 111.599999995504049
3225.3978877309914 111.636999945872148
3272.3123803148205 111.691999847482947
3319.9092599067053 111.769000146144776
3368.198452054235 111.862499930656298
3417.190026675413 111.978000238732562
3466.8942001585724 112.120999742350534
3517.3213374928373 112.282000161718656
3568.4819544295697 112.455500071894377
3620.386719675257 112.639000002367979
3673.0464571162966 112.823000238406081
3726.472148076138 112.999499936087460
3780.6749336052594 113.148499705143649
3835.6661168044484 113.246500076161169
3891.45716518188 113.266000005883882
3948.059713044477 113.184500193710761
4005.4855639240527 112.987500126337380
4063.746693038744 112.665999213808362
4122.855249790247 112.216001784798820
4182.823560297375 111.645501686155171
4243.664129966465 110.986499218699151
4305.389646099183 110.265500022552715
4368.012980538242 109.496002521840779
4431.5471923516225 108.705002122276824
4496.00553055582 107.909498050857451
4561.401436878714 107.113499162818044
4627.748548562617 106.326499844494464
4695.060701208099 105.565998334292260
4763.351931659176 104.838501253688236
4832.63648093046 104.139502365796844
4902.928797176889 103.471999214121922
4974.243538706657 102.831001003572823
5046.595577037959 102.220001046022276
5120.000000000202 101.641499999998487
5194.472114880326 101.095000383075188
5270.027451614888 100.581999316645252
5346.6817660285715 100.104499265859545
5424.451043119808 99.657500724901297
5503.351500394186 99.241000318199212
5583.399591246343 98.856999209268523
5664.612008391055 98.504999226655116
5747.005687344222 98.184500645592436
5830.597809954497 97.896999522661005
5915.405807986278 97.641499874482591
6001.447366754812 97.414999766005764
6088.740428814181 97.221499629106873
6177.303197698925 97.062500042698474
6267.154141720092 96.935500203192362
6358.3119978165005 96.844000012867696
6450.795775462017 96.780500076571101
6544.624760629676 96.736500101678018
6639.818519813445 96.703999948195019
6736.396904108505 96.668500028430344
6834.380053350861 96.607499841773745
6933.788400317181 96.504000200200551
7034.642674985712 96.362999869673729
7136.963908859177 96.239999976123144
7240.773439350552 96.219000001531498
7346.092914232631 96.399000490824875
7452.944296152315 96.830499816809009
7561.349867210557 97.473498540567348
7671.332233608935 98.263001556291741
7782.914330363799 99.120998301667129
7896.119426088994 99.954498535509302
8010.971127848146 100.700499608268359
8127.49338607753 101.280000744714044
8245.710499580537 101.599499098362571
8365.647120594791 101.606000209269396
8487.328259932974 101.299999444936333
8610.77929219841 100.742500023601707
8736.025961076528 100.033002373552975
8863.094384703289 99.259002098969688
8992.011061111683 98.484998173290776
9122.802873757471 97.753999282264232
9255.497097125279 97.095499880286837
9390.121402416245 96.525998871397860
9526.7038633184 96.052500781813762
9665.272961860968 95.677501198305066
9805.857594353829 95.411499786551559
9948.487077413367 95.266500181249512
10093.19115407597 95.238999994795904
10240.000000000457 95.339000000000652
10388.944229760706 95.589499793892855
10540.05490322983 96.011000797482239
10693.363532057198 96.629501273279431
10848.902086239672 97.475998502311327
11006.703000788428 98.561999106674222
11166.799182492743 99.775502499237575
11329.224016782166 100.836001776408324
11494.0113746885 101.467498952801208
11661.195619909053 101.604999768618072
11830.811615972614 101.440499899687140
12002.894733509682 101.276999876601565
12177.48085762842 101.159499515553108
12354.606395397908 100.864000103520439
12534.308283440243 100.213501289754589
12716.62399563306 99.235500155549545
12901.591550924093 98.145001438251882
13089.249521259411 97.187002297923044
13279.637039626952 96.496999227007265
13472.793808217073 96.107500222263809
13668.760106701786 96.005500182304189
13867.576800634426 96.177499585671981
14069.285349971487 96.599500552697691
14273.927817718419 97.217500281261380
14481.54687870117 97.907500010898303
14692.18582846533 98.462000405810315
14905.888592304698 98.652999972131198
15122.699734421185 98.339500944035876
15342.664467217943 97.553998128440384
15565.828660727671 96.488002177096888
15792.238852178061 95.388001932413005
16021.942255696367 94.447000483739345
16254.986772155136 93.885499711541087
16491.42099916115 93.858499634588952
16731.294241189662 94.180998959309107
16974.65651986603 94.607500488149043
17221.558584396902 95.026499984769487
17472.051922153143 95.121500180842105
17726.188769406665 94.372002677503190
17984.022122223458 92.624994137878730
18245.605747515034 90.083497023467743
18510.99419425065 87.279499487099145
18780.242804832582 84.860495836862512
19053.40772663689 83.580501256274232
19330.545923722028 85.568491090553167
19611.71518870775 88.161502275166853
19896.974154826825 89.767497880549968
20186.382308152035 90.162999911530491
