20 105.719999999999999
20.290906698750476 105.751999843528694
20.586044732869844 105.783988184433611
20.885475648548283 105.814999150349990
21.189261887185914 105.844943990759987
21.49746679841394 105.874772033787337
21.810154653305165 105.902888615221116
22.12739065777668 105.930328205911024
22.449240966187475 105.957521332167545
22.77577269513385 105.984061755816555
23.107053937445478 106.010029072071987
23.44315377638505 106.034997981941643
23.784142300054445 106.058929605253667
24.130090616010463 106.081088644562755
24.481070866093134 106.099600870635072
24.837156241469714 106.115486227946207
25.1984209978975 106.129688813668537
25.56494047120865 106.143685283133522
25.936791093020236 106.157458688578544
26.3140504066728 106.170801659561306
26.69679708340074 106.183641901564783
27.08511093873791 106.196670344056784
27.47907294916184 106.209569861022402
27.878765268980047 106.222559871241856
28.284271247461966 106.235028137423853
28.695675446220072 106.246978912494157
29.11306365684382 106.258326591421095
29.536522918790062 106.268584366700651
29.966141537533712 106.275458264600545
30.402009102982383 106.280013393975224
30.844216508158908 106.282721079343489
31.29285596815558 106.284241069960188
31.74802103936409 106.283755936881903
32.20980663898519 106.280901933610153
32.67830906482211 106.274968745898022
33.153626015361866 106.266581105708127
33.63585661014871 106.257418724407174
34.125101410453844 106.247747768970015
34.62146244024586 106.236584901434099
35.12504320746613 106.224123833398409
35.635948725613716 106.209785589505969
36.15428553564419 106.193562862859380
36.68016172818701 106.177095148154393
37.21368696608603 106.161089391017413
37.754972507267915 106.146307819383750
38.30413122794313 106.133313265213189
38.86127764614443 106.121976059104867
39.4265279456077 106.111377602741868
40.000000000000206 106.098999999999990
40.58181339750116 106.083969770463796
41.1720894657399 106.065383860832256
41.77095129709678 106.044040879490296
42.37852377437204 106.021925199040453
42.9949335968281 106.001002158446255
43.62030930661056 105.983191510610652
44.25478131555359 105.967526783012573
44.89848193237519 105.951537960150489
45.55154539026795 105.930754096918179
46.21410787489121 105.901724119294713
46.88630755277036 105.864136547597070
47.56828460010916 105.822049253780477
48.260181232021196 105.782430808166922
48.962141732186545 105.748578170128781
49.674312482939705 105.718984729769744
50.39684199579528 105.695090778359344
51.129880942417586 105.679023037177132
51.873582186040764 105.674533688074789
52.628100813345895 105.677408064460153
53.393594166801776 105.677532026706018
54.17022187747612 105.667037774889437
54.95814589832399 105.644446656274127
55.75753053796041 105.614198790605059
56.56854249492426 105.577209960243636
57.39135089244048 105.534975700915766
58.226127313687975 105.489176061404009
59.073045837580466 105.443566845633711
59.932283075067765 105.403182695471813
60.804018205965114 105.366859327992188
61.68843301631817 105.337116207224909
62.58571193631152 105.314785771630980
63.49604207872855 105.296579158425430
64.41961327797075 105.273911601660870
65.35661812964459 105.242056965749399
66.3072520307241 105.202634536663510
67.27171322029778 105.160952188137344
68.25020282090806 105.119366380111416
69.2429248804921 105.077054230138842
70.25008641493265 105.033121068120550
71.27189745122783 104.986220819792294
72.30857107128878 104.937651445185082
73.36032345637442 104.888744959278597
74.42737393217246 104.839981860018327
75.50994501453623 104.795164536526840
76.60826245588666 104.753925617954309
77.72255529228926 104.710813838974829
78.85305589121582 104.658781032527770
80.00000000000082 104.599999999999966
81.16362679500274 104.551515428996794
82.34417893148023 104.513474276477496
83.541902594194 104.465221069038705
84.75704754874454 104.398672261753887
85.98986719365665 104.328819831156395
87.24061861322157 104.272973802578008
88.50956263110764 104.219970867745388
89.79696386475084 104.148734666150460
91.10309078053635 104.070395143088561
92.42821574978288 103.999310078334418
93.77261510554118 103.937253519969033
95.13656920021877 103.875626754723342
96.52036246404286 103.809735329359370
97.92428346437356 103.737480391166969
99.34862496587989 103.660597123383639
100.79368399159105 103.578995451148785
102.25976188483567 103.494433810679524
103.74716437208203 103.408271265942005
105.25620162669229 103.321000897207966
106.78718833360406 103.232343076650963
108.34044375495276 103.140853522621143
109.9162917966485 103.046808765023499
111.51506107592134 102.952076717202175
113.13708498984903 102.860012860545325
114.78270178488147 102.771817643664860
116.45225462737648 102.687557111293742
118.14609167516147 102.599346871045725
119.86456615013608 102.497560227692105
121.60803641193078 102.388477596827926
123.3768660326369 102.274814924876267
125.17142387262359 102.160357448279470
126.99208415745765 102.039718137030462
128.83922655594208 101.909555246004146
130.71323625928977 101.775697410050725
132.61450406144883 101.645249983975106
134.5434264405962 101.519448994581538
136.50040564181674 101.393223836102820
138.48584976098482 101.263705141133528
140.50017282986593 101.125737642664589
142.5437949024563 100.979618664474373
144.61714214257822 100.838651476447268
146.7206469127495 100.713202479060527
148.8547478643456 100.594301716179586
151.01989002907314 100.483861190627749
153.216524911774 100.390354677911461
155.4451105845792 100.322597788308414
157.70611178243232 100.280139662235939
160.00000000000236 100.265000000000015
162.3272535900062 100.280825324412035
164.6883578629612 100.345462378025871
167.08380518838874 100.469109285361384
169.51409509748981 100.643862770350736
171.97973438731407 100.859072041735729
174.4812372264439 101.085500092715819
177.01912526221608 101.277473193827120
179.5939277295025 101.409577032194818
182.20618156107355 101.484978247963483
184.85643149956664 101.503339584898001
187.54523021108326 101.463661185751931
190.27313840043846 101.380893879183773
193.04072492808663 101.276222132962829
195.84856692874806 101.158332768520836
198.69724993176072 101.031165953125367
201.58736798318304 100.893454407493493
204.5195237696723 100.747264049631553
207.49432874416505 100.600025055907992
210.5124032533856 100.456673248717578
213.57437666720915 100.313110702474376
216.68088750990657 100.161301401075832
219.83258359329807 100.007619695725040
223.03012215184378 99.860493146284171
226.2741699796992 99.716315549223197
229.5654035697641 99.572904944715262
232.90450925475412 99.428137932293993
236.2921833503241 99.280826547179686
239.72913230027333 99.131748886475648
243.21607282386276 98.983911105251451
246.75373206527502 98.843289150405326
250.34284774524843 98.702743234221913
253.9841683149166 98.556635246363982
257.67845311188546 98.408402068885607
261.42647251858085 98.256299553932649
265.22900812289896 98.103654561253023
269.08685288119375 97.954786443395832
273.0008112836349 97.811596300841416
276.97169952197106 97.671854904051742
281.00034565973334 97.532888213003091
285.0875898049141 97.393846028911099
289.23428428515797 97.268201186159715
293.44129382550057 97.156558748684645
297.7094957286928 97.054452547812929
302.0397800581479 96.959164618778885
306.4330498235497 96.868933495225079
310.89022116916016 96.781640687201374
315.41222356486645 96.693544085198070
320.00000000000654 96.604999999999876
324.6545071800142 96.509582602809715
329.3767157259242 96.401835538303743
334.16761037677935 96.287894111994973
339.02819019498156 96.166086788066963
343.95946877463007 96.031822714942749
348.9624744528898 95.892843210209662
354.03825052443415 95.748102209948740
359.187855459007 95.596120692867487
364.4123631221491 95.443600233145474
369.71286299913527 95.289355686725159
375.0904604221685 95.116353269600282
380.54627680087896 94.926568799855147
386.08144985617537 94.731108530105786
391.6971338574982 94.530577464594444
397.3944998635236 94.331805354599254
403.1747359663683 94.145847746373107
409.0390475393468 93.972140399090222
414.9886574883323 93.814279781954468
421.0248065067734 93.688578289384850
427.1487533344206 93.603093722213174
433.3617750198154 93.567063708300310
439.6651671865984 93.573183621424448
446.06024430368984 93.614460878163442
452.54833995940066 93.691176759431613
459.13080713953053 93.788347280051426
465.8090185095106 93.890087532270030
472.58436670065066 93.990628226688102
479.45826460054917 94.074404015663106
486.432145647728 94.127706444756825
493.50746413055253 94.137507464130550
500.6856954904994 94.119857242706729
507.9683366298358 94.081168211653988
515.3569062237735 94.019176004745276
522.8529450371643 93.937817968618845
530.4580162458005 93.847261439188657
538.1737057623901 93.759200904603816
546.0016225672724 93.679199219018187
553.9433990439449 93.608681582289918
562.0006913194694 93.550495852083188
570.1751796098309 93.501466440301982
578.4685685703187 93.452535445435117
586.8825876510039 93.404613379771831
595.4189914573883 93.359363143567322
604.0795601162986 93.315092254403964
612.8660996471021 93.274145287226702
621.780442338323 93.244658672985025
630.8244471297356 93.230958777643508
640.0000000000159 93.230500000000049
649.3090143600314 93.254237986618080
658.7534314518515 93.296265784678511
668.3352207535618 93.349510758295310
678.0563803899662 93.415797481749266
687.9189375492632 93.495227181658876
697.9249489057827 93.586202024823777
708.0765010488715 93.682630585016710
718.3757109180171 93.776381398262146
728.8247262443015 93.868657590949852
739.425725998274 93.961003816184984
750.1809208443404 94.048849367964038
761.0925536017613 94.130231962279794
772.1628997123541 94.210094701777308
783.3942677149998 94.290874156257871
794.7889997270506 94.374351747975624
806.34947193274 94.463266652800854
818.0780950786972 94.557559852180148
829.9773149766683 94.655350001344630
842.0496130135506 94.756590444490740
854.2975066688449 94.861028806685184
866.7235500396347 94.965923475330797
879.3303343732008 95.072240875609523
892.1204886073838 95.182948250884237
905.0966799188055 95.295034140973129
918.2616142790653 95.406260396098361
931.6180370190256 95.518244234891029
945.1687334013056 95.630544656110658
958.9165292011028 95.739103101308558
972.8642912954606 95.846989328861071
987.0149282611097 95.959157313463450
1001.3713909810035 96.073562553913433
1015.9366732596762 96.191087053403379
1030.7138124475518 96.310634019675319
1045.7058900743334 96.428880575270554
1060.916032491606 96.548236656683684
1076.3474115247852 96.670234378480785
1092.0032451345498 96.795401569539123
1107.8867980878947 96.925700855517121
1124.0013826389438 97.059289107735793
1140.350359219667 97.192411147220724
1156.9371371406426 97.321447488424496
1173.765175302013 97.451180108590606
1190.837982914782 97.582035408351032
1208.1591202326028 97.713076510249493
1225.73219929421 97.837806509446011
1243.5608846766518 97.959857107252873
1261.648894259477 98.082712480964446
1280.0000000000375 98.207000000000249
1298.6180287200684 98.332538707941040
1317.5068629037087 98.459795981454846
1336.6704415071292 98.587358436022413
1356.112760779938 98.718261135264584
1375.8378750985323 98.852989444424949
1395.8498978115715 98.990468047454556
1416.153002097749 99.131801797982618
1436.7514218360407 99.277447808311308
1457.6494524886093 99.430717904614795
1478.8514519965543 99.588615599574837
1500.3618416886875 99.745677628496281
1522.1851072035295 99.907169793306110
1544.3257994247153 100.075649107604818
1566.788535430007 100.247264410685261
1589.5779994541087 100.419334995905814
1612.6989438654878 100.590456269095370
1636.156190157402 100.761940188149026
1659.9546299533442 100.935071520862209
1684.099226027109 101.106602675066512
1708.5950133376978 101.272555187762052
1733.4471000792773 101.434561440507366
1758.6606687464096 101.591424732228887
1784.2409772147755 101.735553081516827
1810.193359837619 101.864185588056301
1836.5232285581387 101.978784307946057
1863.2360740380593 102.083002916902345
1890.3374668026197 102.183748627169692
1917.833058402214 102.291188894776894
1945.7285825909298 102.419911768088269
1974.0298565222283 102.585640333394252
2002.7427819620161 102.805367889788954
2031.8733465193618 103.072357473105242
2061.4276248951132 103.387464942503598
2091.411780148677 103.744717840865889
2121.832064983222 104.126904630160666
2152.694823049581 104.523080587915842
2184.0064902691106 104.928284698011893
2215.7735961758003 105.338507691145850
2248.002765277899 105.746167254075559
2280.7007184393456 106.143338549428208
2313.874274281297 106.529779299378660
2347.530350604038 106.895776508832341
2381.6759658295764 107.235402120682551
2416.318240465218 107.553152780024135
2451.4643985884327 107.829531634607335
2487.1217693533167 108.070157430232683
2523.2977885189675 108.259455717821595
2560.0000000000887 108.403500000000292
2597.236057440151 108.498594001956263
2635.0137258074315 108.548258464247908
2673.340883014273 108.546121319530528
2712.225521559891 108.505402568378827
2751.6757501970797 108.422333615179099
2791.699795623158 108.309193108021105
2832.3060041955137 108.170459805189836
2873.502843672097 108.017749080299154
2915.2989049772345 107.857405193937183
2957.7029039931244 107.696076284265359
3000.723683377391 107.537476154221338
3044.370214407075 107.385932618643096
3088.6515988494466 107.241281173653007
3133.57707086003 107.104242354348656
3179.1559989082334 106.977278802947779
3225.3978877309914 106.859791090568308
3272.3123803148205 106.754759620354619
3319.9092599067053 106.664353350757665
3368.198452054235 106.588750105206231
3417.190026675413 106.527622372257568
3466.8942001585724 106.481674059889002
3517.3213374928373 106.451571465002871
3568.4819544295697 106.437206263189921
3620.386719675257 106.438873476738308
3673.0464571162966 106.454409976560001
3726.472148076138 106.483471617730245
3780.6749336052594 106.525950120238903
3835.6661168044484 106.577262744980757
3891.45716518188 106.638407525394399
3948.059713044477 106.702792923588092
4005.4855639240527 106.764528433597050
4063.746693038744 106.816779238265227
4122.855249790247 106.851333112475544
4182.823560297375 106.856305863821575
4243.664129966465 106.819801522020128
4305.389646099183 106.733377111235370
4368.012980538242 106.585818522194756
4431.5471923516225 106.363826335559281
4496.00553055582 106.070774006387651
4561.401436878714 105.695820588444420
4627.748548562617 105.254854454350692
4695.060701208099 104.748584084586412
4763.351931659176 104.193340984314034
4832.63648093046 103.597672603002650
4902.928797176889 102.975198499431571
4974.243538706657 102.342515408091202
5046.595577037959 101.714569259830043
5120.000000000202 101.099499999998343
5194.472114880326 100.512017689311776
5270.027451614888 99.968934554421708
5346.6817660285715 99.484702297318393
5424.451043119808 99.076357545180912
5503.351500394186 98.769412995057365
5583.399591246343 98.596984488311293
5664.612008391055 98.604798024908774
5747.005687344222 98.791665104761819
5830.597809954497 99.183546359545815
5915.405807986278 99.797013366506832
6001.447366754812 100.635368401057747
6088.740428814181 101.696620105335313
6177.303197698925 102.927211754926418
6267.154141720092 104.259401552572882
6358.3119978165005 105.588402488699529
6450.795775462017 106.811803953692049
6544.624760629676 107.831894654840227
6639.818519813445 108.575451951922645
6736.396904108505 109.014902182873968
6834.380053350861 109.178422304534820
6933.788400317181 109.136865181557539
7034.642674985712 108.973309302904369
7136.963908859177 108.758049039598404
7240.773439350552 108.534375777363834
7346.092914232631 108.317583706963575
7452.944296152315 108.106788065464514
7561.349867210557 107.893822763365733
7671.332233608935 107.638902969255867
7782.914330363799 107.285094973013983
7896.119426088994 106.773164043176422
8010.971127848146 106.085613522357292
8127.49338607753 105.269434982948042
8245.710499580537 104.369166195502061
8365.647120594791 103.422442950683489
8487.328259932974 102.466025958443083
8610.77929219841 101.531501085054487
8736.025961076528 100.640446944838885
8863.094384703289 99.805215452035213
8992.011061111683 99.029566782311377
9122.802873757471 98.312114994616834
9255.497097125279 97.657791629967519
9390.121402416245 97.070406083167256
9526.7038633184 96.555985727397555
9665.272961860968 96.110382537379579
9805.857594353829 95.730726936649461
9948.487077413367 95.420947738801829
10093.19115407597 95.192153658654149
10240.000000000457 95.041599999999647
10388.944229760706 94.974940522194146
10540.05490322983 95.004647304437128
10693.363532057198 95.121429896736629
10848.902086239672 95.330798233671487
11006.703000788428 95.647080729876791
11166.799182492743 96.080176162701832
11329.224016782166 96.666538574557023
11494.0113746885 97.387702797512446
11661.195619909053 98.353365424925400
11830.811615972614 99.519617075888760
12002.894733509682 100.991920518047266
12177.48085762842 102.712790281623811
12354.606395397908 104.722556221493150
12534.308283440243 106.597269427203571
12716.62399563306 107.765077425181516
12901.591550924093 107.606802407415358
13089.249521259411 106.791830650530557
13279.637039626952 105.487306405187184
13472.793808217073 104.056163751246402
13668.760106701786 102.949848050518739
13867.576800634426 102.258974384704189
14069.285349971487 102.022911723819178
14273.927817718419 102.124550816133478
14481.54687870117 102.674424893758712
14692.18582846533 103.630735907159320
14905.888592304698 104.589156914879112
15122.699734421185 105.069521658180918
15342.664467217943 104.670471085221564
15565.828660727671 103.267794944340309
15792.238852178061 101.126939822565973
16021.942255696367 98.800183635001133
16254.986772155136 96.829467012512794
16491.42099916115 95.452946942883784
16731.294241189662 94.397332639307365
16974.65651986603 93.566096536687198
17221.558584396902 93.051233229101229
17472.051922153143 92.835678512205433
17726.188769406665 92.857118733570829
17984.022122223458 93.325331846246883
18245.605747515034 94.403280484414040
18510.99419425065 95.037176923275439
18780.242804832582 94.793248814208354
19053.40772663689 94.419583706334549
19330.545923722028 93.915688831528001
19611.71518870775 92.998790244984832
19896.974154826825 91.949563078390270
20186.382308152035 91.127067610405234
