20 100.921499999999995
20.290906698750476 100.979681533688535
20.586044732869844 101.035848508083575
20.885475648548283 101.090837202233857
21.189261887185914 101.143638559983685
21.49746679841394 101.192754554904425
21.810154653305165 101.238345617334829
22.12739065777668 101.279742308866531
22.449240966187475 101.320655100256431
22.77577269513385 101.361345206883868
23.107053937445478 101.402024939138997
23.44315377638505 101.442439925405807
23.784142300054445 101.482176364506259
24.130090616010463 101.522394107541601
24.481070866093134 101.563323160484913
24.837156241469714 101.604272905345368
25.1984209978975 101.645570388510833
25.56494047120865 101.686643497191682
25.936791093020236 101.727034087212957
26.3140504066728 101.766975227618076
26.69679708340074 101.803965741151814
27.08511093873791 101.833723653707892
27.47907294916184 101.853907109916520
27.878765268980047 101.869605241000528
28.284271247461966 101.883380951166231
28.695675446220072 101.897348640617707
29.11306365684382 101.912522546273749
29.536522918790062 101.929789623020710
29.966141537533712 101.950840935339158
30.402009102982383 101.973607151801900
30.844216508158908 101.997251602942555
31.29285596815558 102.021124938328171
31.74802103936409 102.044153030928840
32.20980663898519 102.064892265559408
32.67830906482211 102.082562508203949
33.153626015361866 102.098108780460848
33.63585661014871 102.112032271863853
34.125101410453844 102.124502433850893
34.62146244024586 102.135807786364666
35.12504320746613 102.144750604904530
35.635948725613716 102.151495435981758
36.15428553564419 102.156888569820808
36.68016172818701 102.161441293825504
37.21368696608603 102.165923182694769
37.754972507267915 102.170503352552316
38.30413122794313 102.174624781367669
38.86127764614443 102.177806384238707
39.4265279456077 102.180632639268836
40.000000000000206 102.181999999999988
40.58181339750116 102.181030307771863
41.1720894657399 102.177662816469109
41.77095129709678 102.172742064997749
42.37852377437204 102.166301529129541
42.9949335968281 102.157988417339652
43.62030930661056 102.147828188248880
44.25478131555359 102.136196951715505
44.89848193237519 102.124361170777021
45.55154539026795 102.112042729833973
46.21410787489121 102.099729617329970
46.88630755277036 102.086712182532352
47.56828460010916 102.072585535304114
48.260181232021196 102.058176034895524
48.962141732186545 102.042133734170136
49.674312482939705 102.024870807898310
50.39684199579528 102.006830911146380
51.129880942417586 101.987546074354270
51.873582186040764 101.967093082541595
52.628100813345895 101.945692114981455
53.393594166801776 101.923930150221395
54.17022187747612 101.901922218611801
54.95814589832399 101.879410135890552
55.75753053796041 101.856471005747395
56.56854249492426 101.833012267647206
57.39135089244048 101.809346499565450
58.226127313687975 101.784990053275664
59.073045837580466 101.758187735253159
59.932283075067765 101.725107101609893
60.804018205965114 101.688324877704559
61.68843301631817 101.649789716017978
62.58571193631152 101.610384055806236
63.49604207872855 101.570174148535941
64.41961327797075 101.528697789213339
65.35661812964459 101.484882329777065
66.3072520307241 101.439251902525243
67.27171322029778 101.394588044747493
68.25020282090806 101.353991887163687
69.2429248804921 101.312946917937609
70.25008641493265 101.264495160763772
71.27189745122783 101.205778306749480
72.30857107128878 101.142794306793945
73.36032345637442 101.082362371627596
74.42737393217246 101.025703929459212
75.50994501453623 100.972490028873992
76.60826245588666 100.920999997629906
77.72255529228926 100.867516281146862
78.85305589121582 100.806316818569087
80.00000000000082 100.737499999999955
81.16362679500274 100.673015520565741
82.34417893148023 100.616431449195289
83.541902594194 100.559309375562961
84.75704754874454 100.499945192049708
85.98986719365665 100.435619396717499
87.24061861322157 100.365664990717875
88.50956263110764 100.292442179852060
89.79696386475084 100.217343774556198
91.10309078053635 100.143910610779926
92.42821574978288 100.074254859807837
93.77261510554118 100.005890459125311
95.13656920021877 99.929976539428495
96.52036246404286 99.849263854130200
97.92428346437356 99.770001277739439
99.34862496587989 99.689268378925505
100.79368399159105 99.600997908529763
102.25976188483567 99.512433810679539
103.74716437208203 99.430540770540347
105.25620162669229 99.349944087103722
106.78718833360406 99.261481511650146
108.34044375495276 99.163651303846393
109.9162917966485 99.068885838922910
111.51506107592134 98.989149028183476
113.13708498984903 98.919805681305192
114.78270178488147 98.844093314470314
116.45225462737648 98.747024720176285
118.14609167516147 98.643768289663626
119.86456615013608 98.546938788031781
121.60803641193078 98.455098151406105
123.3768660326369 98.361411423873747
125.17142387262359 98.258100285060834
126.99208415745765 98.150107315234862
128.83922655594208 98.047243091883217
130.71323625928977 97.942833979839577
132.61450406144883 97.817412195391341
134.5434264405962 97.680486843733775
136.50040564181674 97.566229109446439
138.48584976098482 97.458027077737228
140.50017282986593 97.324820659143171
142.5437949024563 97.174955040486537
144.61714214257822 97.023448623591790
146.7206469127495 96.880560786228344
148.8547478643456 96.745318481129175
151.01989002907314 96.613194664238165
153.216524911774 96.480795115258275
155.4451105845792 96.345567812002358
157.70611178243232 96.197242396377845
160.00000000000236 96.032999999999831
162.3272535900062 95.866834093673560
164.6883578629612 95.694749876003840
167.08380518838874 95.524466592662066
169.51409509748981 95.370126103955641
171.97973438731407 95.231906502452659
174.4812372264439 95.109985602911848
177.01912526221608 95.012407665507766
179.5939277295025 94.960659585236158
182.20618156107355 94.999447340158113
184.85643149956664 95.104941409281707
187.54523021108326 95.180076479023782
190.27313840043846 95.250081068178588
193.04072492808663 95.368724476778283
195.84856692874806 95.488915256678183
198.69724993176072 95.593903747611620
201.58736798318304 95.685269110181778
204.5195237696723 95.758669761047955
207.49432874416505 95.814409259906654
210.5124032533856 95.853119898116063
213.57437666720915 95.878127042503650
216.68088750990657 95.896750214120686
219.83258359329807 95.913204772068156
223.03012215184378 95.900743215585692
226.2741699796992 95.865419676944100
229.5654035697641 95.828990829779102
232.90450925475412 95.808525199098852
236.2921833503241 95.779359028984004
239.72913230027333 95.742411827772059
243.21607282386276 95.700042834818191
246.75373206527502 95.643440286955595
250.34284774524843 95.587085835279936
253.9841683149166 95.540203832945451
257.67845311188546 95.472408424069101
261.42647251858085 95.395400695239445
265.22900812289896 95.334780528540577
269.08685288119375 95.288914338985080
273.0008112836349 95.239114149081388
276.97169952197106 95.186003518893642
281.00034565973334 95.133996024913074
285.0875898049141 95.086887609477600
289.23428428515797 95.034224589578486
293.44129382550057 94.999378555073847
297.7094957286928 94.979329613668185
302.0397800581479 94.957211594578425
306.4330498235497 94.925157634627311
310.89022116916016 94.894741007108166
315.41222356486645 94.867180884592429
320.00000000000654 94.852499999999992
324.6545071800142 94.846914591383978
329.3767157259242 94.821115048789636
334.16761037677935 94.790827293588606
339.02819019498156 94.768178782161584
343.95946877463007 94.734303984190262
348.9624744528898 94.695592699267451
354.03825052443415 94.678212023793805
359.187855459007 94.658411007072175
364.4123631221491 94.617494913461741
369.71286299913527 94.585165394605013
375.0904604221685 94.576868303147393
380.54627680087896 94.599081269832155
386.08144985617537 94.622958379367162
391.6971338574982 94.629935708660938
397.3944998635236 94.625534850368481
403.1747359663683 94.601832636176567
409.0390475393468 94.581428412844531
414.9886574883323 94.579735821860424
421.0248065067734 94.581771539138998
427.1487533344206 94.578962811666401
433.3617750198154 94.578393629169966
439.6651671865984 94.569862283931656
446.06024430368984 94.543840343355015
452.54833995940066 94.512561474158332
459.13080713953053 94.494738385720936
465.8090185095106 94.486778072536111
472.58436670065066 94.488119638114654
479.45826460054917 94.491410684828807
486.432145647728 94.496045716518182
493.50746413055253 94.507190833928775
500.6856954904994 94.527028502121212
507.9683366298358 94.553883241322524
515.3569062237735 94.604788635919050
522.8529450371643 94.674636068501286
530.4580162458005 94.751980926673070
538.1737057623901 94.836072061594223
546.0016225672724 94.930878815719993
553.9433990439449 95.036385650011539
562.0006913194694 95.135006740364844
570.1751796098309 95.214865662844687
578.4685685703187 95.303190255273890
586.8825876510039 95.430997919946265
595.4189914573883 95.572810006056997
604.0795601162986 95.701249473960999
612.8660996471021 95.799160996471016
621.780442338323 95.882492615664660
630.8244471297356 95.962584913593560
640.0000000000159 96.047000000000168
649.3090143600314 96.139159242164311
658.7534314518515 96.207711691735554
668.3352207535618 96.260676669993870
678.0563803899662 96.316227006261812
687.9189375492632 96.378973094070204
697.9249489057827 96.446389652559333
708.0765010488715 96.508555181240780
718.3757109180171 96.561878554590081
728.8247262443015 96.620742175904738
739.425725998274 96.697250372387231
750.1809208443404 96.776495064643868
761.0925536017613 96.836509044809688
772.1628997123541 96.890750975529102
783.3942677149998 96.951314185333658
794.7889997270506 97.015753873441923
806.34947193274 97.072485255714156
818.0780950786972 97.124318973629428
829.9773149766683 97.185672454668605
842.0496130135506 97.255772871574536
854.2975066688449 97.324389726123727
866.7235500396347 97.398431350246952
879.3303343732008 97.474033355771269
892.1204886073838 97.543238589619136
905.0966799188055 97.617491334482395
918.2616142790653 97.702682155450773
931.6180370190256 97.790017240623669
945.1687334013056 97.877499372658377
958.9165292011028 97.963485263406795
972.8642912954606 98.055207180208072
987.0149282611097 98.156377173580324
1001.3713909810035 98.255005467441919
1015.9366732596762 98.350463486419940
1030.7138124475518 98.444333861288698
1045.7058900743334 98.536141594547985
1060.916032491606 98.635576348860980
1076.3474115247852 98.738476794390991
1092.0032451345498 98.849273932867305
1107.8867980878947 98.965909743553254
1124.0013826389438 99.078453585224125
1140.350359219667 99.185787676757073
1156.9371371406426 99.293010351283868
1173.765175302013 99.406576874026854
1190.837982914782 99.525823766661659
1208.1591202326028 99.643608944269374
1225.73219929421 99.749893195765253
1243.5608846766518 99.857576664914546
1261.648894259477 99.977989073915069
1280.0000000000375 100.099500000000234
1298.6180287200684 100.209612341287254
1317.5068629037087 100.322042550003005
1336.6704415071292 100.444190825645620
1356.112760779938 100.562579383699131
1375.8378750985323 100.673108313041922
1395.8498978115715 100.781193200737192
1416.153002097749 100.899071929078360
1436.7514218360407 101.022352458745758
1457.6494524886093 101.150467638280062
1478.8514519965543 101.280339799099124
1500.3618416886875 101.410627629129479
1522.1851072035295 101.538948430356754
1544.3257994247153 101.660632348870450
1566.788535430007 101.789545046911229
1589.5779994541087 101.931965436462633
1612.6989438654878 102.078995388597946
1636.156190157402 102.222714017141271
1659.9546299533442 102.365426872319134
1684.099226027109 102.513325123970787
1708.5950133376978 102.670055187762046
1733.4471000792773 102.835271338537495
1758.6606687464096 103.007605041100078
1784.2409772147755 103.184208284149065
1810.193359837619 103.361722581289314
1836.5232285581387 103.543201670764645
1863.2360740380593 103.733093897516312
1890.3374668026197 103.934757998363864
1917.833058402214 104.139251309840290
1945.7285825909298 104.335856363181051
1974.0298565222283 104.540917952612261
2002.7427819620161 104.768167977499928
2031.8733465193618 104.997612543779184
2061.4276248951132 105.220397536699380
2091.411780148677 105.449700122512837
2121.832064983222 105.691248123114931
2152.694823049581 105.940962807854078
2184.0064902691106 106.195652084409602
2215.7735961758003 106.446048200410246
2248.002765277899 106.694054257269443
2280.7007184393456 106.940933733602407
2313.874274281297 107.185663536920657
2347.530350604038 107.422751591677923
2381.6759658295764 107.652874223193820
2416.318240465218 107.873225354814565
2451.4643985884327 108.074322497218731
2487.1217693533167 108.262394209589132
2523.2977885189675 108.429510269483444
2560.0000000000887 108.574500000000313
2597.236057440151 108.694260960832423
2635.0137258074315 108.790279510485973
2673.340883014273 108.853426669993922
2712.225521559891 108.884390208623955
2751.6757501970797 108.877205381185945
2791.699795623158 108.846366431384439
2832.3060041955137 108.786987333245222
2873.502843672097 108.703033288933852
2915.2989049772345 108.598581000362373
2957.7029039931244 108.479929113781026
3000.723683377391 108.348093752770183
3044.370214407075 108.202422760295590
3088.6515988494466 108.048952549012540
3133.57707086003 107.891980251989892
3179.1559989082334 107.734494923744762
3225.3978877309914 107.582742674770060
3272.3123803148205 107.442079087512212
3319.9092599067053 107.313032294638845
3368.198452054235 107.194507529316340
3417.190026675413 107.087276146115670
3466.8942001585724 106.991097265719333
3517.3213374928373 106.906517993760744
3568.4819544295697 106.833473459241560
3620.386719675257 106.767832069192934
3673.0464571162966 106.703883322318120
3726.472148076138 106.640027586750918
3780.6749336052594 106.586864519772746
3835.6661168044484 106.549300164958666
3891.45716518188 106.549058046178999
3948.059713044477 106.575590490489589
4005.4855639240527 106.657019684240510
4063.746693038744 106.781897073182520
4122.855249790247 106.947731643035098
4182.823560297375 107.153592558311118
4243.664129966465 107.392609082011120
4305.389646099183 107.659829701683918
4368.012980538242 107.944442502953478
4431.5471923516225 108.232220856792338
4496.00553055582 108.509923643126129
4561.401436878714 108.749971361122505
4627.748548562617 108.935301675032491
4695.060701208099 109.026936375869610
4763.351931659176 109.009871152073060
4832.63648093046 108.863272316743391
4902.928797176889 108.562681488844902
4974.243538706657 108.139500025262393
5046.595577037959 107.597768608469579
5120.000000000202 107.005071428569778
5194.472114880326 106.407305608372283
5270.027451614888 105.855495167123195
5346.6817660285715 105.379413933637153
5424.451043119808 104.992327873018567
5503.351500394186 104.696080570077072
5583.399591246343 104.476934794876541
5664.612008391055 104.321752045357613
5747.005687344222 104.213699397965939
5830.597809954497 104.154462503710477
5915.405807986278 104.147512397671974
6001.447366754812 104.198944899076793
6088.740428814181 104.322105720897127
6177.303197698925 104.516683336857909
6267.154141720092 104.779187966890049
6358.3119978165005 105.107543391648122
6450.795775462017 105.472468911743846
6544.624760629676 105.833711004888869
6639.818519813445 106.147487318472983
6736.396904108505 106.388837932052667
6834.380053350861 106.565585780826552
6933.788400317181 106.719568266512255
7034.642674985712 106.894226429597069
7136.963908859177 107.101657223591531
7240.773439350552 107.314154065979039
7346.092914232631 107.477124063940551
7452.944296152315 107.534588063711624
7561.349867210557 107.434351461356528
7671.332233608935 107.176736852451413
7782.914330363799 106.782582224387411
7896.119426088994 106.285126754772818
8010.971127848146 105.734250003623202
8127.49338607753 105.182864902013677
8245.710499580537 104.675895357568081
8365.647120594791 104.246063128653134
8487.328259932974 103.900741687350433
8610.77929219841 103.643056674450690
8736.025961076528 103.482591324529466
8863.094384703289 103.454265073672076
8992.011061111683 103.575017027241273
9122.802873757471 103.799159648933355
9255.497097125279 104.066698196713048
9390.121402416245 104.325362933906263
9526.7038633184 104.527144743083710
9665.272961860968 104.600878266640308
9805.857594353829 104.487545947908018
9948.487077413367 104.152902236953906
10093.19115407597 103.587875931048515
10240.000000000457 102.860899999997571
10388.944229760706 102.031976626656530
10540.05490322983 101.181068571348519
10693.363532057198 100.367233868773056
10848.902086239672 99.612319541915141
11006.703000788428 98.915677777874549
11166.799182492743 98.269076060019501
11329.224016782166 97.669127116755959
11494.0113746885 97.091160757324673
11661.195619909053 96.537455393255300
11830.811615972614 95.998468554356492
12002.894733509682 95.498434726282454
12177.48085762842 95.056419984573211
12354.606395397908 94.751712441780555
12534.308283440243 94.570164958747128
12716.62399563306 94.568535357932973
12901.591550924093 94.755598010413991
13089.249521259411 95.028238233029754
13279.637039626952 95.361713097494004
13472.793808217073 95.713431458489566
13668.760106701786 96.033312060319432
13867.576800634426 96.338960765018243
14069.285349971487 96.720556253930425
14273.927817718419 97.219883875232938
14481.54687870117 97.972924271867697
14692.18582846533 98.976254383027637
14905.888592304698 100.017736330446922
15122.699734421185 100.886326314029077
15342.664467217943 101.430907820580018
15565.828660727671 101.639108006250936
15792.238852178061 101.618039962848840
16021.942255696367 101.398733546931254
16254.986772155136 100.834994392898068
16491.42099916115 99.862776851449354
16731.294241189662 98.443897849203438
16974.65651986603 96.514079441244107
17221.558584396902 94.267116086198143
17472.051922153143 92.037175865878851
17726.188769406665 90.088108076523071
17984.022122223458 88.539034496503888
18245.605747515034 87.326520214321505
18510.99419425065 86.141308999234099
18780.242804832582 85.515897299888152
19053.40772663689 86.344367646572834
19330.545923722028 87.745031441039060
19611.71518870775 88.608623466829741
19896.974154826825 88.620773670258814
20186.382308152035 87.963544492260368
