20 101.563490599999994
20.290906698750476 101.559973061536795
20.586044732869844 101.556293779774791
20.885475648548283 101.552011568430601
21.189261887185914 101.546583960269771
21.49746679841394 101.539098819004806
21.810154653305165 101.528879015184827
22.12739065777668 101.516872173774601
22.449240966187475 101.504352405244845
22.77577269513385 101.491511349058342
23.107053937445478 101.478517534872822
23.44315377638505 101.465288150319509
23.784142300054445 101.451872195974289
24.130090616010463 101.438342642066033
24.481070866093134 101.424690197497682
24.837156241469714 101.410861248327620
25.1984209978975 101.396867078314358
25.56494047120865 101.382746224788207
25.936791093020236 101.368341457493656
26.3140504066728 101.353634961319926
26.69679708340074 101.338493359294120
27.08511093873791 101.322579103713778
27.47907294916184 101.305767925188178
27.878765268980047 101.288327263202603
28.284271247461966 101.270419553281258
28.695675446220072 101.252128298295730
29.11306365684382 101.233381430332230
29.536522918790062 101.214199911022291
29.966141537533712 101.194475658072037
30.402009102982383 101.174230989442179
30.844216508158908 101.153586745159984
31.29285596815558 101.132586825976404
31.74802103936409 101.111393466857834
32.20980663898519 101.090157855330034
32.67830906482211 101.068887717259301
33.153626015361866 101.047653806750702
33.63585661014871 101.026220572014736
34.125101410453844 101.004506350773028
34.62146244024586 100.982313869600958
35.12504320746613 100.959531826875406
35.635948725613716 100.936382726610731
36.15428553564419 100.912945125807710
36.68016172818701 100.889188780840129
37.21368696608603 100.864965736457719
37.754972507267915 100.839883496480198
38.30413122794313 100.813625339065098
38.86127764614443 100.786434342070237
39.4265279456077 100.758559232074077
40.000000000000206 100.730813320079506
40.58181339750116 100.703730847126906
41.1720894657399 100.677193122547578
41.77095129709678 100.650653304668708
42.37852377437204 100.623701401327523
42.9949335968281 100.597377799835229
43.62030930661056 100.573548929621808
44.25478131555359 100.552227462450901
44.89848193237519 100.530803470915529
45.55154539026795 100.506765313542047
46.21410787489121 100.478822779543378
46.88630755277036 100.447664917026600
47.56828460010916 100.415318078947507
48.260181232021196 100.384590077026232
48.962141732186545 100.358096517511640
49.674312482939705 100.335700131128931
50.39684199579528 100.313636670133150
51.129880942417586 100.286806426725818
51.873582186040764 100.251822334776008
52.628100813345895 100.210419843275247
53.393594166801776 100.171083980620381
54.17022187747612 100.142690673260930
54.95814589832399 100.125489141663081
55.75753053796041 100.111428427645123
56.56854249492426 100.092184586534557
57.39135089244048 100.065484514694930
58.226127313687975 100.034113393871294
59.073045837580466 100.002338914040649
59.932283075067765 99.972534317176525
60.804018205965114 99.944205006400210
61.68843301631817 99.913707893888727
62.58571193631152 99.877501251888532
63.49604207872855 99.836531453632517
64.41961327797075 99.796966236172324
65.35661812964459 99.762102458531558
66.3072520307241 99.730646994673435
67.27171322029778 99.699466718362913
68.25020282090806 99.666727154827086
69.2429248804921 99.632528002971384
70.25008641493265 99.597435444010841
71.27189745122783 99.561998493707762
72.30857107128878 99.527254347607752
73.36032345637442 99.496125223297128
74.42737393217246 99.473720443809256
75.50994501453623 99.470500562254145
76.60826245588666 99.491953805190647
77.72255529228926 99.521333157146529
78.85305589121582 99.542215421371935
80.00000000000082 99.556505494505501
81.16362679500274 99.568511919734007
82.34417893148023 99.578787243636469
83.541902594194 99.583775032800460
84.75704754874454 99.579199327720460
85.98986719365665 99.566845053574212
87.24061861322157 99.549907341091028
88.50956263110764 99.529474718029391
89.79696386475084 99.506198261982092
91.10309078053635 99.481820462953863
92.42821574978288 99.458335029395926
93.77261510554118 99.434868827479960
95.13656920021877 99.408794608914235
96.52036246404286 99.379830564209669
97.92428346437356 99.349061064831318
99.34862496587989 99.317339959364631
100.79368399159105 99.284879115978569
102.25976188483567 99.249802999844803
103.74716437208203 99.211431979027182
105.25620162669229 99.172523555629098
106.78718833360406 99.134758792939735
108.34044375495276 99.096111280639420
109.9162917966485 99.054659396648773
111.51506107592134 99.010005559313100
113.13708498984903 98.964969660368553
114.78270178488147 98.921716382429707
116.45225462737648 98.878873602431042
118.14609167516147 98.834039051748192
119.86456615013608 98.785599826282919
121.60803641193078 98.733261092090913
123.3768660326369 98.678655834979381
125.17142387262359 98.624148957836553
126.99208415745765 98.570306849613900
128.83922655594208 98.518167655410508
130.71323625928977 98.470904126885188
132.61450406144883 98.428975276209343
134.5434264405962 98.383935577544491
136.50040564181674 98.344680586239761
138.48584976098482 98.346998916320260
140.50017282986593 98.403423605284758
142.5437949024563 98.512887215288174
144.61714214257822 98.682039880207498
146.7206469127495 98.895972684236227
148.8547478643456 99.126514641425274
151.01989002907314 99.325581804150744
153.216524911774 99.471777094566448
155.4451105845792 99.582340506572677
157.70611178243232 99.661571425959025
160.00000000000236 99.701028112449833
162.3272535900062 99.711585391937575
164.6883578629612 99.697595066844443
167.08380518838874 99.660724928496535
169.51409509748981 99.607489445682532
171.97973438731407 99.545854878947779
174.4812372264439 99.480718069800162
177.01912526221608 99.411058181320584
179.5939277295025 99.333133102072949
182.20618156107355 99.252642294888503
184.85643149956664 99.171867857575847
187.54523021108326 99.089006643161184
190.27313840043846 99.002728951140199
193.04072492808663 98.914693826672561
195.84856692874806 98.825007695073396
198.69724993176072 98.732440332868492
201.58736798318304 98.639662063688945
204.5195237696723 98.547030962948384
207.49432874416505 98.452633440773283
210.5124032533856 98.356897251103192
213.57437666720915 98.262661181077362
216.68088750990657 98.171286396611947
219.83258359329807 98.081207081174313
223.03012215184378 97.994177165961077
226.2741699796992 97.916452434149164
229.5654035697641 97.852627651781205
232.90450925475412 97.805255222920138
236.2921833503241 97.777467045295765
239.72913230027333 97.767898596117845
243.21607282386276 97.768906020195061
246.75373206527502 97.776732486232760
250.34284774524843 97.789271406055747
253.9841683149166 97.802603352408937
257.67845311188546 97.808435218411972
261.42647251858085 97.799521143368779
265.22900812289896 97.770271270701016
269.08685288119375 97.716797331384186
273.0008112836349 97.643237316317993
276.97169952197106 97.562226806342608
281.00034565973334 97.477244182975340
285.0875898049141 97.382490020239757
289.23428428515797 97.280319042257787
293.44129382550057 97.173214687640353
297.7094957286928 97.067548445579945
302.0397800581479 96.962299328737174
306.4330498235497 96.854588140798498
310.89022116916016 96.747021529039870
315.41222356486645 96.643076268594484
320.00000000000654 96.543631165919152
324.6545071800142 96.442174766084065
329.3767157259242 96.337011728690868
334.16761037677935 96.234954462527440
339.02819019498156 96.136324081496880
343.95946877463007 96.037811429549024
348.9624744528898 95.936220970652727
354.03825052443415 95.830001124128330
359.187855459007 95.720573859890095
364.4123631221491 95.612572365042155
369.71286299913527 95.506672393103770
375.0904604221685 95.400023008351070
380.54627680087896 95.290157986030380
386.08144985617537 95.183249180989691
391.6971338574982 95.083287962756103
397.3944998635236 94.985326865398363
403.1747359663683 94.885956665917817
409.0390475393468 94.787861083907131
414.9886574883323 94.692343471268288
421.0248065067734 94.594916726223587
427.1487533344206 94.500958317126845
433.3617750198154 94.405490878904430
439.6651671865984 94.302067608518882
446.06024430368984 94.202499380003545
452.54833995940066 94.113024809364205
459.13080713953053 94.026610392836702
465.8090185095106 93.944116523520535
472.58436670065066 93.861162589287090
479.45826460054917 93.778020581121936
486.432145647728 93.703571666353440
493.50746413055253 93.632026583216543
500.6856954904994 93.561619161967059
507.9683366298358 93.509138959439298
515.3569062237735 93.470493864319650
522.8529450371643 93.443950579741767
530.4580162458005 93.439204342624620
538.1737057623901 93.459866429377414
546.0016225672724 93.498474163620457
553.9433990439449 93.556854055293613
562.0006913194694 93.620001083473909
570.1751796098309 93.686456456847154
578.4685685703187 93.748949394371010
586.8825876510039 93.800557817230299
595.4189914573883 93.844117276315970
604.0795601162986 93.878691493649768
612.8660996471021 93.898386069156487
621.780442338323 93.906318006741429
630.8244471297356 93.912555897843703
640.0000000000159 93.921002265898863
649.3090143600314 93.928729677348599
658.7534314518515 93.935798087151298
668.3352207535618 93.943649216467620
678.0563803899662 93.955155486158390
687.9189375492632 93.969957436649423
697.9249489057827 93.984970523673354
708.0765010488715 93.999593534929289
718.3757109180171 94.020286992464591
728.8247262443015 94.052595407311202
739.425725998274 94.095966395209288
750.1809208443404 94.146868339485280
761.0925536017613 94.204637354294050
772.1628997123541 94.266917854225085
783.3942677149998 94.334192711282157
794.7889997270506 94.406085758219632
806.34947193274 94.480510249785198
818.0780950786972 94.558609125954035
829.9773149766683 94.638366389679106
842.0496130135506 94.720457814165172
854.2975066688449 94.806375720720069
866.7235500396347 94.893862957310319
879.3303343732008 94.982981986353565
892.1204886073838 95.079245991454059
905.0966799188055 95.181108233549821
918.2616142790653 95.285246177962335
931.6180370190256 95.393941329208630
945.1687334013056 95.507985720602960
958.9165292011028 95.621869392011277
972.8642912954606 95.741126083619406
987.0149282611097 95.874083811207811
1001.3713909810035 96.011516507197484
1015.9366732596762 96.155763651813203
1030.7138124475518 96.312110552661920
1045.7058900743334 96.477012224311736
1060.916032491606 96.647883093207511
1076.3474115247852 96.816858709991166
1092.0032451345498 96.982054169310743
1107.8867980878947 97.158964467243209
1124.0013826389438 97.362661424871618
1140.350359219667 97.584624558546096
1156.9371371406426 97.804654951991765
1173.765175302013 98.030580780927920
1190.837982914782 98.266608141413030
1208.1591202326028 98.504526741261031
1225.73219929421 98.744742663898535
1243.5608846766518 98.988135911212225
1261.648894259477 99.235886022505085
1280.0000000000375 99.491495154979106
1298.6180287200684 99.750343515212336
1317.5068629037087 100.011569168598328
1336.6704415071292 100.278073911311552
1356.112760779938 100.555945971923890
1375.8378750985323 100.839974592603170
1395.8498978115715 101.129413324375378
1416.153002097749 101.423472139357216
1436.7514218360407 101.727770564613152
1457.6494524886093 102.045737742972108
1478.8514519965543 102.369391325793742
1500.3618416886875 102.690185758086614
1522.1851072035295 103.019534957629233
1544.3257994247153 103.358743197239079
1566.788535430007 103.698750129253014
1589.5779994541087 104.037160875642286
1612.6989438654878 104.376387499408025
1636.156190157402 104.710988227151915
1659.9546299533442 105.041108790636756
1684.099226027109 105.361548734725972
1708.5950133376978 105.657762947612412
1733.4471000792773 105.934070032578617
1758.6606687464096 106.189147387735090
1784.2409772147755 106.412238435735233
1810.193359837619 106.594683624087594
1836.5232285581387 106.732847113473468
1863.2360740380593 106.820180193511362
1890.3374668026197 106.854749999999996
1917.833058402214 106.839530105033333
1945.7285825909298 106.777026761647477
1974.0298565222283 106.672251694432362
2002.7427819620161 106.528123075263494
2031.8733465193618 106.351295294647542
2061.4276248951132 106.145379558223340
2091.411780148677 105.915914117709917
2121.832064983222 105.673602753956601
2152.694823049581 105.425753467737096
2184.0064902691106 105.171956899310231
2215.7735961758003 104.915107132651173
2248.002765277899 104.663846238976902
2280.7007184393456 104.420371538080218
2313.874274281297 104.182973598707889
2347.530350604038 103.958151449144836
2381.6759658295764 103.747303974330407
2416.318240465218 103.546749658616136
2451.4643985884327 103.361698737612357
2487.1217693533167 103.196364223247997
2523.2977885189675 103.048783948262951
2560.0000000000887 102.920158143454358
2597.236057440151 102.810527547602334
2635.0137258074315 102.718853413651402
2673.340883014273 102.644050413721189
2712.225521559891 102.585301308613481
2751.6757501970797 102.545846950163366
2791.699795623158 102.528449727709415
2832.3060041955137 102.532339168840778
2873.502843672097 102.556901315190871
2915.2989049772345 102.604571322480865
2957.7029039931244 102.677595169760522
3000.723683377391 102.779407123744804
3044.370214407075 102.908880565114458
3088.6515988494466 103.069736990235242
3133.57707086003 103.264409368459141
3179.1559989082334 103.499108653571938
3225.3978877309914 103.778118945228528
3272.3123803148205 104.108839618637859
3319.9092599067053 104.497507738332004
3368.198452054235 104.945666144449120
3417.190026675413 105.439973125646674
3466.8942001585724 105.968514047942804
3517.3213374928373 106.509581909636779
3568.4819544295697 107.020610014611520
3620.386719675257 107.437817569216662
3673.0464571162966 107.711624642987630
3726.472148076138 107.783810942437412
3780.6749336052594 107.610035917227862
3835.6661168044484 107.169323446589132
3891.45716518188 106.474578730188398
3948.059713044477 105.570769592489626
4005.4855639240527 104.541842356709139
4063.746693038744 103.458212172815010
4122.855249790247 102.365672573827212
4182.823560297375 101.291003841606511
4243.664129966465 100.260845153173804
4305.389646099183 99.289491272566210
4368.012980538242 98.368884981207088
4431.5471923516225 97.498049190299412
4496.00553055582 96.672274434144413
4561.401436878714 95.885800538880574
4627.748548562617 95.134149629025345
4695.060701208099 94.416309285082804
4763.351931659176 93.726934072562301
4832.63648093046 93.053724976781922
4902.928797176889 92.395250255316967
4974.243538706657 91.753414288921647
5046.595577037959 91.137749157669276
5120.000000000202 90.586846996548104
5194.472114880326 90.193283531553462
5270.027451614888 90.120818310047270
5346.6817660285715 90.420426388240955
5424.451043119808 90.979020238463363
5503.351500394186 91.605218557308163
5583.399591246343 92.206772440460810
5664.612008391055 92.824310303718036
5747.005687344222 93.441003903454884
5830.597809954497 93.897199940917972
5915.405807986278 94.110284013991958
6001.447366754812 94.122714735976359
6088.740428814181 94.037339518942929
6177.303197698925 93.944467010114309
6267.154141720092 93.894381565484935
6358.3119978165005 93.911738184046584
6450.795775462017 94.001419483072908
6544.624760629676 94.169876483875314
6639.818519813445 94.415184344591367
6736.396904108505 94.725826340606773
6834.380053350861 95.091675925780052
6933.788400317181 95.505512313136705
7034.642674985712 95.941982209734377
7136.963908859177 96.368445803691912
7240.773439350552 96.748347700878384
7346.092914232631 97.043511464866526
7452.944296152315 97.216892299687487
7561.349867210557 97.242883349778680
7671.332233608935 97.122992144322325
7782.914330363799 96.895452399790315
7896.119426088994 96.594376011015441
8010.971127848146 96.256409561567011
8127.49338607753 95.912256961455242
8245.710499580537 95.597616010687176
8365.647120594791 95.360462636036289
8487.328259932974 95.222344963114992
8610.77929219841 95.197429397018709
8736.025961076528 95.301603632126245
8863.094384703289 95.550318938647720
8992.011061111683 95.961507853423427
9122.802873757471 96.566303903430097
9255.497097125279 97.404957927185890
9390.121402416245 98.470263079896526
9526.7038633184 99.715222015510733
9665.272961860968 100.958409139140926
9805.857594353829 101.848397143650402
9948.487077413367 102.021098177794300
10093.19115407597 101.269470542297597
10240.000000000457 99.890106982802678
10388.944229760706 98.287048035657591
10540.05490322983 96.758378303669616
10693.363532057198 95.446889289540607
10848.902086239672 94.384308402285626
11006.703000788428 93.571986916529397
11166.799182492743 93.024589034992985
11329.224016782166 92.724181936011036
11494.0113746885 92.682443730663309
11661.195619909053 92.925023976526631
11830.811615972614 93.484728646673162
12002.894733509682 94.366603202199684
12177.48085762842 95.484515954638425
12354.606395397908 96.496996607916472
12534.308283440243 96.950929016567500
12716.62399563306 96.575133556149140
12901.591550924093 95.484276538946929
13089.249521259411 94.099787703654727
13279.637039626952 92.803144709706032
13472.793808217073 91.767238472776000
13668.760106701786 91.063178303226437
13867.576800634426 90.725569919265126
14069.285349971487 90.753623797493901
14273.927817718419 91.149402489724920
14481.54687870117 91.856268690073506
14692.18582846533 92.574036588917409
14905.888592304698 92.769788666235087
15122.699734421185 92.080098259825377
15342.664467217943 90.538900342623180
15565.828660727671 88.557501804095409
15792.238852178061 86.637636719938115
16021.942255696367 85.030812526436819
16254.986772155136 83.674721268578097
16491.42099916115 82.373459943231381
16731.294241189662 81.003116231150358
16974.65651986603 79.456554657069404
17221.558584396902 77.483226077528059
17472.051922153143 75.008775048118821
17726.188769406665 72.394202208954994
17984.022122223458 71.239931229729592
18245.605747515034 73.398120170516222
18510.99419425065 75.551298961419320
18780.242804832582 76.156302760742875
19053.40772663689 75.889442849685310
19330.545923722028 75.905578210329736
19611.71518870775 74.754248129124733
19896.974154826825 72.034806474932950
20186.382308152035 68.368118105708049
