20 92.407999999999987
20.290906698750476 92.407999999999987
20.586044732869844 92.407999999999987
20.885475648548283 92.407999999999987
21.189261887185914 92.434033483068447
21.49746679841394 92.442571174644229
21.810154653305165 92.449888615221127
22.12739065777668 92.478761350810998
22.449240966187475 92.505246204010263
22.77577269513385 92.503216548932699
23.107053937445478 92.489753099699740
23.44315377638505 92.483954361994705
23.784142300054445 92.495127826502994
24.130090616010463 92.510035457825097
24.481070866093134 92.503588419757548
24.837156241469714 92.483913622236145
25.1984209978975 92.481452629936925
25.56494047120865 92.497190276909208
25.936791093020236 92.513906817442603
26.3140504066728 92.521971078714841
26.69679708340074 92.537069835941281
27.08511093873791 92.558681067693698
27.47907294916184 92.571279134553976
27.878765268980047 92.573651543413774
28.284271247461966 92.570373016277927
28.695675446220072 92.565064868306706
29.11306365684382 92.558804045147355
29.536522918790062 92.552598247893314
29.966141537533712 92.547872443087130
30.402009102982383 92.551066969876189
30.844216508158908 92.569472682286047
31.29285596815558 92.592696378646622
31.74802103936409 92.598523747527636
32.20980663898519 92.590254834025373
32.67830906482211 92.583891545324107
33.153626015361866 92.588418894291877
33.63585661014871 92.596358566101486
34.125101410453844 92.600250202820916
34.62146244024586 92.600757075119503
35.12504320746613 92.600500172829868
35.635948725613716 92.603495435981756
36.15428553564419 92.608425713213862
36.68016172818701 92.608698382718131
37.21368696608603 92.603363130339147
37.754972507267915 92.601774860715111
38.30413122794313 92.603895869772060
38.86127764614443 92.600072866985514
39.4265279456077 92.588061283107436
40.000000000000206 92.578000000000003
40.58181339750116 92.580424230570358
41.1720894657399 92.588604588575038
41.77095129709678 92.593757935002259
42.37852377437204 92.592347074434542
42.9949335968281 92.583338633184297
43.62030930661056 92.570660235311095
44.25478131555359 92.560282036066965
44.89848193237519 92.554676789373460
45.55154539026795 92.553242273416842
46.21410787489121 92.549694350025192
46.88630755277036 92.535273831410549
47.56828460010916 92.522853676065949
48.260181232021196 92.521319459303953
48.962141732186545 92.515131679071288
49.674312482939705 92.500827993560506
50.39684199579528 92.487547362622280
51.129880942417586 92.477494296421639
51.873582186040764 92.467396275214710
52.628100813345895 92.454205555748359
53.393594166801776 92.438390116838860
54.17022187747612 92.422624442097671
54.95814589832399 92.411264054356224
55.75753053796041 92.401530872064086
56.56854249492426 92.385423522616748
57.39135089244048 92.366107578581435
58.226127313687975 92.347768899324151
59.073045837580466 92.333867789517512
59.932283075067765 92.320549612336450
60.804018205965114 92.303925357710142
61.68843301631817 92.288711888070594
62.58571193631152 92.277919676905896
63.49604207872855 92.264319263622241
64.41961327797075 92.247527347718545
65.35661812964459 92.231150728055326
66.3072520307241 92.216276715477676
67.27171322029778 92.197707169492560
68.25020282090806 92.174120639350477
69.2429248804921 92.156056600956063
70.25008641493265 92.149374783962656
71.27189745122783 92.145868615292642
72.30857107128878 92.138105718215826
73.36032345637442 92.125275309882568
74.42737393217246 92.109162017085254
75.50994501453623 92.092350805658981
76.60826245588666 92.074776858603101
77.72255529228926 92.053692924507899
78.85305589121582 92.026739990683609
80.00000000000082 91.999499999999983
81.16362679500274 91.978651634468619
82.34417893148023 91.961277379592104
83.541902594194 91.942970766310637
84.75704754874454 91.923447987202877
85.98986719365665 91.903002172194476
87.24061861322157 91.882689997347967
88.50956263110764 91.863843810358574
89.79696386475084 91.842816256875750
91.10309078053635 91.817897751542205
92.42821574978288 91.789546118744397
93.77261510554118 91.759610959312639
95.13656920021877 91.726301241580515
96.52036246404286 91.689121230276044
97.92428346437356 91.653382494582260
99.34862496587989 91.618098637392251
100.79368399159105 91.572956498963791
102.25976188483567 91.520901826107533
103.74716437208203 91.473152477008398
105.25620162669229 91.429616667245085
106.78718833360406 91.378874031656650
108.34044375495276 91.321963876903396
109.9162917966485 91.272801944094596
111.51506107592134 91.228835801361015
113.13708498984903 91.176965517345934
114.78270178488147 91.124200045049605
116.45225462737648 91.082843876406528
118.14609167516147 91.032588734666390
119.86456615013608 90.951291610429422
121.60803641193078 90.869698283448514
123.3768660326369 90.808554851891415
125.17142387262359 90.756128718657791
126.99208415745765 90.697605110593955
128.83922655594208 90.634106628573988
130.71323625928977 90.569587151644441
132.61450406144883 90.500648845664941
134.5434264405962 90.428980074579130
136.50040564181674 90.363988642029142
138.48584976098482 90.307303044730205
140.50017282986593 90.241409724667051
142.5437949024563 90.159324238084679
144.61714214257822 90.076718599832517
146.7206469127495 90.010224722000061
148.8547478643456 89.963969286306124
151.01989002907314 89.939400549854639
153.216524911774 89.929707120282330
155.4451105845792 89.921863469194022
157.70611178243232 89.920038359514862
160.00000000000236 90.009500000000287
162.3272535900062 90.286908627928739
164.6883578629612 90.626124904847146
167.08380518838874 90.921139861568975
169.51409509748981 91.169186957592984
171.97973438731407 91.387257157309008
174.4812372264439 91.556817945265962
177.01912526221608 91.653708183338466
179.5939277295025 91.692451990570433
182.20618156107355 91.700971126809932
184.85643149956664 91.685476265802947
187.54523021108326 91.642541119525035
190.27313840043846 91.584490955190347
193.04072492808663 91.522198166769073
195.84856692874806 91.449221845680569
198.69724993176072 91.366519201965289
201.58736798318304 91.290374045742539
204.5195237696723 91.219278175566245
207.49432874416505 91.138670137675049
210.5124032533856 91.044598961473866
213.57437666720915 90.948087917483321
216.68088750990657 90.859935149722617
219.83258359329807 90.776727264269226
223.03012215184378 90.702807190507599
226.2741699796992 90.630847288776579
229.5654035697641 90.556850852418677
232.90450925475412 90.475839523258514
236.2921833503241 90.398167653856575
239.72913230027333 90.335443335520011
243.21607282386276 90.287704226246461
246.75373206527502 90.250116596806464
250.34284774524843 90.207643003980479
253.9841683149166 90.150747370079429
257.67845311188546 90.097162429877656
261.42647251858085 90.064231601721701
265.22900812289896 90.032780528540570
269.08685288119375 89.986928814465273
273.0008112836349 89.941617394215925
276.97169952197106 89.904390316981534
281.00034565973334 89.862695402725549
285.0875898049141 89.807949660453019
289.23428428515797 89.734553168152701
293.44129382550057 89.645291535838993
297.7094957286928 89.556539135853271
302.0397800581479 89.483472914229537
306.4330498235497 89.428708910421335
310.89022116916016 89.363160404816455
315.41222356486645 89.285615866466728
320.00000000000654 89.208999999999918
324.6545071800142 89.156869519583850
329.3767157259242 89.139869852822230
334.16761037677935 89.126330690945011
339.02819019498156 89.082912460011187
343.95946877463007 89.018359330910101
348.9624744528898 88.953280327003014
354.03825052443415 88.885887442972574
359.187855459007 88.806831883747691
364.4123631221491 88.724284662670044
369.71286299913527 88.651847635811592
375.0904604221685 88.574865250942239
380.54627680087896 88.476270854955544
386.08144985617537 88.373268742703914
391.6971338574982 88.279084433083469
397.3944998635236 88.192195351869728
403.1747359663683 88.119461413725702
409.0390475393468 88.051297699335890
414.9886574883323 87.976902178698211
421.0248065067734 87.904739531678885
427.1487533344206 87.855121237773801
433.3617750198154 87.833127416600604
439.6651671865984 87.796442388066353
446.06024430368984 87.734008999684718
452.54833995940066 87.671122948316679
459.13080713953053 87.640787809192688
465.8090185095106 87.647283819410660
472.58436670065066 87.700033847949172
479.45826460054917 87.788781731650900
486.432145647728 87.887163609938654
493.50746413055253 87.956820909240250
500.6856954904994 88.023356913790451
507.9683366298358 88.112114102676131
515.3569062237735 88.229424312027930
522.8529450371643 88.362593811529806
530.4580162458005 88.481080162457999
538.1737057623901 88.557567049683257
546.0016225672724 88.604436568367277
553.9433990439449 88.642988220578246
562.0006913194694 88.680903422031378
570.1751796098309 88.721226995380803
578.4685685703187 88.755644559566818
586.8825876510039 88.776797563449662
595.4189914573883 88.784583798291479
604.0795601162986 88.780655522361883
612.8660996471021 88.775304842907559
621.780442338323 88.790498153916161
630.8244471297356 88.827210012083810
640.0000000000159 88.868500000000097
649.3090143600314 88.918303226826168
658.7534314518515 88.980647990727419
668.3352207535618 89.031509625843171
678.0563803899662 89.046847923331484
687.9189375492632 89.034641859288797
697.9249489057827 89.013565112407278
708.0765010488715 89.006173224632903
718.3757109180171 89.026858062840944
728.8247262443015 89.049973161425243
739.425725998274 89.042602987701812
750.1809208443404 89.032369380057190
761.0925536017613 89.054647296936935
772.1628997123541 89.087770460653402
783.3942677149998 89.108122832220772
794.7889997270506 89.121288999727057
806.34947193274 89.138934382534956
818.0780950786972 89.165896556359669
829.9773149766683 89.199314815312817
842.0496130135506 89.236823774542913
854.2975066688449 89.275966896673751
866.7235500396347 89.317169075135666
879.3303343732008 89.361089203743518
892.1204886073838 89.405234962024622
905.0966799188055 89.445091146450153
918.2616142790653 89.479876529652927
931.6180370190256 89.518881350369156
945.1687334013056 89.563694475229397
958.9165292011028 89.608607197853530
972.8642912954606 89.654017875389002
987.0149282611097 89.706749149917300
1001.3713909810035 89.769628389741513
1015.9366732596762 89.839808696994510
1030.7138124475518 89.907253276583418
1045.7058900743334 89.964310688065694
1060.916032491606 90.016145044887850
1076.3474115247852 90.069889646099142
1092.0032451345498 90.133890211568200
1107.8867980878947 90.208462290917495
1124.0013826389438 90.282338979109028
1140.350359219667 90.348705573610360
1156.9371371406426 90.415352184016768
1173.765175302013 90.485281348120793
1190.837982914782 90.553101395168966
1208.1591202326028 90.620636480930415
1225.73219929421 90.693112492146071
1243.5608846766518 90.771523981044936
1261.648894259477 90.851366838266387
1280.0000000000375 90.929000000000158
1298.6180287200684 91.005067945913424
1317.5068629037087 91.083030196776321
1336.6704415071292 91.169433747819767
1356.112760779938 91.255798966451223
1375.8378750985323 91.335163659761747
1395.8498978115715 91.411333364238686
1416.153002097749 91.492150441794251
1436.7514218360407 91.576187186165470
1457.6494524886093 91.663321722352606
1478.8514519965543 91.750828778946286
1500.3618416886875 91.836338814248137
1522.1851072035295 91.917084896653051
1544.3257994247153 91.997459393917467
1566.788535430007 92.080789122508236
1589.5779994541087 92.169520437827359
1612.6989438654878 92.265351479744282
1636.156190157402 92.366864112889431
1659.9546299533442 92.470902186596575
1684.099226027109 92.577082548080909
1708.5950133376978 92.688224662420424
1733.4471000792773 92.806052906385290
1758.6606687464096 92.929803343732047
1784.2409772147755 93.059553081516839
1810.193359837619 93.196951877516653
1836.5232285581387 93.342030079925564
1863.2360740380593 93.492416179055411
1890.3374668026197 93.649184304799405
1917.833058402214 93.816564962093722
1945.7285825909298 93.993662928581955
1974.0298565222283 94.177674664524929
2002.7427819620161 94.370016621603313
2031.8733465193618 94.572581762265372
2061.4276248951132 94.787445124195870
2091.411780148677 95.017653063174549
2121.832064983222 95.258064916616632
2152.694823049581 95.505486751989736
2184.0064902691106 95.760654518260537
2215.7735961758003 96.029469907398692
2248.002765277899 96.303756746019545
2280.7007184393456 96.582382869193026
2313.874274281297 96.874099706436368
2347.530350604038 97.180487053047074
2381.6759658295764 97.492522238622016
2416.318240465218 97.804188398791609
2451.4643985884327 98.108752302948744
2487.1217693533167 98.406542420229528
2523.2977885189675 98.692640305734969
2560.0000000000887 98.967750000000649
2597.236057440151 99.226111626950996
2635.0137258074315 99.462079152156193
2673.340883014273 99.659369194317804
2712.225521559891 99.818511877615606
2751.6757501970797 99.922917747350454
2791.699795623158 99.975492290513728
2832.3060041955137 99.971723718405713
2873.502843672097 99.924810137320719
2915.2989049772345 99.834521219366934
2957.7029039931244 99.702073529227164
3000.723683377391 99.531589642084043
3044.370214407075 99.323629211269633
3088.6515988494466 99.086216771371184
3133.57707086003 98.836557829955325
3179.1559989082334 98.588140725873700
3225.3978877309914 98.345200878185395
3272.3123803148205 98.107830593638482
3319.9092599067053 97.877921941433826
3368.198452054235 97.660474594248967
3417.190026675413 97.458474596766152
3466.8942001585724 97.272032415441828
3517.3213374928373 97.099552079898132
3568.4819544295697 96.938738956255577
3620.386719675257 96.789863591270304
3673.0464571162966 96.657723613203672
3726.472148076138 96.546232361616859
3780.6749336052594 96.459055092952639
3835.6661168044484 96.389430511371856
3891.45716518188 96.348514812080083
3948.059713044477 96.324812495162632
4005.4855639240527 96.327739938602321
4063.746693038744 96.352903687105027
4122.855249790247 96.399616981021012
4182.823560297375 96.465811806401462
4243.664129966465 96.547946575454731
4305.389646099183 96.640969210301250
4368.012980538242 96.736469795320815
4431.5471923516225 96.821709464069670
4496.00553055582 96.889005530555821
4561.401436878714 96.922011366990915
4627.748548562617 96.912720020007711
4695.060701208099 96.840321043574221
4763.351931659176 96.705328478533033
4832.63648093046 96.498618655747990
4902.928797176889 96.213937263951095
4974.243538706657 95.872575050015598
5046.595577037959 95.470119320249296
5120.000000000202 95.036142857141641
5194.472114880326 94.595020469986665
5270.027451614888 94.182230535876656
5346.6817660285715 93.830187148906077
5424.451043119808 93.573704735732505
5503.351500394186 93.454553910334170
5583.399591246343 93.476143507302510
5664.612008391055 93.594548174096971
5747.005687344222 93.723803445706167
5830.597809954497 93.809078529140223
5915.405807986278 93.807284698334882
6001.447366754812 93.712225332717239
6088.740428814181 93.508903029901319
6177.303197698925 93.244665064292633
6267.154141720092 92.974368848854482
6358.3119978165005 92.737968085262239
6450.795775462017 92.550385245082637
6544.624760629676 92.427399582055330
6639.818519813445 92.378305444405598
6736.396904108505 92.404889585204643
6834.380053350861 92.503319675758220
6933.788400317181 92.661035844605806
7034.642674985712 92.872028126965148
7136.963908859177 93.137956057514430
7240.773439350552 93.431830825410771
7346.092914232631 93.689951403319228
7452.944296152315 93.864797876863548
7561.349867210557 93.938626837929604
7671.332233608935 93.912552191438763
7782.914330363799 93.778633093392671
7896.119426088994 93.524119329341332
8010.971127848146 93.148338367051508
8127.49338607753 92.670030424043361
8245.710499580537 92.126231701929541
8365.647120594791 91.558955363645424
8487.328259932974 90.997737205391374
8610.77929219841 90.465918525851805
8736.025961076528 89.986493855302086
8863.094384703289 89.573101513352114
8992.011061111683 89.224596764794740
9122.802873757471 88.934847024399716
9255.497097125279 88.692141216555797
9390.121402416245 88.475305756134006
9526.7038633184 88.252323174804161
9665.272961860968 87.995038681737782
9805.857594353829 87.689230794958974
9948.487077413367 87.339214041063585
10093.19115407597 86.975211477629827
10240.000000000457 86.624499999998946
10388.944229760706 86.307929198442025
10540.05490322983 86.068111836486395
10693.363532057198 85.944731257668352
10848.902086239672 85.987253418642979
11006.703000788428 86.226402935885332
11166.799182492743 86.638980480532467
11329.224016782166 87.209321394867942
11494.0113746885 87.871972536719028
11661.195619909053 88.593804702425047
11830.811615972614 89.275977834428431
12002.894733509682 89.870657377147879
12177.48085762842 90.421701296359856
12354.606395397908 90.927183343162170
12534.308283440243 91.458142897560776
12716.62399563306 92.042582545705557
12901.591550924093 92.600972258096704
13089.249521259411 93.128291154738946
13279.637039626952 93.472039761829734
13472.793808217073 93.562564461233706
13668.760106701786 93.400780527409864
13867.576800634426 93.026315678477374
14069.285349971487 92.525124773742135
14273.927817718419 91.983504375771929
14481.54687870117 91.539151828285327
14692.18582846533 91.313811003074761
14905.888592304698 91.194209231524297
15122.699734421185 91.079926164658872
15342.664467217943 90.832906656466662
15565.828660727671 90.299852578342509
15792.238852178061 89.406872318380351
16021.942255696367 88.323979271923321
16254.986772155136 87.280392011885993
16491.42099916115 86.350732631298371
16731.294241189662 85.575008074263565
16974.65651986603 85.028843291009906
17221.558584396902 84.748010243915161
17472.051922153143 84.541358462277486
17726.188769406665 84.203240477908295
17984.022122223458 83.769354126753441
18245.605747515034 83.358855033876551
18510.99419425065 83.231692089747156
18780.242804832582 83.509476797509137
19053.40772663689 83.760961339079458
19330.545923722028 83.679765688244430
19611.71518870775 83.272260432771702
19896.974154826825 82.692494052178773
20186.382308152035 82.484999999999999
