20 94.250045400000005
20.290906698750476 94.272781309468414
20.586044732869844 94.295094375345940
20.885475648548283 94.316773480661396
21.189261887185914 94.337871055920999
21.49746679841394 94.358429141234225
21.810154653305165 94.378631188363386
22.12739065777668 94.398468769014428
22.449240966187475 94.417988472602033
22.77577269513385 94.437416041842283
23.107053937445478 94.456661736042122
23.44315377638505 94.476001644364857
23.784142300054445 94.495502589565405
24.130090616010463 94.515177059810554
24.481070866093134 94.535035155541323
24.837156241469714 94.555048261736985
25.1984209978975 94.575435743258339
25.56494047120865 94.595770091329697
25.936791093020236 94.616112726040598
26.3140504066728 94.636242620168503
26.69679708340074 94.655808231234630
27.08511093873791 94.674264400095126
27.47907294916184 94.691637760282561
27.878765268980047 94.708433834202765
28.284271247461966 94.725142769262533
28.695675446220072 94.741911174135964
29.11306365684382 94.759055109786942
29.536522918790062 94.776591099216162
29.966141537533712 94.794691606979228
30.402009102982383 94.813387565966508
30.844216508158908 94.832532553391417
31.29285596815558 94.852009333316943
31.74802103936409 94.871580067215206
32.20980663898519 94.890943957390675
32.67830906482211 94.910011660385038
33.153626015361866 94.928766196763547
33.63585661014871 94.947553246243871
34.125101410453844 94.966298125981012
34.62146244024586 94.984924416087637
35.12504320746613 95.003135100539893
35.635948725613716 95.020884043923189
36.15428553564419 95.038561767952913
36.68016172818701 95.056169051036164
37.21368696608603 95.073900671576069
37.754972507267915 95.091776424762742
38.30413122794313 95.109902036404819
38.86127764614443 95.128133890328002
39.4265279456077 95.146393146001230
40.000000000000206 95.164256759443347
40.58181339750116 95.180092843655473
41.1720894657399 95.192847047992728
41.77095129709678 95.203872695522989
42.37852377437204 95.215184291344343
42.9949335968281 95.228629744778843
43.62030930661056 95.245506509431152
44.25478131555359 95.265299313581068
44.89848193237519 95.285555135068591
45.55154539026795 95.304084806960390
46.21410787489121 95.318901871358335
46.88630755277036 95.330351703532756
47.56828460010916 95.340793853717884
48.260181232021196 95.353577349001156
48.962141732186545 95.370822232888870
49.674312482939705 95.391652868244847
50.39684199579528 95.413159587498242
51.129880942417586 95.431845467372071
51.873582186040764 95.446499391831566
52.628100813345895 95.458520495178419
53.393594166801776 95.469390984229236
54.17022187747612 95.478598597456511
54.95814589832399 95.485695029877959
55.75753053796041 95.492422254792174
56.56854249492426 95.503106162105098
57.39135089244048 95.520800307488486
58.226127313687975 95.543017479830112
59.073045837580466 95.560473722781893
59.932283075067765 95.568270669460915
60.804018205965114 95.569578619618810
61.68843301631817 95.571564199147019
62.58571193631152 95.578119100999558
63.49604207872855 95.588003506079332
64.41961327797075 95.597322198964648
65.35661812964459 95.604690417600594
66.3072520307241 95.611035628181952
67.27171322029778 95.616601575988483
68.25020282090806 95.620891585888472
69.2429248804921 95.624287338642006
70.25008641493265 95.627599165985885
71.27189745122783 95.631574622923182
72.30857107128878 95.640476090801400
73.36032345637442 95.661496983173862
74.42737393217246 95.693224030658911
75.50994501453623 95.728332465366805
76.60826245588666 95.763520067548001
77.72255529228926 95.790740473456566
78.85305589121582 95.801297969278380
80.00000000000082 95.797946753246748
81.16362679500274 95.789660624929468
82.34417893148023 95.780648241118797
83.541902594194 95.772496363907663
84.75704754874454 95.768473286315668
85.98986719365665 95.771815679354546
87.24061861322157 95.787014255783205
88.50956263110764 95.820779522468840
89.79696386475084 95.878838953253094
91.10309078053635 95.959337240379199
92.42821574978288 96.055901081996240
93.77261510554118 96.154108595653739
95.13656920021877 96.236473455182718
96.52036246404286 96.297057814303543
97.92428346437356 96.338840645818976
99.34862496587989 96.364814892446134
100.79368399159105 96.377683705198791
102.25976188483567 96.378427777246628
103.74716437208203 96.371067405862249
105.25620162669229 96.360411892613882
106.78718833360406 96.349797852619929
108.34044375495276 96.340315963377947
109.9162917966485 96.331119003379698
111.51506107592134 96.320154814333421
113.13708498984903 96.309316041926934
114.78270178488147 96.301385921525764
116.45225462737648 96.296148554716439
118.14609167516147 96.289605500242459
119.86456615013608 96.277910922075606
121.60803641193078 96.264544730747929
123.3768660326369 96.258998438735219
125.17142387262359 96.262544560240372
126.99208415745765 96.266839374337621
128.83922655594208 96.264886014382654
130.71323625928977 96.258004849846486
132.61450406144883 96.250477800607911
134.5434264405962 96.241422733068873
136.50040564181674 96.229214182682071
138.48584976098482 96.218956510954342
140.50017282986593 96.212526931934661
142.5437949024563 96.207326237319762
144.61714214257822 96.204703163707208
146.7206469127495 96.207128646032913
148.8547478643456 96.211026231944345
151.01989002907314 96.214302072372064
153.216524911774 96.215273737711115
155.4451105845792 96.209312651645917
157.70611178243232 96.195976668888932
160.00000000000236 96.176159814257005
162.3272535900062 96.151447540190830
164.6883578629612 96.127261454814928
167.08380518838874 96.102107810887063
169.51409509748981 96.072011721448519
171.97973438731407 96.035562424120286
174.4812372264439 95.993609432583753
177.01912526221608 95.950755998653449
179.5939277295025 95.909865014577775
182.20618156107355 95.864769622416645
184.85643149956664 95.812006186882371
187.54523021108326 95.756660914846279
190.27313840043846 95.702998638660461
193.04072492808663 95.650302598118714
195.84856692874806 95.593837186836851
198.69724993176072 95.536582265748891
201.58736798318304 95.488154634194544
204.5195237696723 95.447768932722624
207.49432874416505 95.408621320151440
210.5124032533856 95.372542387432617
213.57437666720915 95.350489665094983
216.68088750990657 95.352832605194692
219.83258359329807 95.384067647262356
223.03012215184378 95.458572324401018
226.2741699796992 95.582520192352746
229.5654035697641 95.742281865465799
232.90450925475412 95.927062204247221
236.2921833503241 96.127766488512208
239.72913230027333 96.321360491226329
243.21607282386276 96.517683808251832
246.75373206527502 96.713762521833786
250.34284774524843 96.892754823881461
253.9841683149166 97.037731783045729
257.67845311188546 97.141554325786970
261.42647251858085 97.188372105914141
265.22900812289896 97.189648085762954
269.08685288119375 97.160487911105278
273.0008112836349 97.114643913225649
276.97169952197106 97.055454073725031
281.00034565973334 96.987144335545224
285.0875898049141 96.912026446412199
289.23428428515797 96.832542932397644
293.44129382550057 96.750177423081610
297.7094957286928 96.667634648277357
302.0397800581479 96.584621172314712
306.4330498235497 96.501281143329209
310.89022116916016 96.422388563866093
315.41222356486645 96.345381339077420
320.00000000000654 96.264686322869849
324.6545071800142 96.187624797355255
329.3767157259242 96.116635234939025
334.16761037677935 96.042367618046910
339.02819019498156 95.965030006731510
343.95946877463007 95.911542066754706
348.9624744528898 95.878399716320814
354.03825052443415 95.812801312653278
359.187855459007 95.731250171725009
364.4123631221491 95.662339769083331
369.71286299913527 95.589196488432364
375.0904604221685 95.505333916369963
380.54627680087896 95.412821867187489
386.08144985617537 95.322323554093998
391.6971338574982 95.233697653542549
397.3944998635236 95.144850289124236
403.1747359663683 95.058524387766340
409.0390475393468 94.977036531944719
414.9886574883323 94.899964649630988
421.0248065067734 94.830140545976462
427.1487533344206 94.768821290667859
433.3617750198154 94.708319322111620
439.6651671865984 94.644380950121928
446.06024430368984 94.585581624128110
452.54833995940066 94.538322021607627
459.13080713953053 94.503623779970795
465.8090185095106 94.480572463588743
472.58436670065066 94.471027595061628
479.45826460054917 94.478210318447140
486.432145647728 94.499332263366142
493.50746413055253 94.533526808748988
500.6856954904994 94.579901621316054
507.9683366298358 94.629440056293305
515.3569062237735 94.680849930618905
522.8529450371643 94.733554789144108
530.4580162458005 94.785738194588149
538.1737057623901 94.839800660638019
546.0016225672724 94.897519233617402
553.9433990439449 94.965854203413272
562.0006913194694 95.040818929477211
570.1751796098309 95.127379636928595
578.4685685703187 95.222944796255518
586.8825876510039 95.313603066953590
595.4189914573883 95.398360056358214
604.0795601162986 95.485087758895162
612.8660996471021 95.560158613439143
621.780442338323 95.623081589910896
630.8244471297356 95.685176055964689
640.0000000000159 95.746826364546934
649.3090143600314 95.803083310430594
658.7534314518515 95.848488068214252
668.3352207535618 95.878802556985477
678.0563803899662 95.895812779217209
687.9189375492632 95.896370043573853
697.9249489057827 95.885251850933287
708.0765010488715 95.874609339360887
718.3757109180171 95.865174826134904
728.8247262443015 95.851954728205769
739.425725998274 95.839950916482863
750.1809208443404 95.836089232737322
761.0925536017613 95.841096306737995
772.1628997123541 95.851372585294257
783.3942677149998 95.866117302017983
794.7889997270506 95.883843903853773
806.34947193274 95.901604892219140
818.0780950786972 95.921401171755690
829.9773149766683 95.940573502925844
842.0496130135506 95.956885521569205
854.2975066688449 95.972259195909984
866.7235500396347 95.986609401175826
879.3303343732008 96.000962965484220
892.1204886073838 96.018066282119946
905.0966799188055 96.039526474401313
918.2616142790653 96.068247334864054
931.6180370190256 96.102927654622476
945.1687334013056 96.140461511017662
958.9165292011028 96.179619253809307
972.8642912954606 96.221615407813744
987.0149282611097 96.266244913537690
1001.3713909810035 96.308798209834578
1015.9366732596762 96.349403788246590
1030.7138124475518 96.389015177251764
1045.7058900743334 96.425672880768332
1060.916032491606 96.461340768780872
1076.3474115247852 96.497560405875021
1092.0032451345498 96.534351191683683
1107.8867980878947 96.573136542028834
1124.0013826389438 96.615837025034097
1140.350359219667 96.662809373996197
1156.9371371406426 96.713089293121612
1173.765175302013 96.768671049044855
1190.837982914782 96.831511274169969
1208.1591202326028 96.899142236991736
1225.73219929421 96.969955737351569
1243.5608846766518 97.043148447279705
1261.648894259477 97.118164244679832
1280.0000000000375 97.194421706317314
1298.6180287200684 97.268655778125634
1317.5068629037087 97.340212263626356
1336.6704415071292 97.410121716447961
1356.112760779938 97.479065359199126
1375.8378750985323 97.546409520842872
1395.8498978115715 97.611566421949533
1416.153002097749 97.673117405324348
1436.7514218360407 97.733540528976960
1457.6494524886093 97.793052600309210
1478.8514519965543 97.850510892797445
1500.3618416886875 97.905231610258994
1522.1851072035295 97.959849919831441
1544.3257994247153 98.015633187570657
1566.788535430007 98.071352976099803
1589.5779994541087 98.127383443286988
1612.6989438654878 98.184363566920666
1636.156190157402 98.241670189512178
1659.9546299533442 98.299215049002441
1684.099226027109 98.356089755312667
1708.5950133376978 98.410596591211515
1733.4471000792773 98.464866808528370
1758.6606687464096 98.520690284508802
1784.2409772147755 98.577886603892352
1810.193359837619 98.636419601564199
1836.5232285581387 98.696511361403878
1863.2360740380593 98.758611484747718
1890.3374668026197 98.822273550986921
1917.833058402214 98.886969290543334
1945.7285825909298 98.953279124458589
1974.0298565222283 99.024117718552986
2002.7427819620161 99.101079030951752
2031.8733465193618 99.183071813720829
2061.4276248951132 99.271221428482903
2091.411780148677 99.366272502730411
2121.832064983222 99.464579855858076
2152.694823049581 99.565042062796778
2184.0064902691106 99.670814652842466
2215.7735961758003 99.782884613579384
2248.002765277899 99.898155777675044
2280.7007184393456 100.017077997536447
2313.874274281297 100.141215366034146
2347.530350604038 100.267380581788757
2381.6759658295764 100.394699425079352
2416.318240465218 100.522910156693328
2451.4643985884327 100.646156096913629
2487.1217693533167 100.760561585479266
2523.2977885189675 100.866401023388178
2560.0000000000887 100.963768846370158
2597.236057440151 101.054186403247996
2635.0137258074315 101.141000803483422
2673.340883014273 101.224784962731235
2712.225521559891 101.302749183700683
2751.6757501970797 101.372657886294775
2791.699795623158 101.435157095570275
2832.3060041955137 101.490571671769061
2873.502843672097 101.537990364420011
2915.2989049772345 101.573884868017473
2957.7029039931244 101.592915989674964
3000.723683377391 101.587984961975963
3044.370214407075 101.558130375307115
3088.6515988494466 101.504112027396289
3133.57707086003 101.431112497302337
3179.1559989082334 101.345677876603105
3225.3978877309914 101.254078503548556
3272.3123803148205 101.164435040133839
3319.9092599067053 101.084273568717833
3368.198452054235 101.018104116132022
3417.190026675413 100.969001560156897
3466.8942001585724 100.938843963401695
3517.3213374928373 100.928512606509827
3568.4819544295697 100.938876355419097
3620.386719675257 100.973954405813458
3673.0464571162966 101.035338224924701
3726.472148076138 101.124571677922603
3780.6749336052594 101.236938049307653
3835.6661168044484 101.363028741476427
3891.45716518188 101.490506381047254
3948.059713044477 101.602745059836337
4005.4855639240527 101.689539674010604
4063.746693038744 101.747981053864805
4122.855249790247 101.779489261807214
4182.823560297375 101.787302818418965
4243.664129966465 101.773806336648192
4305.389646099183 101.738913322806638
4368.012980538242 101.686830168160697
4431.5471923516225 101.627739413294165
4496.00553055582 101.576281172698884
4561.401436878714 101.546338261070161
4627.748548562617 101.542753731333221
4695.060701208099 101.565148311806354
4763.351931659176 101.616186568486128
4832.63648093046 101.698376040383465
4902.928797176889 101.811164119817590
4974.243538706657 101.954621700900276
5046.595577037959 102.127214968109058
5120.000000000202 102.323734796110969
5194.472114880326 102.535976404023515
5270.027451614888 102.749986598428649
5346.6817660285715 102.941648027137418
5424.451043119808 103.088708683836586
5503.351500394186 103.170216901660879
5583.399591246343 103.166862377880392
5664.612008391055 103.065644107671972
5747.005687344222 102.862256638777893
5830.597809954497 102.578376208575222
5915.405807986278 102.229373398482039
6001.447366754812 101.832149579724813
6088.740428814181 101.413216135160965
6177.303197698925 100.993923364581207
6267.154141720092 100.588051808025853
6358.3119978165005 100.212312548788333
6450.795775462017 99.875593178243435
6544.624760629676 99.583929186117132
6639.818519813445 99.342622540197596
6736.396904108505 99.156621458562427
6834.380053350861 99.029009618744112
6933.788400317181 98.963812015166610
7034.642674985712 98.952000083119202
7136.963908859177 98.982789844237544
7240.773439350552 99.043562387828430
7346.092914232631 99.116709963894024
7452.944296152315 99.180246004843866
7561.349867210557 99.206992391574772
7671.332233608935 99.165407977818091
7782.914330363799 99.039909310409001
7896.119426088994 98.817223498719557
8010.971127848146 98.492068819111452
8127.49338607753 98.073882327252818
8245.710499580537 97.590434780831856
8365.647120594791 97.079600779906826
8487.328259932974 96.586322873631332
8610.77929219841 96.148668667769584
8736.025961076528 95.795614437020532
8863.094384703289 95.538793375827851
8992.011061111683 95.318630231212154
9122.802873757471 95.078705952427612
9255.497097125279 95.059151079409048
9390.121402416245 95.411142096027305
9526.7038633184 95.935127994186303
9665.272961860968 96.420114711081169
9805.857594353829 96.683724683696994
9948.487077413367 96.493310112780790
10093.19115407597 95.613656516782385
10240.000000000457 94.119495999978867
10388.944229760706 92.241423222757433
10540.05490322983 90.248718080374417
10693.363532057198 88.336091105314154
10848.902086239672 86.579743748406287
11006.703000788428 84.998694413662548
11166.799182492743 83.589871443441183
11329.224016782166 82.289991624504609
11494.0113746885 81.116629638122973
11661.195619909053 80.110994611418221
11830.811615972614 79.379123632522976
12002.894733509682 79.006962029651731
12177.48085762842 78.756856761880755
12354.606395397908 78.430273549757189
12534.308283440243 78.076156072030372
12716.62399563306 77.626178154784611
12901.591550924093 77.017824826220647
13089.249521259411 76.391041616582953
13279.637039626952 76.213358579722978
13472.793808217073 76.844046436929347
13668.760106701786 77.986256450357416
13867.576800634426 79.210928052983519
14069.285349971487 80.152021181794339
14273.927817718419 80.638440437414857
14481.54687870117 80.668466838175846
14692.18582846533 80.214163335614600
14905.888592304698 79.191237813936965
15122.699734421185 77.528448902746220
15342.664467217943 75.457963687805687
15565.828660727671 73.446780013360467
15792.238852178061 71.794035677405304
16021.942255696367 70.422442888267256
16254.986772155136 69.061248519209215
16491.42099916115 67.448537801422717
16731.294241189662 65.919533767784003
16974.65651986603 66.143863884817250
17221.558584396902 66.856882278335405
17472.051922153143 66.342913134945604
17726.188769406665 64.801764722090979
17984.022122223458 63.059226285675358
18245.605747515034 61.223925853615626
18510.99419425065 59.723459433064733
18780.242804832582 59.578277407020877
19053.40772663689 60.178324179300688
19330.545923722028 60.848924149675128
19611.71518870775 61.534079487218293
19896.974154826825 62.025136314939715
20186.382308152035 62.075703098099950
