20 100.227000000000004
20.290906698750476 100.286151225916683
20.586044732869844 100.344732214578471
20.885475648548283 100.403167751466910
21.189261887185914 100.459513270751813
21.49746679841394 100.514813064759068
21.810154653305165 100.568701063423305
22.12739065777668 100.621041743566494
22.449240966187475 100.672796460324818
22.77577269513385 100.724118365315078
23.107053937445478 100.774558144143967
23.44315377638505 100.824495963883265
23.784142300054445 100.873279922007626
24.130090616010463 100.921279110118462
24.481070866093134 100.968491902297814
24.837156241469714 101.015558833656286
25.1984209978975 101.062050650984560
25.56494047120865 101.107911434340650
25.936791093020236 101.153927936871568
26.3140504066728 101.199995891442583
26.69679708340074 101.244139671882579
27.08511093873791 101.286128066576026
27.47907294916184 101.324163060641581
27.878765268980047 101.359891961035757
28.284271247461966 101.394663056034261
28.695675446220072 101.430023763821140
29.11306365684382 101.466901856429629
29.536522918790062 101.505933154366261
29.966141537533712 101.546317304528159
30.402009102982383 101.588204258122346
30.844216508158908 101.633101856705736
31.29285596815558 101.678044526855359
31.74802103936409 101.720821893542762
32.20980663898519 101.758606078006935
32.67830906482211 101.789306998565223
33.153626015361866 101.813605918660556
33.63585661014871 101.834341834236398
34.125101410453844 101.855504462059969
34.62146244024586 101.878194584452530
35.12504320746613 101.904502419618098
35.635948725613716 101.933520974811216
36.15428553564419 101.964719988745586
36.68016172818701 101.997489865419396
37.21368696608603 102.028325409202552
37.754972507267915 102.053698885720877
38.30413122794313 102.074936297522129
38.86127764614443 102.093241497551560
39.4265279456077 102.111612155247457
40.000000000000206 102.129500000000007
40.58181339750116 102.146954460106571
41.1720894657399 102.162755696141247
41.77095129709678 102.178725392007223
42.37852377437204 102.193136635915010
42.9949335968281 102.207136043048777
43.62030930661056 102.219906174101340
44.25478131555359 102.231406777196639
44.89848193237519 102.241892625238023
45.55154539026795 102.249720908499853
46.21410787489121 102.252417709622165
46.88630755277036 102.248260213461663
47.56828460010916 102.242902450710631
48.260181232021196 102.242722162784247
48.962141732186545 102.255302481393073
49.674312482939705 102.276872306074793
50.39684199579528 102.299905274755446
51.129880942417586 102.318597629423152
51.873582186040764 102.330269504598306
52.628100813345895 102.335872939024568
53.393594166801776 102.337008006676513
54.17022187747612 102.333326665583542
54.95814589832399 102.324282314548014
55.75753053796041 102.313682415667301
56.56854249492426 102.307657287525387
57.39135089244048 102.306478377231102
58.226127313687975 102.308791445597905
59.073045837580466 102.311609568756381
59.932283075067765 102.312898424612598
60.804018205965114 102.312479903998877
61.68843301631817 102.306981077709338
62.58571193631152 102.294991119813645
63.49604207872855 102.278327179464796
64.41961327797075 102.260946960996520
65.35661812964459 102.244972418990514
66.3072520307241 102.229469463446961
67.27171322029778 102.209935456272262
68.25020282090806 102.183368813962304
69.2429248804921 102.155884427270649
70.25008641493265 102.142250259244804
71.27189745122783 102.147898718140340
72.30857107128878 102.157771427678227
73.36032345637442 102.155896765436268
74.42737393217246 102.142662017085243
75.50994501453623 102.125000895176640
76.60826245588666 102.106904957854994
77.72255529228926 102.088476894385025
78.85305589121582 102.068071572082658
80.00000000000082 102.047999999999973
81.16362679500274 102.033454628699047
82.34417893148023 102.024638689796063
83.541902594194 102.009875151364042
84.75704754874454 101.984966443819360
85.98986719365665 101.952691029816037
87.24061861322157 101.916982138121369
88.50956263110764 101.884350185445982
89.79696386475084 101.864180899452236
91.10309078053635 101.847670953079245
92.42821574978288 101.824770026111466
93.77261510554118 101.795600425531376
95.13656920021877 101.767768609167149
96.52036246404286 101.739230185092453
97.92428346437356 101.704761082155954
99.34862496587989 101.659383810960605
100.79368399159105 101.604546324327941
102.25976188483567 101.556992937032661
103.74716437208203 101.525225174279825
105.25620162669229 101.493630108012013
106.78718833360406 101.451884349991872
108.34044375495276 101.410889645717759
109.9162917966485 101.373165359538390
111.51506107592134 101.324472838095843
113.13708498984903 101.260121537720394
114.78270178488147 101.189506820678488
116.45225462737648 101.115308569292182
118.14609167516147 101.042212517647457
119.86456615013608 100.974134438001869
121.60803641193078 100.908638666371544
123.3768660326369 100.843031387381330
125.17142387262359 100.768700241205323
126.99208415745765 100.669990782237633
128.83922655594208 100.556067401071545
130.71323625928977 100.441217377823534
132.61450406144883 100.327783382328434
134.5434264405962 100.208726285090208
136.50040564181674 100.080850154438735
138.48584976098482 99.959849014340904
140.50017282986593 99.830403329962024
142.5437949024563 99.672703826693791
144.61714214257822 99.515405768235354
146.7206469127495 99.371560786228329
148.8547478643456 99.231983287963274
151.01989002907314 99.099866268342822
153.216524911774 98.980103669358371
155.4451105845792 98.875797974721308
157.70611178243232 98.797825878550555
160.00000000000236 98.762500000000003
162.3272535900062 98.760172746409992
164.6883578629612 98.796764412097758
167.08380518838874 98.920360134700474
169.51409509748981 99.151048976021954
171.97973438731407 99.473411451694417
174.4812372264439 99.835845624841966
177.01912526221608 100.176505409350312
179.5939277295025 100.479882903346891
182.20618156107355 100.745794447170709
184.85643149956664 100.950789789867684
187.54523021108326 101.083221215699240
190.27313840043846 101.152122128644208
193.04072492808663 101.173391855014387
195.84856692874806 101.170454299213759
198.69724993176072 101.157837600436721
201.58736798318304 101.128070532227028
204.5195237696723 101.077596508760109
207.49432874416505 100.999679589768107
210.5124032533856 100.888479063357806
213.57437666720915 100.757121020809592
216.68088750990657 100.628248501155099
219.83258359329807 100.499322218573099
223.03012215184378 100.381143010919743
226.2741699796992 100.270452390669931
229.5654035697641 100.154145471488491
232.90450925475412 100.024740054188797
236.2921833503241 99.901127491063505
239.72913230027333 99.779115803340289
243.21607282386276 99.650288569503573
246.75373206527502 99.532219192321435
250.34284774524843 99.421571728120213
253.9841683149166 99.305504634962034
257.67845311188546 99.185450273863722
261.42647251858085 99.065781188470240
265.22900812289896 98.955931284743187
269.08685288119375 98.853770776049359
273.0008112836349 98.755606036245041
276.97169952197106 98.663758223195913
281.00034565973334 98.571391496770559
285.0875898049141 98.470871567740588
289.23428428515797 98.370106891870662
293.44129382550057 98.277512182751735
297.7094957286928 98.180597799948586
302.0397800581479 98.079320141140784
306.4330498235497 97.982405953705467
310.89022116916016 97.887832800155351
315.41222356486645 97.783353968582134
320.00000000000654 97.675999999999860
324.6545071800142 97.572669940603674
329.3767157259242 97.463022523585963
334.16761037677935 97.354728766522470
339.02819019498156 97.252616462963886
343.95946877463007 97.147767368222915
348.9624744528898 97.039514304372290
354.03825052443415 96.929369963619791
359.187855459007 96.819298678723158
364.4123631221491 96.706692956561568
369.71286299913527 96.585604151019893
375.0904604221685 96.467029255088477
380.54627680087896 96.348170398266575
386.08144985617537 96.221810363336743
391.6971338574982 96.095401629938479
397.3944998635236 95.968821003002489
403.1747359663683 95.839274756765121
409.0390475393468 95.709660477904038
414.9886574883323 95.586724959814745
421.0248065067734 95.469312618763666
427.1487533344206 95.354106188868954
433.3617750198154 95.235477241263766
439.6651671865984 95.108196656268035
446.06024430368984 94.988364404115657
452.54833995940066 94.890597410548082
459.13080713953053 94.813241352076460
465.8090185095106 94.752027851923913
472.58436670065066 94.707648709324758
479.45826460054917 94.688404840456514
486.432145647728 94.699682866072720
493.50746413055253 94.743798516848585
500.6856954904994 94.806928395223423
507.9683366298358 94.875203155904714
515.3569062237735 94.940074823471519
522.8529450371643 94.992158107056184
530.4580162458005 95.028173666629868
538.1737057623901 95.047549630217816
546.0016225672724 95.048140655087280
553.9433990439449 95.035748814591372
562.0006913194694 95.016998098871454
570.1751796098309 94.994491979131496
578.4685685703187 94.970441151146076
586.8825876510039 94.954643730375849
595.4189914573883 94.944893857261221
604.0795601162986 94.939470164956390
612.8660996471021 94.940085471277328
621.780442338323 94.948264759648197
630.8244471297356 94.961984004833525
640.0000000000159 94.978500000000025
649.3090143600314 94.996652578002056
658.7534314518515 95.014193848185926
668.3352207535618 95.032753680469440
678.0563803899662 95.052918398818917
687.9189375492632 95.072441928221053
697.9249489057827 95.089972413139833
708.0765010488715 95.109653002097744
718.3757109180171 95.134858062840948
728.8247262443015 95.159738106674112
739.425725998274 95.179937593096810
750.1809208443404 95.198286458003537
761.0925536017613 95.215563209869458
772.1628997123541 95.231071707294035
783.3942677149998 95.246622832220766
794.7889997270506 95.264597874533706
806.34947193274 95.285140698543358
818.0780950786972 95.305552234168616
829.9773149766683 95.325040278039239
842.0496130135506 95.345086822773709
854.2975066688449 95.367057825004082
866.7235500396347 95.390402075074689
879.3303343732008 95.415310218902391
892.1204886073838 95.446725319239931
905.0966799188055 95.483290039756426
918.2616142790653 95.522784842837197
931.6180370190256 95.563617730713119
945.1687334013056 95.606499686329187
958.9165292011028 95.651350241953637
972.8642912954606 95.698689304819084
987.0149282611097 95.747128023663024
1001.3713909810035 95.793022746877611
1015.9366732596762 95.835810019779018
1030.7138124475518 95.879988477532464
1045.7058900743334 95.921477961445134
1060.916032491606 95.961290081229009
1076.3474115247852 95.999733787659494
1092.0032451345498 96.037195105784107
1107.8867980878947 96.074245295697764
1124.0013826389438 96.108724718653662
1140.350359219667 96.136937949024585
1156.9371371406426 96.154991163894181
1173.765175302013 96.171420027147647
1190.837982914782 96.262075376132174
1208.1591202326028 96.402921686188350
1225.73219929421 96.661349089060252
1243.5608846766518 96.933567842731264
1261.648894259477 97.168999474718774
1280.0000000000375 97.384500000000401
1298.6180287200684 97.577329583172144
1317.5068629037087 97.773071374198565
1336.6704415071292 97.982791617616101
1356.112760779938 98.197948825637809
1375.8378750985323 98.406109847902201
1395.8498978115715 98.601659018991086
1416.153002097749 98.742187046409299
1436.7514218360407 98.836264135111435
1457.6494524886093 98.850735054751141
1478.8514519965543 98.860169210790005
1500.3618416886875 98.923743418469854
1522.1851072035295 99.059047664661890
1544.3257994247153 99.201731180272162
1566.788535430007 99.317070345812425
1589.5779994541087 99.386988478820882
1612.6989438654878 99.398832887152992
1636.156190157402 99.346106477401875
1659.9546299533442 99.234170405478068
1684.099226027109 99.087720829590836
1708.5950133376978 98.954119946649200
1733.4471000792773 98.897960752088778
1758.6606687464096 98.978163961474436
1784.2409772147755 99.190606163033664
1810.193359837619 99.461530278295001
1836.5232285581387 99.722783238163714
1863.2360740380593 99.951594427862190
1890.3374668026197 100.153589264962548
1917.833058402214 100.334704929102003
1945.7285825909298 100.498567492420122
1974.0298565222283 100.653241822350481
2002.7427819620161 100.801348205548479
2031.8733465193618 100.942773506199018
2061.4276248951132 101.081281218251789
2091.411780148677 101.223682426037072
2121.832064983222 101.367564903796563
2152.694823049581 101.512641724197394
2184.0064902691106 101.661631802318638
2215.7735961758003 101.820051000592187
2248.002765277899 101.984614379445077
2280.7007184393456 102.156605534265140
2313.874274281297 102.337270984356508
2347.530350604038 102.524669963382621
2381.6759658295764 102.719407753092923
2416.318240465218 102.921549589419200
2451.4643985884327 103.130481476583526
2487.1217693533167 103.349437872571002
2523.2977885189675 103.592045963137366
2560.0000000000887 103.846750000000611
2597.236057440151 104.085538231716868
2635.0137258074315 104.280558105918118
2673.340883014273 104.407020384138548
2712.225521559891 104.480893178027856
2751.6757501970797 104.491000000000000
2791.699795623158 104.447809028463439
2832.3060041955137 104.349596848714071
2873.502843672097 104.213864336229634
2915.2989049772345 104.047949763349038
2957.7029039931244 103.861258525471897
3000.723683377391 103.661643918337347
3044.370214407075 103.459542687541031
3088.6515988494466 103.260432965062435
3133.57707086003 103.068655155930884
3179.1559989082334 102.889415644159627
3225.3978877309914 102.723393202837315
3272.3123803148205 102.572562859055537
3319.9092599067053 102.437935016841635
3368.198452054235 102.320327374521767
3417.190026675413 102.220057951984245
3466.8942001585724 102.136841293773244
3517.3213374928373 102.071312595632520
3568.4819544295697 102.024617090532189
3620.386719675257 101.997383984097425
3673.0464571162966 101.989652322855818
3726.472148076138 102.001059416268930
3780.6749336052594 102.032348880198128
3835.6661168044484 102.077606083812725
3891.45716518188 102.142967172995540
3948.059713044477 102.219380612610053
4005.4855639240527 102.309871171703591
4063.746693038744 102.409744047469744
4122.855249790247 102.516163243370698
4182.823560297375 102.624259715929867
4243.664129966465 102.726819533372037
4305.389646099183 102.817353406459659
4368.012980538242 102.891198369123458
4431.5471923516225 102.940979262671249
4496.00553055582 102.960567957129697
4561.401436878714 102.933924318460683
4627.748548562617 102.864537751061789
4695.060701208099 102.747258880904980
4763.351931659176 102.589091446056415
4832.63648093046 102.392568720259746
4902.928797176889 102.161130855433854
4974.243538706657 101.907084269607935
5046.595577037959 101.628821137769535
5120.000000000202 101.330928571427734
5194.472114880326 101.010322694526565
5270.027451614888 100.671313109870027
5346.6817660285715 100.326599097022154
5424.451043119808 99.988900574191675
5503.351500394186 99.671666984171324
5583.399591246343 99.387771410200116
5664.612008391055 99.146678836127450
5747.005687344222 98.943292573152888
5830.597809954497 98.780838339819383
5915.405807986278 98.661365859932147
6001.447366754812 98.586038651846906
6088.740428814181 98.562311064322131
6177.303197698925 98.587296850097232
6267.154141720092 98.657975288177084
6358.3119978165005 98.773094596888512
6450.795775462017 98.930281867764393
6544.624760629676 99.130537558889188
6639.818519813445 99.368810910897238
6736.396904108505 99.638370867120088
6834.380053350861 99.934297168055224
6933.788400317181 100.252163837043526
7034.642674985712 100.584494040827778
7136.963908859177 100.918414869260772
7240.773439350552 101.236927505329589
7346.092914232631 101.515357419304365
7452.944296152315 101.719328115343899
7561.349867210557 101.798469353421723
7671.332233608935 101.725473562890244
7782.914330363799 101.486584902449792
7896.119426088994 101.076619290642270
8010.971127848146 100.507227476022948
8127.49338607753 99.820744074113591
8245.710499580537 99.067337316134811
8365.647120594791 98.290517699222221
8487.328259932974 97.526251174335869
8610.77929219841 96.803095364096748
8736.025961076528 96.145272495009152
8863.094384703289 95.565304858637404
8992.011061111683 95.071124265738547
9122.802873757471 94.675463041137760
9255.497097125279 94.394544057868387
9390.121402416245 94.232445368912693
9526.7038633184 94.190009764121086
9665.272961860968 94.259772961860961
9805.857594353829 94.446977201949139
9948.487077413367 94.772480914176981
10093.19115407597 95.272232757291221
10240.000000000457 95.929800000002231
10388.944229760706 96.709334342012994
10540.05490322983 97.508472825222526
10693.363532057198 98.147083573973717
10848.902086239672 98.386379528979063
11006.703000788428 98.040041541034853
11166.799182492743 97.143615456860942
11329.224016782166 95.799545832006032
11494.0113746885 94.308645258076737
11661.195619909053 92.872346620324706
11830.811615972614 91.551780513105030
12002.894733509682 90.408420568700095
12177.48085762842 89.330828046093956
12354.606395397908 88.215617499688506
12534.308283440243 86.994903145992737
12716.62399563306 85.916129778967075
12901.591550924093 85.516846518519174
13089.249521259411 85.448217317939424
13279.637039626952 85.208054050175008
13472.793808217073 84.810046584798798
13668.760106701786 84.537919878926402
13867.576800634426 84.638875443191139
14069.285349971487 85.100783402328886
14273.927817718419 85.730741132209857
14481.54687870117 86.204502859584778
14692.18582846533 86.164166323701494
14905.888592304698 85.557911996334255
15122.699734421185 84.471528590817101
15342.664467217943 83.109460897099908
15565.828660727671 81.720884640103208
15792.238852178061 80.507526075600055
16021.942255696367 79.593947877174344
16254.986772155136 79.123192856963769
16491.42099916115 79.250867339547028
16731.294241189662 79.953546019910391
16974.65651986603 81.061841826012738
17221.558584396902 81.844732636021917
17472.051922153143 81.318913110234547
17726.188769406665 78.928993644047438
17984.022122223458 74.761885098801514
18245.605747515034 69.948328824991748
18510.99419425065 67.262025980244431
18780.242804832582 66.583855920398207
19053.40772663689 65.573097675881016
19330.545923722028 64.701098782364198
19611.71518870775 66.283383036386098
19896.974154826825 69.566405890013129
20186.382308152035 71.170389735817565
