20 104.837500000000006
20.290906698750476 104.830000008254586
20.586044732869844 104.822499977892448
20.885475648548283 104.813999978573989
21.189261887185914 104.804500003330219
21.49746679841394 104.795000006517114
21.810154653305165 104.784499977265128
22.12739065777668 104.774499973335324
22.449240966187475 104.762500035205704
22.77577269513385 104.750499972623075
23.107053937445478 104.737500002445898
23.44315377638505 104.723999965723522
23.784142300054445 104.708999986072243
24.130090616010463 104.693000017695368
24.481070866093134 104.675500006842697
24.837156241469714 104.656499986583526
25.1984209978975 104.636000000121783
25.56494047120865 104.615500030188556
25.936791093020236 104.593999933122291
26.3140504066728 104.571500034475719
26.69679708340074 104.547999929997317
27.08511093873791 104.523000068078858
27.47907294916184 104.497500003343077
27.878765268980047 104.470999982025489
28.284271247461966 104.443499983700548
28.695675446220072 104.415999968884478
29.11306365684382 104.387500022937360
29.536522918790062 104.358500073778060
29.966141537533712 104.328499962868619
30.402009102982383 104.298500061517927
30.844216508158908 104.267500034355265
31.29285596815558 104.235500002263180
31.74802103936409 104.202999923197808
32.20980663898519 104.170000093973670
32.67830906482211 104.135000069611579
33.153626015361866 104.099999921812667
33.63585661014871 104.063000029804414
34.125101410453844 104.026500119779570
34.62146244024586 103.989500115849523
35.12504320746613 103.952999912238454
35.635948725613716 103.916999950826238
36.15428553564419 103.881499963198607
36.68016172818701 103.845999950687116
37.21368696608603 103.809000073374619
37.754972507267915 103.770500107165049
38.30413122794313 103.728999982343865
38.86127764614443 103.686000104112935
39.4265279456077 103.641000085497495
40.000000000000206 103.595999999999975
40.58181339750116 103.550500046432091
41.1720894657399 103.504999964876447
41.77095129709678 103.459999899298055
42.37852377437204 103.413500092460183
42.9949335968281 103.364500032585553
43.62030930661056 103.312999890458883
44.25478131555359 103.259499889238995
44.89848193237519 103.205000090893208
45.55154539026795 103.151499894704102
46.21410787489121 103.102500009031004
46.88630755277036 103.057999965020713
47.56828460010916 103.014499895554223
48.260181232021196 102.968499984076914
48.962141732186545 102.920000088180331
49.674312482939705 102.870000036170907
50.39684199579528 102.819500070626589
51.129880942417586 102.767000145434309
51.873582186040764 102.711999910076713
52.628100813345895 102.655500013803589
53.393594166801776 102.596999911037756
54.17022187747612 102.538500083530337
54.95814589832399 102.478499932329811
55.75753053796041 102.417999958725147
56.56854249492426 102.355499961364217
57.39135089244048 102.291499930258311
58.226127313687975 102.226000054066631
59.073045837580466 102.160000167908692
59.932283075067765 102.094999842325890
60.804018205965114 102.029500133288522
61.68843301631817 101.964500143030563
62.58571193631152 101.900500004455623
63.49604207872855 101.837499855430821
64.41961327797075 101.773000261008491
65.35661812964459 101.706000207554411
66.3072520307241 101.636999922774848
67.27171322029778 101.565499983957153
68.25020282090806 101.494000233084080
69.2429248804921 101.421000228567948
70.25008641493265 101.345499814989125
71.27189745122783 101.266499886198034
72.30857107128878 101.184999994353817
73.36032345637442 101.100999798999084
74.42737393217246 101.014000167989209
75.50994501453623 100.925500326470484
76.60826245588666 100.836999883295761
77.72255529228926 100.747500137433406
78.85305589121582 100.655500170995253
80.00000000000082 100.559999999999931
81.16362679500274 100.459500105246065
82.34417893148023 100.352999821969377
83.541902594194 100.241999849898491
84.75704754874454 100.127000233160004
85.98986719365665 100.006000080160277
87.24061861322157 99.878999729247823
88.50956263110764 99.747499729250819
89.79696386475084 99.614500325159312
91.10309078053635 99.484499734654321
92.42821574978288 99.362499940109345
93.77261510554118 99.261999939802976
95.13656920021877 99.198999939653547
96.52036246404286 99.187999998456334
97.92428346437356 99.230499902821705
99.34862496587989 99.301999998185977
100.79368399159105 99.377999896137410
102.25976188483567 99.442999832191191
103.74716437208203 99.486000039440057
105.25620162669229 99.505499987305029
106.78718833360406 99.508999998492158
108.34044375495276 99.508499999999998
109.9162917966485 99.515500018045415
111.51506107592134 99.534500017974565
113.13708498984903 99.561999999825389
114.78270178488147 99.590000025750783
116.45225462737648 99.611499995774693
118.14609167516147 99.617499998044167
119.86456615013608 99.599499936532396
121.60803641193078 99.559000094327260
123.3768660326369 99.501000103635789
125.17142387262359 99.427500048198823
126.99208415745765 99.340499840453077
128.83922655594208 99.246500330229196
130.71323625928977 99.150500293017956
132.61450406144883 99.053999894887852
134.5434264405962 98.955500028607588
136.50040564181674 98.857500317253610
138.48584976098482 98.760000255034072
140.50017282986593 98.662999765178242
142.5437949024563 98.563499907909545
144.61714214257822 98.463999993265361
146.7206469127495 98.365999771274787
148.8547478643456 98.267500189229196
151.01989002907314 98.171500304761423
153.216524911774 98.079999875427916
155.4451105845792 97.984000148122504
157.70611178243232 97.888000178429650
160.00000000000236 97.792999999999893
162.3272535900062 97.701500054331262
164.6883578629612 97.614999864049310
167.08380518838874 97.530499851251093
169.51409509748981 97.445500134400703
171.97973438731407 97.365000050833331
174.4812372264439 97.290499855323120
177.01912526221608 97.220999838899729
179.5939277295025 97.156000130533286
182.20618156107355 97.094999898093391
184.85643149956664 97.036499966416443
187.54523021108326 96.975999924391672
190.27313840043846 96.911999849133849
193.04072492808663 96.848000024312654
195.84856692874806 96.785500111574976
198.69724993176072 96.729000001312755
201.58736798318304 96.680500065087259
204.5195237696723 96.633000117935936
207.49432874416505 96.582999919542345
210.5124032533856 96.530500031138473
213.57437666720915 96.470999879160388
216.68088750990657 96.403500121503697
219.83258359329807 96.332499941394460
223.03012215184378 96.260999974699089
226.2741699796992 96.189500000448945
229.5654035697641 96.112499891492320
232.90450925475412 96.032000018235493
236.2921833503241 95.949500186745709
239.72913230027333 95.867999854931270
243.21607282386276 95.789000159946269
246.75373206527502 95.707500137066660
250.34284774524843 95.623000053206425
253.9841683149166 95.539999835060300
257.67845311188546 95.457000310902060
261.42647251858085 95.374500231273586
265.22900812289896 95.289999910976405
269.08685288119375 95.207500002516198
273.0008112836349 95.129000249270661
276.97169952197106 95.054000197191158
281.00034565973334 94.979499826848667
285.0875898049141 94.907999917431624
289.23428428515797 94.839499980378491
293.44129382550057 94.776499865999341
297.7094957286928 94.720000093360511
302.0397800581479 94.673000154714998
306.4330498235497 94.630499944926029
310.89022116916016 94.587500067189595
315.41222356486645 94.541500076999966
320.00000000000654 94.493499999999926
324.6545071800142 94.444500029580325
329.3767157259242 94.392499922506218
334.16761037677935 94.336999914703085
339.02819019498156 94.281500088000442
343.95946877463007 94.231000042688279
348.9624744528898 94.181999873185902
354.03825052443415 94.121999842778450
359.187855459007 94.049500152968662
364.4123631221491 93.971499860094298
369.71286299913527 93.889499951863527
375.0904604221685 93.802499899582699
380.54627680087896 93.718999828823854
386.08144985617537 93.640000016060398
391.6971338574982 93.567000125971731
397.3944998635236 93.502500012322855
403.1747359663683 93.451500065087231
409.0390475393468 93.415500076166921
414.9886574883323 93.398999993024532
421.0248065067734 93.397999998516582
427.1487533344206 93.408500035056761
433.3617750198154 93.433999947172339
439.6651671865984 93.476500048545120
446.06024430368984 93.527500019242979
452.54833995940066 93.579999999682016
459.13080713953053 93.628000059061179
465.8090185095106 93.669999984764999
472.58436670065066 93.705999926398960
479.45826460054917 93.735000043520643
486.432145647728 93.756499963753384
493.50746413055253 93.774499967377324
500.6856954904994 93.792999990744164
507.9683366298358 93.812500042582030
515.3569062237735 93.836499906354817
522.8529450371643 93.862999927552863
530.4580162458005 93.886000019306323
538.1737057623901 93.901499999601100
546.0016225672724 93.906499993525443
553.9433990439449 93.904500010516870
562.0006913194694 93.898999985031736
570.1751796098309 93.892999994790401
578.4685685703187 93.890000000936539
586.8825876510039 93.897500036965695
595.4189914573883 93.916999960958321
604.0795601162986 93.950499872789862
612.8660996471021 93.997000068325946
621.780442338323 94.056999896754917
630.8244471297356 94.133499858373966
640.0000000000159 94.225500000000181
649.3090143600314 94.328499926085584
658.7534314518515 94.439000164850398
668.3352207535618 94.559500213058328
678.0563803899662 94.691999785598966
687.9189375492632 94.831999893111316
697.9249489057827 94.975500316188572
708.0765010488715 95.121500344489817
718.3757109180171 95.268999698141883
728.8247262443015 95.413000253244604
739.425725998274 95.548500068846380
750.1809208443404 95.668500131133243
761.0925536017613 95.774500214114624
772.1628997123541 95.866499973960060
783.3942677149998 95.945999869973065
794.7889997270506 96.017999992208189
806.34947193274 96.086999910393502
818.0780950786972 96.155499824605329
829.9773149766683 96.226000124555156
842.0496130135506 96.304999938438044
854.2975066688449 96.397500175013732
866.7235500396347 96.499499816864130
879.3303343732008 96.610000114566489
892.1204886073838 96.731000055946680
905.0966799188055 96.862499999164555
918.2616142790653 96.998000180474108
931.6180370190256 97.136999948349654
945.1687334013056 97.276999707698764
958.9165292011028 97.411000244803645
972.8642912954606 97.548499722918393
987.0149282611097 97.694999733581582
1001.3713909810035 97.842999918186720
1015.9366732596762 97.995500296222829
1030.7138124475518 98.157499396745777
1045.7058900743334 98.321999529273398
1060.916032491606 98.494500194135838
1076.3474115247852 98.677999994292662
1092.0032451345498 98.867999381679454
1107.8867980878947 99.064499466994505
1124.0013826389438 99.271000508564754
1140.350359219667 99.479000211509828
1156.9371371406426 99.680500037461456
1173.765175302013 99.881000461572313
1190.837982914782 100.085499641811737
1208.1591202326028 100.285999315815928
1225.73219929421 100.481500226554502
1243.5608846766518 100.670499700827520
1261.648894259477 100.856999674784703
1280.0000000000375 101.040500000000378
1298.6180287200684 101.223499870649789
1317.5068629037087 101.405500256434038
1336.6704415071292 101.587000299257582
1356.112760779938 101.772999689563790
1375.8378750985323 101.962999846579066
1395.8498978115715 102.159000430969428
1416.153002097749 102.358500478067612
1436.7514218360407 102.564499565705617
1457.6494524886093 102.781500411750287
1478.8514519965543 103.008000127058054
1500.3618416886875 103.235500274080337
1522.1851072035295 103.469500526592682
1544.3257994247153 103.712999927206624
1566.788535430007 103.961999573990767
1589.5779994541087 104.213499960931642
1612.6989438654878 104.466499660539938
1636.156190157402 104.722499344176555
1659.9546299533442 104.984000440094974
1684.099226027109 105.247999815783771
1708.5950133376978 105.508500444536040
1733.4471000792773 105.769499538638541
1758.6606687464096 106.031000244097243
1784.2409772147755 106.292000103101174
1810.193359837619 106.552000008173508
1836.5232285581387 106.806500331314524
1863.2360740380593 107.052999908961695
1890.3374668026197 107.292999497410136
1917.833058402214 107.523000395312593
1945.7285825909298 107.735999588335915
1974.0298565222283 107.931499660561798
2002.7427819620161 108.107999905386038
2031.8733465193618 108.253500220586091
2061.4276248951132 108.359999646875622
2091.411780148677 108.425499842099157
2121.832064983222 108.444999981213414
2152.694823049581 108.417500001166019
2184.0064902691106 108.348000255745120
2215.7735961758003 108.248500282654391
2248.002765277899 108.139999756667549
2280.7007184393456 108.045499919772112
2313.874274281297 107.974499989323476
2347.530350604038 107.919999869985020
2381.6759658295764 107.858500113958485
2416.318240465218 107.767000340934828
2451.4643985884327 107.638499812292324
2487.1217693533167 107.477500267513960
2523.2977885189675 107.289500339202959
2560.0000000000887 107.083999999999492
2597.236057440151 106.869000153514435
2635.0137258074315 106.648999690024709
2673.340883014273 106.429499645444764
2712.225521559891 106.213500353368815
2751.6757501970797 106.002500163378642
2791.699795623158 105.798499566302468
2832.3060041955137 105.600999550053956
2873.502843672097 105.411000392535243
2915.2989049772345 105.232499699385784
2957.7029039931244 105.071999920612967
3000.723683377391 104.928999851726473
3044.370214407075 104.805499757153356
3088.6515988494466 104.700500027340610
3133.57707086003 104.614500138581278
3179.1559989082334 104.547000009767061
3225.3978877309914 104.495500063369207
3272.3123803148205 104.457000091510238
3319.9092599067053 104.428999968446021
3368.198452054235 104.413000009105744
3417.190026675413 104.408000006919792
3466.8942001585724 104.415499980850370
3517.3213374928373 104.437000029489866
3568.4819544295697 104.471500017381061
3620.386719675257 104.519000000733556
3673.0464571162966 104.579500096152728
3726.472148076138 104.656499969901660
3780.6749336052594 104.751499789994398
3835.6661168044484 104.867500246617084
3891.45716518188 105.010999703844533
3948.059713044477 105.186999673002020
4005.4855639240527 105.393999880897809
4063.746693038744 105.627000475108616
4122.855249790247 105.883499035543480
4182.823560297375 106.156999218954880
4243.664129966465 106.435500307215875
4305.389646099183 106.711999991561910
4368.012980538242 106.976999155070033
4431.5471923516225 107.218499373754383
4496.00553055582 107.424000406479479
4561.401436878714 107.573000098305457
4627.748548562617 107.643499999999989
4695.060701208099 107.615999752976677
4763.351931659176 107.478500289044803
4832.63648093046 107.226500958644152
4902.928797176889 106.871499488209025
4974.243538706657 106.429500731310171
5046.595577037959 105.918500910715920
5120.000000000202 105.363999999998441
5194.472114880326 104.786500412925221
5270.027451614888 104.201499181383298
5346.6817660285715 103.623999086761529
5424.451043119808 103.064500913144471
5503.351500394186 102.526500413114377
5583.399591246343 102.014998931088741
5664.612008391055 101.534998929034501
5747.005687344222 101.087500909226662
5830.597809954497 100.678499313141970
5915.405807986278 100.311499820306267
6001.447366754812 99.988499669859607
6088.740428814181 99.716999490021962
6177.303197698925 99.499000058354596
6267.154141720092 99.332000266905212
6358.3119978165005 99.218000015813317
6450.795775462017 99.156500063369180
6544.624760629676 99.150499979664389
6639.818519813445 99.201500155414919
6736.396904108505 99.307999914709001
6834.380053350861 99.469000347409803
6933.788400317181 99.684499601339766
7034.642674985712 99.951500287288553
7136.963908859177 100.264000138000085
7240.773439350552 100.613000004748955
7346.092914232631 100.984500490824871
7452.944296152315 101.347499867716039
7561.349867210557 101.659999374225833
7671.332233608935 101.881500231439162
7782.914330363799 101.971499895578148
7896.119426088994 101.898500210743777
8010.971127848146 101.650000160527796
8127.49338607753 101.237999034699769
8245.710499580537 100.699502087807957
8365.647120594791 100.080501787273718
8487.328259932974 99.435499304524967
8610.77929219841 98.811000023834225
8736.025961076528 98.235501811650636
8863.094384703289 97.723501328631698
8992.011061111683 97.284499071953348
9122.802873757471 96.928499696627142
9255.497097125279 96.667499963196292
9390.121402416245 96.513999850426217
9526.7038633184 96.479000006964938
9665.272961860968 96.572499565186462
9805.857594353829 96.805000412343560
9948.487077413367 97.180999344957911
10093.19115407597 97.691999059794426
10240.000000000457 98.296500000001913
10388.944229760706 98.902499579967852
10540.05490322983 99.398000498778629
10693.363532057198 99.689500124736028
10848.902086239672 99.673000181638088
11006.703000788428 99.225000443917821
11166.799182492743 98.304997288294373
11329.224016782166 96.982996442508608
11494.0113746885 95.431503291493641
11661.195619909053 93.861997296293083
11830.811615972614 92.419999290760956
12002.894733509682 91.160998707808801
12177.48085762842 90.098997974131194
12354.606395397908 89.224500231316568
12534.308283440243 88.528501122723625
12716.62399563306 88.008500071343406
12901.591550924093 87.660000405626789
13089.249521259411 87.482000345705245
13279.637039626952 87.476500221569040
13472.793808217073 87.659999834889732
13668.760106701786 88.059500990634120
13867.576800634426 88.698498777906423
14069.285349971487 89.609501084467070
14273.927817718419 90.831000595302868
14481.54687870117 92.374000030261300
14692.18582846533 94.085502044913881
14905.888592304698 95.451499559673138
15122.699734421185 95.741000141817040
15342.664467217943 95.005498851915718
15565.828660727671 94.555000533930553
15792.238852178061 94.133000976922276
16021.942255696367 93.381000370535503
16254.986772155136 93.372500120662551
16491.42099916115 93.194001553919733
16731.294241189662 91.885004530398987
16974.65651986603 89.344996439254459
17221.558584396902 86.013000132462935
17472.051922153143 82.687010543740968
17726.188769406665 79.654007925302238
17984.022122223458 76.890493601619511
18245.605747515034 74.310497342607604
18510.99419425065 71.773499469830426
18780.242804832582 69.030493341699554
19053.40772663689 66.541003546411787
19330.545923722028 68.080490413366817
19611.71518870775 73.500006310070972
19896.974154826825 77.932494190549363
20186.382308152035 79.476998376324246
