20 87.922499999999999
20.290906698750476 88.027499892690216
20.586044732869844 88.133500265290479
20.885475648548283 88.241000231400946
21.189261887185914 88.348999960037247
21.49746679841394 88.458999928311755
21.810154653305165 88.570500231482328
22.12739065777668 88.683500233828738
22.449240966187475 88.797999631940286
22.77577269513385 88.914500244286415
23.107053937445478 89.031499977798731
23.44315377638505 89.148500267356525
23.784142300054445 89.265000099235294
24.130090616010463 89.376999878344321
24.481070866093134 89.478499962365206
24.837156241469714 89.571500060374134
25.1984209978975 89.661499999478110
25.56494047120865 89.749499873495580
25.936791093020236 89.838500258787661
26.3140504066728 89.928499857395877
26.69679708340074 90.021500263210100
27.08511093873791 90.116999735854080
27.47907294916184 90.213999987399177
27.878765268980047 90.314000067903748
28.284271247461966 90.415500061575727
28.695675446220072 90.517000108367824
29.11306365684382 90.616999918900007
29.536522918790062 90.713499758313219
29.966141537533712 90.805500108918721
30.402009102982383 90.893499819547372
30.844216508158908 90.980999903583609
31.29285596815558 91.068499993846970
31.74802103936409 91.155500198782150
32.20980663898519 91.242999744509092
32.67830906482211 91.329999826965491
33.153626015361866 91.417000183845900
33.63585661014871 91.503999929919360
34.125101410453844 91.590999718356130
34.62146244024586 91.677499730728130
35.12504320746613 91.764500203986302
35.635948725613716 91.850500120826979
36.15428553564419 91.936500086892167
36.68016172818701 92.021500116433216
37.21368696608603 92.105499839734406
37.754972507267915 92.186499780174273
38.30413122794313 92.262500029563768
38.86127764614443 92.333499830513830
39.4265279456077 92.403999869895102
40.000000000000206 92.476000000000028
40.58181339750116 92.551999919517684
41.1720894657399 92.632000064783441
41.77095129709678 92.715500182120536
42.37852377437204 92.799499833169676
42.9949335968281 92.878499950469973
43.62030930661056 92.949000134342882
44.25478131555359 93.014500133323423
44.89848193237519 93.079999890928178
45.55154539026795 93.147000143202405
46.21410787489121 93.214999987206070
46.88630755277036 93.282500055316078
47.56828460010916 93.349500150866106
48.260181232021196 93.413500020899050
48.962141732186545 93.474999892024101
49.674312482939705 93.533499958041745
50.39684199579528 93.589499922449249
51.129880942417586 93.641999857362492
51.873582186040764 93.689000066259268
52.628100813345895 93.729999990140300
53.393594166801776 93.766000046742874
54.17022187747612 93.794999961115181
54.95814589832399 93.816000021428891
55.75753053796041 93.837500026628931
56.56854249492426 93.889500057349977
57.39135089244048 93.997000148066988
58.226127313687975 94.136499884494015
59.073045837580466 94.249999743048846
59.932283075067765 94.314000086004057
60.804018205965114 94.346499940532809
61.68843301631817 94.369999948598391
62.58571193631152 94.391999998514791
63.49604207872855 94.415000056472337
64.41961327797075 94.440999891581086
65.35661812964459 94.471499902327338
66.3072520307241 94.506500037540007
67.27171322029778 94.541500008360359
68.25020282090806 94.577999883457977
69.2429248804921 94.616999871626206
70.25008641493265 94.663500123340583
71.27189745122783 94.716000077272938
72.30857107128878 94.770000003333280
73.36032345637442 94.817500103965983
74.42737393217246 94.861499916970843
75.50994501453623 94.912499805584986
76.60826245588666 94.973000085233423
77.72255529228926 95.037999900742534
78.85305589121582 95.095499897774573
80.00000000000082 95.143500000000031
81.16362679500274 95.181499962854332
82.34417893148023 95.208500029132296
83.541902594194 95.223500009216764
84.75704754874454 95.228999991959995
85.98986719365665 95.230999998696575
87.24061861322157 95.233500002066819
88.50956263110764 95.234499991795474
89.79696386475084 95.229500014559378
91.10309078053635 95.225000014741426
92.42821574978288 95.235000009515346
93.77261510554118 95.249000000813481
95.13656920021877 95.244499958221695
96.52036246404286 95.226000007332402
97.92428346437356 95.212000019795582
99.34862496587989 95.201000000286427
100.79368399159105 95.182000030466355
102.25976188483567 95.153000089498036
103.74716437208203 95.116499932163123
105.25620162669229 95.073500038991696
106.78718833360406 95.024999915561239
108.34044375495276 94.967500084970496
109.9162917966485 94.902999921051332
111.51506107592134 94.831499948739207
113.13708498984903 94.751000000523788
114.78270178488147 94.654499883048516
116.45225462737648 94.540500026463761
118.14609167516147 94.410500262080745
119.86456615013608 94.263499711675792
121.60803641193078 94.100500342448925
123.3768660326369 93.923500300878061
125.17142387262359 93.740500114550429
126.99208415745765 93.562499720363988
128.83922655594208 93.411000486653563
130.71323625928977 93.324500198397573
132.61450406144883 93.345000139434489
134.5434264405962 93.516499938450323
136.50040564181674 93.850498798968459
138.48584976098482 94.303998751121782
140.50017282986593 94.810001166992947
142.5437949024563 95.281500371124565
144.61714214257822 95.661000021904584
146.7206469127495 95.970000635347802
148.8547478643456 96.231499521134282
151.01989002907314 96.433499400101198
153.216524911774 96.579000145552641
155.4451105845792 96.677999867147861
157.70611178243232 96.727499931230241
160.00000000000236 96.733499999999992
162.3272535900062 96.714000015092012
164.6883578629612 96.675999919076972
167.08380518838874 96.624499903140247
169.51409509748981 96.568000091200489
171.97973438731407 96.511500037147442
174.4812372264439 96.451999869790825
177.01912526221608 96.388999836458822
179.5939277295025 96.321500138691619
182.20618156107355 96.250499877366622
184.85643149956664 96.178999960819169
187.54523021108326 96.109499917303395
190.27313840043846 96.040999844491807
193.04072492808663 95.974000025856327
195.84856692874806 95.904500125971751
198.69724993176072 95.831500001742398
201.58736798318304 95.758000102477808
204.5195237696723 95.685500179360901
207.49432874416505 95.610499878524720
210.5124032533856 95.533500044401151
213.57437666720915 95.455999857189553
216.68088750990657 95.378500135591082
219.83258359329807 95.301999938138607
223.03012215184378 95.226499972560987
226.2741699796992 95.149000000486353
229.5654035697641 95.070499887371767
232.90450925475412 94.988500018235499
236.2921833503241 94.902500195745517
239.72913230027333 94.813999840424401
243.21607282386276 94.727500174300431
246.75373206527502 94.650000125365835
250.34284774524843 94.581500041313205
253.9841683149166 94.519999876792042
257.67845311188546 94.457000239731713
261.42647251858085 94.388500197836436
265.22900812289896 94.312499912048992
269.08685288119375 94.228500002638924
273.0008112836349 94.139500294592608
276.97169952197106 94.047500244517039
281.00034565973334 93.952999774666068
285.0875898049141 93.856999887195315
289.23428428515797 93.759499969954561
293.44129382550057 93.661999775895481
297.7094957286928 93.565000164654009
302.0397800581479 93.467000340373005
306.4330498235497 93.368999872805375
310.89022116916016 93.273000145068451
315.41222356486645 93.182000149085042
320.00000000000654 93.096999999999895
324.6545071800142 93.019500045276018
329.3767157259242 92.950999915461338
334.16761037677935 92.892499916226228
339.02819019498156 92.838000086400442
343.95946877463007 92.782500047810885
348.9624744528898 92.729999884508587
354.03825052443415 92.678499860746626
359.187855459007 92.609000157047831
364.4123631221491 92.507499796186750
369.71286299913527 92.386499929474468
375.0904604221685 92.261499858234401
380.54627680087896 92.145499777471017
386.08144985617537 92.045000019972548
391.6971338574982 91.956000156564855
397.3944998635236 91.868500017291737
403.1747359663683 91.782500117710953
409.0390475393468 91.705000181817809
414.9886574883323 91.649999942452354
421.0248065067734 91.623500014834207
427.1487533344206 91.620500026709919
433.3617750198154 91.642499950694173
439.6651671865984 91.689500057283226
446.06024430368984 91.751000023875534
452.54833995940066 91.817999999582256
459.13080713953053 91.887500096146113
465.8090185095106 91.958999972874267
472.58436670065066 92.035499835974818
479.45826460054917 92.113000128748553
486.432145647728 92.180499877906101
493.50746413055253 92.232999911193843
500.6856954904994 92.270499984411231
507.9683366298358 92.286500000000004
515.3569062237735 92.283000026220662
522.8529450371643 92.268000050155706
530.4580162458005 92.245499973185673
538.1737057623901 92.219500000828504
546.0016225672724 92.192000087406569
553.9433990439449 92.166500065730389
562.0006913194694 92.146499962579341
570.1751796098309 92.133499990622724
578.4685685703187 92.125999999250780
586.8825876510039 92.124500011551788
595.4189914573883 92.132499981327896
604.0795601162986 92.157499900294766
612.8660996471021 92.201500068325942
621.780442338323 92.261999895116105
630.8244471297356 92.336999863619354
640.0000000000159 92.419500000000141
649.3090143600314 92.501999941721323
658.7534314518515 92.581000108491281
668.3352207535618 92.658500118727162
678.0563803899662 92.724999903999532
687.9189375492632 92.720500025593068
697.9249489057827 92.611499750947360
708.0765010488715 92.523000037495507
718.3757109180171 92.580499798081405
728.8247262443015 92.797000593940581
739.425725998274 93.134500182470930
750.1809208443404 93.428500223280921
761.0925536017613 93.587500205193180
772.1628997123541 93.668499979286409
783.3942677149998 93.722499916166839
794.7889997270506 93.764499995547538
806.34947193274 93.800499954547433
818.0780950786972 93.835499911031690
829.9773149766683 93.872000064768685
842.0496130135506 93.913499967364743
854.2975066688449 93.964000105008239
866.7235500396347 94.025999887300998
879.3303343732008 94.100500083497607
892.1204886073838 94.189000041634728
905.0966799188055 94.286999999376533
918.2616142790653 94.390500140224475
931.6180370190256 94.500999958010880
945.1687334013056 94.616999756065155
958.9165292011028 94.732000212163157
972.8642912954606 94.852999752605712
987.0149282611097 94.985999755330013
1001.3713909810035 95.121499924308793
1015.9366732596762 95.262000272154722
1030.7138124475518 95.409999451921479
1045.7058900743334 95.560999566360948
1060.916032491606 95.715500170539229
1076.3474115247852 95.874999995090462
1092.0032451345498 96.035499478797860
1107.8867980878947 96.198499558520709
1124.0013826389438 96.368500418531767
1140.350359219667 96.540000177126473
1156.9371371406426 96.710000033153378
1173.765175302013 96.892000436805006
1190.837982914782 97.089999645323388
1208.1591202326028 97.300499267682397
1225.73219929421 97.519500266111635
1243.5608846766518 97.740499651756920
1261.648894259477 97.946999652054600
1280.0000000000375 98.115000000000236
1298.6180287200684 98.200499959489221
1317.5068629037087 98.150499791471219
1336.6704415071292 97.988999770677623
1356.112760779938 97.889500095772860
1375.8378750985323 98.003499864250585
1395.8498978115715 98.281000688684799
1416.153002097749 98.599000726475282
1436.7514218360407 98.902499379877725
1457.6494524886093 99.181000468229314
1478.8514519965543 99.429500125938603
1500.3618416886875 99.649500251634095
1522.1851072035295 99.864000482892038
1544.3257994247153 100.088499932532969
1566.788535430007 100.323499596232210
1589.5779994541087 100.559999963567208
1612.6989438654878 100.778499719576473
1636.156190157402 100.943499626333150
1659.9546299533442 101.021000004982199
1684.099226027109 101.002000028718115
1708.5950133376978 100.924999883736731
1733.4471000792773 100.879000042262120
1758.6606687464096 100.960000186333772
1784.2409772147755 101.193000126012549
1810.193359837619 101.530500012004808
1836.5232285581387 101.912000521018797
1863.2360740380593 102.301999855081888
1890.3374668026197 102.686499196697383
1917.833058402214 103.056500649183064
1945.7285825909298 103.412499299379405
1974.0298565222283 103.767499367329862
2002.7427819620161 104.126499800197593
2031.8733465193618 104.479500648560844
2061.4276248951132 104.821498749351122
2091.411780148677 105.147499094889810
2121.832064983222 105.447500303900512
2152.694823049581 105.714999992022072
2184.0064902691106 105.952499255425650
2215.7735961758003 106.151999493914047
2248.002765277899 106.299500248199081
2280.7007184393456 106.385000038551084
2313.874274281297 106.406499995691917
2347.530350604038 106.370499835770545
2381.6759658295764 106.289500155397917
2416.318240465218 106.176000412531153
2451.4643985884327 106.040499812292325
2487.1217693533167 105.880500264348100
2523.2977885189675 105.690000346196840
2560.0000000000887 105.466999999999416
2597.236057440151 105.217500181232310
2635.0137258074315 104.944999601259070
2673.340883014273 104.658499521838337
2712.225521559891 104.364000487120563
2751.6757501970797 104.064000234954051
2791.699795623158 103.760499323169029
2832.3060041955137 103.448999254776851
2873.502843672097 103.128000676496896
2915.2989049772345 102.797499393305870
2957.7029039931244 102.464999822988375
3000.723683377391 102.136999630474548
3044.370214407075 101.821499324444787
3088.6515988494466 101.520000081201630
3133.57707086003 101.238500473913774
3179.1559989082334 100.975000040153503
3225.3978877309914 100.727500322126744
3272.3123803148205 100.496500574480919
3319.9092599067053 100.284499669513522
3368.198452054235 100.090000133083905
3417.190026675413 99.910999704179233
3466.8942001585724 99.742000290726082
3517.3213374928373 99.574999840183906
3568.4819544295697 99.405499931660842
3620.386719675257 99.230499997683495
3673.0464571162966 99.050499761593912
3726.472148076138 98.870500066513628
3780.6749336052594 98.695500366979502
3835.6661168044484 98.523999686288562
3891.45716518188 98.348000351071704
3948.059713044477 98.160500337660963
4005.4855639240527 97.962000111867013
4063.746693038744 97.757499607846853
4122.855249790247 97.549500768609022
4182.823560297375 97.343000578029773
4243.664129966465 97.148999797767971
4305.389646099183 96.970000005369698
4368.012980538242 96.808000508252888
4431.5471923516225 96.668500358619283
4496.00553055582 96.551499747786835
4561.401436878714 96.452499906979781
4627.748548562617 96.368499985642529
4695.060701208099 96.302999891219088
4763.351931659176 96.262500057460699
4832.63648093046 96.251500010271187
4902.928797176889 96.272500054574863
4974.243538706657 96.325999901858808
5046.595577037959 96.408999843877268
5120.000000000202 96.520000000000366
5194.472114880326 96.661999893392803
5270.027451614888 96.837500281795769
5346.6817660285715 97.045000372717467
5424.451043119808 97.284499590488565
5503.351500394186 97.560499777493959
5583.399591246343 97.869000727210107
5664.612008391055 98.207500834275095
5747.005687344222 98.568499240235255
5830.597809954497 98.942500695967553
5915.405807986278 99.325000205977290
6001.447366754812 99.708000436712041
6088.740428814181 100.082500810224857
6177.303197698925 100.446499897238994
6267.154141720092 100.796499404198698
6358.3119978165005 101.125999949769493
6450.795775462017 101.431499606583003
6544.624760629676 101.707499318757243
6639.818519813445 101.949000352608039
6736.396904108505 102.147999867088203
6834.380053350861 102.295500175424763
6933.788400317181 102.380999879879667
7034.642674985712 102.391999950533091
7136.963908859177 102.315499938082070
7240.773439350552 102.134499996550886
7346.092914232631 101.834999477337846
7452.944296152315 101.409000170185550
7561.349867210557 100.860501226093135
7671.332233608935 100.198998656923877
7782.914330363799 99.440501536774519
7896.119426088994 98.612501503781914
8010.971127848146 97.734000487610018
8127.49338607753 96.818498242851916
8245.710499580537 95.885003455045009
8365.647120594791 94.946502655458886
8487.328259932974 94.014498992987242
8610.77929219841 93.104000034995636
8736.025961076528 92.227502799823711
8863.094384703289 91.411502136547142
8992.011061111683 90.680498361838517
9122.802873757471 90.029499365771045
9255.497097125279 89.441999887364460
9390.121402416245 88.890498792078432
9526.7038633184 88.365000901958865
9665.272961860968 87.886501585186409
9805.857594353829 87.469499556124276
9948.487077413367 87.120000529439366
10093.19115407597 86.836000464898703
10240.000000000457 86.604499999999376
10388.944229760706 86.413000127217856
10540.05490322983 86.332500067631003
10693.363532057198 86.415500249472046
10848.902086239672 86.578499715984066
11006.703000788428 86.769499839217048
11166.799182492743 87.051500812635524
11329.224016782166 87.452501187388719
11494.0113746885 88.010498734201050
11661.195619909053 88.788501723522060
11830.811615972614 89.783500614890727
12002.894733509682 90.952001447021331
12177.48085762842 92.180002420032395
12354.606395397908 93.166499756127052
12534.308283440243 93.527499721041053
12716.62399563306 93.042000105295088
12901.591550924093 91.794001861111184
13089.249521259411 90.127504369612524
13279.637039626952 88.426497367826485
13472.793808217073 86.907501028763960
13668.760106701786 85.640498133961785
13867.576800634426 84.615001681684333
14069.285349971487 83.825499411153402
14273.927817718419 83.264499842574565
14481.54687870117 82.932499997213711
14692.18582846533 82.832000105748619
14905.888592304698 82.977499921595808
15122.699734421185 83.412498912030387
15342.664467217943 84.194001984545679
15565.828660727671 85.398497399305086
15792.238852178061 87.035496928142010
16021.942255696367 88.732499104861319
16254.986772155136 89.780000537325407
16491.42099916115 89.774001096233164
16731.294241189662 88.643503945010337
16974.65651986603 86.651497609715165
17221.558584396902 84.562000077509026
17472.051922153143 83.061004291770828
17726.188769406665 82.107502361241558
17984.022122223458 81.009995445469698
18245.605747515034 78.626996491567965
18510.99419425065 75.597499539302305
18780.242804832582 73.184992988161468
19053.40772663689 70.206504974706974
19330.545923722028 70.580995560667191
19611.71518870775 72.253501782779992
19896.974154826825 73.670997834543940
20186.382308152035 74.899497954793048
