20 100.860500000000002
20.290906698750476 100.862499998968190
20.586044732869844 100.865000004912787
20.885475648548283 100.866500002142601
21.189261887185914 100.867499999629985
21.49746679841394 100.868499999348302
21.810154653305165 100.869000000000000
22.12739065777668 100.869000000000000
22.449240966187475 100.868500003200523
22.77577269513385 100.867500000000007
23.107053937445478 100.866500000376291
23.44315377638505 100.865999995429803
23.784142300054445 100.864499998259021
24.130090616010463 100.863500000000002
24.481070866093134 100.864499999619852
24.837156241469714 100.867000002683284
25.1984209978975 100.870999999976803
25.56494047120865 100.874499995687358
25.936791093020236 100.878500011630905
26.3140504066728 100.880999998432927
26.69679708340074 100.881999997199898
27.08511093873791 100.880500005446294
27.47907294916184 100.876000000514324
27.878765268980047 100.870499994674219
28.284271247461966 100.862999995170526
28.695675446220072 100.854999989270510
29.11306365684382 100.845000008191917
29.536522918790062 100.833500030528853
29.966141537533712 100.819999980196599
30.402009102982383 100.803500034860164
30.844216508158908 100.784500022164679
31.29285596815558 100.765000001414492
31.74802103936409 100.746499961598914
32.20980663898519 100.731000041113475
32.67830906482211 100.721000017900110
33.153626015361866 100.716999993660480
33.63585661014871 100.715000000805517
34.125101410453844 100.713500006474561
34.62146244024586 100.708000021917485
35.12504320746613 100.695499957305202
35.635948725613716 100.675499966280853
36.15428553564419 100.650999973421222
36.68016172818701 100.624499965754936
37.21368696608603 100.600000046341862
37.754972507267915 100.579000057704263
38.30413122794313 100.560999992609055
38.86127764614443 100.543000043582168
39.4265279456077 100.525000033455541
40.000000000000206 100.507000000000005
40.58181339750116 100.492000014445537
41.1720894657399 100.480999992975285
41.77095129709678 100.472499982859247
42.37852377437204 100.464000018090033
42.9949335968281 100.446500013034210
43.62030930661056 100.409999894592517
44.25478131555359 100.356499883085604
44.89848193237519 100.299500094198407
45.55154539026795 100.251499926292865
46.21410787489121 100.221500004703643
46.88630755277036 100.207499993492220
47.56828460010916 100.200999990715928
48.260181232021196 100.194499994692308
48.962141732186545 100.175500039591157
49.674312482939705 100.143500025319639
50.39684199579528 100.108500047084391
51.129880942417586 100.079000075513974
51.873582186040764 100.059999984223992
52.628100813345895 100.053000000985975
53.393594166801776 100.059500027141027
54.17022187747612 100.080999963995538
54.95814589832399 100.115500042857789
55.75753053796041 100.153500023300325
56.56854249492426 100.185500014488412
57.39135089244048 100.206500013948329
58.226127313687975 100.215999995084843
59.073045837580466 100.209000030528856
59.932283075067765 100.180999904439929
60.804018205965114 100.139000090226077
61.68843301631817 100.096000093863807
62.58571193631152 100.061000002333898
63.49604207872855 100.031499925456529
64.41961327797075 99.995000160620606
65.35661812964459 99.944000164822626
66.3072520307241 99.883999933500561
67.27171322029778 99.820999985764786
68.25020282090806 99.758000203948569
69.2429248804921 99.695000190995131
70.25008641493265 99.644499909866497
71.27189745122783 99.609499959256084
72.30857107128878 99.579999997687096
73.36032345637442 99.544499909896132
74.42737393217246 99.504500079167329
75.50994501453623 99.464500146728312
76.60826245588666 99.426499948859941
77.72255529228926 99.386000064135601
78.85305589121582 99.336000096649485
80.00000000000082 99.279499999999956
81.16362679500274 99.228500050559390
82.34417893148023 99.184999927169287
83.541902594194 99.137999927582598
84.75704754874454 99.080500120600007
85.98986719365665 99.016500042361116
87.24061861322157 98.949999859456881
88.50956263110764 98.879999846165248
89.79696386475084 98.803500189271844
91.10309078053635 98.724999837844308
92.42821574978288 98.649499960259476
93.77261510554118 98.579999947124236
95.13656920021877 98.515999856096926
96.52036246404286 98.455000023154938
97.92428346437356 98.395000107975875
99.34862496587989 98.335000001432121
100.79368399159105 98.277500078935560
102.25976188483567 98.223500148231125
103.74716437208203 98.171499916387120
105.25620162669229 98.116000052593463
106.78718833360406 98.057999917069068
108.34044375495276 98.006500069128521
109.9162917966485 97.965499958269987
111.51506107592134 97.927999972705294
113.13708498984903 97.886500000261890
114.78270178488147 97.837999937768927
116.45225462737648 97.774500015344529
118.14609167516147 97.698500148642808
119.86456615013608 97.629499893011769
121.60803641193078 97.576000098428437
123.3768660326369 97.557500008357721
125.17142387262359 97.605999957434818
126.99208415745765 97.723500255618191
128.83922655594208 97.878499440348406
130.71323625928977 98.040999508584463
132.61450406144883 98.194000150160221
134.5434264405962 98.328499962723441
136.50040564181674 98.423499737780190
138.48584976098482 98.455999957932519
140.50017282986593 98.439499926469949
142.5437949024563 98.406499965005622
144.61714214257822 98.365499996530644
146.7206469127495 98.310999852137229
148.8547478643456 98.245500129370981
151.01989002907314 98.170000250225172
153.216524911774 98.087999897719769
155.4451105845792 98.011500114527706
157.70611178243232 97.942500126387671
160.00000000000236 97.873499999999922
162.3272535900062 97.808500038031880
164.6883578629612 97.749999917458510
167.08380518838874 97.701999930814452
169.51409509748981 97.664500056000293
171.97973438731407 97.632500020854707
174.4812372264439 97.600499927661559
177.01912526221608 97.564999907245308
179.5939277295025 97.526000081583305
182.20618156107355 97.485999929183549
184.85643149956664 97.443999974252591
187.54523021108326 97.396999938568229
190.27313840043846 97.342499858417909
193.04072492808663 97.280500024312659
195.84856692874806 97.214000120572962
198.69724993176072 97.145000001670780
201.58736798318304 97.075500096938470
204.5195237696723 97.004500174446889
207.49432874416505 96.930999880102320
210.5124032533856 96.853500045554426
213.57437666720915 96.772499848035039
216.68088750990657 96.690500142634775
219.83258359329807 96.609499934882734
223.03012215184378 96.529999971848284
226.2741699796992 96.451500000486362
229.5654035697641 96.373499891492315
232.90450925475412 96.295500017123572
236.2921833503241 96.219500168746123
239.72913230027333 96.145499869438140
243.21607282386276 96.073000149693314
246.75373206527502 96.001000120351193
250.34284774524843 95.930000044443005
253.9841683149166 95.861499862881459
257.67845311188546 95.793000254714940
261.42647251858085 95.724500189477141
265.22900812289896 95.656999928137594
269.08685288119375 95.590000002055916
273.0008112836349 95.523000220135131
276.97169952197106 95.455500178786664
281.00034565973334 95.386499838708346
285.0875898049141 95.317999922083374
289.23428428515797 95.251499979458742
293.44129382550057 95.185499852137212
297.7094957286928 95.121000110335160
302.0397800581479 95.057500213162882
306.4330498235497 94.997499927879346
310.89022116916016 94.943500080932921
315.41222356486645 94.895000078638276
320.00000000000654 94.853999999999957
324.6545071800142 94.819000020525124
329.3767157259242 94.787999957730662
334.16761037677935 94.757999949735733
339.02819019498156 94.724000056000278
343.95946877463007 94.681000038419455
348.9624744528898 94.627999868656815
354.03825052443415 94.567999854008548
359.187855459007 94.502500134612418
364.4123631221491 94.435999884275532
369.71286299913527 94.369999964177509
375.0904604221685 94.305999925573062
380.54627680087896 94.242999869478183
386.08144985617537 94.182000012560053
391.6971338574982 94.119000115174146
397.3944998635236 94.052500013515385
403.1747359663683 93.981500099708100
409.0390475393468 93.906500186731805
414.9886574883323 93.830999869209876
421.0248065067734 93.757000054144896
427.1487533344206 93.687999889821597
433.3617750198154 93.620500121503625
439.6651671865984 93.549499933007752
446.06024430368984 93.482999979687975
452.54833995940066 93.429000000317984
459.13080713953053 93.384499949179911
465.8090185095106 93.350000011890728
472.58436670065066 93.327500042057736
479.45826460054917 93.321500010880158
486.432145647728 93.331999971384249
493.50746413055253 93.362499934754652
500.6856954904994 93.413499973693945
507.9683366298358 93.476000131448856
515.3569062237735 93.549999711572823
522.8529450371643 93.630499774299295
530.4580162458005 93.703500069717265
538.1737057623901 93.765499998189597
546.0016225672724 93.813999854322390
553.9433990439449 93.851999907977444
562.0006913194694 93.879000049894216
570.1751796098309 93.896500013544966
578.4685685703187 93.908500001873080
586.8825876510039 93.918500027724278
595.4189914573883 93.933499969445649
604.0795601162986 93.960499896856646
612.8660996471021 93.995000047948025
621.780442338323 94.037999924614695
630.8244471297356 94.096999889846415
640.0000000000159 94.174000000000149
649.3090143600314 94.260499938167740
658.7534314518515 94.347000118354146
668.3352207535618 94.430500134991149
678.0563803899662 94.513499867199357
687.9189375492632 94.593999939781028
697.9249489057827 94.669500149431585
708.0765010488715 94.737500152325424
718.3757109180171 94.802999865387591
728.8247262443015 94.870000125711343
739.425725998274 94.938000035822512
750.1809208443404 95.002500073245614
761.0925536017613 95.062500120439466
772.1628997123541 95.115499984612768
783.3942677149998 95.163999919588605
794.7889997270506 95.210499994879655
806.34947193274 95.253999944158281
818.0780950786972 95.297499890696074
829.9773149766683 95.338500066429418
842.0496130135506 95.377999971073294
854.2975066688449 95.419000070005495
866.7235500396347 95.459999926041277
879.3303343732008 95.502000043690600
892.1204886073838 95.547000020383678
905.0966799188055 95.593499999713202
918.2616142790653 95.638000061023604
931.6180370190256 95.684999982535501
945.1687334013056 95.734499894855674
958.9165292011028 95.773000030827120
972.8642912954606 95.783999990104235
987.0149282611097 95.790499980063927
1001.3713909810035 95.828999973285448
1015.9366732596762 95.895000124043321
1030.7138124475518 95.959999768262094
1045.7058900743334 96.014999848796919
1060.916032491606 96.065500054701261
1076.3474115247852 96.116499998435074
1092.0032451345498 96.166999834898689
1107.8867980878947 96.219499857326809
1124.0013826389438 96.275000141132807
1140.350359219667 96.333000058347523
1156.9371371406426 96.389000010676511
1173.765175302013 96.447000135094328
1190.837982914782 96.506499896406339
1208.1591202326028 96.563999807465791
1225.73219929421 96.618500062332458
1243.5608846766518 96.668999922436768
1261.648894259477 96.716999917821937
1280.0000000000375 96.762500000000074
1298.6180287200684 96.803999970860673
1317.5068629037087 96.842500050723203
1336.6704415071292 96.878500053671189
1356.112760779938 96.911999943857282
1375.8378750985323 96.943499975099229
1395.8498978115715 96.972500058473230
1416.153002097749 97.000000063273660
1436.7514218360407 97.026999943625242
1457.6494524886093 97.054000045547596
1478.8514519965543 97.079500013433460
1500.3618416886875 97.103000027171760
1522.1851072035295 97.126000048070694
1544.3257994247153 97.148499993194122
1566.788535430007 97.170499962360623
1589.5779994541087 97.191499996589272
1612.6989438654878 97.211499973165218
1636.156190157402 97.231499949160991
1659.9546299533442 97.250000029893243
1684.099226027109 97.266999988792918
1708.5950133376978 97.284000027356058
1733.4471000792773 97.299999971825258
1758.6606687464096 97.317000015838374
1784.2409772147755 97.334000006715399
1810.193359837619 97.351000000542768
1836.5232285581387 97.367500022711084
1863.2360740380593 97.384499993683065
1890.3374668026197 97.400999966353822
1917.833058402214 97.418500029013757
1945.7285825909298 97.434499968333540
1974.0298565222283 97.450499971565392
2002.7427819620161 97.466499991095148
2031.8733465193618 97.482000030165636
2061.4276248951132 97.497999941145935
2091.411780148677 97.513999954885477
2121.832064983222 97.529500017681485
2152.694823049581 97.545999999478369
2184.0064902691106 97.563499938491674
2215.7735961758003 97.581499948853008
2248.002765277899 97.600000046233163
2280.7007184393456 97.618500019796500
2313.874274281297 97.637500003371542
2347.530350604038 97.655500038776395
2381.6759658295764 97.671999972373698
2416.318240465218 97.685999952269128
2451.4643985884327 97.698000012268480
2487.1217693533167 97.707499985753699
2523.2977885189675 97.714499987760718
2560.0000000000887 97.719000000000008
2597.236057440151 97.721999998578568
2635.0137258074315 97.722999999999999
2673.340883014273 97.722499996747189
2712.225521559891 97.720500003302504
2751.6757501970797 97.718000002333980
2791.699795623158 97.715499995619226
2832.3060041955137 97.713499997656527
2873.502843672097 97.712500002087950
2915.2989049772345 97.713000003643813
2957.7029039931244 97.715500001609200
3000.723683377391 97.718500003475157
3044.370214407075 97.721000004415401
3088.6515988494466 97.722499999726580
3133.57707086003 97.721000003421764
3179.1559989082334 97.716500000775170
3225.3978877309914 97.709500010561527
3272.3123803148205 97.702500017793653
3319.9092599067053 97.695999995017786
3368.198452054235 97.693500001400878
3417.190026675413 97.695000010379687
3466.8942001585724 97.702999982591251
3517.3213374928373 97.718000021879590
3568.4819544295697 97.742000013035778
3620.386719675257 97.777500000579124
3673.0464571162966 97.826000079029640
3726.472148076138 97.889999974732248
3780.6749336052594 97.968499826055961
3835.6661168044484 98.061500186776172
3891.45716518188 98.166999788180192
3948.059713044477 98.277999800957758
4005.4855639240527 98.404999925978530
4063.746693038744 98.564500346904708
4122.855249790247 98.755499268343343
4182.823560297375 98.965999396593304
4243.664129966465 99.192000265222362
4305.389646099183 99.437999992267635
4368.012980538242 99.708999100036280
4431.5471923516225 100.003999191768472
4496.00553055582 100.324500837445669
4561.401436878714 100.673000388993643
4627.748548562617 101.047000079876057
4695.060701208099 101.441500858915958
4763.351931659176 101.806999387085739
4832.63648093046 102.133998859898199
4902.928797176889 102.453000334725857
4974.243538706657 102.727999566279252
5046.595577037959 103.069999361631517
5120.000000000202 103.460500000000678
5194.472114880326 103.646999913292802
5270.027451614888 103.585999698478531
5346.6817660285715 103.325499359442290
5424.451043119808 102.887000792602791
5503.351500394186 102.298500483133751
5583.399591246343 101.601998359396447
5664.612008391055 100.841998153346140
5747.005687344222 100.053501637853500
5830.597809954497 99.279998649968704
5915.405807986278 98.553999642221726
6001.447366754812 97.914999379104373
6088.740428814181 97.425499262629160
6177.303197698925 97.156000058354579
6267.154141720092 97.180999817471275
6358.3119978165005 97.545499930235394
6450.795775462017 98.221499017777717
6544.624760629676 99.097997691908830
6639.818519813445 100.012501415445527
6736.396904108505 100.819499454848398
6834.380053350861 101.438000803170212
6933.788400317181 101.859999343690362
7034.642674985712 102.125500172182882
7136.963908859177 102.288000047348987
7240.773439350552 102.396500001119676
7346.092914232631 102.478000087552545
7452.944296152315 102.535999981420787
7561.349867210557 102.546500010606337
7671.332233608935 102.474499708423096
7782.914330363799 102.277500461032361
7896.119426088994 101.923000707241854
8010.971127848146 101.398500310098058
8127.49338607753 100.713498527540082
8245.710499580537 99.907003074435778
8365.647120594791 99.023502536684362
8487.328259932974 98.109999003956887
8610.77929219841 97.208000034724336
8736.025961076528 96.342002761071825
8863.094384703289 95.532502128494826
8992.011061111683 94.792998325108442
9122.802873757471 94.128999363656959
9255.497097125279 93.548499896262072
9390.121402416245 93.060499064030751
9526.7038633184 92.673000630326470
9665.272961860968 92.390500873050826
9805.857594353829 92.217999899339645
9948.487077413367 92.166000033388059
10093.19115407597 92.244499803979281
10240.000000000457 92.464500000001038
10388.944229760706 92.840999702921422
10540.05490322983 93.394000980649537
10693.363532057198 94.134001402875299
10848.902086239672 95.029498472588728
11006.703000788428 95.984499257261177
11166.799182492743 96.774001038245927
11329.224016782166 97.090499565247427
11494.0113746885 96.721501149212202
11661.195619909053 95.688497465730237
11830.811615972614 94.229499142189468
12002.894733509682 92.649498229348808
12177.48085762842 91.169997049278038
12354.606395397908 89.884500343486962
12534.308283440243 88.826501721968754
12716.62399563306 88.005500113820403
12901.591550924093 87.417000703881797
13089.249521259411 87.073000711746076
13279.637039626952 86.992500189916314
13472.793808217073 87.168999831361731
13668.760106701786 87.582500968276037
13867.576800634426 88.175498915435469
14069.285349971487 88.827000544136098
14273.927817718419 89.319000061917976
14481.54687870117 89.305499990018703
14692.18582846533 88.548998282906837
14905.888592304698 87.101500593047831
15122.699734421185 85.227504102111084
15342.664467217943 83.300496787186376
15565.828660727671 81.621503142506370
15792.238852178061 80.297002205665478
16021.942255696367 79.318000492574768
16254.986772155136 78.710499370292311
16491.42099916115 78.446000719749037
16731.294241189662 78.352500220581220
16974.65651986603 78.202999575474877
17221.558584396902 77.680500025500464
17472.051922153143 76.488504414485121
17726.188769406665 74.692005105749331
17984.022122223458 72.644995048784807
18245.605747515034 70.714998361116699
18510.99419425065 69.322999764986605
18780.242804832582 67.970994826106221
19053.40772663689 65.123005930378937
19330.545923722028 59.448021348471059
19611.71518870775 53.659496542377028
19896.974154826825 50.939004108814075
20186.382308152035 47.660006298682333
