20 79.263999999999996
20.290906698750476 79.379878221262999
20.586044732869844 79.494580722662050
20.885475648548283 79.608480746448350
21.189261887185914 79.721026541503647
21.49746679841394 79.833088135149353
21.810154653305165 79.945630627903455
22.12739065777668 80.058245968544071
22.449240966187475 80.171070144711180
22.77577269513385 80.283888748799882
23.107053937445478 80.396363188588197
23.44315377638505 80.508479509235997
23.784142300054445 80.620346247517688
24.130090616010463 80.732129135887135
24.481070866093134 80.843990030034419
24.837156241469714 80.956246859414250
25.1984209978975 81.068262483100852
25.56494047120865 81.180188441172703
25.936791093020236 81.291524454934972
26.3140504066728 81.402764521161302
26.69679708340074 81.512841172414966
27.08511093873791 81.622022372874142
27.47907294916184 81.730047296264843
27.878765268980047 81.837221252865930
28.284271247461966 81.943694795587575
28.695675446220072 82.049897238786116
29.11306365684382 82.155652850554105
29.536522918790062 82.260692454672039
29.966141537533712 82.362941685933009
30.402009102982383 82.463955395158024
30.844216508158908 82.563948570457171
31.29285596815558 82.664169382954412
31.74802103936409 82.764068586581374
32.20980663898519 82.863269200825869
32.67830906482211 82.961053358288524
33.153626015361866 83.057571577057018
33.63585661014871 83.153127895589151
34.125101410453844 83.248769673628047
34.62146244024586 83.345428100728441
35.12504320746613 83.445008641493217
35.635948725613716 83.547733540025206
36.15428553564419 83.653628534807069
36.68016172818701 83.761072830821973
37.21368696608603 83.868310019285033
37.754972507267915 83.973444707174167
38.30413122794313 84.076951701485655
38.86127764614443 84.177425044414264
39.4265279456077 84.277050534226532
40.000000000000206 84.374000000000024
40.58181339750116 84.465151069445426
41.1720894657399 84.549045885750388
41.77095129709678 84.629126960036103
42.37852377437204 84.711513964359114
42.9949335968281 84.800178056797620
43.62030930661056 84.897015030460494
44.25478131555359 85.001038621296885
44.89848193237519 85.106834061678455
45.55154539026795 85.207384981578684
46.21410787489121 85.295563517178834
46.88630755277036 85.369439087338236
47.56828460010916 85.440462520636899
48.260181232021196 85.516480906914467
48.962141732186545 85.598207870473459
49.674312482939705 85.681274403521854
50.39684199579528 85.766373072464404
51.129880942417586 85.858091480117352
51.873582186040764 85.960902495553739
52.628100813345895 86.070609675963937
53.393594166801776 86.174445329011135
54.17022187747612 86.261728901254600
54.95814589832399 86.331633359314679
55.75753053796041 86.395753962393059
56.56854249492426 86.461904755831256
57.39135089244048 86.530764825857432
58.226127313687975 86.602625330918244
59.073045837580466 86.678804583758051
59.932283075067765 86.764728307506772
60.804018205965114 86.857419145166148
61.68843301631817 86.948170300615971
62.58571193631152 87.031972958024042
63.49604207872855 87.110915555652554
64.41961327797075 87.189167128627517
65.35661812964459 87.268812541019798
66.3072520307241 87.349616422611547
67.27171322029778 87.431595623725315
68.25020282090806 87.513891529904015
69.2429248804921 87.592369128955198
70.25008641493265 87.659879623198904
71.27189745122783 87.712643231482105
72.30857107128878 87.765322835348613
73.36032345637442 87.835965553053569
74.42737393217246 87.921330975472060
75.50994501453623 88.003908717878716
76.60826245588666 88.079037193392963
77.72255529228926 88.153006824468136
78.85305589121582 88.234478976788637
80.00000000000082 88.320500000000052
81.16362679500274 88.390317782244622
82.34417893148023 88.441347654349372
83.541902594194 88.495286239383631
84.75704754874454 88.560435120892706
85.98986719365665 88.635866854270660
87.24061861322157 88.716240010608146
88.50956263110764 88.796041882429421
89.79696386475084 88.868994619002549
91.10309078053635 88.938872033066801
92.42821574978288 89.009189921665580
93.77261510554118 89.075162209780956
95.13656920021877 89.125210894200649
96.52036246404286 89.170198502980469
97.92428346437356 89.228061381977994
99.34862496587989 89.298845539100981
100.79368399159105 89.371655076918501
102.25976188483567 89.442462062548884
103.74716437208203 89.510855504674367
105.25620162669229 89.574515590595524
106.78718833360406 89.635725137232953
108.34044375495276 89.700419229381282
109.9162917966485 89.773096597834453
111.51506107592134 89.850772665110924
113.13708498984903 89.925668739261965
114.78270178488147 89.995626967366746
116.45225462737648 90.063250380948929
118.14609167516147 90.127270375328095
119.86456615013608 90.177502744775325
121.60803641193078 90.223840911092708
123.3768660326369 90.282018182595948
125.17142387262359 90.355714074268064
126.99208415745765 90.433543085773437
128.83922655594208 90.496875691758177
130.71323625928977 90.555773139577681
132.61450406144883 90.618739512073887
134.5434264405962 90.679357374235195
136.50040564181674 90.730886662202238
138.48584976098482 90.791490591395444
140.50017282986593 90.860088201374552
142.5437949024563 90.917650223085843
144.61714214257822 90.965672841601076
146.7206469127495 91.012198361463049
148.8547478643456 91.064452494900110
151.01989002907314 91.115621668616356
153.216524911774 91.152302284347144
155.4451105845792 91.167547508689069
157.70611178243232 91.177494668277831
160.00000000000236 91.182999999999993
162.3272535900062 91.174156436357976
164.6883578629612 91.153367107660756
167.08380518838874 91.122160249437911
169.51409509748981 91.089511125693633
171.97973438731407 91.056867506087457
174.4812372264439 91.020677689048625
177.01912526221608 90.981501645909418
179.5939277295025 90.945941368424656
182.20618156107355 90.920644365950338
184.85643149956664 90.900091120603292
187.54523021108326 90.886171874802102
190.27313840043846 90.898832288485352
193.04072492808663 90.934867888820605
195.84856692874806 90.986347325975458
198.69724993176072 91.062551447802690
201.58736798318304 91.162174370055652
204.5195237696723 91.262884522514355
207.49432874416505 91.358818519813283
210.5124032533856 91.458421710615113
213.57437666720915 91.559380053350694
216.68088750990657 91.648399961216114
219.83258359329807 91.739103070103965
223.03012215184378 91.834146134017359
226.2741699796992 91.920991334482338
229.5654035697641 91.992090773180166
232.90450925475412 92.057153845591912
236.2921833503241 92.128074125382284
239.72913230027333 92.205405476756141
243.21607282386276 92.277754265314613
246.75373206527502 92.339221094634155
250.34284774524843 92.397728428115045
253.9841683149166 92.453258566802475
257.67845311188546 92.501779697093497
261.42647251858085 92.536838252667224
265.22900812289896 92.567589699121456
269.08685288119375 92.602854053331740
273.0008112836349 92.646887473485890
276.97169952197106 92.724458772023809
281.00034565973334 92.870216487969287
285.0875898049141 93.064214545840343
289.23428428515797 93.216398233265295
293.44129382550057 93.306099159476446
297.7094957286928 93.367326797462923
302.0397800581479 93.414367965537878
306.4330498235497 93.450342365372705
310.89022116916016 93.478327604661104
315.41222356486645 93.504797788518943
320.00000000000654 93.541500000000070
324.6545071800142 93.584321466056139
329.3767157259242 93.618137010081469
334.16761037677935 93.641671007733180
339.02819019498156 93.659195846662925
343.95946877463007 93.673190565691499
348.9624744528898 93.685509938686934
354.03825052443415 93.698095626311101
359.187855459007 93.718088992927832
364.4123631221491 93.750621596606180
369.71286299913527 93.783248464294729
375.0904604221685 93.791812617696934
380.54627680087896 93.780511283769613
386.08144985617537 93.768112665330790
391.6971338574982 93.740165763783750
397.3944998635236 93.708590800764270
403.1747359663683 93.688708773389379
409.0390475393468 93.686279285654507
414.9886574883323 93.690741493116249
421.0248065067734 93.696672979329648
427.1487533344206 93.707767197225394
433.3617750198154 93.726872583399384
439.6651671865984 93.747756977898831
446.06024430368984 93.771099412341300
452.54833995940066 93.803280371764515
459.13080713953053 93.840514496920235
465.8090185095106 93.878084438220554
472.58436670065066 93.924227840726218
479.45826460054917 93.981487486462015
486.432145647728 94.034138590404552
493.50746413055253 94.071002139519237
500.6856954904994 94.108414164720102
507.9683366298358 94.155296167054559
515.3569062237735 94.208421863661314
522.8529450371643 94.258457743028515
530.4580162458005 94.302833975520883
538.1737057623901 94.350691125227826
546.0016225672724 94.404225180094542
553.9433990439449 94.457496481106389
562.0006913194694 94.512204908368233
570.1751796098309 94.570217498288315
578.4685685703187 94.627856551563724
586.8825876510039 94.688054631087226
595.4189914573883 94.751413385503270
604.0795601162986 94.817616590901309
612.8660996471021 94.882410276075944
621.780442338323 94.940119923269464
630.8244471297356 95.001894796977609
640.0000000000159 95.067500000000109
649.3090143600314 95.127077691904205
658.7534314518515 95.193211691735556
668.3352207535618 95.258679501124220
678.0563803899662 95.317935463320310
687.9189375492632 95.377013625295575
697.9249489057827 95.435860951098817
708.0765010488715 95.492420755768791
718.3757109180171 95.549485195594997
728.8247262443015 95.608359703280314
739.425725998274 95.665427634090747
750.1809208443404 95.721381989116168
761.0925536017613 95.774576198808589
772.1628997123541 95.821215121882091
783.3942677149998 95.871742774069233
794.7889997270506 95.926379248658009
806.34947193274 95.978985255714150
818.0780950786972 96.025675970101290
829.9773149766683 96.071026389523851
842.0496130135506 96.118360984303081
854.2975066688449 96.165257524452443
866.7235500396347 96.212030850155486
879.3303343732008 96.263336954523425
892.1204886073838 96.320042198733233
905.0966799188055 96.376523804665084
918.2616142790653 96.428601469205717
931.6180370190256 96.479963068305409
945.1687334013056 96.535765814180593
958.9165292011028 96.598110469605146
972.8642912954606 96.664314312332195
987.0149282611097 96.731801965552989
1001.3713909810035 96.797216972447217
1015.9366732596762 96.863371141878488
1030.7138124475518 96.932390609125861
1045.7058900743334 97.004509231955069
1060.916032491606 97.085129781952986
1076.3474115247852 97.171500590821296
1092.0032451345498 97.258643051060929
1107.8867980878947 97.347820788527372
1124.0013826389438 97.446286688117624
1140.350359219667 97.551385608391229
1156.9371371406426 97.657591391414172
1173.765175302013 97.767745903657726
1190.837982914782 97.888324839642010
1208.1591202326028 98.011613841628218
1225.73219929421 98.134625395059459
1243.5608846766518 98.260137549591178
1261.648894259477 98.395919892847331
1280.0000000000375 98.538000000000295
1298.6180287200684 98.684550483210828
1317.5068629037087 98.833053530648925
1336.6704415071292 98.982112682717926
1356.112760779938 99.135693629181020
1375.8378750985323 99.297162469562892
1395.8498978115715 99.464242894171917
1416.153002097749 99.634146784217833
1436.7514218360407 99.809581297703062
1457.6494524886093 99.993968170949529
1478.8514519965543 100.179044080611334
1500.3618416886875 100.358061180686292
1522.1851072035295 100.542686006941864
1544.3257994247153 100.738113098891461
1566.788535430007 100.933552946115256
1589.5779994541087 101.126663635425430
1612.6989438654878 101.321179086224717
1636.156190157402 101.518265749715880
1659.9546299533442 101.715627965617429
1684.099226027109 101.911975792737422
1708.5950133376978 102.105853502967022
1733.4471000792773 102.296191134597748
1758.6606687464096 102.484222881848794
1784.2409772147755 102.667817201414834
1810.193359837619 102.846814846895796
1836.5232285581387 103.022631450199071
1863.2360740380593 103.190975330151403
1890.3374668026197 103.350843808783097
1917.833058402214 103.502441854203909
1945.7285825909298 103.646715771213735
1974.0298565222283 103.791052268263371
2002.7427819620161 103.932251092763664
2031.8733465193618 104.061774388055355
2061.4276248951132 104.184377055818203
2091.411780148677 104.307364764564966
2121.832064983222 104.422137417693790
2152.694823049581 104.522671322029936
2184.0064902691106 104.619718984037149
2215.7735961758003 104.706131160391692
2248.002765277899 104.785806498403076
2280.7007184393456 104.863181724254432
2313.874274281297 104.940023403418849
2347.530350604038 105.002964215946321
2381.6759658295764 105.044446915402446
2416.318240465218 105.076054592372174
2451.4643985884327 105.098268809258940
2487.1217693533167 105.108285362822556
2523.2977885189675 105.100345774018365
2560.0000000000887 105.079999999999941
2597.236057440151 105.045463083225826
2635.0137258074315 104.989723234675509
2673.340883014273 104.891352634070216
2712.225521559891 104.746800682651809
2751.6757501970797 104.522257658185140
2791.699795623158 104.278631246698737
2832.3060041955137 104.171141432615897
2873.502843672097 104.172668952704214
2915.2989049772345 104.215772551040658
2957.7029039931244 104.219215934409618
3000.723683377391 104.158335528232001
3044.370214407075 104.056783116355177
3088.6515988494466 103.936910363336608
3133.57707086003 103.802500507105407
3179.1559989082334 103.662199523362631
3225.3978877309914 103.518504611401994
3272.3123803148205 103.372777868630351
3319.9092599067053 103.229364961072420
3368.198452054235 103.089088458083808
3417.190026675413 102.950399326909377
3466.8942001585724 102.819109209611497
3517.3213374928373 102.699719844140830
3568.4819544295697 102.590166452052273
3620.386719675257 102.489396170191043
3673.0464571162966 102.397934274900450
3726.472148076138 102.315880106770351
3780.6749336052594 102.253954346418055
3835.6661168044484 102.209226974589512
3891.45716518188 102.182892314033509
3948.059713044477 102.164142720054016
4005.4855639240527 102.173422790733127
4063.746693038744 102.199404568961356
4122.855249790247 102.230355581076964
4182.823560297375 102.281513489279831
4243.664129966465 102.367994013309470
4305.389646099183 102.476701362978531
4368.012980538242 102.597641870545090
4431.5471923516225 102.748773638841385
4496.00553055582 102.934683027894295
4561.401436878714 103.150916396066407
4627.748548562617 103.381136489873327
4695.060701208099 103.623439747344378
4763.351931659176 103.877760485602749
4832.63648093046 104.138639533107835
4902.928797176889 104.396632435672075
4974.243538706657 104.640362226441752
5046.595577037959 104.849725613289507
5120.000000000202 105.016357142857530
5194.472114880326 105.118472114880319
5270.027451614888 105.143061985282216
5346.6817660285715 105.092317101519285
5424.451043119808 104.960295242390714
5503.351500394186 104.732369788010246
5583.399591246343 104.414599201437099
5664.612008391055 104.023732198212542
5747.005687344222 103.591319003973993
5830.597809954497 103.133141121901843
5915.405807986278 102.661803126797665
6001.447366754812 102.175211357650667
6088.740428814181 101.709359740638590
6177.303197698925 101.281015244903529
6267.154141720092 100.875932349660104
6358.3119978165005 100.487838969105198
6450.795775462017 100.121737989876266
6544.624760629676 99.786676423300037
6639.818519813445 99.486327199941940
6736.396904108505 99.222691553975238
6834.380053350861 99.000802696499335
6933.788400317181 98.822986341525819
7034.642674985712 98.682602003392077
7136.963908859177 98.575113692456966
7240.773439350552 98.510933163424056
7346.092914232631 98.481281417153468
7452.944296152315 98.454616711154301
7561.349867210557 98.407013197480893
7671.332233608935 98.318337111362439
7782.914330363799 98.232765935783220
7896.119426088994 98.265985116887776
8010.971127848146 98.456777121555916
8127.49338607753 98.441673993179222
8245.710499580537 98.081566478200827
8365.647120594791 97.616141839827293
8487.328259932974 97.223257584460299
8610.77929219841 96.937477655242702
8736.025961076528 96.748762356439045
8863.094384703289 96.591493269619349
8992.011061111683 96.409291033628818
9122.802873757471 96.180131418726077
9255.497097125279 95.925674947199440
9390.121402416245 95.658359432214468
9526.7038633184 95.351796672189806
9665.272961860968 95.002964425937876
9805.857594353829 94.636266396370516
9948.487077413367 94.265716501305690
10093.19115407597 93.912326327659699
10240.000000000457 93.570499999998944
10388.944229760706 93.222845744135469
10540.05490322983 92.876125781442511
10693.363532057198 92.545992641547500
10848.902086239672 92.244042119594212
11006.703000788428 91.940262254707633
11166.799182492743 91.556033571608310
11329.224016782166 90.979743514238635
11494.0113746885 90.247846159807764
11661.195619909053 89.372856641795863
11830.811615972614 88.441259349390080
12002.894733509682 87.440198906025415
12177.48085762842 86.443394005416366
12354.606395397908 85.565790871854915
12534.308283440243 84.840330487004053
12716.62399563306 84.336094729694622
12901.591550924093 83.992517180558423
13089.249521259411 83.699770746835327
13279.637039626952 83.413938088753042
13472.793808217073 83.124853411510060
13668.760106701786 82.823030931677934
13867.576800634426 82.511931727022983
14069.285349971487 82.232940870864226
14273.927817718419 82.011244864138376
14481.54687870117 81.950775429030557
14692.18582846533 82.108167352597007
14905.888592304698 82.380979572918761
15122.699734421185 82.621285573195692
15342.664467217943 82.687189016145311
15565.828660727671 82.492453663010906
15792.238852178061 82.006965514072817
16021.942255696367 81.204631030130940
16254.986772155136 80.206370027959991
16491.42099916115 79.133431505806698
16731.294241189662 78.402467630360533
16974.65651986603 78.399968251728126
17221.558584396902 78.592995445230983
17472.051922153143 78.713370534214462
17726.188769406665 78.826832568694186
17984.022122223458 78.954511061111731
18245.605747515034 79.056321395550739
18510.99419425065 79.032198911663954
18780.242804832582 78.773204012524417
19053.40772663689 78.191090691107775
19330.545923722028 77.185390137862697
19611.71518870775 75.658479298683446
19896.974154826825 73.580652001953723
20186.382308152035 71.006340321336438
