20 104.668152811244994
20.290906698750476 104.651098649017626
20.586044732869844 104.632868069409483
20.885475648548283 104.613541293301409
21.189261887185914 104.593486002964255
21.49746679841394 104.572839269733691
21.810154653305165 104.551667083259261
22.12739065777668 104.529945486638070
22.449240966187475 104.507591457155314
22.77577269513385 104.484629308503656
23.107053937445478 104.461069607557761
23.44315377638505 104.437069130388878
23.784142300054445 104.412708192723386
24.130090616010463 104.387745445441908
24.481070866093134 104.362216878007445
24.837156241469714 104.336037470583491
25.1984209978975 104.309268441769945
25.56494047120865 104.281915597851267
25.936791093020236 104.253980206435060
26.3140504066728 104.225584923643851
26.69679708340074 104.196916944067382
27.08511093873791 104.167917316773512
27.47907294916184 104.138535134953855
27.878765268980047 104.108570723245037
28.284271247461966 104.077826242601404
28.695675446220072 104.046116218903336
29.11306365684382 104.013206978539841
29.536522918790062 103.979115289862762
29.966141537533712 103.943425510716892
30.402009102982383 103.906210628875542
30.844216508158908 103.867648861071018
31.29285596815558 103.828070433586234
31.74802103936409 103.787875794631873
32.20980663898519 103.746057295752280
32.67830906482211 103.700736472742022
33.153626015361866 103.651532750056035
33.63585661014871 103.600291081648010
34.125101410453844 103.548521624136598
34.62146244024586 103.498024713743874
35.12504320746613 103.450433957198527
35.635948725613716 103.406813297817223
36.15428553564419 103.366491674761363
36.68016172818701 103.327406994379260
37.21368696608603 103.287370060979868
37.754972507267915 103.243132377302089
38.30413122794313 103.190584995635817
38.86127764614443 103.128309860329921
39.4265279456077 103.059535717996141
40.000000000000206 102.989270658682614
40.58181339750116 102.920962029494945
41.1720894657399 102.857068474104608
41.77095129709678 102.796950769470413
42.37852377437204 102.737914727359225
42.9949335968281 102.678728927254681
43.62030930661056 102.618593607213228
44.25478131555359 102.557199056139524
44.89848193237519 102.494676222083655
45.55154539026795 102.431484001079781
46.21410787489121 102.367885495322923
46.88630755277036 102.304557444322711
47.56828460010916 102.242371384823016
48.260181232021196 102.180604199430832
48.962141732186545 102.118012985701625
49.674312482939705 102.054169747909768
50.39684199579528 101.989070542895206
51.129880942417586 101.922823028004700
51.873582186040764 101.856147521949282
52.628100813345895 101.791595275286866
53.393594166801776 101.731849890000063
54.17022187747612 101.676205546817400
54.95814589832399 101.619949363619725
55.75753053796041 101.557748147412951
56.56854249492426 101.487535715352436
57.39135089244048 101.411998921861112
58.226127313687975 101.334566892861375
59.073045837580466 101.257236679234296
59.932283075067765 101.180287410490280
60.804018205965114 101.102484785562211
61.68843301631817 101.022015667805618
62.58571193631152 100.937770881299883
63.49604207872855 100.851232608943434
64.41961327797075 100.766221867788843
65.35661812964459 100.685162955316287
66.3072520307241 100.606077715576021
67.27171322029778 100.524228892982890
68.25020282090806 100.437816986636392
69.2429248804921 100.348010536023764
70.25008641493265 100.254069150980371
71.27189745122783 100.153936404694704
72.30857107128878 100.050272808944499
73.36032345637442 99.950833261321506
74.42737393217246 99.860526014391951
75.50994501453623 99.773057806422486
76.60826245588666 99.674286651299724
77.72255529228926 99.563427616048983
78.85305589121582 99.457746534261048
80.00000000000082 99.376817785571092
81.16362679500274 99.312416750157865
82.34417893148023 99.231804250029498
83.541902594194 99.121719361985384
84.75704754874454 99.003505718165258
85.98986719365665 98.891984737501105
87.24061861322157 98.784383053487375
88.50956263110764 98.673036241774867
89.79696386475084 98.557337768140400
91.10309078053635 98.446401927498584
92.42821574978288 98.343539615738337
93.77261510554118 98.241100231362310
95.13656920021877 98.131081917542701
96.52036246404286 98.003633440727469
97.92428346437356 97.850529791770541
99.34862496587989 97.698069477649085
100.79368399159105 97.589890696881938
102.25976188483567 97.490562474714807
103.74716437208203 97.351266387882362
105.25620162669229 97.193064490779719
106.78718833360406 97.061493310835118
108.34044375495276 96.957604742818319
109.9162917966485 96.861459910978965
111.51506107592134 96.757647705596384
113.13708498984903 96.641820065139854
114.78270178488147 96.526128897019845
116.45225462737648 96.429493003897136
118.14609167516147 96.365365347267698
119.86456615013608 96.295607165591292
121.60803641193078 96.160702924635075
123.3768660326369 96.005530525207917
125.17142387262359 95.873085164388939
126.99208415745765 95.741709420213965
128.83922655594208 95.628385035900820
130.71323625928977 95.578517724435599
132.61450406144883 95.577009870219129
134.5434264405962 95.576931461322346
136.50040564181674 95.588479158869291
138.48584976098482 95.661980446223609
140.50017282986593 95.783944771496579
142.5437949024563 95.886998765601632
144.61714214257822 95.972228817296426
146.7206469127495 96.052880106552209
148.8547478643456 96.104987709683542
151.01989002907314 96.128161767501126
153.216524911774 96.127804082808524
155.4451105845792 96.094198082855229
157.70611178243232 96.047905080133717
160.00000000000236 96.022526902038749
162.3272535900062 95.973158436926894
164.6883578629612 95.887747642265850
167.08380518838874 95.795496859176723
169.51409509748981 95.707783064579530
171.97973438731407 95.649275798504618
174.4812372264439 95.622072586167093
177.01912526221608 95.580264703021726
179.5939277295025 95.517528595852269
182.20618156107355 95.436949206730560
184.85643149956664 95.354316532053630
187.54523021108326 95.300106855841619
190.27313840043846 95.280670927571578
193.04072492808663 95.236068344137948
195.84856692874806 95.158732467425438
198.69724993176072 95.101086767370489
201.58736798318304 95.068677004208439
204.5195237696723 95.031880911896906
207.49432874416505 94.981107366804792
210.5124032533856 94.911714818480363
213.57437666720915 94.850090842893081
216.68088750990657 94.800723372513403
219.83258359329807 94.782549620881255
223.03012215184378 94.771954085984362
226.2741699796992 94.746634000892072
229.5654035697641 94.709384236839242
232.90450925475412 94.644976712482830
236.2921833503241 94.588811661206421
239.72913230027333 94.563577829659721
243.21607282386276 94.532436173988586
246.75373206527502 94.521558083532881
250.34284774524843 94.523173107210795
253.9841683149166 94.481522241934854
257.67845311188546 94.442570795626892
261.42647251858085 94.433845177057520
265.22900812289896 94.427170175015931
269.08685288119375 94.429630622215058
273.0008112836349 94.458957222372760
276.97169952197106 94.492664318223689
281.00034565973334 94.508462905462167
285.0875898049141 94.548984277691133
289.23428428515797 94.587132840436865
293.44129382550057 94.582948485871654
297.7094957286928 94.547071123562958
302.0397800581479 94.495318591289788
306.4330498235497 94.465077493228307
310.89022116916016 94.470147314375851
315.41222356486645 94.457498155747516
320.00000000000654 94.442115675743196
324.6545071800142 94.452401252021517
329.3767157259242 94.433332181623712
334.16761037677935 94.377982456128777
339.02819019498156 94.365454681659614
343.95946877463007 94.346177188912748
348.9624744528898 94.341037168888846
354.03825052443415 94.330106622308634
359.187855459007 94.278500157905384
364.4123631221491 94.230496665215412
369.71286299913527 94.199311561141485
375.0904604221685 94.176723631049413
380.54627680087896 94.166899794219603
386.08144985617537 94.151305751128035
391.6971338574982 94.127033299682935
397.3944998635236 94.104196824401839
403.1747359663683 94.070174997576643
409.0390475393468 94.040625676182714
414.9886574883323 94.033865345631426
421.0248065067734 94.064115013088099
427.1487533344206 94.083871485326171
433.3617750198154 94.074255280472840
439.6651671865984 94.085514978100036
446.06024430368984 94.093902263524029
452.54833995940066 94.090732412072711
459.13080713953053 94.106363367887013
465.8090185095106 94.131933864143306
472.58436670065066 94.132760474541698
479.45826460054917 94.129888407383561
486.432145647728 94.154180095470139
493.50746413055253 94.169805110895112
500.6856954904994 94.187384137018256
507.9683366298358 94.213326575729710
515.3569062237735 94.258761319706366
522.8529450371643 94.299864877121280
530.4580162458005 94.333412669592491
538.1737057623901 94.369713006582685
546.0016225672724 94.412076185913975
553.9433990439449 94.462356974203686
562.0006913194694 94.503130068108476
570.1751796098309 94.534054119589626
578.4685685703187 94.577646674125674
586.8825876510039 94.642417475520531
595.4189914573883 94.704343033023179
604.0795601162986 94.781503345294681
612.8660996471021 94.847468603264588
621.780442338323 94.906607035568811
630.8244471297356 94.989070327481912
640.0000000000159 95.075014819231882
649.3090143600314 95.117647591384753
658.7534314518515 95.143908034096114
668.3352207535618 95.194401446694457
678.0563803899662 95.256485186492853
687.9189375492632 95.308031976624520
697.9249489057827 95.354178010490301
708.0765010488715 95.386984929352920
718.3757109180171 95.428857515101384
728.8247262443015 95.483498285398284
739.425725998274 95.529656033990221
750.1809208443404 95.580480375901558
761.0925536017613 95.663559634194598
772.1628997123541 95.763544074457940
783.3942677149998 95.859493838600827
794.7889997270506 95.943894025141191
806.34947193274 96.015775715506436
818.0780950786972 96.086947991827500
829.9773149766683 96.152683288413456
842.0496130135506 96.235096516087282
854.2975066688449 96.342526873206737
866.7235500396347 96.453997503552131
879.3303343732008 96.567255617005571
892.1204886073838 96.690661778780637
905.0966799188055 96.798973156062743
918.2616142790653 96.899372075439501
931.6180370190256 97.013354529731672
945.1687334013056 97.126916918703358
958.9165292011028 97.239000787257766
972.8642912954606 97.363594012311836
987.0149282611097 97.489552373307845
1001.3713909810035 97.612862924493371
1015.9366732596762 97.741477871500763
1030.7138124475518 97.872087393359735
1045.7058900743334 97.999051915640891
1060.916032491606 98.127928759458342
1076.3474115247852 98.255532814328745
1092.0032451345498 98.393780041160284
1107.8867980878947 98.530714765641363
1124.0013826389438 98.657761683979800
1140.350359219667 98.774540621132104
1156.9371371406426 98.898764048453899
1173.765175302013 99.034687012864708
1190.837982914782 99.168764029911358
1208.1591202326028 99.294144741638547
1225.73219929421 99.424655770727611
1243.5608846766518 99.571187532969020
1261.648894259477 99.710955165078332
1280.0000000000375 99.833329022612830
1298.6180287200684 99.946868282147932
1317.5068629037087 100.065819688911688
1336.6704415071292 100.189379120013996
1356.112760779938 100.307332270937820
1375.8378750985323 100.420363554754942
1395.8498978115715 100.521675684214017
1416.153002097749 100.618933283528150
1436.7514218360407 100.729758825077639
1457.6494524886093 100.843078894186689
1478.8514519965543 100.946497509027026
1500.3618416886875 101.059966120578750
1522.1851072035295 101.169268493076061
1544.3257994247153 101.262484561630046
1566.788535430007 101.380255842380194
1589.5779994541087 101.499864167948971
1612.6989438654878 101.600915386315336
1636.156190157402 101.705467204534557
1659.9546299533442 101.810015443010315
1684.099226027109 101.916858039431247
1708.5950133376978 102.025560609099884
1733.4471000792773 102.120427402927220
1758.6606687464096 102.206462208117941
1784.2409772147755 102.309120180653522
1810.193359837619 102.425922489011015
1836.5232285581387 102.541429756464382
1863.2360740380593 102.650195879909376
1890.3374668026197 102.759457594241425
1917.833058402214 102.877903132753943
1945.7285825909298 102.997012126774592
1974.0298565222283 103.113246208830759
2002.7427819620161 103.227749549180629
2031.8733465193618 103.353969578613288
2061.4276248951132 103.480274009287569
2091.411780148677 103.600815158282543
2121.832064983222 103.724956695126423
2152.694823049581 103.851053523122715
2184.0064902691106 103.969496214405353
2215.7735961758003 104.078667923495416
2248.002765277899 104.185952347944436
2280.7007184393456 104.304576370274958
2313.874274281297 104.429409537319032
2347.530350604038 104.548316031536416
2381.6759658295764 104.662879296958607
2416.318240465218 104.773449589693001
2451.4643985884327 104.878075252107806
2487.1217693533167 104.968275382466828
2523.2977885189675 105.059730580336350
2560.0000000000887 105.158780049770172
2597.236057440151 105.251490030303927
2635.0137258074315 105.331636035130742
2673.340883014273 105.398719842362425
2712.225521559891 105.455706174158507
2751.6757501970797 105.505728113070518
2791.699795623158 105.546316817334798
2832.3060041955137 105.575413730690116
2873.502843672097 105.595731133284573
2915.2989049772345 105.610560142881795
2957.7029039931244 105.611402368893735
3000.723683377391 105.603698630580794
3044.370214407075 105.593163797967748
3088.6515988494466 105.574994573896376
3133.57707086003 105.547366890078479
3179.1559989082334 105.519461991788077
3225.3978877309914 105.492991204563680
3272.3123803148205 105.466702965359303
3319.9092599067053 105.431453375718988
3368.198452054235 105.383920654240356
3417.190026675413 105.334770676673600
3466.8942001585724 105.285123972995933
3517.3213374928373 105.227784131070479
3568.4819544295697 105.168523447104150
3620.386719675257 105.110155139140545
3673.0464571162966 105.049865637663856
3726.472148076138 104.991770592306125
3780.6749336052594 104.930111516766601
3835.6661168044484 104.861470237533410
3891.45716518188 104.787123960549280
3948.059713044477 104.706803395576657
4005.4855639240527 104.619919925884872
4063.746693038744 104.527036412127345
4122.855249790247 104.427078498930484
4182.823560297375 104.312832781505790
4243.664129966465 104.176049140966768
4305.389646099183 104.021736485319352
4368.012980538242 103.853777804015266
4431.5471923516225 103.670309757358865
4496.00553055582 103.466483648753169
4561.401436878714 103.241050426310977
4627.748548562617 102.999700317941617
4695.060701208099 102.740333910153794
4763.351931659176 102.471439862669030
4832.63648093046 102.200265971895561
4902.928797176889 101.930928745307398
4974.243538706657 101.667616023290378
5046.595577037959 101.413420009976278
5120.000000000202 101.180311248232542
5194.472114880326 100.972901600697185
5270.027451614888 100.789260876035911
5346.6817660285715 100.636703953608830
5424.451043119808 100.518647577687716
5503.351500394186 100.436490587285832
5583.399591246343 100.404283175531930
5664.612008391055 100.414723444307072
5747.005687344222 100.453259890053573
5830.597809954497 100.518449219362353
5915.405807986278 100.603513931175513
6001.447366754812 100.704568542773956
6088.740428814181 100.820236516205014
6177.303197698925 100.948108229008525
6267.154141720092 101.086684650885928
6358.3119978165005 101.235184868668398
6450.795775462017 101.391470217124706
6544.624760629676 101.548530564993030
6639.818519813445 101.710151702840434
6736.396904108505 101.879080148981586
6834.380053350861 102.053244254554613
6933.788400317181 102.237852319284656
7034.642674985712 102.430176069539357
7136.963908859177 102.610560079770423
7240.773439350552 102.757290674189505
7346.092914232631 102.864524982934171
7452.944296152315 102.916098059128160
7561.349867210557 102.893146450275907
7671.332233608935 102.796995290450525
7782.914330363799 102.633801942647949
7896.119426088994 102.398214834292844
8010.971127848146 102.093392265252916
8127.49338607753 101.726497711080270
8245.710499580537 101.313277600181493
8365.647120594791 100.882314975747278
8487.328259932974 100.446381267593409
8610.77929219841 100.020183532564857
8736.025961076528 99.621151237727290
8863.094384703289 99.253520170586455
8992.011061111683 98.922289064671986
9122.802873757471 98.633547580085732
9255.497097125279 98.390192586193876
9390.121402416245 98.204785307785983
9526.7038633184 98.081324517740256
9665.272961860968 98.016403974262474
9805.857594353829 98.025967138303145
9948.487077413367 98.138425511253928
10093.19115407597 98.349532744602271
10240.000000000457 98.643126554378867
10388.944229760706 98.996575300327663
10540.05490322983 99.392517327028870
10693.363532057198 99.812823703190134
10848.902086239672 100.214738516990337
11006.703000788428 100.557845715003097
11166.799182492743 100.817927959272367
11329.224016782166 100.977137181557708
11494.0113746885 101.031888144345700
11661.195619909053 100.991996162339888
11830.811615972614 100.864674650484972
12002.894733509682 100.668646829043354
12177.48085762842 100.438635173181609
12354.606395397908 100.215951148501546
12534.308283440243 100.051920243258337
12716.62399563306 99.967778042896470
12901.591550924093 99.936548146835818
13089.249521259411 99.954477807987189
13279.637039626952 100.091209962412506
13472.793808217073 100.328350819088996
13668.760106701786 100.453979713009701
13867.576800634426 100.255171651389006
14069.285349971487 99.689157576470166
14273.927817718419 98.897931349811898
14481.54687870117 98.158388145228614
14692.18582846533 97.641977532984555
14905.888592304698 97.334165478311931
15122.699734421185 97.124258865646311
15342.664467217943 96.904185345013019
15565.828660727671 96.617162938691209
15792.238852178061 96.265560712030492
16021.942255696367 95.873801278115877
16254.986772155136 95.457315266076364
16491.42099916115 95.043743167288483
16731.294241189662 94.604801569894789
16974.65651986603 94.044646430467125
17221.558584396902 93.236432859952373
17472.051922153143 92.259171653912773
17726.188769406665 91.915201398588678
17984.022122223458 92.336390363728896
18245.605747515034 92.809863082531095
18510.99419425065 93.497507391615130
18780.242804832582 94.416901627507201
19053.40772663689 94.802944398315049
19330.545923722028 94.790470836665236
19611.71518870775 94.811419268581290
19896.974154826825 93.961542954107301
20186.382308152035 91.782713530193448
