20 103.954999999999998
20.290906698750476 103.937000019604682
20.586044732869844 103.918499953328521
20.885475648548283 103.899999959290568
21.189261887185914 103.880000007770519
21.49746679841394 103.860500013034226
21.810154653305165 103.839999954530256
22.12739065777668 103.818499954875151
22.449240966187475 103.796500070411412
22.77577269513385 103.773499951563906
23.107053937445478 103.750000004515513
23.44315377638505 103.725499942872545
23.784142300054445 103.700999976496917
24.130090616010463 103.674500028754977
24.481070866093134 103.646500010644189
24.837156241469714 103.616499979875286
25.1984209978975 103.586000000179766
25.56494047120865 103.555000044564053
25.936791093020236 103.522999906952748
26.3140504066728 103.491000050146511
26.69679708340074 103.459499910396573
27.08511093873791 103.427500087140913
27.47907294916184 103.395500004114552
27.878765268980047 103.363999978031131
28.284271247461966 103.331499980682125
28.695675446220072 103.299499964592684
29.11306365684382 103.266500027033331
29.536522918790062 103.233500083954340
29.966141537533712 103.199999960393200
30.402009102982383 103.167500067669721
30.844216508158908 103.135000036571739
31.29285596815558 103.102000002333909
31.74802103936409 103.067999918680030
32.20980663898519 103.031000111593727
32.67830906482211 102.990000085522809
33.153626015361866 102.945499902794126
33.63585661014871 102.899500037054139
34.125101410453844 102.852500152152430
34.62146244024586 102.805500147160203
35.12504320746613 102.759999893262972
35.635948725613716 102.714999938181563
36.15428553564419 102.670499952976002
36.68016172818701 102.625499938358871
37.21368696608603 102.580500086890993
37.754972507267915 102.534500126399791
38.30413122794313 102.487999980701431
38.86127764614443 102.441000113797855
39.4265279456077 102.393500089214783
40.000000000000206 102.344999999999985
40.58181339750116 102.295500052623055
41.1720894657399 102.245499960193314
41.77095129709678 102.193999888585083
42.37852377437204 102.141500106530202
42.9949335968281 102.089000034540675
43.62030930661056 102.036499890458884
44.25478131555359 101.982999889238982
44.89848193237519 101.929000089240589
45.55154539026795 101.873499882068614
46.21410787489121 101.817000010724314
46.88630755277036 101.758999951191697
47.56828460010916 101.698999865381012
48.260181232021196 101.641499982086543
48.962141732186545 101.588500093579114
49.674312482939705 101.539500035447503
50.39684199579528 101.491500066472071
51.129880942417586 101.441000142637506
51.873582186040764 101.387999913231909
52.628100813345895 101.333000013557097
53.393594166801776 101.277499918576922
54.17022187747612 101.223000079209811
54.95814589832399 101.169499937968993
55.75753053796041 101.114499962053770
56.56854249492426 101.056999963175286
57.39135089244048 100.994999931331250
58.226127313687975 100.930000054066625
59.073045837580466 100.862000175540885
59.932283075067765 100.789999820824875
60.804018205965114 100.714500155845059
61.68843301631817 100.640000163144236
62.58571193631152 100.571500004738510
63.49604207872855 100.507499859948609
64.41961327797075 100.445500248961949
65.35661812964459 100.385500180083966
66.3072520307241 100.327499932427997
67.27171322029778 100.260499982149497
68.25020282090806 100.177500281643262
69.2429248804921 100.085500291189305
70.25008641493265 99.999999817361072
71.27189745122783 99.925499900247672
72.30857107128878 99.854499995034075
73.36032345637442 99.780999829033703
74.42737393217246 99.706000146749204
75.50994501453623 99.630500278783799
76.60826245588666 99.555499901653732
77.72255529228926 99.480500114527828
78.85305589121582 99.403000144974243
80.00000000000082 99.325999999999937
81.16362679500274 99.255500070164047
82.34417893148023 99.190499889944704
83.541902594194 99.119999894665597
84.75704754874454 99.036500174870014
85.98986719365665 98.945000059957295
87.24061861322157 98.851499803652999
88.50956263110764 98.755499796938125
89.79696386475084 98.655500245082777
91.10309078053635 98.563499846267973
92.42821574978288 98.494999968095641
93.77261510554118 98.435999941429912
95.13656920021877 98.356999774861322
96.52036246404286 98.258500038591549
97.92428346437356 98.158500178160210
99.34862496587989 98.057000002434620
100.79368399159105 97.950500148177298
102.25976188483567 97.850000274087733
103.74716437208203 97.764499867481447
105.25620162669229 97.675500085237672
106.78718833360406 97.568499837153809
108.34044375495276 97.462500149778492
109.9162917966485 97.360499870298611
111.51506107592134 97.245499925438850
113.13708498984903 97.141000000604862
114.78270178488147 97.060499905580457
116.45225462737648 96.960500024907063
118.14609167516147 96.830500260124921
119.86456615013608 96.717499849491134
121.60803641193078 96.640000147642667
123.3768660326369 96.564000133723596
125.17142387262359 96.453500075740976
126.99208415745765 96.310499764968512
128.83922655594208 96.185500392798943
130.71323625928977 96.098000256390719
132.61450406144883 95.979999816590009
134.5434264405962 95.804500052013807
136.50040564181674 95.653000443507608
138.48584976098482 95.555500236629570
140.50017282986593 95.461999750946632
142.5437949024563 95.359999941062114
144.61714214257822 95.320500002993185
146.7206469127495 95.382500203311295
148.8547478643456 95.468999835872637
151.01989002907314 95.544999749774831
153.216524911774 95.640500159976767
155.4451105845792 95.773499780106803
157.70611178243232 95.936999689606751
160.00000000000236 96.077500000000100
162.3272535900062 96.169999950498180
164.6883578629612 96.229000045316894
167.08380518838874 96.247999998270359
169.51409509748981 96.247500000000002
171.97973438731407 96.224000022809818
174.4812372264439 96.179499923527942
177.01912526221608 96.144499934095350
179.5939277295025 96.113000073424971
182.20618156107355 96.062999903275085
184.85643149956664 95.993499949064926
187.54523021108326 95.906499911396494
190.27313840043846 95.835999851454858
193.04072492808663 95.769000027014059
195.84856692874806 95.681000161963681
198.69724993176072 95.597500001981075
201.58736798318304 95.519000105247471
204.5195237696723 95.436000218672874
207.49432874416505 95.327499834351897
210.5124032533856 95.233000048437617
213.57437666720915 95.187499932256586
216.68088750990657 95.148000073958769
219.83258359329807 95.089499940580509
223.03012215184378 95.010999968284779
226.2741699796992 94.923500000536251
229.5654035697641 94.855499912095041
232.90450925475412 94.791000014454966
236.2921833503241 94.746000083248092
239.72913230027333 94.716499914772115
243.21607282386276 94.664000118934410
246.75373206527502 94.624000043460157
250.34284774524843 94.612500006885540
253.9841683149166 94.562999852945325
257.67845311188546 94.491000262206541
261.42647251858085 94.437500142107865
265.22900812289896 94.378999928137574
269.08685288119375 94.324500001288783
273.0008112836349 94.325999941728924
276.97169952197106 94.326500028921373
281.00034565973334 94.287499971536761
285.0875898049141 94.284500008140540
289.23428428515797 94.277499983750943
293.44129382550057 94.215499856757930
297.7094957286928 94.171000045831533
302.0397800581479 94.182999920923450
306.4330498235497 94.221499986887153
310.89022116916016 94.200000050392191
315.41222356486645 94.181500013106387
320.00000000000654 94.204500000000053
324.6545071800142 94.222999994566877
329.3767157259242 94.228999998591021
334.16761037677935 94.219499946689410
339.02819019498156 94.181500065600318
343.95946877463007 94.162000015367781
348.9624744528898 94.126999873185895
354.03825052443415 94.067999869730727
359.187855459007 94.019500079543704
364.4123631221491 94.009499981000459
369.71286299913527 93.989499966976140
375.0904604221685 93.924999927935815
380.54627680087896 93.878500000000003
386.08144985617537 93.885999996911465
391.6971338574982 93.879500041390713
397.3944998635236 93.814500015502929
403.1747359663683 93.717000137098637
409.0390475393468 93.657500108107882
414.9886574883323 93.664500031389622
421.0248065067734 93.670000005191980
427.1487533344206 93.625499906515302
433.3617750198154 93.578000068675976
439.6651671865984 93.545499974756552
446.06024430368984 93.522999993942022
452.54833995940066 93.504500000124693
459.13080713953053 93.479499962915071
465.8090185095106 93.459000005202199
472.58436670065066 93.440500060983709
479.45826460054917 93.387499883944969
486.432145647728 93.325500114463011
493.50746413055253 93.283500065245349
500.6856954904994 93.264500006332923
507.9683366298358 93.262500000000003
515.3569062237735 93.263999988762578
522.8529450371643 93.265999997213569
530.4580162458005 93.282000037540072
538.1737057623901 93.319999998741920
546.0016225672724 93.361499870508794
553.9433990439449 93.394499913235876
562.0006913194694 93.432000124735538
570.1751796098309 93.491500079185926
578.4685685703187 93.566500013111494
586.8825876510039 93.633500140931744
595.4189914573883 93.692999901547111
604.0795601162986 93.742999828094426
612.8660996471021 93.800500079114244
621.780442338323 93.866999890199679
630.8244471297356 93.934499882852535
640.0000000000159 93.998500000000092
649.3090143600314 94.054499961621360
658.7534314518515 94.117000111309238
668.3352207535618 94.200000138243951
678.0563803899662 94.284499865599344
687.9189375492632 94.358999946555656
697.9249489057827 94.413500077964301
708.0765010488715 94.445500093738730
718.3757109180171 94.493999883743840
728.8247262443015 94.573500167615137
739.425725998274 94.664500049255963
750.1809208443404 94.757000120500805
761.0925536017613 94.857500211884258
772.1628997123541 94.947499974847787
783.3942677149998 95.018999883660115
794.7889997270506 95.089999992208192
806.34947193274 95.153999915588074
818.0780950786972 95.234499778850207
829.9773149766683 95.331000156109127
842.0496130135506 95.423999931762637
854.2975066688449 95.521500161012625
866.7235500396347 95.610499848560721
879.3303343732008 95.695500095148446
892.1204886073838 95.795000045104288
905.0966799188055 95.901499999320421
918.2616142790653 96.015000145417972
931.6180370190256 96.126999958382470
945.1687334013056 96.238999764476688
958.9165292011028 96.344500165015802
972.8642912954606 96.438999806042872
987.0149282611097 96.559999768016610
1001.3713909810035 96.691499928761218
1015.9366732596762 96.810500220315731
1030.7138124475518 96.932499540202571
1045.7058900743334 97.051999663359169
1060.916032491606 97.165500129781421
1076.3474115247852 97.289499996103046
1092.0032451345498 97.416499595339957
1107.8867980878947 97.545499644663010
1124.0013826389438 97.691500372298606
1140.350359219667 97.843500146910770
1156.9371371406426 97.981000023600700
1173.765175302013 98.106000285949676
1190.837982914782 98.238499757696189
1208.1591202326028 98.383999501473937
1225.73219929421 98.521500152235035
1243.5608846766518 98.644999810049228
1261.648894259477 98.751999818159192
1280.0000000000375 98.854000000000227
1298.6180287200684 98.957999927507032
1317.5068629037087 99.048500116945178
1336.6704415071292 99.131000138243991
1356.112760779938 99.218499851386923
1375.8378750985323 99.304499932526909
1395.8498978115715 99.386500160259999
1416.153002097749 99.462500194507896
1436.7514218360407 99.543999832963692
1457.6494524886093 99.624500147574224
1478.8514519965543 99.703000039180893
1500.3618416886875 99.772500086240797
1522.1851072035295 99.848000190097764
1544.3257994247153 99.934499974551912
1566.788535430007 100.010499875105722
1589.5779994541087 100.089999986977205
1612.6989438654878 100.179999880585200
1636.156190157402 100.267499778850237
1659.9546299533442 100.356000159430636
1684.099226027109 100.451999932757573
1708.5950133376978 100.542000147038834
1733.4471000792773 100.629499843277983
1758.6606687464096 100.728000099688572
1784.2409772147755 100.835000043057576
1810.193359837619 100.945500003480120
1836.5232285581387 101.055500152297810
1863.2360740380593 101.170999956524568
1890.3374668026197 101.290999745550749
1917.833058402214 101.408500210349814
1945.7285825909298 101.527499758543186
1974.0298565222283 101.653999770745926
2002.7427819620161 101.786999924865384
2031.8733465193618 101.927000267719876
2061.4276248951132 102.070999462956664
2091.411780148677 102.222999565772682
2121.832064983222 102.381000176814837
2152.694823049581 102.540999995090516
2184.0064902691106 102.704999465848829
2215.7735961758003 102.869999558520760
2248.002765277899 103.030000391765228
2280.7007184393456 103.194500183378040
2313.874274281297 103.372500033153443
2347.530350604038 103.547000390044985
2381.6759658295764 103.718499703017301
2416.318240465218 103.899999372679929
2451.4643985884327 104.081000218378847
2487.1217693533167 104.257499722988513
2523.2977885189675 104.422999714999577
2560.0000000000887 104.576500000000351
2597.236057440151 104.722499896946317
2635.0137258074315 104.866000188803127
2673.340883014273 104.996000190288811
2712.225521559891 105.108499821664338
2751.6757501970797 105.202999927646601
2791.699795623158 105.286000148946627
2832.3060041955137 105.348000098425700
2873.502843672097 105.384999933185497
2915.2989049772345 105.403499998178091
2957.7029039931244 105.395999986053624
3000.723683377391 105.364999944397425
3044.370214407075 105.313499854292019
3088.6515988494466 105.244500019685248
3133.57707086003 105.158000155690075
3179.1559989082334 105.050500017518715
3225.3978877309914 104.923000174265297
3272.3123803148205 104.784500358415087
3319.9092599067053 104.638499754211054
3368.198452054235 104.489000105766678
3417.190026675413 104.332999723208630
3466.8942001585724 104.171500283762583
3517.3213374928373 104.005499846842923
3568.4819544295697 103.846499939561312
3620.386719675257 103.695499998133926
3673.0464571162966 103.551999812963174
3726.472148076138 103.411000052021848
3780.6749336052594 103.277500277886205
3835.6661168044484 103.157999802343667
3891.45716518188 103.052000202013318
3948.059713044477 102.952000174161981
4005.4855639240527 102.864500046193854
4063.746693038744 102.794999886878898
4122.855249790247 102.736000214323667
4182.823560297375 102.683500140982886
4243.664129966465 102.645999970162492
4305.389646099183 102.619500000797785
4368.012980538242 102.598000067982866
4431.5471923516225 102.583500034791427
4496.00553055582 102.567999943680547
4561.401436878714 102.542999968288569
4627.748548562617 102.510999992517938
4695.060701208099 102.470499888952816
4763.351931659176 102.416000104474023
4832.63648093046 102.341500273898333
4902.928797176889 102.242499858105347
4974.243538706657 102.120000202614065
5046.595577037959 101.978500253265764
5120.000000000202 101.819999999999538
5194.472114880326 101.644500127928637
5270.027451614888 101.454999725249124
5346.6817660285715 101.261499696662838
5424.451043119808 101.075000305482320
5503.351500394186 100.899500133036838
5583.399591246343 100.745999719629822
5664.612008391055 100.628499796118163
5747.005687344222 100.554000128703308
5830.597809954497 100.528500018219049
5915.405807986278 100.550000031647556
6001.447366754812 100.622500133214544
6088.740428814181 100.751000370893109
6177.303197698925 100.929999945915256
6267.154141720092 101.152999600503179
6358.3119978165005 101.405499960001634
6450.795775462017 101.676499638267600
6544.624760629676 101.953499298421633
6639.818519813445 102.221000421124302
6736.396904108505 102.466999829418015
6834.380053350861 102.687000333651014
6933.788400317181 102.871499695346984
7034.642674985712 103.012500097031236
7136.963908859177 103.101500017806472
7240.773439350552 103.128499999678255
7346.092914232631 103.086999880610165
7452.944296152315 102.982500044218511
7561.349867210557 102.810500407283527
7671.332233608935 102.546999374932000
7782.914330363799 102.179500772327714
7896.119426088994 101.720000860834773
8010.971127848146 101.176500309002307
8127.49338607753 100.560498774521193
8245.710499580537 99.904002449941004
8365.647120594791 99.230001914532124
8487.328259932974 98.558499276003914
8610.77929219841 97.904500025113151
8736.025961076528 97.282001976346152
8863.094384703289 96.711501492362061
8992.011061111683 96.194498827086164
9122.802873757471 95.728499551811538
9255.497097125279 95.319499926594801
9390.121402416245 94.974999338249347
9526.7038633184 94.700000449238203
9665.272961860968 94.488000677898299
9805.857594353829 94.339499884786363
9948.487077413367 94.261500096984392
10093.19115407597 94.250999987857114
10240.000000000457 94.317000000000405
10388.944229760706 94.467499877046421
10540.05490322983 94.710000435374582
10693.363532057198 95.039500620440236
10848.902086239672 95.437999316380257
11006.703000788428 95.892999633728579
11166.799182492743 96.395501158717508
11329.224016782166 96.926001215437267
11494.0113746885 97.430498981947878
11661.195619909053 97.855000652241955
11830.811615972614 98.195000159416111
12002.894733509682 98.475000280556827
12177.48085762842 98.703000411779840
12354.606395397908 98.877999954517975
12534.308283440243 99.006499795085716
12716.62399563306 99.118999982949376
12901.591550924093 99.265499785256395
13089.249521259411 99.499999334009033
13279.637039626952 99.867500794649857
13472.793808217073 100.370999626032301
13668.760106701786 100.905500741255736
13867.576800634426 101.257999523000507
14069.285349971487 101.177499511038533
14273.927817718419 100.519999569811745
14481.54687870117 99.362999975963788
14692.18582846533 97.978998137502487
14905.888592304698 96.564500527649074
15122.699734421185 95.049003316825633
15342.664467217943 93.278996309729095
15565.828660727671 91.163504346312891
15792.238852178061 88.675504520274757
16021.942255696367 86.490001050310781
16254.986772155136 86.102501864613458
16491.42099916115 87.300494806733809
16731.294241189662 88.599496795916338
16974.65651986603 89.264500523251883
17221.558584396902 89.785499978103701
17472.051922153143 90.681496967665311
17726.188769406665 91.235499104818757
17984.022122223458 90.636996672254469
18245.605747515034 89.242498749772182
18510.99419425065 88.325500262802137
18780.242804832582 90.694507560275795
19053.40772663689 93.678495426675255
19330.545923722028 95.161495834277844
19611.71518870775 96.113001058753014
19896.974154826825 96.921998818121040
20186.382308152035 97.055000261939142
