20 104.586500000000001
20.290906698750476 104.533000055718531
20.586044732869844 104.478999864898384
20.885475648548283 104.424499880014324
21.189261887185914 104.368500020721427
21.49746679841394 104.311500037147539
21.810154653305165 104.254499880125223
22.12739065777668 104.195999881034496
22.449240966187475 104.137000192031152
22.77577269513385 104.076499875750869
23.107053937445478 104.016000011665085
23.44315377638505 103.954999860608993
23.784142300054445 103.893499946900420
24.130090616010463 103.832500067463599
24.481070866093134 103.773000022808958
24.837156241469714 103.713999960421404
25.1984209978975 103.655500000336332
25.56494047120865 103.596500086253030
25.936791093020236 103.536999825536412
26.3140504066728 103.476500095591774
26.69679708340074 103.414499823593246
27.08511093873791 103.350500177005017
27.47907294916184 103.285000008486264
27.878765268980047 103.217499955396562
28.284271247461966 103.149499958345842
28.695675446220072 103.080499924893587
29.11306365684382 103.010500057343421
29.536522918790062 102.940500178084989
29.966141537533712 102.870999912122386
30.402009102982383 102.800500143541854
30.844216508158908 102.730000077576420
31.29285596815558 102.659000005021440
31.74802103936409 102.587999839618959
32.20980663898519 102.517000208504086
32.67830906482211 102.446500141212056
33.153626015361866 102.375499849964854
33.63585661014871 102.304500057192229
34.125101410453844 102.233000229847292
34.62146244024586 102.161000225436908
35.12504320746613 102.087999829220763
35.635948725613716 102.014999897437576
36.15428553564419 101.941499924352712
36.68016172818701 101.867499898634605
37.21368696608603 101.793000144818308
37.754972507267915 101.719500203338811
38.30413122794313 101.645499970025639
38.86127764614443 101.572000179171098
39.4265279456077 101.499000135680802
40.000000000000206 101.425499999999971
40.58181339750116 101.352000075323190
41.1720894657399 101.278499943802302
41.77095129709678 101.205499841447988
42.37852377437204 101.131500148740287
42.9949335968281 101.057000048226612
43.62030930661056 100.981499842922176
44.25478131555359 100.904999844114144
44.89848193237519 100.828500127250464
45.55154539026795 100.750999837844333
46.21410787489121 100.673500014675398
46.88630755277036 100.595999937362677
47.56828460010916 100.518999816639649
48.260181232021196 100.440999974124992
48.962141732186545 100.363000140368669
49.674312482939705 100.284500056426623
50.39684199579528 100.206500109401958
51.129880942417586 100.128500218151487
51.873582186040764 100.049999875369480
52.628100813345895 99.971500019226426
53.393594166801776 99.892499882388876
54.17022187747612 99.814000113774085
54.95814589832399 99.735999913156590
55.75753053796041 99.657999949405024
56.56854249492426 99.580999952912649
57.39135089244048 99.503499917382925
58.226127313687975 99.426000063896936
59.073045837580466 99.347500198437530
59.932283075067765 99.267999806490863
60.804018205965114 99.187500164047421
61.68843301631817 99.107500178788186
62.58571193631152 99.027500005657913
63.49604207872855 98.947499819288538
64.41961327797075 98.867000325256726
65.35661812964459 98.783500256390738
66.3072520307241 98.698999905613704
67.27171322029778 98.610999980115906
68.25020282090806 98.522000291355084
69.2429248804921 98.434500275533964
70.25008641493265 98.350499810245253
71.27189745122783 98.271499893222853
72.30857107128878 98.197499995102106
73.36032345637442 98.126999840585484
74.42737393217246 98.057500135163735
75.50994501453623 97.987500256774553
76.60826245588666 97.913499896408609
77.72255529228926 97.833000125217097
78.85305589121582 97.746000163560680
80.00000000000082 97.651499999999928
81.16362679500274 97.552500103182410
82.34417893148023 97.449999830061671
83.541902594194 97.344499859115245
84.75704754874454 97.236500219090019
85.98986719365665 97.125500072339761
87.24061861322157 97.013499768517221
88.50956263110764 96.901999770273420
89.79696386475084 96.790000271774943
91.10309078053635 96.679499768349004
92.42821574978288 96.569999940669078
93.77261510554118 96.465499918652668
95.13656920021877 96.367999791108431
96.52036246404286 96.281000032416898
97.92428346437356 96.206000129571066
99.34862496587989 96.143000001432128
100.79368399159105 96.092000066472053
102.25976188483567 96.051500109075732
103.74716437208203 96.016999947939141
105.25620162669229 95.985000028110306
106.78718833360406 95.954499959288455
108.34044375495276 95.930500030243735
109.9162917966485 95.923000012406220
111.51506107592134 95.942000032620498
113.13708498984903 96.006499999501159
114.78270178488147 96.144000210298088
116.45225462737648 96.354499949963483
118.14609167516147 96.612499477794330
119.86456615013608 96.898500522247630
121.60803641193078 97.181999427884719
123.3768660326369 97.437999590471520
125.17142387262359 97.634499888579370
126.99208415745765 97.758500132097993
128.83922655594208 97.820999833147340
130.71323625928977 97.832999993895456
132.61450406144883 97.812999956024498
134.5434264405962 97.764500016182069
136.50040564181674 97.688000268694395
138.48584976098482 97.594500252404856
140.50017282986593 97.499999781781810
142.5437949024563 97.408999915276780
144.61714214257822 97.317499993741549
146.7206469127495 97.225499794378351
148.8547478643456 97.137000169920100
151.01989002907314 97.052000269473268
153.216524911774 96.967499891163342
155.4451105845792 96.885500123689923
157.70611178243232 96.806000146832730
160.00000000000236 96.728999999999928
162.3272535900062 96.655000044068686
164.6883578629612 96.582999885089293
167.08380518838874 96.511999877195677
169.51409509748981 96.440000116800633
171.97973438731407 96.369500045619645
174.4812372264439 96.302499859456759
177.01912526221608 96.234499836458838
179.5939277295025 96.168000134612441
182.20618156107355 96.101499882548325
184.85643149956664 96.033999962498342
187.54523021108326 95.968499925573042
190.27313840043846 95.905499853775893
193.04072492808663 95.843000023926734
195.84856692874806 95.780500111574980
198.69724993176072 95.716500001527578
201.58736798318304 95.653500087244623
204.5195237696723 95.590500154790902
207.49432874416505 95.530499906921534
210.5124032533856 95.471500034021659
213.57437666720915 95.414499893807616
216.68088750990657 95.357500098611695
219.83258359329807 95.300499953603946
223.03012215184378 95.243499979687996
226.2741699796992 95.187000000349187
229.5654035697641 95.132999929950742
232.90450925475412 95.082000011341592
236.2921833503241 95.035500098997730
239.72913230027333 94.994999938345785
243.21607282386276 94.964000057416612
246.75373206527502 94.945500025073159
250.34284774524843 94.941499999999991
253.9841683149166 94.952000039744519
257.67845311188546 94.975999895117383
261.42647251858085 95.011499894115701
265.22900812289896 95.053500045048082
269.08685288119375 95.094999998741912
273.0008112836349 95.128999899644285
276.97169952197106 95.149999955303343
281.00034565973334 95.155499985768387
285.0875898049141 95.145499977904237
289.23428428515797 95.123499991109000
293.44129382550057 95.092499919137538
297.7094957286928 95.056500062806165
302.0397800581479 95.017500137524451
306.4330498235497 94.976999946237314
310.89022116916016 94.936000062608485
315.41222356486645 94.895000067170187
320.00000000000654 94.853499999999940
324.6545071800142 94.813000024147215
329.3767157259242 94.771499943640890
334.16761037677935 94.730999939073627
339.02819019498156 94.691500062400308
343.95946877463007 94.652000033296872
348.9624744528898 94.612999913947576
354.03825052443415 94.574499912405145
359.187855459007 94.536000077504127
364.4123631221491 94.498999934365216
369.71286299913527 94.461999979290127
375.0904604221685 94.425499958651699
380.54627680087896 94.389999927250130
386.08144985617537 94.356000007000688
391.6971338574982 94.322500059386670
397.3944998635236 94.290000006558927
403.1747359663683 94.258000042929893
409.0390475393468 94.226000076166912
414.9886574883323 94.193999944196221
421.0248065067734 94.162500022993044
427.1487533344206 94.132999951588261
433.3617750198154 94.104000051066748
439.6651671865984 94.074499970872935
446.06024430368984 94.043999989309469
452.54833995940066 94.014500000180817
459.13080713953053 93.984999960168039
465.8090185095106 93.957000010032800
472.58436670065066 93.930500054675065
479.45826460054917 93.904499956479356
486.432145647728 93.881500041969787
493.50746413055253 93.863000030810298
500.6856954904994 93.852000004384337
507.9683366298358 93.851000011108354
515.3569062237735 93.859499958796121
522.8529450371643 93.879999933125731
530.4580162458005 93.911000040757784
538.1737057623901 93.950499998741918
546.0016225672724 93.996499851085105
553.9433990439449 94.044999871168415
562.0006913194694 94.094000122240828
570.1751796098309 94.142500048970248
578.4685685703187 94.190500008990739
586.8825876510039 94.239000115517825
595.4189914573883 94.288999915126823
604.0795601162986 94.341999814341975
612.8660996471021 94.399000074319446
621.780442338323 94.462999891838479
630.8244471297356 94.535499868864775
640.0000000000159 94.617500000000149
649.3090143600314 94.708499933192726
658.7534314518515 94.807000143715726
668.3352207535618 94.908500162639939
678.0563803899662 95.007499843199241
687.9189375492632 95.104499926984488
697.9249489057827 95.198500199242119
708.0765010488715 95.289500210912124
718.3757109180171 95.378499820516794
728.8247262443015 95.463000149396095
739.425725998274 95.546000047576769
750.1809208443404 95.632000106324256
761.0925536017613 95.724000209653909
772.1628997123541 95.819499971296892
783.3942677149998 95.916999834044560
794.7889997270506 96.011499989536702
806.34947193274 96.100499885719245
818.0780950786972 96.187499781392148
829.9773149766683 96.272000139501785
842.0496130135506 96.356999936212901
854.2975066688449 96.444000155762211
866.7235500396347 96.532499845038870
879.3303343732008 96.621500087381236
892.1204886073838 96.710500038165165
905.0966799188055 96.798999999445115
918.2616142790653 96.886000112958598
931.6180370190256 96.971999968415261
945.1687334013056 97.056999821254635
958.9165292011028 97.140500148695537
972.8642912954606 97.222499837709336
987.0149282611097 97.303499855010386
1001.3713909810035 97.384499954919221
1015.9366732596762 97.466500149962812
1030.7138124475518 97.547499702051269
1045.7058900743334 97.627999771768927
1060.916032491606 97.709000085805911
1076.3474115247852 97.787999997606590
1092.0032451345498 97.867999744254845
1107.8867980878947 97.949999779260366
1124.0013826389438 98.034000204399234
1140.350359219667 98.118500089605149
1156.9371371406426 98.205000016483041
1173.765175302013 98.293500200389929
1190.837982914782 98.382999841975774
1208.1591202326028 98.474499683693807
1225.73219929421 98.565500109081796
1243.5608846766518 98.656999854371065
1261.648894259477 98.748499840889281
1280.0000000000375 98.840000000000188
1298.6180287200684 98.930999935324905
1317.5068629037087 99.021500125399058
1336.6704415071292 99.110000139870380
1356.112760779938 99.195999857991950
1375.8378750985323 99.278999934133424
1395.8498978115715 99.360000173254036
1416.153002097749 99.439500182790567
1436.7514218360407 99.517499837139610
1457.6494524886093 99.595500142108506
1478.8514519965543 99.673000043098995
1500.3618416886875 99.750000089784947
1522.1851072035295 99.826000163877382
1544.3257994247153 99.900499978102800
1566.788535430007 99.974499873394848
1589.5779994541087 100.048499988527539
1612.6989438654878 100.122499900711290
1636.156190157402 100.197499809353658
1659.9546299533442 100.272500126215903
1684.099226027109 100.347499948167297
1708.5950133376978 100.423500129941289
1733.4471000792773 100.499999864409034
1758.6606687464096 100.578500074533508
1784.2409772147755 100.658500031996908
1810.193359837619 100.739500002586141
1836.5232285581387 100.820500106875656
1863.2360740380593 100.900499970273216
1890.3374668026197 100.980499831769094
1917.833058402214 101.059500141442129
1945.7285825909298 101.136499849584283
1974.0298565222283 101.211999866712745
2002.7427819620161 101.286499958815099
2031.8733465193618 101.359500135745293
2061.4276248951132 101.431999731478328
2091.411780148677 101.505499794164962
2121.832064983222 101.577500078461583
2152.694823049581 101.649499997760046
2184.0064902691106 101.719999770153137
2215.7735961758003 101.789999811563746
2248.002765277899 101.860000172766036
2280.7007184393456 101.930000072934462
2313.874274281297 101.999500013298842
2347.530350604038 102.070000157386573
2381.6759658295764 102.139499879134945
2416.318240465218 102.207999764754973
2451.4643985884327 102.276500083425645
2487.1217693533167 102.344499892361256
2523.2977885189675 102.410999882852593
2560.0000000000887 102.476500000000158
2597.236057440151 102.539999955224957
2635.0137258074315 102.602500084538718
2673.340883014273 102.662500097584015
2712.225521559891 102.721999902575888
2751.6757501970797 102.780999954098391
2791.699795623158 102.839000129233099
2832.3060041955137 102.897500138264675
2873.502843672097 102.956999874722797
2915.2989049772345 103.018000114779966
2957.7029039931244 103.081500034865925
3000.723683377391 103.147000076453537
3044.370214407075 103.213500145707982
3088.6515988494466 103.279999981681783
3133.57707086003 103.346999887081921
3179.1559989082334 103.413999989612805
3225.3978877309914 103.479999911547168
3272.3123803148205 103.544999832231227
3319.9092599067053 103.610000107947855
3368.198452054235 103.675499953770853
3417.190026675413 103.742000115906393
3466.8942001585724 103.809999879879655
3517.3213374928373 103.880000066590043
3568.4819544295697 103.947500022121346
3620.386719675257 103.995500000360352
3673.0464571162966 104.020000036880504
3726.472148076138 104.054999984393447
3780.6749336052594 104.124499830298504
3835.6661168044484 104.238000261123972
3891.45716518188 104.385499703844545
3948.059713044477 104.528999754751510
4005.4855639240527 104.650999934883373
4063.746693038744 104.760500197961932
4122.855249790247 104.864499619390728
4182.823560297375 104.963999720853906
4243.664129966465 105.061000103878754
4305.389646099183 105.153499997207760
4368.012980538242 105.240999721593965
4431.5471923516225 105.321499791251455
4496.00553055582 105.392500154266315
4561.401436878714 105.453000050738297
4627.748548562617 105.498500006875403
4695.060701208099 105.528500038526573
4763.351931659176 105.541499984328894
4832.63648093046 105.537000030813559
4902.928797176889 105.514999956340105
4974.243538706657 105.475500068065656
5046.595577037959 105.418500105816520
5120.000000000202 105.346499999999764
5194.472114880326 105.261000062542891
5270.027451614888 105.163999854875186
5346.6817660285715 105.057999820901998
5424.451043119808 104.945500188243159
5503.351500394186 104.830000090247211
5583.399591246343 104.714499754676098
5664.612008391055 104.603499756279177
5747.005687344222 104.501000209661868
5830.597809954497 104.408999852425723
5915.405807986278 104.331499965670446
6001.447366754812 104.271999947872558
6088.740428814181 104.232499951430654
6177.303197698925 104.216500002846573
6267.154141720092 104.225499974170461
6358.3119978165005 104.260499993643663
6450.795775462017 104.320499912867376
6544.624760629676 104.405499768682489
6639.818519813445 104.513000203877624
6736.396904108505 104.638999907601431
6834.380053350861 104.779000245938633
6933.788400317181 104.922499749314085
7034.642674985712 105.060000117008258
7136.963908859177 105.175500036422306
7240.773439350552 105.253500000514791
7346.092914232631 105.276999962856507
7452.944296152315 105.230500024152974
7561.349867210557 105.104000313947722
7671.332233608935 104.892999502496906
7782.914330363799 104.601000612739597
7896.119426088994 104.238000676880461
8010.971127848146 103.820000235586861
8127.49338607753 103.366499115769898
8245.710499580537 102.897001736760600
8365.647120594791 102.434001298035824
8487.328259932974 101.993499548050920
8610.77929219841 101.592500015114396
8736.025961076528 101.238501101199404
8863.094384703289 100.936000778390280
8992.011061111683 100.689499512714292
9122.802873757471 100.509999883724689
9255.497097125279 100.427000001819977
9390.121402416245 100.471500351271757
9526.7038633184 100.665499594292640
9665.272961860968 101.017998657898332
9805.857594353829 101.527000750707842
9948.487077413367 102.182498899783667
10093.19115407597 102.971498579283434
10240.000000000457 103.840500000002635
10388.944229760706 104.673999426453548
10540.05490322983 105.322000580499434
10693.363532057198 105.637000012959589
10848.902086239672 105.534000353368654
11006.703000788428 104.988500513721149
11166.799182492743 104.049997467906536
11329.224016782166 102.846996959069457
11494.0113746885 101.536502748116149
11661.195619909053 100.225497640633108
11830.811615972614 98.928999322210387
12002.894733509682 97.732498904547811
12177.48085762842 96.930999209470770
12354.606395397908 96.712500021764399
12534.308283440243 96.940499486853312
12716.62399563306 97.241999960364780
12901.591550924093 97.257000103395058
13089.249521259411 96.924501037115718
13279.637039626952 96.312998648928669
13472.793808217073 95.430500673141836
13668.760106701786 94.250997566411002
13867.576800634426 92.753502750580992
14069.285349971487 90.910997988979489
14273.927817718419 88.696999012549981
14481.54687870117 86.218499960163001
14692.18582846533 84.232998696648281
14905.888592304698 83.616000092152802
15122.699734421185 84.285997951061120
15342.664467217943 85.971002990486198
15565.828660727671 87.434997464322450
15792.238852178061 88.105999165954827
16021.942255696367 88.012000150754389
16254.986772155136 87.276498026036109
16491.42099916115 86.175004266819968
16731.294241189662 84.963503512331783
16974.65651986603 83.554498220724199
17221.558584396902 81.880500066890292
17472.051922153143 80.031006096962614
17726.188769406665 78.009505553339949
17984.022122223458 75.704993466942540
18245.605747515034 72.870996426265407
18510.99419425065 69.272499178445571
18780.242804832582 65.025490438608045
19053.40772663689 61.126006220555695
19330.545923722028 59.038005243064106
19611.71518870775 58.122498724160167
19896.974154826825 56.967001997296109
20186.382308152035 55.496502740820183
