20 102.430499999999995
20.290906698750476 102.609893062206339
20.586044732869844 102.779499006848681
20.885475648548283 102.936898922740255
21.189261887185914 103.081898938416856
21.49746679841394 103.209915642188378
21.810154653305165 103.327800570821324
22.12739065777668 103.423895477599700
22.449240966187475 103.507430228413710
22.77577269513385 103.568860645838001
23.107053937445478 103.610456462662569
23.44315377638505 103.633941943464180
23.784142300054445 103.645603557501360
24.130090616010463 103.653385002576869
24.481070866093134 103.658989725710157
24.837156241469714 103.663600149817654
25.1984209978975 103.666740131236864
25.56494047120865 103.668618528313345
25.936791093020236 103.669158021477344
26.3140504066728 103.667929751065813
26.69679708340074 103.665278025520252
27.08511093873791 103.661340379580125
27.47907294916184 103.655465069488798
27.878765268980047 103.647924694620400
28.284271247461966 103.638108947565996
28.695675446220072 103.626825412059617
29.11306365684382 103.613929708353623
29.536522918790062 103.598502560329607
29.966141537533712 103.580888196961112
30.402009102982383 103.560899545185720
30.844216508158908 103.538248397057458
31.29285596815558 103.513410781831055
31.74802103936409 103.486122695559430
32.20980663898519 103.456233148549018
32.67830906482211 103.423483438267994
33.153626015361866 103.388017170801774
33.63585661014871 103.349723901357663
34.125101410453844 103.308240873059162
34.62146244024586 103.263446917937628
35.12504320746613 103.217746111328054
35.635948725613716 103.171900563420380
36.15428553564419 103.124997159649439
36.68016172818701 103.075024312365855
37.21368696608603 103.022631303391393
37.754972507267915 102.967410047941996
38.30413122794313 102.909753935382142
38.86127764614443 102.849360344778390
39.4265279456077 102.787536015994178
40.000000000000206 102.723999999999961
40.58181339750116 102.658545774600356
41.1720894657399 102.592140031904108
41.77095129709678 102.524767877469543
42.37852377437204 102.457035902947254
42.9949335968281 102.389057122872657
43.62030930661056 102.321133223617736
44.25478131555359 102.254248150083797
44.89848193237519 102.189151840601937
45.55154539026795 102.125250467253210
46.21410787489121 102.064277400100764
46.88630755277036 102.006287081251216
47.56828460010916 101.949439690505841
48.260181232021196 101.893125401206277
48.962141732186545 101.836716014496602
49.674312482939705 101.780283681046214
50.39684199579528 101.723744706881746
51.129880942417586 101.667287630418613
51.873582186040764 101.610714532036155
52.628100813345895 101.553892473864650
53.393594166801776 101.497218390575611
54.17022187747612 101.440526657460083
54.95814589832399 101.383775339726384
55.75753053796041 101.327821339955676
56.56854249492426 101.271486296602774
57.39135089244048 101.215279490206484
58.226127313687975 101.159688660953435
59.073045837580466 101.104398112232431
59.932283075067765 101.050266166270731
60.804018205965114 100.995744493700073
61.68843301631817 100.939790250714168
62.58571193631152 100.884134105983350
63.49604207872855 100.827497370079470
64.41961327797075 100.769774170126823
65.35661812964459 100.711211366897203
66.3072520307241 100.651950374095094
67.27171322029778 100.592153780341533
68.25020282090806 100.531362323693244
69.2429248804921 100.469317194969250
70.25008641493265 100.406369599066721
71.27189745122783 100.342506409298267
72.30857107128878 100.277868593580109
73.36032345637442 100.212299622248409
74.42737393217246 100.145502816205294
75.50994501453623 100.078128356912373
76.60826245588666 100.009561980297875
77.72255529228926 99.940047527335253
78.85305589121582 99.869184186009477
80.00000000000082 99.797499999999943
81.16362679500274 99.723803452075117
82.34417893148023 99.648008483996875
83.541902594194 99.569074295135721
84.75704754874454 99.488595640134776
85.98986719365665 99.405271351692534
87.24061861322157 99.320558084124798
88.50956263110764 99.233836990909879
89.79696386475084 99.144577172043938
91.10309078053635 99.054202696936301
92.42821574978288 98.961052495182599
93.77261510554118 98.865448749531680
95.13656920021877 98.767098708230918
96.52036246404286 98.666465514451815
97.92428346437356 98.563331555890500
99.34862496587989 98.458539028863925
100.79368399159105 98.352031945952803
102.25976188483567 98.243777620522167
103.74716437208203 98.134296972334027
105.25620162669229 98.023890324036032
106.78718833360406 97.911772855535702
108.34044375495276 97.798147605888460
109.9162917966485 97.682996078615176
111.51506107592134 97.566004406220884
113.13708498984903 97.448377332048693
114.78270178488147 97.329254159981502
116.45225462737648 97.210851862499339
118.14609167516147 97.093363560937291
119.86456615013608 96.980010253566221
121.60803641193078 96.868137676053379
123.3768660326369 96.760887959363657
125.17142387262359 96.655900263133077
126.99208415745765 96.555911623812207
128.83922655594208 96.467892816126465
130.71323625928977 96.388381261570132
132.61450406144883 96.317335870033631
134.5434264405962 96.258055772883608
136.50040564181674 96.206615771648671
138.48584976098482 96.163754704302278
140.50017282986593 96.130081115350066
142.5437949024563 96.103854632085145
144.61714214257822 96.085062862859374
146.7206469127495 96.074429153583907
148.8547478643456 96.070999999999998
151.01989002907314 96.076303428151178
153.216524911774 96.091451859082440
155.4451105845792 96.115430349131856
157.70611178243232 96.143138230815140
160.00000000000236 96.172500000000028
162.3272535900062 96.202754296670065
164.6883578629612 96.234323995363681
167.08380518838874 96.266839750562099
169.51409509748981 96.300697331364859
171.97973438731407 96.334424387667468
174.4812372264439 96.366067341607902
177.01912526221608 96.389460652202615
179.5939277295025 96.401038139826213
182.20618156107355 96.401617527375564
184.85643149956664 96.391131701401903
187.54523021108326 96.366312500791537
190.27313840043846 96.323537231991224
193.04072492808663 96.265914456740305
195.84856692874806 96.194230985837805
198.69724993176072 96.107251302265553
201.58736798318304 96.004473700630641
204.5195237696723 95.891225557136323
207.49432874416505 95.771232521489225
210.5124032533856 95.645726996148909
213.57437666720915 95.514514614976392
216.68088750990657 95.378040949564109
219.83258359329807 95.239824467793198
223.03012215184378 95.107886226505428
226.2741699796992 94.982718625761294
229.5654035697641 94.868276278628016
232.90450925475412 94.764912467729999
236.2921833503241 94.677364149643182
239.72913230027333 94.605188221694249
243.21607282386276 94.549069180731536
246.75373206527502 94.509270514265665
250.34284774524843 94.484471456764254
253.9841683149166 94.473547495055243
257.67845311188546 94.476258839833918
261.42647251858085 94.491062508203967
265.22900812289896 94.513746186937112
269.08685288119375 94.543267200450543
273.0008112836349 94.578507707194518
276.97169952197106 94.616716995219718
281.00034565973334 94.657403594861222
285.0875898049141 94.699910933971097
289.23428428515797 94.743036556565642
293.44129382550057 94.785068808872467
297.7094957286928 94.824072612839629
302.0397800581479 94.859808295450648
306.4330498235497 94.891625840460918
310.89022116916016 94.919327604661106
315.41222356486645 94.941566449546485
320.00000000000654 94.959000000000003
324.6545071800142 94.970636267950027
329.3767157259242 94.977627402016296
334.16761037677935 94.979750283113034
339.02819019498156 94.978388723922009
343.95946877463007 94.974436478102831
348.9624744528898 94.969141278101816
354.03825052443415 94.965173224632892
359.187855459007 94.961987286724593
364.4123631221491 94.954881455316780
369.71286299913527 94.940803983602422
375.0904604221685 94.917983083301891
380.54627680087896 94.886806989709271
386.08144985617537 94.845848401150590
391.6971338574982 94.789180094496260
397.3944998635236 94.723610951760548
403.1747359663683 94.645289135140303
409.0390475393468 94.561687064641092
414.9886574883323 94.477158795163348
421.0248065067734 94.396541745842455
427.1487533344206 94.322721838877101
433.3617750198154 94.257972693556795
439.6651671865984 94.200226817083433
446.06024430368984 94.150780099051332
452.54833995940066 94.112758300202998
459.13080713953053 94.083976771441883
465.8090185095106 94.061390362680584
472.58436670065066 94.052380361885341
479.45826460054917 94.059279634258161
486.432145647728 94.080398938896593
493.50746413055253 94.118755871584511
500.6856954904994 94.174056963127896
507.9683366298358 94.243697219022806
515.3569062237735 94.322425968461516
522.8529450371643 94.405522104186673
530.4580162458005 94.495024820964971
538.1737057623901 94.588010023821937
546.0016225672724 94.677946303770909
553.9433990439449 94.764391539722411
562.0006913194694 94.850507258854435
570.1751796098309 94.936172965273883
578.4685685703187 95.015374829846536
586.8825876510039 95.084028313060372
595.4189914573883 95.142639646181550
604.0795601162986 95.193682608132377
612.8660996471021 95.238982919689292
621.780442338323 95.280980625142220
630.8244471297356 95.325452014500570
640.0000000000159 95.375000000000099
649.3090143600314 95.434577691904195
658.7534314518515 95.502462378025911
668.3352207535618 95.575681199802432
678.0563803899662 95.652548224100229
687.9189375492632 95.729371766006793
697.9249489057827 95.800974642340478
708.0765010488715 95.863959006293214
718.3757109180171 95.917797340135991
728.8247262443015 95.961298904977212
739.425725998274 95.995219750594657
750.1809208443404 96.020778919635035
761.0925536017613 96.037601020136051
772.1628997123541 96.047208495921510
783.3942677149998 96.051759995154043
794.7889997270506 96.052151375034128
806.34947193274 96.047267018711509
818.0780950786972 96.036019267595449
829.9773149766683 96.018311110812306
842.0496130135506 95.994050902968382
854.2975066688449 95.963860919438545
866.7235500396347 95.928647674879571
879.3303343732008 95.889426413287097
892.1204886073838 95.846790338734891
905.0966799188055 95.802586343610756
918.2616142790653 95.757566012660121
931.6180370190256 95.712864109745482
945.1687334013056 95.670195102571029
958.9165292011028 95.630236500596880
972.8642912954606 95.592667842331281
987.0149282611097 95.558811129848948
1001.3713909810035 95.530897200495801
1015.9366732596762 95.509250661392258
1030.7138124475518 95.497745066983015
1045.7058900743334 95.493266545324104
1060.916032491606 95.496385498075227
1076.3474115247852 95.512470254462102
1092.0032451345498 95.542257707194551
1107.8867980878947 95.581295165555673
1124.0013826389438 95.633727483931551
1140.350359219667 95.696989026683582
1156.9371371406426 95.769690103756119
1173.765175302013 95.847215553053672
1190.837982914782 95.938234174276374
1208.1591202326028 96.035917390016891
1225.73219929421 96.148806509446018
1243.5608846766518 96.272706635074883
1261.648894259477 96.413802857600501
1280.0000000000375 96.565500000000327
1298.6180287200684 96.733328230319472
1317.5068629037087 96.904564511294865
1336.6704415071292 97.089703282619155
1356.112760779938 97.278696598584901
1375.8378750985323 97.472503069720545
1395.8498978115715 97.670810235779840
1416.153002097749 97.873799237679123
1436.7514218360407 98.079507861722703
1457.6494524886093 98.285199689139517
1478.8514519965543 98.490396910126989
1500.3618416886875 98.696357890871013
1522.1851072035295 98.898877794848758
1544.3257994247153 99.104729934649868
1566.788535430007 99.313633379499066
1589.5779994541087 99.526158514901368
1612.6989438654878 99.745155882231373
1636.156190157402 99.972776911148841
1659.9546299533442 100.210935410722243
1684.099226027109 100.461269811366805
1708.5950133376978 100.723357545647659
1733.4471000792773 100.998121172897413
1758.6606687464096 101.288388744707333
1784.2409772147755 101.597642576096092
1810.193359837619 101.925698209102038
1836.5232285581387 102.270489404394411
1863.2360740380593 102.632128378763696
1890.3374668026197 103.011485279261152
1917.833058402214 103.406366024496009
1945.7285825909298 103.813466449131212
1974.0298565222283 104.233083667920312
2002.7427819620161 104.661773181808940
2031.8733465193618 105.088601520574940
2061.4276248951132 105.507820192293821
2091.411780148677 105.923676680352855
2121.832064983222 106.336045852904789
2152.694823049581 106.728424729476160
2184.0064902691106 107.101968796852574
2215.7735961758003 107.420363313909121
2248.002765277899 107.719824472709405
2280.7007184393456 108.000462438129418
2313.874274281297 108.249382589303451
2347.530350604038 108.455793445852407
2381.6759658295764 108.624167543670325
2416.318240465218 108.765929753651520
2451.4643985884327 108.869770826365212
2487.1217693533167 108.948319184835967
2523.2977885189675 109.002078347431137
2560.0000000000887 109.040750000000060
2597.236057440151 109.062024465078039
2635.0137258074315 109.066748856182713
2673.340883014273 109.059373018208760
2712.225521559891 109.044998515298047
2751.6757501970797 109.022098603004281
2791.699795623158 108.993225153282623
2832.3060041955137 108.954047875720576
2873.502843672097 108.907561559156761
2915.2989049772345 108.857447292126864
2957.7029039931244 108.807256515208252
3000.723683377391 108.755550165567172
3044.370214407075 108.698391558177590
3088.6515988494466 108.643351226366292
3133.57707086003 108.591475795282463
3179.1559989082334 108.543260881113596
3225.3978877309914 108.505237394097549
3272.3123803148205 108.478513181252026
3319.9092599067053 108.456939018240121
3368.198452054235 108.440724278630242
3417.190026675413 108.437922304534823
3466.8942001585724 108.449750854058664
3517.3213374928373 108.469967815246704
3568.4819544295697 108.492207962227525
3620.386719675257 108.506538671967519
3673.0464571162966 108.508117212573026
3726.472148076138 108.510735543692192
3780.6749336052594 108.531809426820104
3835.6661168044484 108.558229851537192
3891.45716518188 108.550870696984049
3948.059713044477 108.507003722390536
4005.4855639240527 108.409206037563280
4063.746693038744 108.282789379613092
4122.855249790247 108.136100806867034
4182.823560297375 107.958117538959186
4243.664129966465 107.745175545117377
4305.389646099183 107.501902995987436
4368.012980538242 107.234044183685569
4431.5471923516225 106.948537634417704
4496.00553055582 106.641206740577431
4561.401436878714 106.307282600074615
4627.748548562617 105.966692685948885
4695.060701208099 105.627437388778290
4763.351931659176 105.277072745121160
4832.63648093046 104.930597621152401
4902.928797176889 104.599821915903945
4974.243538706657 104.278969880980924
5046.595577037959 103.983029915413042
5120.000000000202 103.706642857142128
5194.472114880326 103.451877336821781
5270.027451614888 103.223233061889417
5346.6817660285715 103.016294452476430
5424.451043119808 102.831755182783866
5503.351500394186 102.668678081357314
5583.399591246343 102.517022013858394
5664.612008391055 102.370990625063925
5747.005687344222 102.224329876527293
5830.597809954497 102.073394051584188
5915.405807986278 101.917269545624691
6001.447366754812 101.762494246305735
6088.740428814181 101.611641271015898
6177.303197698925 101.462059678115367
6267.154141720092 101.319384647262609
6358.3119978165005 101.191070362936813
6450.795775462017 101.083188309028742
6544.624760629676 101.006002019819050
6639.818519813445 100.964337203438248
6736.396904108505 100.956185643972475
6834.380053350861 100.973470215471750
6933.788400317181 101.007873722144325
7034.642674985712 101.056880257867206
7136.963908859177 101.105622187644997
7240.773439350552 101.121476249703903
7346.092914232631 101.075817062327388
7452.944296152315 100.955936606136859
7561.349867210557 100.754075287710464
7671.332233608935 100.492746465945856
7782.914330363799 100.190662286896725
7896.119426088994 99.855992464921144
8010.971127848146 99.497129486128557
8127.49338607753 99.143596256081068
8245.710499580537 98.798038539687667
8365.647120594791 98.453681723216476
8487.328259932974 98.105272855941877
8610.77929219841 97.726968935337410
8736.025961076528 97.288392852964108
8863.094384703289 96.796777180421998
8992.011061111683 96.287556308608856
9122.802873757471 95.821173514046450
9255.497097125279 95.455534372780718
9390.121402416245 95.206776042201170
9526.7038633184 95.062810085426008
9665.272961860968 94.995271280851426
9805.857594353829 94.991964398588465
9948.487077413367 95.061865308060021
10093.19115407597 95.230035704165601
10240.000000000457 95.501600000000977
10388.944229760706 95.867925814609890
10540.05490322983 96.320610959891752
10693.363532057198 96.851399315555824
10848.902086239672 97.468943657894641
11006.703000788428 98.162830737935238
11166.799182492743 98.868076443843435
11329.224016782166 99.444682545015908
11494.0113746885 99.792167725556240
11661.195619909053 99.566300936405426
11830.811615972614 98.835528235934035
12002.894733509682 97.316563794597229
12177.48085762842 95.179935653456511
12354.606395397908 92.821042034234353
12534.308283440243 92.498752489775825
12716.62399563306 94.931975454947136
12901.591550924093 96.691100994203623
13089.249521259411 97.646280063210412
13279.637039626952 97.575578342016655
13472.793808217073 96.713766426313072
13668.760106701786 95.587407149652620
13867.576800634426 94.357711547965039
14069.285349971487 93.038701316612872
14273.927817718419 91.630420067734406
14481.54687870117 90.050819698017222
14692.18582846533 88.309129535511516
14905.888592304698 86.508558954733033
15122.699734421185 84.741935899666117
15342.664467217943 83.098709781278302
15565.828660727671 81.655179051354907
15792.238852178061 80.490284909202529
16021.942255696367 79.723899476632738
16254.986772155136 79.496978835448203
16491.42099916115 79.875273598657841
16731.294241189662 80.781795770992090
16974.65651986603 82.183966597606883
17221.558584396902 83.969102352849120
17472.051922153143 85.716487508988365
17726.188769406665 86.774493476672262
17984.022122223458 86.529912276731551
18245.605747515034 84.795127939820219
18510.99419425065 81.899066838931361
18780.242804832582 78.541094507369593
19053.40772663689 75.375448243868888
19330.545923722028 72.616885993009731
19611.71518870775 70.202011566373642
19896.974154826825 67.803297473290769
20186.382308152035 66.904499999999999
