20 101.543817269076300
20.290906698750476 101.674958607832565
20.586044732869844 101.807538925164124
20.885475648548283 101.943213732351069
21.189261887185914 102.078025702129565
21.49746679841394 102.209475030527045
21.810154653305165 102.336936637748437
22.12739065777668 102.460374071263630
22.449240966187475 102.578668611437990
22.77577269513385 102.692679008307380
23.107053937445478 102.800906151847201
23.44315377638505 102.899906750751626
23.784142300054445 102.986619345467744
24.130090616010463 103.062937542852922
24.481070866093134 103.131292120862753
24.837156241469714 103.192131474035932
25.1984209978975 103.245602824084330
25.56494047120865 103.291317806192978
25.936791093020236 103.328897876234294
26.3140504066728 103.358102117799220
26.69679708340074 103.379261351998991
27.08511093873791 103.392470764501041
27.47907294916184 103.398572303866416
27.878765268980047 103.397317513083451
28.284271247461966 103.388411240187565
28.695675446220072 103.371499731341999
29.11306365684382 103.344678529491603
29.536522918790062 103.304911513120388
29.966141537533712 103.254244374914236
30.402009102982383 103.197029329052938
30.844216508158908 103.134481735143112
31.29285596815558 103.066339834695810
31.74802103936409 102.992552730781227
32.20980663898519 102.912866540280987
32.67830906482211 102.828205645643408
33.153626015361866 102.739419879782417
33.63585661014871 102.647085105201512
34.125101410453844 102.550766092638582
34.62146244024586 102.450274272898909
35.12504320746613 102.336147888797313
35.635948725613716 102.193777942286289
36.15428553564419 102.027995008932152
36.68016172818701 101.852738071728496
37.21368696608603 101.675017239478478
37.754972507267915 101.501879428187948
38.30413122794313 101.337834490235593
38.86127764614443 101.181408170343914
39.4265279456077 101.027768872737283
40.000000000000206 100.872523053892166
40.58181339750116 100.712423243312912
41.1720894657399 100.545971087151401
41.77095129709678 100.372481099503432
42.37852377437204 100.192992388653749
42.9949335968281 100.012962372420986
43.62030930661056 99.842760036569587
44.25478131555359 99.695979257445046
44.89848193237519 99.574174662549098
45.55154539026795 99.467864782770619
46.21410787489121 99.373248596499451
46.88630755277036 99.294961094022526
47.56828460010916 99.239554032953265
48.260181232021196 99.199824229206214
48.962141732186545 99.164033041922607
49.674312482939705 99.123265419723509
50.39684199579528 99.074210399979478
51.129880942417586 99.018806286327461
51.873582186040764 98.961842198152041
52.628100813345895 98.912409833437692
53.393594166801776 98.871361636079470
54.17022187747612 98.832872674130243
54.95814589832399 98.799539179976563
55.75753053796041 98.789487937759986
56.56854249492426 98.818987132203048
57.39135089244048 98.874073185097131
58.226127313687975 98.914287868763722
59.073045837580466 98.910411614150860
59.932283075067765 98.863162035712151
60.804018205965114 98.808363095224379
61.68843301631817 98.793660395766494
62.58571193631152 98.842642495253770
63.49604207872855 98.915214614813493
64.41961327797075 98.956103781332047
65.35661812964459 98.942980658518621
66.3072520307241 98.896066417856474
67.27171322029778 98.853693821762192
68.25020282090806 98.834719819614890
69.2429248804921 98.829253151865458
70.25008641493265 98.830244813653820
71.27189745122783 98.842877331535192
72.30857107128878 98.855754331769901
73.36032345637442 98.834853576752153
74.42737393217246 98.757294660731787
75.50994501453623 98.660602749273181
76.60826245588666 98.620990700584770
77.72255529228926 98.640782685511311
78.85305589121582 98.663845543423434
80.00000000000082 98.652948747494975
81.16362679500274 98.618313813812961
82.34417893148023 98.582429912102242
83.541902594194 98.550980786984397
84.75704754874454 98.514337439300476
85.98986719365665 98.464347324155625
87.24061861322157 98.415033899375771
88.50956263110764 98.401577039843659
89.79696386475084 98.424259977977954
91.10309078053635 98.408111075513148
92.42821574978288 98.324233921805316
93.77261510554118 98.233705964024267
95.13656920021877 98.179252416579317
96.52036246404286 98.151416427435663
97.92428346437356 98.134513478198386
99.34862496587989 98.111954150974469
100.79368399159105 98.068491701894942
102.25976188483567 98.012655966167955
103.74716437208203 97.953086707625772
105.25620162669229 97.885459990686741
106.78718833360406 97.803323020959027
108.34044375495276 97.724803636160715
109.9162917966485 97.674520339344866
111.51506107592134 97.616847707914417
113.13708498984903 97.530436830668677
114.78270178488147 97.455263748536254
116.45225462737648 97.399671462053860
118.14609167516147 97.311357764066088
119.86456615013608 97.182964478922031
121.60803641193078 97.067394896489390
123.3768660326369 96.977292116068412
125.17142387262359 96.898983323951938
126.99208415745765 96.817632399411238
128.83922655594208 96.717002798520355
130.71323625928977 96.599334393319538
132.61450406144883 96.520722723106871
134.5434264405962 96.464163123306534
136.50040564181674 96.360375915748364
138.48584976098482 96.216759312823996
140.50017282986593 96.101303318013308
142.5437949024563 96.042950606738174
144.61714214257822 95.997742675518964
146.7206469127495 95.932990944336879
148.8547478643456 95.882911143044069
151.01989002907314 95.854665873659570
153.216524911774 95.818318704734281
155.4451105845792 95.778904520392956
157.70611178243232 95.721119692358428
160.00000000000236 95.596159995027250
162.3272535900062 95.506391809505516
164.6883578629612 95.444005103947944
167.08380518838874 95.355836487915283
169.51409509748981 95.304911436623627
171.97973438731407 95.299358307075124
174.4812372264439 95.286380702238944
177.01912526221608 95.219600530136120
179.5939277295025 95.146185724459144
182.20618156107355 95.142862145345219
184.85643149956664 95.147812492918376
187.54523021108326 95.132716605100200
190.27313840043846 95.145659413730712
193.04072492808663 95.145430271911152
195.84856692874806 95.084233467460436
198.69724993176072 95.023509587170295
201.58736798318304 94.981172030697920
204.5195237696723 94.946975017240945
207.49432874416505 94.876309674786526
210.5124032533856 94.775699567168346
213.57437666720915 94.639859404331020
216.68088750990657 94.442850938593580
219.83258359329807 94.233895023561814
223.03012215184378 94.082895350149613
226.2741699796992 93.941411067391016
229.5654035697641 93.842373812758410
232.90450925475412 93.813652615599466
236.2921833503241 93.776562141898253
239.72913230027333 93.742160822841029
243.21607282386276 93.710479597670655
246.75373206527502 93.671525198418351
250.34284774524843 93.656072312800120
253.9841683149166 93.657431612841762
257.67845311188546 93.670099375296573
261.42647251858085 93.722658848042087
265.22900812289896 93.781970291206363
269.08685288119375 93.802220597245267
273.0008112836349 93.848735520155770
276.97169952197106 93.923794787475344
281.00034565973334 93.917049003097674
285.0875898049141 93.933750671943500
289.23428428515797 93.998525021228318
293.44129382550057 94.074704603796192
297.7094957286928 94.151806300986209
302.0397800581479 94.193649218502657
306.4330498235497 94.234246856275320
310.89022116916016 94.261314469787024
315.41222356486645 94.264365944447206
320.00000000000654 94.282087721708791
324.6545071800142 94.357203874025430
329.3767157259242 94.415053661923224
334.16761037677935 94.413971257821132
339.02819019498156 94.426610549756489
343.95946877463007 94.464003668331770
348.9624744528898 94.507911079306879
354.03825052443415 94.564191773825172
359.187855459007 94.616541652429106
364.4123631221491 94.641277593692323
369.71286299913527 94.609156412544820
375.0904604221685 94.559064508778263
380.54627680087896 94.555240396006241
386.08144985617537 94.548362889890029
391.6971338574982 94.552356906911257
397.3944998635236 94.543262225201389
403.1747359663683 94.506665862697176
409.0390475393468 94.506166045638153
414.9886574883323 94.461271779139025
421.0248065067734 94.415757596570771
427.1487533344206 94.415055827339728
433.3617750198154 94.398483078771051
439.6651671865984 94.353418032964299
446.06024430368984 94.346418281821400
452.54833995940066 94.372378568275607
459.13080713953053 94.283103897754557
465.8090185095106 94.111978002709918
472.58436670065066 94.020589242413152
479.45826460054917 93.965140775124269
486.432145647728 93.873895627707512
493.50746413055253 93.730170308324773
500.6856954904994 93.589880068698193
507.9683366298358 93.496071385248342
515.3569062237735 93.424716152434002
522.8529450371643 93.406037075730310
530.4580162458005 93.426917274065829
538.1737057623901 93.416926459554404
546.0016225672724 93.437677231586434
553.9433990439449 93.524402426277419
562.0006913194694 93.661933397676052
570.1751796098309 93.733816770688804
578.4685685703187 93.719235550582880
586.8825876510039 93.726235310937440
595.4189914573883 93.737208564249684
604.0795601162986 93.735829964734222
612.8660996471021 93.764455753395936
621.780442338323 93.786509622366367
630.8244471297356 93.808925387339713
640.0000000000159 93.858986423550192
649.3090143600314 93.872348146231417
658.7534314518515 93.893114765496051
668.3352207535618 93.985779369355470
678.0563803899662 94.109603908388010
687.9189375492632 94.197012092411796
697.9249489057827 94.236431649589804
708.0765010488715 94.231969777570029
718.3757109180171 94.203167942023214
728.8247262443015 94.177456916464365
739.425725998274 94.166064632636051
750.1809208443404 94.125366517986379
761.0925536017613 94.037534034324295
772.1628997123541 93.990251536119416
783.3942677149998 93.994495722383419
794.7889997270506 93.993813881048723
806.34947193274 93.965192022099700
818.0780950786972 93.945495177960922
829.9773149766683 93.998782306224740
842.0496130135506 94.041482696827700
854.2975066688449 93.994846971723121
866.7235500396347 93.920052108703132
879.3303343732008 93.850651599731336
892.1204886073838 93.744415141024177
905.0966799188055 93.659759769722967
918.2616142790653 93.662381262942603
931.6180370190256 93.722174569568494
945.1687334013056 93.749763825266456
958.9165292011028 93.720297625903356
972.8642912954606 93.675774682064372
987.0149282611097 93.648877513287175
1001.3713909810035 93.629159075729234
1015.9366732596762 93.620848712467080
1030.7138124475518 93.624589435063967
1045.7058900743334 93.648276249003146
1060.916032491606 93.664369052411658
1076.3474115247852 93.715534534954941
1092.0032451345498 93.811030572457582
1107.8867980878947 93.884258149728964
1124.0013826389438 93.935986557669992
1140.350359219667 94.022076499476995
1156.9371371406426 94.091214767630291
1173.765175302013 94.136890647659442
1190.837982914782 94.205051285194131
1208.1591202326028 94.266380238159769
1225.73219929421 94.339931411198862
1243.5608846766518 94.471390847496423
1261.648894259477 94.554202232577325
1280.0000000000375 94.582875076309875
1298.6180287200684 94.692802785095381
1317.5068629037087 94.848447029851442
1336.6704415071292 94.971850810035420
1356.112760779938 95.073134243599611
1375.8378750985323 95.173811873808901
1395.8498978115715 95.265248320179268
1416.153002097749 95.370929897159357
1436.7514218360407 95.492196129716064
1457.6494524886093 95.657351654245531
1478.8514519965543 95.833963892828166
1500.3618416886875 95.952668655951811
1522.1851072035295 96.060288770188208
1544.3257994247153 96.203000050391495
1566.788535430007 96.357593748221376
1589.5779994541087 96.491794755171469
1612.6989438654878 96.582640377962150
1636.156190157402 96.695919803617130
1659.9546299533442 96.886628516891250
1684.099226027109 97.084943353252498
1708.5950133376978 97.314258250318474
1733.4471000792773 97.581116935035993
1758.6606687464096 97.818546154051319
1784.2409772147755 97.990491223491347
1810.193359837619 98.118554660848858
1836.5232285581387 98.307345286803752
1863.2360740380593 98.583559653564549
1890.3374668026197 98.862984021641481
1917.833058402214 99.152224332816701
1945.7285825909298 99.474966200482442
1974.0298565222283 99.803645162106676
2002.7427819620161 100.089457383049648
2031.8733465193618 100.332189970784128
2061.4276248951132 100.615835012731338
2091.411780148677 100.952866907287259
2121.832064983222 101.304669868493505
2152.694823049581 101.666786763504192
2184.0064902691106 101.988494288880531
2215.7735961758003 102.277633604329552
2248.002765277899 102.555970189888171
2280.7007184393456 102.877376597509681
2313.874274281297 103.242502454875392
2347.530350604038 103.559829393708142
2381.6759658295764 103.814439535542249
2416.318240465218 104.055272856757085
2451.4643985884327 104.253172389810715
2487.1217693533167 104.425041658389574
2523.2977885189675 104.596420764764005
2560.0000000000887 104.742774852099117
2597.236057440151 104.865062930634423
2635.0137258074315 104.995432918005918
2673.340883014273 105.077815973075246
2712.225521559891 105.074878274762369
2751.6757501970797 105.021490703273074
2791.699795623158 104.953630614354537
2832.3060041955137 104.882522127479945
2873.502843672097 104.839998631203912
2915.2989049772345 104.775868298311622
2957.7029039931244 104.667372951039368
3000.723683377391 104.553198385897304
3044.370214407075 104.428978245705792
3088.6515988494466 104.294808233727366
3133.57707086003 104.138110072459256
3179.1559989082334 103.915532936883579
3225.3978877309914 103.777603067463545
3272.3123803148205 103.660857185782902
3319.9092599067053 103.507744094244941
3368.198452054235 103.362710152294426
3417.190026675413 103.251993884912963
3466.8942001585724 103.112351436583282
3517.3213374928373 102.927286515389540
3568.4819544295697 102.711076645352904
3620.386719675257 102.491060560534578
3673.0464571162966 102.313536263685890
3726.472148076138 102.155399553818697
3780.6749336052594 101.965663759910825
3835.6661168044484 101.743561980480365
3891.45716518188 101.529600976358864
3948.059713044477 101.371540085218058
4005.4855639240527 101.197706487186451
4063.746693038744 100.982825726588004
4122.855249790247 100.715071763624593
4182.823560297375 100.436090728593356
4243.664129966465 100.222127531361366
4305.389646099183 100.009562392740634
4368.012980538242 99.782958246992607
4431.5471923516225 99.567640346879784
4496.00553055582 99.335073636411693
4561.401436878714 99.060815919294100
4627.748548562617 98.827240249261010
4695.060701208099 98.620913455026283
4763.351931659176 98.431318719867377
4832.63648093046 98.251031297308856
4902.928797176889 98.100277978684176
4974.243538706657 97.984396253903014
5046.595577037959 97.873739268902284
5120.000000000202 97.761155507230228
5194.472114880326 97.614385945365186
5270.027451614888 97.475392296887520
5346.6817660285715 97.343438576463654
5424.451043119808 97.142523880668094
5503.351500394186 96.932111354861121
5583.399591246343 96.749374371675131
5664.612008391055 96.520426557156568
5747.005687344222 96.325836954761641
5830.597809954497 96.203816059404318
5915.405807986278 96.106171141793851
6001.447366754812 96.070890421882098
6088.740428814181 96.102670641709125
6177.303197698925 96.228757811105780
6267.154141720092 96.501372350010683
6358.3119978165005 96.800930229856306
6450.795775462017 96.997687089126885
6544.624760629676 97.014932606921604
6639.818519813445 96.785313806925046
6736.396904108505 96.351951379845104
6834.380053350861 95.951703092561559
6933.788400317181 95.689977731782548
7034.642674985712 95.708858225497465
7136.963908859177 96.067715835015193
7240.773439350552 96.630581067558083
7346.092914232631 97.215857713674012
7452.944296152315 97.628676157567270
7561.349867210557 97.859862116079697
7671.332233608935 97.937424895630841
7782.914330363799 97.865307912845651
7896.119426088994 97.668718974322644
8010.971127848146 97.338134817608704
8127.49338607753 96.896594871304004
8245.710499580537 96.429133777787541
8365.647120594791 95.909789982903305
8487.328259932974 95.325398369967203
8610.77929219841 94.689605997283735
8736.025961076528 94.062894673682592
8863.094384703289 93.452504715895373
8992.011061111683 92.781908758422119
9122.802873757471 92.056142348084364
9255.497097125279 91.371777729289192
9390.121402416245 90.732319909605025
9526.7038633184 90.094215599683693
9665.272961860968 89.440179297230301
9805.857594353829 88.801121644350104
9948.487077413367 88.200863634735683
10093.19115407597 87.666575505031815
10240.000000000457 87.174402213123543
10388.944229760706 86.752635969334946
10540.05490322983 86.706144257017584
10693.363532057198 87.546767637844823
10848.902086239672 89.046675099187041
11006.703000788428 90.286014466591226
11166.799182492743 90.997859397910574
11329.224016782166 91.400677994789532
11494.0113746885 91.752556201935207
11661.195619909053 92.196811839999953
11830.811615972614 92.796236363124109
12002.894733509682 93.626845605311701
12177.48085762842 94.682907789041764
12354.606395397908 95.816174144088222
12534.308283440243 96.809306227453391
12716.62399563306 97.434559409303631
12901.591550924093 97.558253706328344
13089.249521259411 97.158979656641804
13279.637039626952 96.455904675587533
13472.793808217073 95.642122568619982
13668.760106701786 94.828189374076658
13867.576800634426 94.022003118258510
14069.285349971487 93.141864652961914
14273.927817718419 92.123451988898992
14481.54687870117 91.006605211110099
14692.18582846533 89.804979868606097
14905.888592304698 88.560984759860560
15122.699734421185 87.329469478497160
15342.664467217943 86.112645925093545
15565.828660727671 84.874754400532026
15792.238852178061 83.647878780103383
16021.942255696367 82.597451894053705
16254.986772155136 81.803986606696114
16491.42099916115 81.335916374104841
16731.294241189662 81.208417696866377
16974.65651986603 81.371267239253200
17221.558584396902 81.914183037936141
17472.051922153143 82.670209129464979
17726.188769406665 82.761049102537413
17984.022122223458 81.260211026691451
18245.605747515034 78.240196953606144
18510.99419425065 76.948165995491635
18780.242804832582 76.027239718014442
19053.40772663689 73.644958022612059
19330.545923722028 70.054766498815582
19611.71518870775 66.853671987163466
19896.974154826825 64.643808693107800
20186.382308152035 60.534446421344860
