20 106.739499999999992
20.290906698750476 106.843741914525310
20.586044732869844 106.948069155383493
20.885475648548283 107.051964891496738
21.189261887185914 107.154866612275868
21.49746679841394 107.256176788676498
21.810154653305165 107.357699014796054
22.12739065777668 107.456831865588555
22.449240966187475 107.555690172612017
22.77577269513385 107.651842431937467
23.107053937445478 107.742298845044743
23.44315377638505 107.822039583830190
23.784142300054445 107.886113657384044
24.130090616010463 107.940212746950621
24.481070866093134 107.987086547494130
24.837156241469714 108.030772905345373
25.1984209978975 108.070830257273983
25.56494047120865 108.108581736147187
25.936791093020236 108.143298259031695
26.3140504066728 108.174743816990969
26.69679708340074 108.202775795838050
27.08511093873791 108.228106619302224
27.47907294916184 108.250000154767832
27.878765268980047 108.269044437104100
28.284271247461966 108.284165222413705
28.695675446220072 108.296391886155504
29.11306365684382 108.305922082166347
29.536522918790062 108.312792183350325
29.966141537533712 108.316229132300265
30.402009102982383 108.315989954518585
30.844216508158908 108.313057841313025
31.29285596815558 108.307366090517476
31.74802103936409 108.298791558173349
32.20980663898519 108.287835220747397
32.67830906482211 108.274115800860869
33.153626015361866 108.257815837431622
33.63585661014871 108.239294022373770
34.125101410453844 108.218745740760937
34.62146244024586 108.198384427270668
35.12504320746613 108.180873919813337
35.635948725613716 108.169596717841401
36.15428553564419 108.162802859107927
36.68016172818701 108.156838059261759
37.21368696608603 108.150222069440886
37.754972507267915 108.142311171936058
38.30413122794313 108.133125655897018
38.86127764614443 108.122774463045189
39.4265279456077 108.111469442924644
40.000000000000206 108.099000000000004
40.58181339750116 108.084939462691935
41.1720894657399 108.069721044363149
41.77095129709678 108.053298814492550
42.37852377437204 108.035970744345448
42.9949335968281 108.017651942601631
43.62030930661056 107.998023557672866
44.25478131555359 107.977271529958188
44.89848193237519 107.955468545538992
45.55154539026795 107.933159095834583
46.21410787489121 107.909506257733000
46.88630755277036 107.886040853846652
47.56828460010916 107.862756366344456
48.260181232021196 107.839953872111295
48.962141732186545 107.816199573705774
49.674312482939705 107.792127693925210
50.39684199579528 107.767358539342723
51.129880942417586 107.741718518887211
51.873582186040764 107.715157798130264
52.628100813345895 107.688248925085702
53.393594166801776 107.660978190280417
54.17022187747612 107.633013328730044
54.95814589832399 107.604310423260443
55.75753053796041 107.575289528985849
56.56854249492426 107.545748198935257
57.39135089244048 107.516107043318357
58.226127313687975 107.486698607677766
59.073045837580466 107.457662533197436
59.932283075067765 107.430166941597832
60.804018205965114 107.402370811421406
61.68843301631817 107.374077827947389
62.58571193631152 107.345705448536876
63.49604207872855 107.316874674520051
64.41961327797075 107.287572375104929
65.35661812964459 107.257766528916193
66.3072520307241 107.227360682986102
67.27171322029778 107.195533463730172
68.25020282090806 107.162993104089125
69.2429248804921 107.129119091623025
70.25008641493265 107.093746802647502
71.27189745122783 107.055395999402123
72.30857107128878 107.014811442684092
73.36032345637442 106.973087061745019
74.42737393217246 106.929977668780921
75.50994501453623 106.885677193182744
76.60826245588666 106.840541320198582
77.72255529228926 106.794341014876522
78.85305589121582 106.747811562766259
80.00000000000082 106.700499999999963
81.16362679500274 106.653469966126892
82.34417893148023 106.607112966273547
83.541902594194 106.562129108303282
84.75704754874454 106.517807048375630
85.98986719365665 106.472704778827875
87.24061861322157 106.427377613112114
88.50956263110764 106.381146182649019
89.79696386475084 106.333512337004208
91.10309078053635 106.285093614622468
92.42821574978288 106.234733317066002
93.77261510554118 106.181584979468994
95.13656920021877 106.125195794480192
96.52036246404286 106.065953238992194
97.92428346437356 106.004070473734544
99.34862496587989 105.940311949815282
100.79368399159105 105.875019659047865
102.25976188483567 105.808304207259170
103.74716437208203 105.740343963213448
105.25620162669229 105.671703405919757
106.78718833360406 105.603101317210218
108.34044375495276 105.533680031027131
109.9162917966485 105.463053159153716
111.51506107592134 105.390668604859869
113.13708498984903 105.315751978662036
114.78270178488147 105.237912232171681
116.45225462737648 105.154557111293741
118.14609167516147 105.066852573387209
119.86456615013608 104.971014500099727
121.60803641193078 104.872397887321256
123.3768660326369 104.771649691618705
125.17142387262359 104.670014545714835
126.99208415745765 104.569763427444798
128.83922655594208 104.472199445646950
130.71323625928977 104.376624950776232
132.61450406144883 104.285040065204072
134.5434264405962 104.199719515935556
136.50040564181674 104.121985396894587
138.48584976098482 104.053667432050943
140.50017282986593 103.999329991955932
142.5437949024563 103.959819965219168
144.61714214257822 103.934424293038575
146.7206469127495 103.923617412348989
148.8547478643456 103.923480445301550
151.01989002907314 103.934771054250035
153.216524911774 103.957961263711908
155.4451105845792 103.991922968405504
157.70611178243232 104.032086345014335
160.00000000000236 104.072000000000031
162.3272535900062 104.104581550260093
164.6883578629612 104.121005490322958
167.08380518838874 104.117582106510184
169.51409509748981 104.097970325103091
171.97973438731407 104.065783718577592
174.4812372264439 104.022837729924021
177.01912526221608 103.971502194545906
179.5939277295025 103.911664520037846
182.20618156107355 103.844198043099880
184.85643149956664 103.769106059112403
187.54523021108326 103.685516449076474
190.27313840043846 103.595604039024920
193.04072492808663 103.499966482531349
195.84856692874806 103.400621303950814
198.69724993176072 103.299117352415664
201.58736798318304 103.198235804580179
204.5195237696723 103.097329683907915
207.49432874416505 102.995692822698388
210.5124032533856 102.893330356593793
213.57437666720915 102.789471193314881
216.68088750990657 102.685190268418125
219.83258359329807 102.581899179116135
223.03012215184378 102.483323743830795
226.2741699796992 102.388686155578569
229.5654035697641 102.296596267308232
232.90450925475412 102.204141910618461
236.2921833503241 102.108026682840602
239.72913230027333 102.008355163292080
243.21607282386276 101.910436124785534
246.75373206527502 101.819341399319171
250.34284774524843 101.736257341381631
253.9841683149166 101.659334444347394
257.67845311188546 101.586350551040255
261.42647251858085 101.513183785887662
265.22900812289896 101.441992357849273
269.08685288119375 101.374595878420706
273.0008112836349 101.312237627924560
276.97169952197106 101.250831345208212
281.00034565973334 101.182993432465054
285.0875898049141 101.105108060213851
289.23428428515797 101.015539459440589
293.44129382550057 100.920194371396036
297.7094957286928 100.821368749521469
302.0397800581479 100.719555223618983
306.4330498235497 100.614201295930883
310.89022116916016 100.507620969586299
315.41222356486645 100.404178415711868
320.00000000000654 100.305999999999869
324.6545071800142 100.211048053527719
329.3767157259242 100.112088969755590
334.16761037677935 100.007729332748539
339.02819019498156 99.901282634729910
343.95946877463007 99.797643049487704
348.9624744528898 99.697939253278065
354.03825052443415 99.599157939825972
359.187855459007 99.500930746278868
364.4123631221491 99.405636227489111
369.71286299913527 99.310639752315481
375.0904604221685 99.206516332171020
380.54627680087896 99.086878073009302
386.08144985617537 98.960310363336731
391.6971338574982 98.833020917340207
397.3944998635236 98.707497152906953
403.1747359663683 98.588769842003160
409.0390475393468 98.477290636368537
414.9886574883323 98.372194713116969
421.0248065067734 98.266485598093340
427.1487533344206 98.154673686646021
433.3617750198154 98.038791235058341
439.6651671865984 97.927501788743058
446.06024430368984 97.817617411710742
452.54833995940066 97.705423386694250
459.13080713953053 97.599767546990108
465.8090185095106 97.502808577285094
472.58436670065066 97.412575778127206
479.45826460054917 97.336098906523048
486.432145647728 97.282577482419313
493.50746413055253 97.254829418943672
500.6856954904994 97.239628567904475
507.9683366298358 97.240994063118094
515.3569062237735 97.264284531118861
522.8529450371643 97.301871343315469
530.4580162458005 97.340360690998551
538.1737057623901 97.371558339950525
546.0016225672724 97.397363401330907
553.9433990439449 97.430095532779490
562.0006913194694 97.468402903541772
570.1751796098309 97.502455466985552
578.4685685703187 97.524018278282824
586.8825876510039 97.521461541731554
595.4189914573883 97.494114538441750
604.0795601162986 97.454377061954858
612.8660996471021 97.416188022865370
621.780442338323 97.386674355675154
630.8244471297356 97.370257997583252
640.0000000000159 97.362000000000009
649.3090143600314 97.368981760770026
658.7534314518515 97.389195220766666
668.3352207535618 97.410754246695518
678.0563803899662 97.426987389604449
687.9189375492632 97.439502725059114
697.9249489057827 97.459038640147426
708.0765010488715 97.490152453461278
718.3757109180171 97.531259200309776
728.8247262443015 97.578152504411577
739.425725998274 97.623088049192745
750.1809208443404 97.664648299692217
761.0925536017613 97.703748317072979
772.1628997123541 97.746478956574919
783.3942677149998 97.794305635365760
794.7889997270506 97.849010748612500
806.34947193274 97.904601746358395
818.0780950786972 97.952942197213645
829.9773149766683 97.994963426461283
842.0496130135506 98.035167443920727
854.2975066688449 98.077936587230298
866.7235500396347 98.125212525157025
879.3303343732008 98.174238753899516
892.1204886073838 98.221845807847316
905.0966799188055 98.271386719675220
918.2616142790653 98.325250613708391
931.6180370190256 98.382008467158883
945.1687334013056 98.439668419730495
958.9165292011028 98.497152205004596
972.8642912954606 98.555546451969434
987.0149282611097 98.619953515051265
1001.3713909810035 98.691539807035809
1015.9366732596762 98.766495590718279
1030.7138124475518 98.845400475159835
1045.7058900743334 98.926955922890244
1060.916032491606 99.007007644287455
1076.3474115247852 99.091725159408782
1092.0032451345498 99.181769065165483
1107.8867980878947 99.275186017235370
1124.0013826389438 99.370563697762663
1140.350359219667 99.467004223683858
1156.9371371406426 99.567699444921274
1173.765175302013 99.672752992550329
1190.837982914782 99.778570011230499
1208.1591202326028 99.884417390016893
1225.73219929421 99.994986333541206
1243.5608846766518 100.110003479027313
1261.648894259477 100.226441219735960
1280.0000000000375 100.344500000000238
1298.6180287200684 100.470570651618743
1317.5068629037087 100.599048040325954
1336.6704415071292 100.733193090549889
1356.112760779938 100.871706239576554
1375.8378750985323 101.014720541341831
1395.8498978115715 101.160704254024466
1416.153002097749 101.309724565418463
1436.7514218360407 101.461966878224402
1457.6494524886093 101.617299970316168
1478.8514519965543 101.772961541494979
1500.3618416886875 101.929098023324784
1522.1851072035295 102.085789069721343
1544.3257994247153 102.242440143938495
1566.788535430007 102.397333582341247
1589.5779994541087 102.548548556440792
1612.6989438654878 102.697011304107193
1636.156190157402 102.845953369401073
1659.9546299533442 102.998107816899534
1684.099226027109 103.153599015614589
1708.5950133376978 103.309804783493988
1733.4471000792773 103.462337890467737
1758.6606687464096 103.606767611230609
1784.2409772147755 103.739911149263804
1810.193359837619 103.860127580105001
1836.5232285581387 103.966135945665116
1863.2360740380593 104.057296550998743
1890.3374668026197 104.132650416342599
1917.833058402214 104.193379439140514
1945.7285825909298 104.239507445538209
1974.0298565222283 104.268107468000451
2002.7427819620161 104.272217191724692
2031.8733465193618 104.252345651502736
2061.4276248951132 104.217929943902078
2091.411780148677 104.173464672680353
2121.832064983222 104.106916019671559
2152.694823049581 104.020795810173055
2184.0064902691106 103.933482963043588
2215.7735961758003 103.850882989847321
2248.002765277899 103.766759154328383
2280.7007184393456 103.676146261833225
2313.874274281297 103.579339652965487
2347.530350604038 103.478324603167749
2381.6759658295764 103.372491657209707
2416.318240465218 103.268221043999716
2451.4643985884327 103.167826464022966
2487.1217693533167 103.062207877827262
2523.2977885189675 102.949694410878237
2560.0000000000887 102.835499999999740
2597.236057440151 102.720930024807544
2635.0137258074315 102.609211338975740
2673.340883014273 102.503979615861454
2712.225521559891 102.403065770740938
2751.6757501970797 102.312625508934033
2791.699795623158 102.228222924081962
2832.3060041955137 102.145418811483097
2873.502843672097 102.062259284219081
2915.2989049772345 101.976413332398494
2957.7029039931244 101.886246872574503
3000.723683377391 101.795751646174011
3044.370214407075 101.722828579618294
3088.6515988494466 101.682241620632809
3133.57707086003 101.673447133857508
3179.1559989082334 101.693868279312184
3225.3978877309914 101.729604120080580
3272.3123803148205 101.773143008905379
3319.9092599067053 101.820108352505770
3368.198452054235 101.870882266300754
3417.190026675413 101.924721428275944
3466.8942001585724 101.974535838141122
3517.3213374928373 102.014392802495706
3568.4819544295697 102.041392781771833
3620.386719675257 102.056854140754538
3673.0464571162966 102.061230464571167
3726.472148076138 102.065735543692185
3780.6749336052594 102.094916373558647
3835.6661168044484 102.158518911272807
3891.45716518188 102.300929541724656
3948.059713044477 102.497269629623020
4005.4855639240527 102.757876419868154
4063.746693038744 103.037328455304191
4122.855249790247 103.309729986601553
4182.823560297375 103.565975755780045
4243.664129966465 103.813249213935137
4305.389646099183 104.058712262860098
4368.012980538242 104.298899650558781
4431.5471923516225 104.526311401255796
4496.00553055582 104.744585240116635
4561.401436878714 104.960694813543697
4627.748548562617 105.183797063779053
4695.060701208099 105.416459419167950
4763.351931659176 105.647963213785971
4832.63648093046 105.858602120800583
4902.928797176889 106.014742246306639
4974.243538706657 106.114531361771327
5046.595577037959 106.145406891842725
5120.000000000202 106.126857142857034
5194.472114880326 106.059627699741341
5270.027451614888 105.950956077416180
5346.6817660285715 105.810219990018211
5424.451043119808 105.649065272194122
5503.351500394186 105.485129424191911
5583.399591246343 105.345598179552951
5664.612008391055 105.262756732825650
5747.005687344222 105.241666109032138
5830.597809954497 105.281373897556321
5915.405807986278 105.364484214545314
6001.447366754812 105.455976972559498
6088.740428814181 105.510248632687734
6177.303197698925 105.508273743761151
6267.154141720092 105.450534839380666
6358.3119978165005 105.349693122707549
6450.795775462017 105.225616019966623
6544.624760629676 105.090124725677526
6639.818519813445 104.950267683275172
6736.396904108505 104.808178535481034
6834.380053350861 104.668415027709585
6933.788400317181 104.544191121668547
7034.642674985712 104.456466168882642
7136.963908859177 104.428338323138945
7240.773439350552 104.484035314498584
7346.092914232631 104.642490474176896
7452.944296152315 104.906538458841709
7561.349867210557 105.256446413003403
7671.332233608935 105.648652379343531
7782.914330363799 106.048655536080275
7896.119426088994 106.424007528629005
8010.971127848146 106.744956472494820
8127.49338607753 106.999268899831975
8245.710499580537 107.177049251292260
8365.647120594791 107.253333068974541
8487.328259932974 107.229801522020111
8610.77929219841 107.117067029338230
8736.025961076528 106.938869849046142
8863.094384703289 106.710366945448811
8992.011061111683 106.428469146369125
9122.802873757471 106.094637066244800
9255.497097125279 105.747729820524341
9390.121402416245 105.438172850147367
9526.7038633184 105.164537337751838
9665.272961860968 104.876591075154494
9805.857594353829 104.532969658343291
9948.487077413367 104.126468042114794
10093.19115407597 103.686645705707775
10240.000000000457 103.263999999998731
10388.944229760706 102.899463772855569
10540.05490322983 102.633854287292280
10693.363532057198 102.453059797451573
10848.902086239672 102.315422247558672
11006.703000788428 102.176800746167885
11166.799182492743 102.062250510942036
11329.224016782166 102.104676185982385
11494.0113746885 102.363698365505954
11661.195619909053 102.982681696748614
11830.811615972614 103.772974426859861
12002.894733509682 104.750207977027088
12177.48085762842 105.760504293651664
12354.606395397908 106.662455203732918
12534.308283440243 107.358842513324618
12716.62399563306 107.729948794759679
12901.591550924093 107.846544909721928
13089.249521259411 107.877106350605104
13279.637039626952 107.950055909149114
13472.793808217073 108.158571148900421
13668.760106701786 108.585717516904310
13867.576800634426 109.239049522474261
14069.285349971487 110.019015281058216
14273.927817718419 110.797338800055726
14481.54687870117 111.231000124006911
14692.18582846533 111.032839519213866
14905.888592304698 110.300473482705030
15122.699734421185 109.216817079805153
15342.664467217943 108.033057927844141
15565.828660727671 106.986040472450895
15792.238852178061 106.234132155262074
16021.942255696367 105.867013595210182
16254.986772155136 105.968056692286638
16491.42099916115 106.563398075887775
16731.294241189662 107.320053098500750
16974.65651986603 107.648189197759763
17221.558584396902 106.965524475410774
17472.051922153143 105.060724003697430
17726.188769406665 102.212781672732021
17984.022122223458 98.955090118628704
18245.605747515034 95.760021995266897
18510.99419425065 92.920332367859146
18780.242804832582 90.545481607402451
19053.40772663689 88.659189348964361
19330.545923722028 87.205099669353118
19611.71518870775 85.620628894510730
19896.974154826825 82.756073768486203
20186.382308152035 81.449500000000000
