20 101.254500000000007
20.290906698750476 101.279711997931699
20.586044732869844 101.304337064948939
20.885475648548283 101.327386466388703
21.189261887185914 101.349230366147111
21.49746679841394 101.367495185906677
21.810154653305165 101.383457002113715
22.12739065777668 101.397095626311071
22.449240966187475 101.409723428071800
22.77577269513385 101.421025731590234
23.107053937445478 101.431711628828793
23.44315377638505 101.441317447978776
23.784142300054445 101.450333735376432
24.130090616010463 101.459035457825109
24.481070866093134 101.467526774018467
24.837156241469714 101.475971706804202
25.1984209978975 101.483468419957944
25.56494047120865 101.489974113253410
25.936791093020236 101.495380881874610
26.3140504066728 101.500330580846452
26.69679708340074 101.503237989062754
27.08511093873791 101.503691482797166
27.47907294916184 101.500709273531555
27.878765268980047 101.495666977551537
28.284271247461966 101.488883117545683
28.695675446220072 101.480108113844494
29.11306365684382 101.469334217608377
29.536522918790062 101.457258220761133
29.966141537533712 101.442651187723854
30.402009102982383 101.425416287654770
30.844216508158908 101.406690555744447
31.29285596815558 101.387062551393200
31.74802103936409 101.366839053228617
32.20980663898519 101.346688121162629
32.67830906482211 101.327189328342286
33.153626015361866 101.307854959385537
33.63585661014871 101.288565735594062
34.125101410453844 101.268620639350473
34.62146244024586 101.246426877987716
35.12504320746613 101.220497580381902
35.635948725613716 101.190935230286343
36.15428553564419 101.157662869111846
36.68016172818701 101.122068840755105
37.21368696608603 101.084828225407890
37.754972507267915 101.045923458151265
38.30413122794313 101.005794363132210
38.86127764614443 100.964706630508971
39.4265279456077 100.923372650693253
40.000000000000206 100.884500000000003
40.58181339750116 100.851530464243140
41.1720894657399 100.826662974779296
41.77095129709678 100.807419846991422
42.37852377437204 100.789557512954090
42.9949335968281 100.773214172795846
43.62030930661056 100.764863322361776
44.25478131555359 100.764792542175741
44.89848193237519 100.765415401328312
45.55154539026795 100.757416822417738
46.21410787489121 100.736865188513860
46.88630755277036 100.705753036379008
47.56828460010916 100.668000479135770
48.260181232021196 100.627509546542768
48.962141732186545 100.587395037213838
49.674312482939705 100.548598651641157
50.39684199579528 100.509425636390930
51.129880942417586 100.465793333996970
51.873582186040764 100.415315596260513
52.628100813345895 100.361230287453623
53.393594166801776 100.310146330487044
54.17022187747612 100.267546660709471
54.95814589832399 100.234655930054970
55.75753053796041 100.204941072589051
56.56854249492426 100.173258300203031
57.39135089244048 100.138976236178834
58.226127313687975 100.100967507001911
59.073045837580466 100.057080726826385
59.932283075067765 100.005096873958394
60.804018205965114 99.946218655984353
61.68843301631817 99.883771328423492
62.58571193631152 99.818294852525781
63.49604207872855 99.751292886174085
64.41961327797075 99.683578037347118
65.35661812964459 99.616358421860056
66.3072520307241 99.549492357849317
67.27171322029778 99.482523501019756
68.25020282090806 99.416111309588700
69.2429248804921 99.348738183246041
70.25008641493265 99.278368734917393
71.27189745122783 99.204151486060368
72.30857107128878 99.128165740724626
73.36032345637442 99.050155902500109
74.42737393217246 98.970446955087056
75.50994501453623 98.889891461156594
76.60826245588666 98.809479335160489
77.72255529228926 98.728993175531855
78.85305589121582 98.647631550344386
80.00000000000082 98.563999999999936
81.16362679500274 98.475273235064122
82.34417893148023 98.380525587756580
83.541902594194 98.280640676392949
84.75704754874454 98.176853470866433
85.98986719365665 98.073923306667581
87.24061861322157 97.976452368323635
88.50956263110764 97.883327428278761
89.79696386475084 97.792780208179195
91.10309078053635 97.701283452321093
92.42821574978288 97.608997276656012
93.77261510554118 97.511001418437957
95.13656920021877 97.401119204863107
96.52036246404286 97.288842297250000
97.92428346437356 97.194633133451987
99.34862496587989 97.136241602678581
100.79368399159105 97.127114033263254
102.25976188483567 97.161617697662138
103.74716437208203 97.231661357908408
105.25620162669229 97.327898923350432
106.78718833360406 97.444574235577932
108.34044375495276 97.581381121292281
109.9162917966485 97.731838561846430
111.51506107592134 97.883143213603844
113.13708498984903 98.012965375688083
114.78270178488147 98.117776944841950
116.45225462737648 98.188750380948932
118.14609167516147 98.244803755111207
119.86456615013608 98.271902796523534
121.60803641193078 98.284940052816964
123.3768660326369 98.269764373212126
125.17142387262359 98.236471566403054
126.99208415745765 98.180277054488982
128.83922655594208 98.112509943334246
130.71323625928977 98.039958996247492
132.61450406144883 97.964419837542039
134.5434264405962 97.887127085765997
136.50040564181674 97.808733977148236
138.48584976098482 97.730916246642337
140.50017282986593 97.654410243156661
142.5437949024563 97.578455622792035
144.61714214257822 97.500452884117664
146.7206469127495 97.419927158550422
148.8547478643456 97.339061480300600
151.01989002907314 97.260915782999888
153.216524911774 97.189077472576201
155.4451105845792 97.126139301736274
157.70611178243232 97.071877764351356
160.00000000000236 97.025999999999954
162.3272535900062 96.981316731071885
164.6883578629612 96.931169141732624
167.08380518838874 96.874071914440989
169.51409509748981 96.812841984523757
171.97973438731407 96.750610693439683
174.4812372264439 96.688761564229480
177.01912526221608 96.629156293916594
179.5939277295025 96.570677233313234
182.20618156107355 96.510757824095307
184.85643149956664 96.448388216610226
187.54523021108326 96.382378290765132
190.27313840043846 96.314616912308949
193.04072492808663 96.244765586826603
195.84856692874806 96.173955540167043
198.69724993176072 96.105463251569503
201.58736798318304 96.042958956344748
204.5195237696723 95.989687619685242
207.49432874416505 95.949562383814182
210.5124032533856 95.923169378853004
213.57437666720915 95.907989681664759
216.68088750990657 95.903484001551362
219.83258359329807 95.900167416406703
223.03012215184378 95.891667164082435
226.2741699796992 95.876871093441594
229.5654035697641 95.852476771441872
232.90450925475412 95.817534483073501
236.2921833503241 95.770861589313597
239.72913230027333 95.716300024733158
243.21607282386276 95.655529661861522
246.75373206527502 95.590525173300563
250.34284774524843 95.523571604776592
253.9841683149166 95.455296844095301
257.67845311188546 95.385109390874177
261.42647251858085 95.314325331211791
265.22900812289896 95.242791975741738
269.08685288119375 95.171922172658313
273.0008112836349 95.100985396894572
276.97169952197106 95.029752333485021
281.00034565973334 94.958293881822726
285.0875898049141 94.885984696374976
289.23428428515797 94.814246881866779
293.44129382550057 94.741809746201398
297.7094957286928 94.670293320476574
302.0397800581479 94.599098601547837
306.4330498235497 94.528476711127126
310.89022116916016 94.461146682462598
315.41222356486645 94.397805983082691
320.00000000000654 94.339999999999932
324.6545071800142 94.290662223891843
329.3767157259242 94.250235587902239
334.16761037677935 94.220827859814676
339.02819019498156 94.204318248434561
343.95946877463007 94.198332424980293
348.9624744528898 94.196311257664135
354.03825052443415 94.191961749475567
359.187855459007 94.177180076985280
364.4123631221491 94.144495930769381
369.71286299913527 94.089129793309425
375.0904604221685 94.015059094704029
380.54627680087896 93.928155733814577
386.08144985617537 93.839696802301191
391.6971338574982 93.755130133869713
397.3944998635236 93.675589851733250
403.1747359663683 93.609694395014188
409.0390475393468 93.558973413262947
414.9886574883323 93.528286863162919
421.0248065067734 93.520876633683883
427.1487533344206 93.534385641116359
433.3617750198154 93.575043233518272
439.6651671865984 93.644218280680050
446.06024430368984 93.732060290504734
452.54833995940066 93.829744435374778
459.13080713953053 93.931232453009898
465.8090185095106 94.033904950479169
472.58436670065066 94.135610590981088
479.45826460054917 94.227865202449806
486.432145647728 94.302991812782963
493.50746413055253 94.356841162112687
500.6856954904994 94.397028502121216
507.9683366298358 94.423883241322528
515.3569062237735 94.438458879430556
522.8529450371643 94.447746326907520
530.4580162458005 94.454486642261173
538.1737057623901 94.462748151089130
546.0016225672724 94.474288611727275
553.9433990439449 94.489372647848882
562.0006913194694 94.509002073958413
570.1751796098309 94.533718236400318
578.4685685703187 94.567721131138313
586.8825876510039 94.605659903194606
595.4189914573883 94.648449705151279
604.0795601162986 94.695192553146910
612.8660996471021 94.745153862243953
621.780442338323 94.797214019410177
630.8244471297356 94.854606240482198
640.0000000000159 94.917000000000115
649.3090143600314 94.981697649802214
658.7534314518515 95.049524706453326
668.3352207535618 95.123097960840113
678.0563803899662 95.206493328412193
687.9189375492632 95.295958278575768
697.9249489057827 95.389098272269081
708.0765010488715 95.482803809649624
718.3757109180171 95.579650468175259
728.8247262443015 95.681041080881954
739.425725998274 95.783929542183245
750.1809208443404 95.883090595756499
761.0925536017613 95.979022033748805
772.1628997123541 96.071821124522330
783.3942677149998 96.162654141719997
794.7889997270506 96.250983247930137
806.34947193274 96.336533671512370
818.0780950786972 96.419579119775591
829.9773149766683 96.499086806582710
842.0496130135506 96.574972613583554
854.2975066688449 96.649785040013072
866.7235500396347 96.723251250228657
879.3303343732008 96.795682905927237
892.1204886073838 96.869061484302577
905.0966799188055 96.943593547869853
918.2616142790653 97.018161372490141
931.6180370190256 97.094180982802072
945.1687334013056 97.171622822607404
958.9165292011028 97.248040910606065
972.8642912954606 97.326425031555104
987.0149282611097 97.409665344315812
1001.3713909810035 97.492408354657130
1015.9366732596762 97.576557594674085
1030.7138124475518 97.664180901478517
1045.7058900743334 97.751542322603299
1060.916032491606 97.836507644287451
1076.3474115247852 97.920731108516350
1092.0032451345498 98.004767442598194
1107.8867980878947 98.091590331111348
1124.0013826389438 98.199344855324540
1140.350359219667 98.339503592196678
1156.9371371406426 98.500326180758691
1173.765175302013 98.653128491308721
1190.837982914782 98.763902629243603
1208.1591202326028 98.865720938405559
1225.73219929421 98.964939119507562
1243.5608846766518 99.075499378623789
1261.648894259477 99.201042259816347
1280.0000000000375 99.324000000000211
1298.6180287200684 99.425601242443804
1317.5068629037087 99.527283628228176
1336.6704415071292 99.619101358196559
1356.112760779938 99.711132794685199
1375.8378750985323 99.803146119208179
1395.8498978115715 99.895805777378513
1416.153002097749 99.989303809649641
1436.7514218360407 100.084900468175277
1457.6494524886093 100.184829328144417
1478.8514519965543 100.288063998623386
1500.3618416886875 100.391773024274571
1522.1851072035295 100.498707025297307
1544.3257994247153 100.609515513112072
1566.788535430007 100.719928052898439
1589.5779994541087 100.830849077346983
1612.6989438654878 100.942454930554334
1636.156190157402 101.054826588952380
1659.9546299533442 101.168184945978851
1684.099226027109 101.281720408765779
1708.5950133376978 101.394693260819906
1733.4471000792773 101.508694544367842
1758.6606687464096 101.626031929733188
1784.2409772147755 101.745008495187960
1810.193359837619 101.864185588056301
1836.5232285581387 101.984315457653949
1863.2360740380593 102.105591776132798
1890.3374668026197 102.228325349947852
1917.833058402214 102.351178779305826
1945.7285825909298 102.473376620096460
1974.0298565222283 102.597250771567360
2002.7427819620161 102.722248249403975
2031.8733465193618 102.846836832939317
2061.4276248951132 102.970448437062970
2091.411780148677 103.095264768940424
2121.832064983222 103.219282458308300
2152.694823049581 103.341961921622087
2184.0064902691106 103.466525961076442
2215.7735961758003 103.594777404416391
2248.002765277899 103.726711475903286
2280.7007184393456 103.864191434596506
2313.874274281297 104.007853093123643
2347.530350604038 104.152503990067160
2381.6759658295764 104.294642409474136
2416.318240465218 104.433641137814348
2451.4643985884327 104.564808444883070
2487.1217693533167 104.690784741446379
2523.2977885189675 104.812756369182054
2560.0000000000887 104.932250000000295
2597.236057440151 105.047708172320455
2635.0137258074315 105.158038432260810
2673.340883014273 105.259227490648726
2712.225521559891 105.351136998150423
2751.6757501970797 105.429475819129379
2791.699795623158 105.495427178106468
2832.3060041955137 105.548559445202443
2873.502843672097 105.590712445558012
2915.2989049772345 105.620996463438843
2957.7029039931244 105.639155435598980
3000.723683377391 105.645418585620035
3044.370214407075 105.639543261864304
3088.6515988494466 105.620974765618428
3133.57707086003 105.592111910240732
3179.1559989082334 105.551718681059015
3225.3978877309914 105.501022534722807
3272.3123803148205 105.440708915165544
3319.9092599067053 105.372038832342753
3368.198452054235 105.296336523151595
3417.190026675413 105.214589353584785
3466.8942001585724 105.126921497712971
3517.3213374928373 105.035301952388096
3568.4819544295697 104.942417301571055
3620.386719675257 104.849915506174796
3673.0464571162966 104.757860093759973
3726.472148076138 104.667556234193611
3780.6749336052594 104.580296532906033
3835.6661168044484 104.494687502457225
3891.45716518188 104.409911930380019
3948.059713044477 104.323946810813709
4005.4855639240527 104.233585958623408
4063.746693038744 104.138693066718105
4122.855249790247 104.039074694111818
4182.823560297375 103.935901630372854
4243.664129966465 103.836818416911768
4305.389646099183 103.742492370082914
4368.012980538242 103.652348061228508
4431.5471923516225 103.569928272745400
4496.00553055582 103.494593639860796
4561.401436878714 103.429564462148548
4627.748548562617 103.372946873530125
4695.060701208099 103.327001461461137
4763.351931659176 103.290659227336334
4832.63648093046 103.264714514958087
4902.928797176889 103.252177531670554
4974.243538706657 103.252709716693232
5046.595577037959 103.272390896676256
5120.000000000202 103.311071428571552
5194.472114880326 103.374519140990031
5270.027451614888 103.466411716534907
5346.6817660285715 103.584400197060177
5424.451043119808 103.724139474476772
5503.351500394186 103.875773261477320
5583.399591246343 104.014590562782914
5664.612008391055 104.105496708181278
5747.005687344222 104.135534459702299
5830.597809954497 104.097148387149588
5915.405807986278 103.994847952183747
6001.447366754812 103.846202305276734
6088.740428814181 103.718503281549431
6177.303197698925 103.725778311902459
6267.154141720092 103.837194651951137
6358.3119978165005 103.918987198689905
6450.795775462017 103.942984084490760
6544.624760629676 103.935306285905540
6639.818519813445 103.911072592074618
6736.396904108505 103.856426600548843
6834.380053350861 103.755383626109051
6933.788400317181 103.598950503384671
7034.642674985712 103.384759379410355
7136.963908859177 103.112108273422479
7240.773439350552 102.778050423108780
7346.092914232631 102.379671374502038
7452.944296152315 101.922809553237641
7561.349867210557 101.416498139602481
7671.332233608935 100.866085226894910
7782.914330363799 100.271432937119371
7896.119426088994 99.634873000133098
8010.971127848146 98.966678919630539
8127.49338607753 98.278202559995520
8245.710499580537 97.579357546710440
8365.647120594791 96.882357107314874
8487.328259932974 96.196172940043127
8610.77929219841 95.529561304433543
8736.025961076528 94.886482583723904
8863.094384703289 94.267634886517840
8992.011061111683 93.673329008275147
9122.802873757471 93.102443535892277
9255.497097125279 92.556857318748939
9390.121402416245 92.042111193932399
9526.7038633184 91.564488517146430
9665.272961860968 91.118743339547649
9805.857594353829 90.704672920316085
9948.487077413367 90.331277385982361
10093.19115407597 90.030921904697692
10240.000000000457 89.856699999999648
10388.944229760706 89.916644785895699
10540.05490322983 90.412864172194944
10693.363532057198 91.440203386416073
10848.902086239672 92.970175468801273
11006.703000788428 94.689898199265670
11166.799182492743 96.267613822834278
11329.224016782166 97.490759918733829
11494.0113746885 98.486088461282918
11661.195619909053 99.346726613078729
11830.811615972614 100.270450857432934
12002.894733509682 101.320157874409063
12177.48085762842 102.420377488821885
12354.606395397908 103.362195378160152
12534.308283440243 103.917664816369694
12716.62399563306 103.763124172707791
12901.591550924093 102.874813128483865
13089.249521259411 101.682112685595541
13279.637039626952 100.402334556702215
13472.793808217073 99.191904286997953
13668.760106701786 98.200426554520050
13867.576800634426 97.466156972250559
14069.285349971487 97.026518248780647
14273.927817718419 96.806527595952701
14481.54687870117 96.877443048892133
14692.18582846533 97.258418648938090
14905.888592304698 97.853566413329176
15122.699734421185 98.528568570862944
15342.664467217943 99.036826702792666
15565.828660727671 99.075832254791095
15792.238852178061 98.417654064880708
16021.942255696367 97.075805680191223
16254.986772155136 95.410304076181959
16491.42099916115 93.907528129331737
16731.294241189662 92.646569237954722
16974.65651986603 91.605442616562684
17221.558584396902 90.897690001946813
17472.051922153143 90.524726839692022
17726.188769406665 90.262668363209784
17984.022122223458 89.572973040152036
18245.605747515034 87.769454059287384
18510.99419425065 84.213647609725527
18780.242804832582 79.110195051496646
19053.40772663689 74.927416949417392
19330.545923722028 73.000655551960890
19611.71518870775 73.301377943170394
19896.974154826825 74.671134400542229
20186.382308152035 75.409241498159190
