20 98.302508399999994
20.290906698750476 98.316823076677650
20.586044732869844 98.331351455807038
20.885475648548283 98.346290757865802
21.189261887185914 98.361676596842443
21.49746679841394 98.377609882965487
21.810154653305165 98.394222300260736
22.12739065777668 98.411493474392856
22.449240966187475 98.429366282401872
22.77577269513385 98.447822495804616
23.107053937445478 98.466562351300809
23.44315377638505 98.485420796747945
23.784142300054445 98.504207761821164
24.130090616010463 98.522566852728801
24.481070866093134 98.540173672386913
24.837156241469714 98.557033147644518
25.1984209978975 98.573573839496049
25.56494047120865 98.589794151245485
25.936791093020236 98.605713421048534
26.3140504066728 98.621314515043821
26.69679708340074 98.636419886576689
27.08511093873791 98.650666182351927
27.47907294916184 98.663150300460728
27.878765268980047 98.674075566276429
28.284271247461966 98.684235661557523
28.695675446220072 98.694626505354194
29.11306365684382 98.706350627948723
29.536522918790062 98.720904561614049
29.966141537533712 98.740366484746602
30.402009102982383 98.765485135229369
30.844216508158908 98.794014636329933
31.29285596815558 98.823453459169230
31.74802103936409 98.851067878023997
32.20980663898519 98.871433685513608
32.67830906482211 98.880104415211747
33.153626015361866 98.879213782151041
33.63585661014871 98.875856571532012
34.125101410453844 98.872499946021037
34.62146244024586 98.871200000000002
35.12504320746613 98.872813235654803
35.635948725613716 98.876674572713455
36.15428553564419 98.881737706003932
36.68016172818701 98.887746286385010
37.21368696608603 98.894616942686611
37.754972507267915 98.902114440251466
38.30413122794313 98.910079864345192
38.86127764614443 98.918891945164006
39.4265279456077 98.928926065956375
40.000000000000206 98.940556560636196
40.58181339750116 98.955987670742928
41.1720894657399 98.977092893902750
41.77095129709678 99.002319912728154
42.37852377437204 99.027331617108757
42.9949335968281 99.045098315143406
43.62030930661056 99.050675731754964
44.25478131555359 99.047572678295779
44.89848193237519 99.043691778103806
45.55154539026795 99.041877392372697
46.21410787489121 99.042943066843236
46.88630755277036 99.045960543288828
47.56828460010916 99.049748823328315
48.260181232021196 99.053704947303089
48.962141732186545 99.057449158184014
49.674312482939705 99.060862821466600
50.39684199579528 99.064550525690265
51.129880942417586 99.070950473846707
51.873582186040764 99.082420781636458
52.628100813345895 99.097900696344666
53.393594166801776 99.113289682690038
54.17022187747612 99.127468288886917
54.95814589832399 99.141306376823351
55.75753053796041 99.156452760666454
56.56854249492426 99.176667264557793
57.39135089244048 99.206578122358025
58.226127313687975 99.242426029768041
59.073045837580466 99.269124599156342
59.932283075067765 99.280371761132074
60.804018205965114 99.280626258296948
61.68843301631817 99.276435456929789
62.58571193631152 99.270180328674627
63.49604207872855 99.262757355422707
64.41961327797075 99.257289227159276
65.35661812964459 99.256127780417813
66.3072520307241 99.257695390171563
67.27171322029778 99.258843417796584
68.25020282090806 99.258113016330199
69.2429248804921 99.255162661358014
70.25008641493265 99.248688362530658
71.27189745122783 99.238580000403005
72.30857107128878 99.227478511925852
73.36032345637442 99.217928924838816
74.42737393217246 99.209273353615401
75.50994501453623 99.198753540277082
76.60826245588666 99.185160197717778
77.72255529228926 99.169337355860932
78.85305589121582 99.152648958559610
80.00000000000082 99.135367432567421
81.16362679500274 99.117655803429443
82.34417893148023 99.099798767552272
83.541902594194 99.082674862238065
84.75704754874454 99.067641013535280
85.98986719365665 99.053860760402728
87.24061861322157 99.039965175118084
88.50956263110764 99.023743897908020
89.79696386475084 99.002999106443809
91.10309078053635 98.978842825811910
92.42821574978288 98.954330715328069
93.77261510554118 98.931572159623315
95.13656920021877 98.911962254565509
96.52036246404286 98.894596552592844
97.92428346437356 98.876958065235129
99.34862496587989 98.859577989099336
100.79368399159105 98.844034905351677
102.25976188483567 98.827342490827249
103.74716437208203 98.806947651827400
105.25620162669229 98.786857659293588
106.78718833360406 98.772781419910785
108.34044375495276 98.767342155108338
109.9162917966485 98.763986738809635
111.51506107592134 98.750698439724914
113.13708498984903 98.729393810118694
114.78270178488147 98.710766318321248
116.45225462737648 98.697535058417600
118.14609167516147 98.682271896236401
119.86456615013608 98.654877720178263
121.60803641193078 98.620694516854513
123.3768660326369 98.587652164442773
125.17142387262359 98.548165758113925
126.99208415745765 98.498376374958326
128.83922655594208 98.444199005078772
130.71323625928977 98.395088106864733
132.61450406144883 98.354178156697557
134.5434264405962 98.317211103328162
136.50040564181674 98.285287209364810
138.48584976098482 98.265392322682587
140.50017282986593 98.256243145299052
142.5437949024563 98.247071207697218
144.61714214257822 98.232618346145301
146.7206469127495 98.216221040628866
148.8547478643456 98.194198115372842
151.01989002907314 98.159411038761419
153.216524911774 98.113328529911200
155.4451105845792 98.064089909374857
157.70611178243232 98.027080341573111
160.00000000000236 98.011258885542162
162.3272535900062 98.015655211531637
164.6883578629612 98.041806438184381
167.08380518838874 98.085032305525445
169.51409509748981 98.136513426183768
171.97973438731407 98.185661903105199
174.4812372264439 98.224916390303605
177.01912526221608 98.250721749740165
179.5939277295025 98.259466726041126
182.20618156107355 98.252075472901225
184.85643149956664 98.231849262007188
187.54523021108326 98.203113169451882
190.27313840043846 98.168311300145803
193.04072492808663 98.129431885648359
195.84856692874806 98.088296507828687
198.69724993176072 98.045204434927570
201.58736798318304 97.999301375665667
204.5195237696723 97.948347835718465
207.49432874416505 97.891533571612342
210.5124032533856 97.830418259738167
213.57437666720915 97.766747227187281
216.68088750990657 97.700955864414581
219.83258359329807 97.634470137577836
223.03012215184378 97.569770770972369
226.2741699796992 97.505947250574849
229.5654035697641 97.440317029123861
232.90450925475412 97.372726364076016
236.2921833503241 97.303773177417668
239.72913230027333 97.232837740509183
243.21607282386276 97.159075435489655
246.75373206527502 97.084316645732656
250.34284774524843 97.009508983152074
253.9841683149166 96.934083957463812
257.67845311188546 96.857784886594487
261.42647251858085 96.781109019293837
265.22900812289896 96.705458406271930
269.08685288119375 96.631420188219664
273.0008112836349 96.558858156131919
276.97169952197106 96.489701661279753
281.00034565973334 96.425046241366431
285.0875898049141 96.365168486311461
289.23428428515797 96.310789145026931
293.44129382550057 96.264776193464883
297.7094957286928 96.227997991757547
302.0397800581479 96.197553470577887
306.4330498235497 96.169618493770855
310.89022116916016 96.142013919828528
315.41222356486645 96.112286118343661
320.00000000000654 96.078315919282460
324.6545071800142 96.038566299872201
329.3767157259242 95.992797304111974
334.16761037677935 95.940246556780110
339.02819019498156 95.881604115383766
343.95946877463007 95.817606793121882
348.9624744528898 95.747611265723833
354.03825052443415 95.671832970243713
359.187855459007 95.590687857352947
364.4123631221491 95.505450337215848
369.71286299913527 95.418874706981740
375.0904604221685 95.334228428212199
380.54627680087896 95.253934342672721
386.08144985617537 95.177771532627276
391.6971338574982 95.106824686429519
397.3944998635236 95.039738485958907
403.1747359663683 94.976309379242608
409.0390475393468 94.917869963645160
414.9886574883323 94.863786202192742
421.0248065067734 94.813077334109408
427.1487533344206 94.767896105353984
433.3617750198154 94.723701224489645
439.6651671865984 94.675534916059689
446.06024430368984 94.629172660619957
452.54833995940066 94.590175997749782
459.13080713953053 94.558163037645414
465.8090185095106 94.536102578445096
472.58436670065066 94.525842574485040
479.45826460054917 94.528498079100984
486.432145647728 94.545485016328342
493.50746413055253 94.579531367640698
500.6856954904994 94.627369764577310
507.9683366298358 94.680293207903475
515.3569062237735 94.738859686654678
522.8529450371643 94.801431726228330
530.4580162458005 94.863846007894381
538.1737057623901 94.926112923537886
546.0016225672724 94.985367438519262
553.9433990439449 95.045212548868733
562.0006913194694 95.102513527612956
570.1751796098309 95.160719240983525
578.4685685703187 95.218946203229720
586.8825876510039 95.271289334555348
595.4189914573883 95.316928190504399
604.0795601162986 95.358840041284594
612.8660996471021 95.394904752438336
621.780442338323 95.427764332108922
630.8244471297356 95.462156161762849
640.0000000000159 95.498205539559393
649.3090143600314 95.534137199649066
658.7534314518515 95.569490420077415
668.3352207535618 95.605911044347778
678.0563803899662 95.645383245601863
687.9189375492632 95.687149782130760
697.9249489057827 95.731309959823548
708.0765010488715 95.778929806836601
718.3757109180171 95.836275787079515
728.8247262443015 95.911071999683259
739.425725998274 96.008183762483952
750.1809208443404 96.120447117498600
761.0925536017613 96.242226578645443
772.1628997123541 96.368285708450145
783.3942677149998 96.497832350892310
794.7889997270506 96.628267179986580
806.34947193274 96.754594331372203
818.0780950786972 96.880222516817497
829.9773149766683 96.999092517488478
842.0496130135506 97.111309310340786
854.2975066688449 97.220554928458810
866.7235500396347 97.326171608751167
879.3303343732008 97.429299215937903
892.1204886073838 97.535079588131140
905.0966799188055 97.643593383849918
918.2616142790653 97.754810565126974
931.6180370190256 97.872179280214922
945.1687334013056 97.995189864737995
958.9165292011028 98.116601975563498
972.8642912954606 98.241725908156781
987.0149282611097 98.377176984586967
1001.3713909810035 98.510332176554300
1015.9366732596762 98.641678169152613
1030.7138124475518 98.774830374975451
1045.7058900743334 98.904845167113422
1060.916032491606 99.033276442993525
1076.3474115247852 99.162717139652159
1092.0032451345498 99.290446175853702
1107.8867980878947 99.418009659822630
1124.0013826389438 99.549356002319058
1140.350359219667 99.682559970854527
1156.9371371406426 99.812018312628396
1173.765175302013 99.945880068767707
1190.837982914782 100.086920238094564
1208.1591202326028 100.229997050910811
1225.73219929421 100.374485338675697
1243.5608846766518 100.520345637267354
1261.648894259477 100.667184637235295
1280.0000000000375 100.815311646686425
1298.6180287200684 100.961337467006288
1317.5068629037087 101.104413990859285
1336.6704415071292 101.245335953916779
1356.112760779938 101.386646773160265
1375.8378750985323 101.525335144809489
1395.8498978115715 101.659804468688023
1416.153002097749 101.789595764498102
1436.7514218360407 101.917766264572435
1457.6494524886093 102.045766871696514
1478.8514519965543 102.171394948743298
1500.3618416886875 102.291762999310620
1522.1851072035295 102.411714380980214
1544.3257994247153 102.532451102335344
1566.788535430007 102.650622474840404
1589.5779994541087 102.765506130852600
1612.6989438654878 102.877855883419500
1636.156190157402 102.985658352301115
1659.9546299533442 103.088371671159749
1684.099226027109 103.184461579883759
1708.5950133376978 103.268941703154852
1733.4471000792773 103.343948400716727
1758.6606687464096 103.410003070132433
1784.2409772147755 103.466046546538848
1810.193359837619 103.511777929902777
1836.5232285581387 103.547618935227263
1863.2360740380593 103.573582753800252
1890.3374668026197 103.590360542617532
1917.833058402214 103.599494310128151
1945.7285825909298 103.601672447743525
1974.0298565222283 103.598612109758932
2002.7427819620161 103.591660545211838
2031.8733465193618 103.581859922983710
2061.4276248951132 103.570082197679071
2091.411780148677 103.557744908276845
2121.832064983222 103.546938829858220
2152.694823049581 103.540024450964523
2184.0064902691106 103.539120106755135
2215.7735961758003 103.547222479612529
2248.002765277899 103.568302398272735
2280.7007184393456 103.605896904323870
2313.874274281297 103.663488560350316
2347.530350604038 103.743869214603933
2381.6759658295764 103.851898633925430
2416.318240465218 103.993842460154141
2451.4643985884327 104.170264788145715
2487.1217693533167 104.384842251266690
2523.2977885189675 104.628457148123204
2560.0000000000887 104.884799257132769
2597.236057440151 105.128731103253031
2635.0137258074315 105.333433284944462
2673.340883014273 105.476264722393751
2712.225521559891 105.541666983654181
2751.6757501970797 105.542853824845849
2791.699795623158 105.505215509875711
2832.3060041955137 105.451493729434304
2873.502843672097 105.402294303890585
2915.2989049772345 105.373701886858839
2957.7029039931244 105.376267121775783
3000.723683377391 105.415982846269173
3044.370214407075 105.489170514290606
3088.6515988494466 105.593175124891047
3133.57707086003 105.721285512277433
3179.1559989082334 105.865086004359995
3225.3978877309914 106.013370130627337
3272.3123803148205 106.147488367522072
3319.9092599067053 106.247365815670605
3368.198452054235 106.295296803820577
3417.190026675413 106.277578923231403
3466.8942001585724 106.191244701920255
3517.3213374928373 106.055183140315563
3568.4819544295697 105.910362176227721
3620.386719675257 105.808490858525118
3673.0464571162966 105.775857926729515
3726.472148076138 105.811937341692527
3780.6749336052594 105.892064971231179
3835.6661168044484 105.979512758901819
3891.45716518188 106.030946496369111
3948.059713044477 106.003740630732551
4005.4855639240527 105.887278479779397
4063.746693038744 105.692391150210369
4122.855249790247 105.429789436303452
4182.823560297375 105.111949752102845
4243.664129966465 104.758329665574578
4305.389646099183 104.387385245539292
4368.012980538242 104.019098444754235
4431.5471923516225 103.674453572739651
4496.00553055582 103.366001865355031
4561.401436878714 103.100192622784121
4627.748548562617 102.876530771762816
4695.060701208099 102.687024997463325
4763.351931659176 102.515434371770652
4832.63648093046 102.338421120147586
4902.928797176889 102.141297751664624
4974.243538706657 101.917560377326694
5046.595577037959 101.670360840534073
5120.000000000202 101.412440001567674
5194.472114880326 101.161216365220440
5270.027451614888 100.935030735548310
5346.6817660285715 100.749019559392679
5424.451043119808 100.611515508200640
5503.351500394186 100.525493883071306
5583.399591246343 100.493131898866210
5664.612008391055 100.512693622959333
5747.005687344222 100.547463973503966
5830.597809954497 100.485672537824712
5915.405807986278 100.119861214088985
6001.447366754812 99.195030795495114
6088.740428814181 97.568880362174639
6177.303197698925 95.473667841080868
6267.154141720092 93.814983943950125
6358.3119978165005 93.558560864422091
6450.795775462017 94.277059102303610
6544.624760629676 95.345680325203944
6639.818519813445 96.463518343633382
6736.396904108505 97.548551932029312
6834.380053350861 98.596707139138459
6933.788400317181 99.610130564148278
7034.642674985712 100.579732533005398
7136.963908859177 101.477046165386298
7240.773439350552 102.268937594727390
7346.092914232631 102.918318907107931
7452.944296152315 103.378133665129354
7561.349867210557 103.591589101202501
7671.332233608935 103.508075794007226
7782.914330363799 103.140746613632174
7896.119426088994 102.508091457040962
8010.971127848146 101.656770742958784
8127.49338607753 100.659160157983095
8245.710499580537 99.606799743204192
8365.647120594791 98.596176987964199
8487.328259932974 97.699064793117373
8610.77929219841 96.959806053249167
8736.025961076528 96.386731033777835
8863.094384703289 95.964773698813943
8992.011061111683 95.682159276171490
9122.802873757471 95.541987044975912
9255.497097125279 95.542745537912339
9390.121402416245 95.660720960585081
9526.7038633184 95.893141182420422
9665.272961860968 96.249709123066935
9805.857594353829 96.746018470454132
9948.487077413367 97.388925269840755
10093.19115407597 98.171230618266378
10240.000000000457 99.076218208070770
10388.944229760706 100.091177902702171
10540.05490322983 101.162592494082091
10693.363532057198 102.164633677868295
10848.902086239672 102.936973437692188
11006.703000788428 103.352159774830028
11166.799182492743 103.359888230299958
11329.224016782166 103.018695310217566
11494.0113746885 102.394736636916662
11661.195619909053 101.598365740379293
11830.811615972614 100.769905149922650
12002.894733509682 100.028370873659696
12177.48085762842 99.458574339624363
12354.606395397908 99.087979084603617
12534.308283440243 98.935942595347001
12716.62399563306 98.995125027152184
12901.591550924093 99.242868401382523
13089.249521259411 99.627298728793590
13279.637039626952 100.059628470789249
13472.793808217073 100.433634541858225
13668.760106701786 100.766310045703307
13867.576800634426 101.211481889007644
14069.285349971487 101.678223431665316
14273.927817718419 102.030779122335161
14481.54687870117 102.502917431074565
14692.18582846533 103.306668086294962
14905.888592304698 104.230170581664368
15122.699734421185 105.108893826997843
15342.664467217943 105.944291596185991
15565.828660727671 106.800552935579134
15792.238852178061 107.487766374471079
16021.942255696367 107.428435302952266
16254.986772155136 106.716608290068308
16491.42099916115 105.652860262447177
16731.294241189662 103.586300462744646
16974.65651986603 100.240180059902926
17221.558584396902 96.026923545462125
17472.051922153143 91.459217915939291
17726.188769406665 87.043034711665243
17984.022122223458 83.029303281844363
18245.605747515034 79.467197215413876
18510.99419425065 76.215382606293588
18780.242804832582 72.813641552995392
19053.40772663689 68.608205985052422
19330.545923722028 65.069722849940504
19611.71518870775 64.959747329334917
19896.974154826825 65.262623022714791
20186.382308152035 64.999254039529546
