20 67.988499999999988
20.290906698750476 68.092741914525305
20.586044732869844 68.198976120579403
20.885475648548283 68.310101782710447
21.189261887185914 68.426865455348391
21.49746679841394 68.545781143596187
21.810154653305165 68.665308350947683
22.12739065777668 68.784430734988476
22.449240966187475 68.906203912800066
22.77577269513385 69.034056205923775
23.107053937445478 69.166535413012539
23.44315377638505 69.304409034169680
23.784142300054445 69.448220833273268
24.130090616010463 69.598173698676959
24.481070866093134 69.758150674145170
24.837156241469714 69.928163478003313
25.1984209978975 70.110190761422473
25.56494047120865 70.298650731138281
25.936791093020236 70.489592629360885
26.3140504066728 70.678814146616787
26.69679708340074 70.856574702113335
27.08511093873791 71.022586714695592
27.47907294916184 71.174849924183405
27.878765268980047 71.322249323177715
28.284271247461966 71.469406191581228
28.695675446220072 71.618921537870321
29.11306365684382 71.771946616689050
29.536522918790062 71.928903911195960
29.966141537533712 72.086573944274875
30.402009102982383 72.246233320144171
30.844216508158908 72.407819061910857
31.29285596815558 72.571892428376799
31.74802103936409 72.737283616249812
32.20980663898519 72.903400970117715
32.67830906482211 73.069943099882209
33.153626015361866 73.237729983422739
33.63585661014871 73.407957383382495
34.125101410453844 73.580535696479757
34.62146244024586 73.755011854086035
35.12504320746613 73.931140079405679
35.635948725613716 74.109310156513573
36.15428553564419 74.289999937475471
36.68016172818701 74.472975634496322
37.21368696608603 74.653303011842297
37.754972507267915 74.821441921476378
38.30413122794313 74.977053208125497
38.86127764614443 75.117512827696416
39.4265279456077 75.255999324173047
40.000000000000206 75.403500000000065
40.58181339750116 75.566893140442048
41.1720894657399 75.743149841084659
41.77095129709678 75.927067801583263
42.37852377437204 76.114515961069145
42.9949335968281 76.295531221517564
43.62030930661056 76.458678719792090
44.25478131555359 76.603032850501847
44.89848193237519 76.746412154660661
45.55154539026795 76.900791328074348
46.21410787489121 77.071844136221642
46.88630755277036 77.255604711374133
47.56828460010916 77.446607407163626
48.260181232021196 77.645572627750198
48.962141732186545 77.852267621084820
49.674312482939705 78.065522012024417
50.39684199579528 78.279576428865653
51.129880942417586 78.487039256457265
51.873582186040764 78.683030165387322
52.628100813345895 78.873792649835622
53.393594166801776 79.063922684728297
54.17022187747612 79.251795585522075
54.95814589832399 79.436355145889280
55.75753053796041 79.621777323211234
56.56854249492426 79.814165927534361
57.39135089244048 80.013772319540351
58.226127313687975 80.216526855059840
59.073045837580466 80.412463075840947
59.932283075067765 80.582592048863418
60.804018205965114 80.735706230896398
61.68843301631817 80.893667627135045
62.58571193631152 81.068365492599753
63.49604207872855 81.255424773414902
64.41961327797075 81.448828595012841
65.35661812964459 81.645889807225359
66.3072520307241 81.844601170359894
67.27171322029778 82.042478500669716
68.25020282090806 82.236664043024803
69.2429248804921 82.425819640450797
70.25008641493265 82.609265122613209
71.27189745122783 82.787946105239257
72.30857107128878 82.972857075866642
73.36032345637442 83.175285338187635
74.42737393217246 83.391043221264923
75.50994501453623 83.603464839745200
76.60826245588666 83.807173562846842
77.72255529228926 84.007059860166237
78.85305589121582 84.210416911733091
80.00000000000082 84.414000000000129
81.16362679500274 84.600665598362355
82.34417893148023 84.769765583456021
83.541902594194 84.955097452789332
84.75704754874454 85.167768449445134
85.98986719365665 85.387201866128720
87.24061861322157 85.592600026520358
88.50956263110764 85.795651147637926
89.79696386475084 86.017942427313642
91.10309078053635 86.243283635351617
92.42821574978288 86.449901076156252
93.77261510554118 86.641123568499125
95.13656920021877 86.836688775586808
96.52036246404286 87.033495672243504
97.92428346437356 87.223288578796357
99.34862496587989 87.423479279787529
100.79368399159105 87.653486981273588
102.25976188483567 87.881425235186015
103.74716437208203 88.084763321349996
105.25620162669229 88.288670785725429
106.78718833360406 88.513152626707821
108.34044375495276 88.742804048631513
109.9162917966485 88.958263448639428
111.51506107592134 89.163689952184399
113.13708498984903 89.373136658727560
114.78270178488147 89.594621420724764
116.45225462737648 89.824185283562372
118.14609167516147 90.048283865675501
119.86456615013608 90.257475246334067
121.60803641193078 90.474804687505952
123.3768660326369 90.704476231386323
125.17142387262359 90.931285158260465
126.99208415745765 91.145417734212600
128.83922655594208 91.364745308348915
130.71323625928977 91.594177639173040
132.61450406144883 91.835078275957613
134.5434264405962 92.081749022023772
136.50040564181674 92.321423169965740
138.48584976098482 92.551850311746108
140.50017282986593 92.765850904369699
142.5437949024563 92.973619148416390
144.61714214257822 93.200311348897458
146.7206469127495 93.411967526832001
148.8547478643456 93.607988761635283
151.01989002907314 93.813640716982917
153.216524911774 94.040305200789206
155.4451105845792 94.266916041079782
157.70611178243232 94.471720281567016
160.00000000000236 94.674500000000222
162.3272535900062 94.897450893922581
164.6883578629612 95.103949462505028
167.08380518838874 95.270198186584366
169.51409509748981 95.427707724278349
171.97973438731407 95.630444997941396
174.4812372264439 95.850245123372360
177.01912526221608 96.032492867725807
179.5939277295025 96.189379307132441
182.20618156107355 96.337487403732325
184.85643149956664 96.463338421579891
187.54523021108326 96.572911182585798
190.27313840043846 96.655782183210079
193.04072492808663 96.718355223489823
195.84856692874806 96.774095351174466
198.69724993176072 96.819261499044643
201.58736798318304 96.862104203739335
204.5195237696723 96.909831904084427
207.49432874416505 96.961897917394964
210.5124032533856 97.024037342036763
213.57437666720915 97.106912082516686
216.68088750990657 97.230251498844908
219.83258359329807 97.374754741969923
223.03012215184378 97.540945117164853
226.2741699796992 97.697248904056011
229.5654035697641 97.836609113621947
232.90450925475412 97.974553049196516
236.2921833503241 98.117335986017707
239.72913230027333 98.238918055122170
243.21607282386276 98.340902483786209
246.75373206527502 98.412982290829973
250.34284774524843 98.462085588592686
253.9841683149166 98.510788251212006
257.67845311188546 98.555601243981613
261.42647251858085 98.577060671657733
265.22900812289896 98.574898853677396
269.08685288119375 98.564826294237619
273.0008112836349 98.554371247813194
276.97169952197106 98.535762964830397
281.00034565973334 98.514997926041602
285.0875898049141 98.490089066028901
289.23428428515797 98.446963443434356
293.44129382550057 98.401834026684597
297.7094957286928 98.346525160652561
302.0397800581479 98.278813793996960
306.4330498235497 98.203638152999645
310.89022116916016 98.134187849524153
315.41222356486645 98.069770092448351
320.00000000000654 98.005999999999887
324.6545071800142 97.925011575067757
329.3767157259242 97.841094460078551
334.16761037677935 97.753315969067259
339.02819019498156 97.648976996690919
343.95946877463007 97.557417402689055
348.9624744528898 97.489072821893586
354.03825052443415 97.412195641713950
359.187855459007 97.317430746278859
364.4123631221491 97.216400155430307
369.71286299913527 97.113570457816792
375.0904604221685 97.014423404070783
380.54627680087896 96.919336318613261
386.08144985617537 96.820533902588835
391.6971338574982 96.712993031510962
397.3944998635236 96.602546702647643
403.1747359663683 96.492473700630597
409.0390475393468 96.388849207677552
414.9886574883323 96.288443767907665
421.0248065067734 96.176935985079780
427.1487533344206 96.053771493866506
433.3617750198154 95.923525022488974
439.6651671865984 95.782939678369218
446.06024430368984 95.634957755065756
452.54833995940066 95.493778366816045
459.13080713953053 95.373391105669512
465.8090185095106 95.258611848920054
472.58436670065066 95.142738311324607
479.45826460054917 95.040994980421118
486.432145647728 94.967497118300003
493.50746413055253 94.917412569952603
500.6856954904994 94.869914411407279
507.9683366298358 94.821211748787960
515.3569062237735 94.765170243511506
522.8529450371643 94.706689311934326
530.4580162458005 94.654851138310121
538.1737057623901 94.601759244554358
546.0016225672724 94.546990264596360
553.9433990439449 94.500554230138803
562.0006913194694 94.454395299027610
570.1751796098309 94.398616081082338
578.4685685703187 94.333098308294481
586.8825876510039 94.264562781261759
595.4189914573883 94.189687177737767
604.0795601162986 94.109499151402431
612.8660996471021 94.024534160621414
621.780442338323 93.934242624687130
630.8244471297356 93.839260860424801
640.0000000000159 93.741999999999820
649.3090143600314 93.633549982705631
658.7534314518515 93.514769092134088
668.3352207535618 93.394392979542801
678.0563803899662 93.277629073359407
687.9189375492632 93.170955208855275
697.9249489057827 93.085996656199029
708.0765010488715 93.028713669703194
718.3757109180171 93.005180076985269
728.8247262443015 93.012207198868737
739.425725998274 93.038949460195340
750.1809208443404 93.064786458003539
761.0925536017613 93.082063209869460
772.1628997123541 93.094444661228692
783.3942677149998 93.098468569351724
794.7889997270506 93.093625375216078
806.34947193274 93.086060702703094
818.0780950786972 93.087675457752852
829.9773149766683 93.104103241101797
842.0496130135506 93.134486306791786
854.2975066688449 93.176010963897511
866.7235500396347 93.226665925169215
879.3303343732008 93.279537854211469
892.1204886073838 93.327184360505598
905.0966799188055 93.368303508113428
918.2616142790653 93.394706602189615
931.6180370190256 93.404018159541394
945.1687334013056 93.403506513874731
958.9165292011028 93.397298691299355
972.8642912954606 93.382964279274461
987.0149282611097 93.362477607608341
1001.3713909810035 93.336391513776391
1015.9366732596762 93.303376873944728
1030.7138124475518 93.270046881803196
1045.7058900743334 93.239374983592043
1060.916032491606 93.206984728518478
1076.3474115247852 93.173484831820403
1092.0032451345498 93.145120335119088
1107.8867980878947 93.122304574160154
1124.0013826389438 93.099220225077090
1140.350359219667 93.076062050975409
1156.9371371406426 93.057378187274850
1173.765175302013 93.041345148154363
1190.837982914782 93.026746244568841
1208.1591202326028 93.012572214078034
1225.73219929421 92.996404281641361
1243.5608846766518 92.979365929436113
1261.648894259477 92.967010663444313
1280.0000000000375 92.957999999999970
1298.6180287200684 92.943637520701657
1317.5068629037087 92.928994509677040
1336.6704415071292 92.914080407831975
1356.112760779938 92.899415429415058
1375.8378750985323 92.883433753043718
1395.8498978115715 92.864150102188432
1416.153002097749 92.840077964079441
1436.7514218360407 92.812197725062333
1457.6494524886093 92.776007073122329
1478.8514519965543 92.733834921767311
1500.3618416886875 92.688088158944510
1522.1851072035295 92.633093529847116
1544.3257994247153 92.568409117714353
1566.788535430007 92.496433603789569
1589.5779994541087 92.416144521997950
1612.6989438654878 92.323394541378406
1636.156190157402 92.216950287244458
1659.9546299533442 92.099134109440740
1684.099226027109 91.969634411645472
1708.5950133376978 91.823132413304961
1733.4471000792773 91.657201357443469
1758.6606687464096 91.475178917527288
1784.2409772147755 91.274484708661660
1810.193359837619 91.056948706986731
1836.5232285581387 90.831630698971168
1863.2360740380593 90.598198941061270
1890.3374668026197 90.351168308071692
1917.833058402214 90.097435862699626
1945.7285825909298 89.846186471637083
1974.0298565222283 89.587886514256382
2002.7427819620161 89.312674979884051
2031.8733465193618 89.045076554585421
2061.4276248951132 88.794174507118811
2091.411780148677 88.547358712598680
2121.832064983222 88.331374023097311
2152.694823049581 88.164430108209530
2184.0064902691106 88.015473227639916
2215.7735961758003 87.900996191759418
2248.002765277899 87.815429508032238
2280.7007184393456 87.790707049834310
2313.874274281297 87.836379399417311
2347.530350604038 87.957263095248379
2381.6759658295764 88.162209416359730
2416.318240465218 88.434092193512555
2451.4643985884327 88.788010589808010
2487.1217693533167 89.199809939981122
2523.2977885189675 89.672272810867142
2560.0000000000887 90.168250000001208
2597.236057440151 90.668808662518003
2635.0137258074315 91.165177520442768
2673.340883014273 91.648718710414670
2712.225521559891 92.119983706562692
2751.6757501970797 92.572811658491787
2791.699795623158 93.000744101488451
2832.3060041955137 93.389415019144138
2873.502843672097 93.735471896275129
2915.2989049772345 94.025326856922277
2957.7029039931244 94.246652047816212
3000.723683377391 94.394094571108297
3044.370214407075 94.453645673813568
3088.6515988494466 94.427921471639536
3133.57707086003 94.326768787419923
3179.1559989082334 94.142799285043964
3225.3978877309914 93.889795032699780
3272.3123803148205 93.576012118914406
3319.9092599067053 93.218712309732354
3368.198452054235 92.838732228771548
3417.190026675413 92.462528506069759
3466.8942001585724 92.122803741050149
3517.3213374928373 91.856773570403007
3568.4819544295697 91.707376113317395
3620.386719675257 91.706584493825204
3673.0464571162966 91.856256049030776
3726.472148076138 92.134656761033582
3780.6749336052594 92.555540655767075
3835.6661168044484 93.095806723989469
3891.45716518188 93.821372289808295
3948.059713044477 94.646708190829770
4005.4855639240527 95.574651787204687
4063.746693038744 96.540884202807760
4122.855249790247 97.488520421986564
4182.823560297375 98.340942360740058
4243.664129966465 99.018445561555126
4305.389646099183 99.509961310353788
4368.012980538242 99.820561657556652
4431.5471923516225 99.955292498715806
4496.00553055582 99.985567957129689
4561.401436878714 99.955111800010656
4627.748548562617 99.905801161149896
4695.060701208099 99.855393885023943
4763.351931659176 99.823904629059570
4832.63648093046 99.831460982986187
4902.928797176889 99.895925790777000
4974.243538706657 100.008489537655421
5046.595577037959 100.178774833229227
5120.000000000202 100.388428571429188
5194.472114880326 100.616004634458136
5270.027451614888 100.789490172786060
5346.6817660285715 100.915272082816784
5424.451043119808 101.076080130152093
5503.351500394186 101.266638190217691
5583.399591246343 101.368607096355760
5664.612008391055 101.415044583901846
5747.005687344222 101.408232184764614
5830.597809954497 101.309177212308299
5915.405807986278 101.082607855174672
6001.447366754812 100.738208889972640
6088.740428814181 100.293054145565492
6177.303197698925 99.781120631080796
6267.154141720092 99.225134193777663
6358.3119978165005 98.648301933843385
6450.795775462017 98.071859959785897
6544.624760629676 97.507998902710099
6639.818519813445 96.965095418823253
6736.396904108505 96.449739758087702
6834.380053350861 95.962350946049895
6933.788400317181 95.500317386594887
7034.642674985712 95.064445392433797
7136.963908859177 94.656885341778093
7240.773439350552 94.287374720520461
7346.092914232631 93.967014021289103
7452.944296152315 93.697522283291960
7561.349867210557 93.477269619000595
7671.332233608935 93.292896512922056
7782.914330363799 93.133850712731956
7896.119426088994 92.997701473476582
8010.971127848146 92.912502843359704
8127.49338607753 92.926405601145987
8245.710499580537 93.066902093732239
8365.647120594791 93.307297410748632
8487.328259932974 93.591404617340814
8610.77929219841 93.875830791672186
8736.025961076528 94.104507968848409
8863.094384703289 94.232392831541105
8992.011061111683 94.236260331833350
9122.802873757471 94.087176080428918
9255.497097125279 93.757393310130226
9390.121402416245 93.256495861636964
9526.7038633184 92.633208795100074
9665.272961860968 91.969761839911769
9805.857594353829 91.347706416669723
9948.487077413367 90.818568290665212
10093.19115407597 90.366426537772085
10240.000000000457 89.926599999998629
10388.944229760706 89.499544446487178
10540.05490322983 89.168646370153695
10693.363532057198 88.976763421298429
10848.902086239672 88.865043317565011
11006.703000788428 88.692952652097574
11166.799182492743 88.412953040228587
11329.224016782166 88.039516093335834
11494.0113746885 87.600218245661267
11661.195619909053 87.025543342905706
11830.811615972614 86.389104988106112
12002.894733509682 85.722282907649983
12177.48085762842 85.110795722877043
12354.606395397908 84.622243837077974
12534.308283440243 84.184019143363443
12716.62399563306 83.750328330859119
12901.591550924093 83.205425789357946
13089.249521259411 82.581865162215166
13279.637039626952 81.826680692424617
13472.793808217073 80.975291832064258
13668.760106701786 80.086172107571258
13867.576800634426 79.165423167041993
14069.285349971487 78.234599266962306
14273.927817718419 77.308933171187022
14481.54687870117 76.433949515816124
14692.18582846533 75.790820549341134
14905.888592304698 75.544738144139927
15122.699734421185 75.816301513213176
15342.664467217943 76.628096545271035
15565.828660727671 77.846158369366776
15792.238852178061 79.134679293930049
16021.942255696367 80.004975379296340
16254.986772155136 80.190447381388154
16491.42099916115 79.879772807102242
16731.294241189662 79.335135479816643
16974.65651986603 78.669252126931369
17221.558584396902 77.877162132034897
17472.051922153143 76.839002915471923
17726.188769406665 75.402676606975575
17984.022122223458 73.286981111456228
18245.605747515034 70.396794724376349
18510.99419425065 69.194619229851043
18780.242804832582 70.205490015743180
19053.40772663689 70.704998608592575
19330.545923722028 70.324763615817943
19611.71518870775 69.222699398345313
19896.974154826825 67.659376987501687
20186.382308152035 66.138635220810471
