20 97.935979061101705
20.290906698750476 97.965449841502803
20.586044732869844 97.994480575166151
20.885475648548283 98.022651787420500
21.189261887185914 98.049747711374607
21.49746679841394 98.075823255253994
21.810154653305165 98.101112014404222
22.12739065777668 98.125857862003031
22.449240966187475 98.150164308737601
22.77577269513385 98.173943993336366
23.107053937445478 98.196967717874259
23.44315377638505 98.218975113980136
23.784142300054445 98.239787706411732
24.130090616010463 98.259361587097814
24.481070866093134 98.277762664245529
24.837156241469714 98.295113368326838
25.1984209978975 98.311551939181868
25.56494047120865 98.327224910455158
25.936791093020236 98.342303934822070
26.3140504066728 98.356988405481317
26.69679708340074 98.371467769480432
27.08511093873791 98.385845646407859
27.47907294916184 98.400064004936141
27.878765268980047 98.413886162508845
28.284271247461966 98.426989446866045
28.695675446220072 98.439119950252106
29.11306365684382 98.450225151948842
29.536522918790062 98.460483024634456
29.966141537533712 98.470183663369809
30.402009102982383 98.479506450250454
30.844216508158908 98.488350024361822
31.29285596815558 98.496334439247306
31.74802103936409 98.502983995147474
32.20980663898519 98.507946038072433
32.67830906482211 98.511098851948034
33.153626015361866 98.512542370896455
33.63585661014871 98.512547398963591
34.125101410453844 98.511531017685996
34.62146244024586 98.510012553278884
35.12504320746613 98.508469595853896
35.635948725613716 98.507146683851573
36.15428553564419 98.505973699804557
36.68016172818701 98.504696787995101
37.21368696608603 98.503103028589891
37.754972507267915 98.501134047657857
38.30413122794313 98.498827576279893
38.86127764614443 98.496201681013247
39.4265279456077 98.493166188580034
40.000000000000206 98.489482800962747
40.58181339750116 98.484793286605793
41.1720894657399 98.478755937301145
41.77095129709678 98.471230747561393
42.37852377437204 98.462302008225578
42.9949335968281 98.452110894037759
43.62030930661056 98.440720090921076
44.25478131555359 98.428158060229890
44.89848193237519 98.414532737576479
45.55154539026795 98.400024968735636
46.21410787489121 98.384755113790732
46.88630755277036 98.368679740397454
47.56828460010916 98.351641336787154
48.260181232021196 98.333528177320844
48.962141732186545 98.314364394538032
49.674312482939705 98.294248467136271
50.39684199579528 98.273277945981405
51.129880942417586 98.251523973225687
51.873582186040764 98.228972267081360
52.628100813345895 98.205437546489946
53.393594166801776 98.180588255668638
54.17022187747612 98.154078041810720
54.95814589832399 98.125665426666146
55.75753053796041 98.095311384276144
56.56854249492426 98.063191908354156
57.39135089244048 98.029565422792885
58.226127313687975 97.994725270668170
59.073045837580466 97.959028082834323
59.932283075067765 97.922842267447848
60.804018205965114 97.886405368517330
61.68843301631817 97.849868668902289
62.58571193631152 97.813320283417170
63.49604207872855 97.776710157580041
64.41961327797075 97.739891676945390
65.35661812964459 97.702623082334853
66.3072520307241 97.664498657633601
67.27171322029778 97.625054791619192
68.25020282090806 97.584014874084573
69.2429248804921 97.541274931917030
70.25008641493265 97.496741938678909
71.27189745122783 97.450383444241325
72.30857107128878 97.402330493298592
73.36032345637442 97.352955754766114
74.42737393217246 97.302764813189228
75.50994501453623 97.251832382783135
76.60826245588666 97.199733023161997
77.72255529228926 97.146067926562921
78.85305589121582 97.090783463874175
80.00000000000082 97.034123660025699
81.16362679500274 96.976190284119937
82.34417893148023 96.916619492839473
83.541902594194 96.854955216359457
84.75704754874454 96.791133298914232
85.98986719365665 96.725428654681679
87.24061861322157 96.658170240106799
88.50956263110764 96.589709296688056
89.79696386475084 96.520394347979675
91.10309078053635 96.450524517343084
92.42821574978288 96.380380186420240
93.77261510554118 96.310147103167353
95.13656920021877 96.239671948306110
96.52036246404286 96.168715256913302
97.92428346437356 96.097292159925814
99.34862496587989 96.025417191879569
100.79368399159105 95.952878803953695
102.25976188483567 95.879409672332770
103.74716437208203 95.804912842726665
105.25620162669229 95.729322742089522
106.78718833360406 95.652336279228820
108.34044375495276 95.573469355791190
109.9162917966485 95.492289983790428
111.51506107592134 95.408697686198593
113.13708498984903 95.322938765582478
114.78270178488147 95.235435596120823
116.45225462737648 95.147038531249166
118.14609167516147 95.059223603165393
119.86456615013608 94.973993083919765
121.60803641193078 94.893639547841232
123.3768660326369 94.820595987063371
125.17142387262359 94.757421100669887
126.99208415745765 94.707017168194227
128.83922655594208 94.672432123602675
130.71323625928977 94.655340379196275
132.61450406144883 94.655874235799203
134.5434264405962 94.673673079387157
136.50040564181674 94.708077607793939
138.48584976098482 94.757276837690952
140.50017282986593 94.817542755146491
142.5437949024563 94.883541331019330
144.61714214257822 94.949501043932614
146.7206469127495 95.010473158401538
148.8547478643456 95.061696099964848
151.01989002907314 95.099918369394913
153.216524911774 95.123920011368043
155.4451105845792 95.133918682756828
157.70611178243232 95.131428977294888
160.00000000000236 95.119435913772591
162.3272535900062 95.101779407746591
164.6883578629612 95.081673143604604
167.08380518838874 95.061359442610453
169.51409509748981 95.042319732138637
171.97973438731407 95.025268723760917
174.4812372264439 95.009885587330785
177.01912526221608 94.995071623718715
179.5939277295025 94.979492460128256
182.20618156107355 94.962083277114445
184.85643149956664 94.942516314971471
187.54523021108326 94.921346509330178
190.27313840043846 94.899561271899486
193.04072492808663 94.877932653909212
195.84856692874806 94.856888519959512
198.69724993176072 94.836663480790051
201.58736798318304 94.817478553865612
204.5195237696723 94.799594588912001
207.49432874416505 94.783538875876189
210.5124032533856 94.770152204315835
213.57437666720915 94.760162634215362
216.68088750990657 94.753880010499486
219.83258359329807 94.751381287354349
223.03012215184378 94.752787370586745
226.2741699796992 94.758195284830038
229.5654035697641 94.767525255914776
232.90450925475412 94.780365623806006
236.2921833503241 94.795835679490764
239.72913230027333 94.812668187896847
243.21607282386276 94.829449242981738
246.75373206527502 94.844854242592262
250.34284774524843 94.857844097453125
253.9841683149166 94.867738829798498
257.67845311188546 94.874106837983803
261.42647251858085 94.876643251993414
265.22900812289896 94.875215134856191
269.08685288119375 94.870004082692233
273.0008112836349 94.861507222860212
276.97169952197106 94.850325931750518
281.00034565973334 94.836952346256965
285.0875898049141 94.821724802446298
289.23428428515797 94.804819065713545
293.44129382550057 94.786231290406562
297.7094957286928 94.765929251823451
302.0397800581479 94.744058505806962
306.4330498235497 94.720931748417541
310.89022116916016 94.696784142291520
315.41222356486645 94.671571937229530
320.00000000000654 94.645002336943691
324.6545071800142 94.616661516670746
329.3767157259242 94.586251682582770
334.16761037677935 94.553585582651920
339.02819019498156 94.518592863193689
343.95946877463007 94.481426307893031
348.9624744528898 94.442418432626994
354.03825052443415 94.401932758963696
359.187855459007 94.360401795644719
364.4123631221491 94.318294983885039
369.71286299913527 94.275960640387410
375.0904604221685 94.233828211207623
380.54627680087896 94.193087926548429
386.08144985617537 94.155659116107870
391.6971338574982 94.123014451854488
397.3944998635236 94.096514815160148
403.1747359663683 94.077815674471793
409.0390475393468 94.068580626226748
414.9886574883323 94.070149864283366
421.0248065067734 94.083200289716842
427.1487533344206 94.107443504306488
433.3617750198154 94.141739710323705
439.6651671865984 94.184384511311464
446.06024430368984 94.233543406759139
452.54833995940066 94.287657797753639
459.13080713953053 94.345530900585359
465.8090185095106 94.406449617050114
472.58436670065066 94.470146087876245
479.45826460054917 94.536673674663120
486.432145647728 94.606353167942615
493.50746413055253 94.679622405006668
500.6856954904994 94.756918252137467
507.9683366298358 94.838610828149768
515.3569062237735 94.924756790091777
522.8529450371643 95.014965030130284
530.4580162458005 95.108225218773555
538.1737057623901 95.202817330743059
546.0016225672724 95.296462754550504
553.9433990439449 95.386497528128174
562.0006913194694 95.470131191017714
570.1751796098309 95.544864803120447
578.4685685703187 95.608880825193623
586.8825876510039 95.661505225204422
595.4189914573883 95.703157948116058
604.0795601162986 95.734872990182467
612.8660996471021 95.757898932410626
621.780442338323 95.773586883689234
630.8244471297356 95.783625467297952
640.0000000000159 95.790056940532494
649.3090143600314 95.794681724169365
658.7534314518515 95.798873605723500
668.3352207535618 95.803523013169240
678.0563803899662 95.809186118884327
687.9189375492632 95.816209713541980
697.9249489057827 95.824777253058500
708.0765010488715 95.835052417603663
718.3757109180171 95.847180933022685
728.8247262443015 95.861075613459278
739.425725998274 95.876511378979671
750.1809208443404 95.893190019566163
761.0925536017613 95.910828687131499
772.1628997123541 95.929363490930442
783.3942677149998 95.948966061192053
794.7889997270506 95.969838841618269
806.34947193274 95.992021472189776
818.0780950786972 96.015588776175690
829.9773149766683 96.040969726835556
842.0496130135506 96.068922580484610
854.2975066688449 96.100169031987605
866.7235500396347 96.135113515449461
879.3303343732008 96.173993205404912
892.1204886073838 96.216966406250293
905.0966799188055 96.264055428564447
918.2616142790653 96.315131452919687
931.6180370190256 96.369823330456114
945.1687334013056 96.427615332016913
958.9165292011028 96.487957209019370
972.8642912954606 96.550324483017462
987.0149282611097 96.614355674980317
1001.3713909810035 96.679978316885268
1015.9366732596762 96.747435429956511
1030.7138124475518 96.817097559451327
1045.7058900743334 96.889142622755585
1060.916032491606 96.963468281207653
1076.3474115247852 97.039833359991420
1092.0032451345498 97.117986475860903
1107.8867980878947 97.197650660310714
1124.0013826389438 97.278538051031035
1140.350359219667 97.360304119206873
1156.9371371406426 97.442573224877577
1173.765175302013 97.524960909493657
1190.837982914782 97.607179377174006
1208.1591202326028 97.689103006311001
1225.73219929421 97.770580778803634
1243.5608846766518 97.851619577778322
1261.648894259477 97.932281827132073
1280.0000000000375 98.012706314153377
1298.6180287200684 98.093201318657691
1317.5068629037087 98.173970896019199
1336.6704415071292 98.254897635839711
1356.112760779938 98.335742274960225
1375.8378750985323 98.416330471036716
1395.8498978115715 98.496595294435778
1416.153002097749 98.576432153843086
1436.7514218360407 98.655661053863284
1457.6494524886093 98.734113044688115
1478.8514519965543 98.811872865526823
1500.3618416886875 98.889182811631983
1522.1851072035295 98.966393636246437
1544.3257994247153 99.043959278833000
1566.788535430007 99.122270307040083
1589.5779994541087 99.201784342505675
1612.6989438654878 99.282910931886420
1636.156190157402 99.365926311024879
1659.9546299533442 99.451028528313827
1684.099226027109 99.538512550668116
1708.5950133376978 99.628818968429371
1733.4471000792773 99.722327824892290
1758.6606687464096 99.819343049989357
1784.2409772147755 99.920175187160453
1810.193359837619 100.025158095807882
1836.5232285581387 100.134661497931887
1863.2360740380593 100.249003422627950
1890.3374668026197 100.368340352809412
1917.833058402214 100.493047244007968
1945.7285825909298 100.623753988927973
1974.0298565222283 100.760965651708972
2002.7427819620161 100.905106068290394
2031.8733465193618 101.056461894960819
2061.4276248951132 101.215408846699674
2091.411780148677 101.382444323760581
2121.832064983222 101.558025246646736
2152.694823049581 101.742241918901556
2184.0064902691106 101.934931626274050
2215.7735961758003 102.135899469591692
2248.002765277899 102.344316045121658
2280.7007184393456 102.559394217433848
2313.874274281297 102.780134134766200
2347.530350604038 103.005381519194600
2381.6759658295764 103.233789108986244
2416.318240465218 103.463721454300682
2451.4643985884327 103.693209562609411
2487.1217693533167 103.920162703976544
2523.2977885189675 104.141964285500990
2560.0000000000887 104.355793305817954
2597.236057440151 104.558450834926177
2635.0137258074315 104.746209327791675
2673.340883014273 104.914820747037822
2712.225521559891 105.060247785752836
2751.6757501970797 105.177309366019784
2791.699795623158 105.261730628948399
2832.3060041955137 105.310607272168667
2873.502843672097 105.323472253137027
2915.2989049772345 105.300288743230539
2957.7029039931244 105.241608846380288
3000.723683377391 105.149467198657263
3044.370214407075 105.028176625955325
3088.6515988494466 104.884652530757322
3133.57707086003 104.725283145795458
3179.1559989082334 104.553286157791632
3225.3978877309914 104.369699091009025
3272.3123803148205 104.173974413903508
3319.9092599067053 103.965261929081095
3368.198452054235 103.743633699593488
3417.190026675413 103.510351737412932
3466.8942001585724 103.267652633911837
3517.3213374928373 103.018234624622394
3568.4819544295697 102.764779058284702
3620.386719675257 102.509905514320536
3673.0464571162966 102.256409684490137
3726.472148076138 102.007424971870222
3780.6749336052594 101.765634666266536
3835.6661168044484 101.533060604264151
3891.45716518188 101.313052751022639
3948.059713044477 101.109565639160124
4005.4855639240527 100.932585362779733
4063.746693038744 100.790312862052872
4122.855249790247 100.688035241765874
4182.823560297375 100.624590988081493
4243.664129966465 100.589181710387379
4305.389646099183 100.565684556052673
4368.012980538242 100.540701832116142
4431.5471923516225 100.505521863152424
4496.00553055582 100.455325478108477
4561.401436878714 100.384978547122117
4627.748548562617 100.287746889462923
4695.060701208099 100.156545871176661
4763.351931659176 99.992817966476522
4832.63648093046 99.801285112782040
4902.928797176889 99.586829069640871
4974.243538706657 99.354301358697072
5046.595577037959 99.106350719453104
5120.000000000202 98.845727177386053
5194.472114880326 98.574306171273747
5270.027451614888 98.294501173949300
5346.6817660285715 98.009617702987754
5424.451043119808 97.723123364818889
5503.351500394186 97.438921832555366
5583.399591246343 97.161071122934743
5664.612008391055 96.893411370612171
5747.005687344222 96.638190128791521
5830.597809954497 96.398133021307729
5915.405807986278 96.176681401805382
6001.447366754812 95.978506253584541
6088.740428814181 95.809957097013694
6177.303197698925 95.676361826838772
6267.154141720092 95.583003643868551
6358.3119978165005 95.534595547012174
6450.795775462017 95.533555302849862
6544.624760629676 95.584033405546222
6639.818519813445 95.690027490044457
6736.396904108505 95.855919664423098
6834.380053350861 96.083745404438162
6933.788400317181 96.363906592214605
7034.642674985712 96.681961900687497
7136.963908859177 97.039316935253055
7240.773439350552 97.424678846961427
7346.092914232631 97.790419233684503
7452.944296152315 98.113440297753698
7561.349867210557 98.339072978470028
7671.332233608935 98.374760164614656
7782.914330363799 98.243730538337545
7896.119426088994 98.075206112967578
8010.971127848146 97.970742226475295
8127.49338607753 97.960005292741840
8245.710499580537 98.035175078262867
8365.647120594791 98.164133422045154
8487.328259932974 98.291241403941058
8610.77929219841 98.341285346282177
8736.025961076528 98.222980543757515
8863.094384703289 97.874515801157003
8992.011061111683 97.275886462145849
9122.802873757471 96.451260473662316
9255.497097125279 95.503669576418048
9390.121402416245 94.580594919957747
9526.7038633184 93.764181209073968
9665.272961860968 93.066752782107585
9805.857594353829 92.480127816824393
9948.487077413367 91.998700492077262
10093.19115407597 91.620901736180400
10240.000000000457 91.332213848612454
10388.944229760706 91.121621636779082
10540.05490322983 90.980661599122215
10693.363532057198 90.886250757121246
10848.902086239672 90.797352760740765
11006.703000788428 90.681157603977667
11166.799182492743 90.529487701104486
11329.224016782166 90.342697462308934
11494.0113746885 90.146547286493202
11661.195619909053 89.991869930095149
11830.811615972614 89.922385007525094
12002.894733509682 89.986850714490316
12177.48085762842 90.167449169710849
12354.606395397908 90.460895107944367
12534.308283440243 90.772093371761130
12716.62399563306 91.012880153217353
12901.591550924093 91.113684829705420
13089.249521259411 91.130902168287179
13279.637039626952 91.108281410130587
13472.793808217073 91.134577175046417
13668.760106701786 91.335978352135186
13867.576800634426 91.783572750932464
14069.285349971487 92.492281472510442
14273.927817718419 93.375785141662277
14481.54687870117 94.174770463464554
14692.18582846533 94.392010652313715
14905.888592304698 93.757027238663312
15122.699734421185 92.350333732166547
15342.664467217943 90.515092760009054
15565.828660727671 88.683063462810253
15792.238852178061 87.135109548602003
16021.942255696367 85.940615822126190
16254.986772155136 85.134734058825373
16491.42099916115 84.853802347419176
16731.294241189662 84.641028343315440
16974.65651986603 84.256025079419103
17221.558584396902 83.691083864513601
17472.051922153143 83.331210227506105
17726.188769406665 83.789273502573081
17984.022122223458 84.962515638179923
18245.605747515034 86.127652454793946
18510.99419425065 86.630644187378493
18780.242804832582 86.368945939353651
19053.40772663689 85.783714077423099
19330.545923722028 85.245121376096023
19611.71518870775 84.800841746212427
19896.974154826825 84.450040977504344
20186.382308152035 84.335010758983060
