20 103.188500000000005
20.290906698750476 103.166000022700160
20.586044732869844 103.141999943502952
20.885475648548283 103.117999946434963
21.189261887185914 103.093500008880596
21.49746679841394 103.067000016944490
21.810154653305165 103.039999944196225
22.12739065777668 103.011999942568380
22.449240966187475 102.984000089614540
22.77577269513385 102.954999936822475
23.107053937445478 102.926000005268094
23.44315377638505 102.895999931447051
23.784142300054445 102.865499973885449
24.130090616010463 102.835500033178818
24.481070866093134 102.804500011784626
24.837156241469714 102.773499978533636
25.1984209978975 102.742000000179758
25.56494047120865 102.710000046001596
25.936791093020236 102.677499906952761
26.3140504066728 102.645000051713581
26.69679708340074 102.611499901996254
27.08511093873791 102.577000092587227
27.47907294916184 102.541500004500293
27.878765268980047 102.504999975368264
28.284271247461966 102.468499977663711
28.695675446220072 102.430499960300892
29.11306365684382 102.392500031948487
29.536522918790062 102.353500101762847
29.966141537533712 102.310999945540630
30.402009102982383 102.266000094327495
30.844216508158908 102.220000050978783
31.29285596815558 102.172500003394774
31.74802103936409 102.125499896091156
32.20980663898519 102.079000138023829
32.67830906482211 102.033000091489498
33.153626015361866 101.987999904907298
33.63585661014871 101.943000036248606
34.125101410453844 101.896500152152441
34.62146244024586 101.849000150291261
35.12504320746613 101.799999881403323
35.635948725613716 101.749499925536867
36.15428553564419 101.695999944797904
36.68016172818701 101.641499927400474
37.21368696608603 101.587500106200110
37.754972507267915 101.534000145634536
38.30413122794313 101.480999978648398
38.86127764614443 101.429000125904025
39.4265279456077 101.376500098507989
40.000000000000206 101.322499999999991
40.58181339750116 101.265500058813998
41.1720894657399 101.205999952388083
41.77095129709678 101.144499865016542
42.37852377437204 101.081500126630246
42.9949335968281 101.017000041709508
43.62030930661056 100.950499859456670
44.25478131555359 100.881999860523166
44.89848193237519 100.813000115682243
45.55154539026795 100.743499854691663
46.21410787489121 100.674500012982065
46.88630755277036 100.605499943870456
47.56828460010916 100.536999839849813
48.260181232021196 100.468999977774018
48.962141732186545 100.402000120573092
49.674312482939705 100.336500047022184
50.39684199579528 100.270500092783948
51.129880942417586 100.203000190183346
51.873582186040764 100.136499894300698
52.628100813345895 100.069500016515008
53.393594166801776 100.001499891435898
54.17022187747612 99.928500106573182
54.95814589832399 99.851999913156590
55.75753053796041 99.773999948739302
56.56854249492426 99.696999953516325
57.39135089244048 99.620999918455851
58.226127313687975 99.545000062258538
59.073045837580466 99.467500200981590
59.932283075067765 99.386499801712858
60.804018205965114 99.303000172249796
61.68843301631817 99.217000194432160
62.58571193631152 99.126500006506618
63.49604207872855 99.032999785405138
64.41961327797075 98.938000381473941
65.35661812964459 98.845000280808904
66.3072520307241 98.752999900250842
67.27171322029778 98.659999978986122
68.25020282090806 98.566000307541486
69.2429248804921 98.471000297451440
70.25008641493265 98.376999779410113
71.27189745122783 98.283999866528575
72.30857107128878 98.187999993197366
73.36032345637442 98.086499755102324
74.42737393217246 97.979500208538326
75.50994501453623 97.870500399834654
76.60826245588666 97.762499857070097
77.72255529228926 97.653500166447117
78.85305589121582 97.543000206309500
80.00000000000082 97.431999999999917
81.16362679500274 97.319000116596129
82.34417893148023 97.206999825206282
83.541902594194 97.101499870965370
84.75704754874454 97.006500184920014
85.98986719365665 96.910500063867545
87.24061861322157 96.802499762316785
88.50956263110764 96.685999760017779
89.79696386475084 96.569000283907769
91.10309078053635 96.454499759925341
92.42821574978288 96.340499936751002
93.77261510554118 96.226499907264042
95.13656920021877 96.111499726119945
96.52036246404286 95.994000045152120
97.92428346437356 95.877000210552978
99.34862496587989 95.756500002888117
100.79368399159105 95.631000174489145
102.25976188483567 95.514500316039943
103.74716437208203 95.413499837507018
105.25620162669229 95.303500106093708
106.78718833360406 95.170999799457931
108.34044375495276 95.043000177141892
109.9162917966485 94.930999873682126
111.51506107592134 94.818999926770317
113.13708498984903 94.713000000636043
114.78270178488147 94.625999910945197
116.45225462737648 94.539500020014600
118.14609167516147 94.445000185803508
119.86456615013608 94.353999847677784
121.60803641193078 94.272000164047398
123.3768660326369 94.192500133723598
125.17142387262359 94.109000053832432
126.99208415745765 94.017499830159721
128.83922655594208 93.917000354561878
130.71323625928977 93.812500317436132
132.61450406144883 93.715999898105565
134.5434264405962 93.619000028607587
136.50040564181674 93.515000336677303
138.48584976098482 93.421500234000348
140.50017282986593 93.339499793641494
142.5437949024563 93.248999907909536
144.61714214257822 93.146999992857204
146.7206469127495 93.046499819792260
148.8547478643456 92.976500119716434
151.01989002907314 92.924500166816784
153.216524911774 92.869999931813169
155.4451105845792 92.820500071770695
157.70611178243232 92.760000126387666
160.00000000000236 92.680499999999952
162.3272535900062 92.644000013884664
164.6883578629612 92.632999943353866
167.08380518838874 92.586999884114221
169.51409509748981 92.522500099200528
171.97973438731407 92.461500040405980
174.4812372264439 92.419499999999999
177.01912526221608 92.434000134250212
179.5939277295025 92.494999863347971
182.20618156107355 92.574000158905221
184.85643149956664 92.670500064368497
187.54523021108326 92.795500176025641
190.27313840043846 92.949000369041812
193.04072492808663 93.104999940954968
195.84856692874806 93.242499758854080
198.69724993176072 93.380999996610683
201.58736798318304 93.536499777041541
204.5195237696723 93.704999584767236
207.49432874416505 93.853000178268914
210.5124032533856 93.955999946372629
213.57437666720915 94.045000173935790
216.68088750990657 94.136999843277849
219.83258359329807 94.202000030930691
223.03012215184378 94.239000012828626
226.2741699796992 94.275999999763059
229.5654035697641 94.309000030217334
232.90450925475412 94.328999995997080
236.2921833503241 94.347999957250977
239.72913230027333 94.361500030827116
243.21607282386276 94.381499952836350
246.75373206527502 94.408999956539844
250.34284774524843 94.420999996244262
253.9841683149166 94.422499990063869
257.67845311188546 94.413500048695511
261.42647251858085 94.403000013932143
265.22900812289896 94.429500050410951
269.08685288119375 94.467499999110117
273.0008112836349 94.459000064745624
276.97169952197106 94.426000084134898
281.00034565973334 94.429500066414207
285.0875898049141 94.464500060472602
289.23428428515797 94.514000010117343
293.44129382550057 94.539000020793196
297.7094957286928 94.543499999999995
302.0397800581479 94.555499931237776
306.4330498235497 94.584000035404685
310.89022116916016 94.608999964878166
315.41222356486645 94.625999970510662
320.00000000000654 94.654000000000053
324.6545071800142 94.698499969815984
329.3767157259242 94.759500087356628
334.16761037677935 94.818000073111648
339.02819019498156 94.860999939199701
343.95946877463007 94.881499987193507
348.9624744528898 94.885499988677310
354.03825052443415 94.877499957325568
359.187855459007 94.855500050989548
364.4123631221491 94.842999994818300
369.71286299913527 94.839999998880543
375.0904604221685 94.842000017720693
380.54627680087896 94.859500051352853
386.08144985617537 94.884999994440619
391.6971338574982 94.905999973006061
397.3944998635236 94.896000003577598
403.1747359663683 94.870000037390540
409.0390475393468 94.842500073709914
414.9886574883323 94.796499933733003
421.0248065067734 94.763000021509612
427.1487533344206 94.745499976628821
433.3617750198154 94.725500045783974
439.6651671865984 94.682999952425789
446.06024430368984 94.634999987527692
452.54833995940066 94.602500000187050
459.13080713953053 94.567499950553440
465.8090185095106 94.535000010775974
472.58436670065066 94.518500025234644
479.45826460054917 94.503999958292724
486.432145647728 94.479000051508365
493.50746413055253 94.458000034435031
500.6856954904994 94.451500000974306
507.9683366298358 94.463000046284805
515.3569062237735 94.488999898863199
522.8529450371643 94.513999935912153
530.4580162458005 94.534500018233757
538.1737057623901 94.550999999509031
546.0016225672724 94.562499961152639
553.9433990439449 94.582999939528037
562.0006913194694 94.615500087314885
570.1751796098309 94.648000033341432
578.4685685703187 94.683500007866883
586.8825876510039 94.724500080862470
595.4189914573883 94.756999949076089
604.0795601162986 94.782999903732872
612.8660996471021 94.826500069524656
621.780442338323 94.884499904948967
630.8244471297356 94.923499947545906
640.0000000000159 94.933500000000024
649.3090143600314 94.946999987917835
658.7534314518515 94.979000049314223
668.3352207535618 95.009000027648796
678.0563803899662 95.022999982399909
687.9189375492632 95.041499982687043
697.9249489057827 95.081000110449438
708.0765010488715 95.131500110142994
718.3757109180171 95.177499908218806
728.8247262443015 95.227500105670401
739.425725998274 95.287500038061424
750.1809208443404 95.361000107505632
761.0925536017613 95.456000223036057
772.1628997123541 95.552999972184608
783.3942677149998 95.631499875105703
794.7889997270506 95.701499992096871
806.34947193274 95.780499893511120
818.0780950786972 95.853999827147277
829.9773149766683 95.906500091340448
842.0496130135506 95.966999951047114
854.2975066688449 96.034500098007697
866.7235500396347 96.087499911953898
879.3303343732008 96.147000069904976
892.1204886073838 96.216000022985838
905.0966799188055 96.261999999756853
918.2616142790653 96.303000081797606
931.6180370190256 96.373499971016344
945.1687334013056 96.455499829666195
958.9165292011028 96.529000116055059
972.8642912954606 96.591999877292437
987.0149282611097 96.655999882195943
1001.3713909810035 96.723499962154392
1015.9366732596762 96.791000116637747
1030.7138124475518 96.853999768262099
1045.7058900743334 96.915499823120911
1060.916032491606 96.976000063281859
1076.3474115247852 97.036999998066875
1092.0032451345498 97.099499799288623
1107.8867980878947 97.155499854634868
1124.0013826389438 97.208500138699478
1140.350359219667 97.264500055221774
1156.9371371406426 97.317500011051123
1173.765175302013 97.380500153106908
1190.837982914782 97.445499891138866
1208.1591202326028 97.492499855599334
1225.73219929421 97.529000051544131
1243.5608846766518 97.575499920853844
1261.648894259477 97.629999903834189
1280.0000000000375 97.683500000000109
1298.6180287200684 97.734999963042796
1317.5068629037087 97.782000052132190
1336.6704415071292 97.819000060176791
1356.112760779938 97.857999932298483
1375.8378750985323 97.905499960640711
1395.8498978115715 97.953500101786744
1416.153002097749 98.000000112486504
1436.7514218360407 98.050499889338454
1457.6494524886093 98.110500114779953
1478.8514519965543 98.173500034143359
1500.3618416886875 98.235500075608371
1522.1851072035295 98.300000144212106
1544.3257994247153 98.366499980174169
1566.788535430007 98.432999887081877
1589.5779994541087 98.496499990077879
1612.6989438654878 98.568499900711288
1636.156190157402 98.651999781392192
1659.9546299533442 98.736000134519600
1684.099226027109 98.817999941863320
1708.5950133376978 98.912000181233935
1733.4471000792773 99.020999802776785
1758.6606687464096 99.139000113663599
1784.2409772147755 99.263000049377951
1810.193359837619 99.387500003863252
1836.5232285581387 99.509000171001048
1863.2360740380593 99.642499948349695
1890.3374668026197 99.798499663538166
1917.833058402214 99.961000284697604
1945.7285825909298 100.118499687293649
1974.0298565222283 100.283999699659404
2002.7427819620161 100.461999899820512
2031.8733465193618 100.651500378955603
2061.4276248951132 100.856499231218777
2091.411780148677 101.073499388134223
2121.832064983222 101.289000242015319
2152.694823049581 101.511999993034664
2184.0064902691106 101.754999197154604
2215.7735961758003 102.008499316245562
2248.002765277899 102.267000654564271
2280.7007184393456 102.540000294863560
2313.874274281297 102.820500051134957
2347.530350604038 103.094000640951108
2381.6759658295764 103.380499495820061
2416.318240465218 103.683498963558122
2451.4643985884327 103.979500355785788
2487.1217693533167 104.268499544118242
2523.2977885189675 104.551499508680251
2560.0000000000887 104.821000000000609
2597.236057440151 105.069499827296255
2635.0137258074315 105.290000276159788
2673.340883014273 105.477500252092028
2712.225521559891 105.621999778731677
2751.6757501970797 105.722499930758573
2791.699795623158 105.775500037236668
2832.3060041955137 105.777499915635104
2873.502843672097 105.730000123189257
2915.2989049772345 105.635999770440051
2957.7029039931244 105.500999914176177
3000.723683377391 105.333999779906463
3044.370214407075 105.137499520929794
3088.6515988494466 104.915000062336603
3133.57707086003 104.674000419165608
3179.1559989082334 104.417000040308523
3225.3978877309914 104.157000341929617
3272.3123803148205 103.907000630403843
3319.9092599067053 103.660499601423339
3368.198452054235 103.427000159000244
3417.190026675413 103.220999673040197
3466.8942001585724 103.036500313357465
3517.3213374928373 102.870499862063497
3568.4819544295697 102.731999952597107
3620.386719675257 102.618499998803145
3673.0464571162966 102.533499917018872
3726.472148076138 102.478000017836052
3780.6749336052594 102.450500042425375
3835.6661168044484 102.453000036267213
3891.45716518188 102.476999945083747
3948.059713044477 102.513999927136325
4005.4855639240527 102.566499968833071
4063.746693038744 102.621000077299414
4122.855249790247 102.654999900228631
4182.823560297375 102.657500019737597
4243.664129966465 102.609499888385599
4305.389646099183 102.487500004387798
4368.012980538242 102.282000734862464
4431.5471923516225 101.997500808231536
4496.00553055582 101.661499167451666
4561.401436878714 101.328499686056759
4627.748548562617 101.049499955512061
4695.060701208099 100.849499675923539
4763.351931659176 100.720500200241872
4832.63648093046 100.640500246508495
4902.928797176889 100.577999915105764
4974.243538706657 100.502000129799640
5046.595577037959 100.398000192551365
5120.000000000202 100.265999999999579
5194.472114880326 100.104000121532209
5270.027451614888 99.897999670298958
5346.6817660285715 99.659499599853120
5424.451043119808 99.413500402906408
5503.351500394186 99.177500181272407
5583.399591246343 98.956999548779265
5664.612008391055 98.756999587549387
5747.005687344222 98.590000327985877
5830.597809954497 98.464499832384774
5915.405807986278 98.383999976934831
6001.447366754812 98.353500013900657
6088.740428814181 98.380500172200385
6177.303197698925 98.476499967549159
6267.154141720092 98.645999674547852
6358.3119978165005 98.888499959691558
6450.795775462017 99.197999570937839
6544.624760629676 99.567499026432913
6639.818519813445 99.973500686833660
6736.396904108505 100.380499713564404
6834.380053350861 100.764000638064559
6933.788400317181 101.128999375026098
7034.642674985712 101.439000200721466
7136.963908859177 101.601000006070379
7240.773439350552 101.571499998133874
7346.092914232631 101.398499681627101
7452.944296152315 101.144000099956145
7561.349867210557 100.851500630016702
7671.332233608935 100.565499524365180
7782.914330363799 100.313000480734601
7896.119426088994 100.104500351834957
8010.971127848146 99.956500071771814
8127.49338607753 99.882999960407602
8245.710499580537 99.876499970438118
8365.647120594791 99.913499875569556
8487.328259932974 99.962000035102832
8610.77929219841 99.982999999612446
8736.025961076528 99.947000164695510
8863.094384703289 99.836500354301791
8992.011061111683 99.632499321717887
9122.802873757471 99.334999633204262
9255.497097125279 98.975999922348223
9390.121402416245 98.588999122953751
9526.7038633184 98.207000656444961
9665.272961860968 97.855501170915232
9805.857594353829 97.554499691955101
9948.487077413367 97.317000351369671
10093.19115407597 97.137500287959654
10240.000000000457 97.001999999999640
10388.944229760706 96.883000086707142
10540.05490322983 96.741999750610674
10693.363532057198 96.546999573953570
10848.902086239672 96.258500518494202
11006.703000788428 95.870000319997288
11166.799182492743 95.447499167650932
11329.224016782166 95.102999485776536
11494.0113746885 94.929500264402080
11661.195619909053 94.891499970849523
11830.811615972614 94.867499965297171
12002.894733509682 94.788999863796064
12177.48085762842 94.664999709331866
12354.606395397908 94.541000032367577
12534.308283440243 94.469500091264351
12716.62399563306 94.486999993419062
12901.591550924093 94.629999764047170
13089.249521259411 94.925499148446647
13279.637039626952 95.376000929590390
13472.793808217073 95.960999568173150
13668.760106701786 96.599501014712033
13867.576800634426 97.140999141749091
14069.285349971487 97.390499928653483
14273.927817718419 97.194999775800284
14481.54687870117 96.539999983881813
14692.18582846533 95.575998605440105
14905.888592304698 94.528500386447206
15122.699734421185 93.614501811871563
15342.664467217943 93.031499622772316
15565.828660727671 92.973999818739458
15792.238852178061 93.458498964140915
16021.942255696367 93.980499756473677
16254.986772155136 93.993499294878220
16491.42099916115 93.495502295814902
16731.294241189662 92.351503817751947
16974.65651986603 90.172496912046000
17221.558584396902 87.303000113318205
17472.051922153143 84.560508570624364
17726.188769406665 82.200506075975710
17984.022122223458 80.165495523827204
18245.605747515034 78.406498360063438
18510.99419425065 76.907999731441620
18780.242804832582 75.586497171695385
19053.40772663689 74.375502039925252
19330.545923722028 73.856500116284522
19611.71518870775 75.804003090151994
19896.974154826825 78.031496974707181
20186.382308152035 78.759999398060373
