20 109.073000000000008
20.290906698750476 109.063500010318251
20.586044732869844 109.052999972979677
20.885475648548283 109.041499974288783
21.189261887185914 109.028500005180348
21.49746679841394 109.014500009123964
21.810154653305165 108.998999968997907
22.12739065777668 108.982999967181939
22.449240966187475 108.967000051208302
22.77577269513385 108.948999959987560
23.107053937445478 108.930000003574776
23.44315377638505 108.910499954298032
23.784142300054445 108.889499981719808
24.130090616010463 108.868000024331138
24.481070866093134 108.845500008743429
24.837156241469714 108.821999983900241
25.1984209978975 108.798000000139183
25.56494047120865 108.773000035938765
25.936791093020236 108.746499924399103
26.3140504066728 108.719500043878199
26.69679708340074 108.691499918796893
27.08511093873791 108.661500084417767
27.47907294916184 108.631000003857395
27.878765268980047 108.598499978031128
28.284271247461966 108.564999979474749
28.695675446220072 108.530999963519747
29.11306365684382 108.496500028671704
29.536522918790062 108.461500089042488
29.966141537533712 108.426499956680061
30.402009102982383 108.391500071770935
30.844216508158908 108.356000039896429
31.29285596815558 108.320000002546081
31.74802103936409 108.282999911903374
32.20980663898519 108.243500117467079
32.67830906482211 108.201000085522793
33.153626015361866 108.154999900680963
33.63585661014871 108.107000039470705
34.125101410453844 108.058500158626998
34.62146244024586 108.010000150291276
35.12504320746613 107.960499881403308
35.635948725613716 107.910999929751767
36.15428553564419 107.860999948886956
36.68016172818701 107.810999930140085
37.21368696608603 107.760500096545542
37.754972507267915 107.712000131895451
38.30413122794313 107.666999982343867
38.86127764614443 107.625000099270480
39.4265279456077 107.583500078062926
40.000000000000206 107.538999999999987
40.58181339750116 107.489000053654877
41.1720894657399 107.434499956290693
41.77095129709678 107.377499871444314
42.37852377437204 107.317500120600229
42.9949335968281 107.257000039754359
43.62030930661056 107.196999875991196
44.25478131555359 107.136999876932208
44.89848193237519 107.076500100808815
45.55154539026795 107.014499871539016
46.21410787489121 106.953000011665054
46.88630755277036 106.890499947937798
47.56828460010916 106.825999846812877
48.260181232021196 106.759999977110567
48.962141732186545 106.691000124172291
49.674312482939705 106.621000050639282
50.39684199579528 106.549000099708110
51.129880942417586 106.476500204167422
51.873582186040764 106.404499884835104
52.628100813345895 106.332500017500976
53.393594166801776 106.261999894451563
54.17022187747612 106.193000097932128
54.95814589832399 106.127499926690632
55.75753053796041 106.061999954065072
56.56854249492426 105.990999953516337
57.39135089244048 105.912999913091127
58.226127313687975 105.831500067173693
59.073045837580466 105.748000213701943
59.932283075067765 105.664499799323863
60.804018205965114 105.580000174300380
61.68843301631817 105.495000189962454
62.58571193631152 105.408000006153003
63.49604207872855 105.319499801217376
64.41961327797075 105.231000357380850
65.35661812964459 105.141000274704368
66.3072520307241 105.050999901323422
67.27171322029778 104.958499978986112
68.25020282090806 104.864500307541476
69.2429248804921 104.769000300582519
70.25008641493265 104.672499772294316
71.27189745122783 104.575999862313694
72.30857107128878 104.478499993401442
73.36032345637442 104.381499775895520
74.42737393217246 104.284000189229232
75.50994501453623 104.188500348479749
76.60826245588666 104.095999880673205
77.72255529228926 104.005000138960440
78.85305589121582 103.915500165419331
80.00000000000082 103.827499999999930
81.16362679500274 103.742500086673232
82.34417893148023 103.660499867286262
83.541902594194 103.577499886765523
84.75704754874454 103.491000174870010
85.98986719365665 103.401500058653866
87.24061861322157 103.307999805719803
88.50956263110764 103.214499809244899
89.79696386475084 103.122000223243703
91.10309078053635 103.032499812573292
92.42821574978288 102.943499948505234
93.77261510554118 102.849999920279615
95.13656920021877 102.750499756293181
96.52036246404286 102.643500042064801
97.92428346437356 102.528000210552960
99.34862496587989 102.401000003079076
100.79368399159105 102.264000193876839
102.25976188483567 102.118500411131578
103.74716437208203 101.965499755471726
105.25620162669229 101.808500144178623
106.78718833360406 101.647999757238537
108.34044375495276 101.485500236189182
109.9162917966485 101.323499815034552
111.51506107592134 101.159999891486905
113.13708498984903 100.997000001016417
114.78270178488147 100.832999820817435
116.45225462737648 100.665500037360601
118.14609167516147 100.494500336402155
119.86456615013608 100.319999680848667
121.60803641193078 100.145000356803081
123.3768660326369 99.968500294191884
125.17142387262359 99.791000110794670
126.99208415745765 99.618999722079550
128.83922655594208 99.462000528366730
130.71323625928977 99.333000369324722
132.61450406144883 99.254999978548540
134.5434264405962 99.258499992197940
136.50040564181674 99.355499614763460
138.48584976098482 99.528499505707146
140.50017282986593 99.750500569264844
142.5437949024563 99.988500203519919
144.61714214257822 100.201500012857039
146.7206469127495 100.385000402001893
148.8547478643456 100.559499662090715
151.01989002907314 100.741999406517209
153.216524911774 100.929000234720007
155.4451105845792 101.102499743457940
157.70611178243232 101.258499719345025
160.00000000000236 101.401500000000141
162.3272535900062 101.512499939631937
164.6883578629612 101.567500016184610
167.08380518838874 101.564499932544095
169.51409509748981 101.514000099200530
171.97973438731407 101.425500063215793
174.4812372264439 101.311499741648447
177.01912526221608 101.184999687563135
179.5939277295025 101.056000265145727
182.20618156107355 100.925999766823878
184.85643149956664 100.788999919959167
187.54523021108326 100.645999831062653
190.27313840043846 100.502999668094475
193.04072492808663 100.360000055185878
195.84856692874806 100.217500255542689
198.69724993176072 100.077500003317709
201.58736798318304 99.940500189722428
204.5195237696723 99.806000329237804
207.49432874416505 99.670999788601478
210.5124032533856 99.537500076692908
213.57437666720915 99.403999754658983
216.68088750990657 99.270000235963693
219.83258359329807 99.135999891742557
223.03012215184378 99.003999954030718
226.2741699796992 98.876500000785654
229.5654035697641 98.753499836551711
232.90450925475412 98.636500025574179
236.2921833503241 98.527000240744471
239.72913230027333 98.425499829544236
243.21607282386276 98.335000178401614
246.75373206527502 98.257500125365823
250.34284774524843 98.193000038809402
253.9841683149166 98.138499908587647
257.67845311188546 98.095000153578127
261.42647251858085 98.059000094738579
265.22900812289896 98.026499965677658
269.08685288119375 97.993500001043301
273.0008112836349 97.956500126253985
276.97169952197106 97.911000126202353
281.00034565973334 97.855999850568026
285.0875898049141 97.790999916268703
289.23428428515797 97.716499975779698
293.44129382550057 97.636499803619742
297.7094957286928 97.551000145981902
302.0397800581479 97.463500302553769
306.4330498235497 97.372999878050507
310.89022116916016 97.280000142014387
315.41222356486645 97.184500157276531
320.00000000000654 97.086999999999861
324.6545071800142 96.987500060971698
329.3767157259242 96.884999853466326
334.16761037677935 96.780499841591435
339.02819019498156 96.675500169600852
343.95946877463007 96.571000088791621
348.9624744528898 96.465499757694488
354.03825052443415 96.357499757429608
359.187855459007 96.248500224354046
364.4123631221491 96.138999810004606
369.71286299913527 96.029999940669001
375.0904604221685 95.925999884224751
380.54627680087896 95.829999809566544
386.08144985617537 95.742000017913540
391.6971338574982 95.661000142168092
397.3944998635236 95.586500014707923
403.1747359663683 95.514000099708099
409.0390475393468 95.441000181817799
414.9886574883323 95.368499874441483
421.0248065067734 95.297500051919755
427.1487533344206 95.230999888152226
433.3617750198154 95.161500126786393
439.6651671865984 95.081499919415137
446.06024430368984 94.999499973273657
452.54833995940066 94.926000000448923
459.13080713953053 94.858499914842014
465.8090185095106 94.799000021180376
472.58436670065066 94.752000090424133
479.45826460054917 94.728499994559911
486.432145647728 94.733999973291958
493.50746413055253 94.777999903944362
500.6856954904994 94.860999955669428
507.9683366298358 94.971000246235178
515.3569062237735 95.111999441874673
522.8529450371643 95.277499523520746
530.4580162458005 95.448000179119759
538.1737057623901 95.614999994875603
546.0016225672724 95.763999533831637
553.9433990439449 95.894499676606443
562.0006913194694 95.992000192092746
570.1751796098309 96.060500051054078
578.4685685703187 96.105000005431890
586.8825876510039 96.129500034655337
595.4189914573883 96.142499981327887
604.0795601162986 96.149499982809445
612.8660996471021 96.150499997602594
621.780442338323 96.150499996722374
630.8244471297356 96.160499975521418
640.0000000000159 96.183500000000066
649.3090143600314 96.215499976546397
658.7534314518515 96.252000056359108
668.3352207535618 96.293000074814373
678.0563803899662 96.339999923199628
687.9189375492632 96.394499957093984
697.9249489057827 96.458000151597261
708.0765010488715 96.530000182790516
718.3757109180171 96.610499830714701
728.8247262443015 96.697500158505619
739.425725998274 96.783000044778149
750.1809208443404 96.861500086240767
761.0925536017613 96.930500129360922
772.1628997123541 96.986999983725042
783.3942677149998 97.037999914455966
794.7889997270506 97.091999993877863
806.34947193274 97.153499915588071
818.0780950786972 97.227499804269712
829.9773149766683 97.308500137841051
842.0496130135506 97.390999939179750
854.2975066688449 97.474500147011526
866.7235500396347 97.556999857365327
879.3303343732008 97.634000070875885
892.1204886073838 97.706500030358654
905.0966799188055 97.776999999557347
918.2616142790653 97.847500098676477
931.6180370190256 97.926499969529999
945.1687334013056 98.018999800225771
958.9165292011028 98.119000192216191
972.8642912954606 98.228499776355562
987.0149282611097 98.350999777078471
1001.3713909810035 98.469999935439859
1015.9366732596762 98.583500207355982
1030.7138124475518 98.694499595378261
1045.7058900743334 98.800499694740935
1060.916032491606 98.910000124418559
1076.3474115247852 99.027999996317845
1092.0032451345498 99.156999572678984
1107.8867980878947 99.303499590824060
1124.0013826389438 99.472500430698403
1140.350359219667 99.648500175042614
1156.9371371406426 99.812500029032606
1173.765175302013 99.967500348993696
1190.837982914782 100.122499727847170
1208.1591202326028 100.277499467092824
1225.73219929421 100.437500195388282
1243.5608846766518 100.601499738817694
1261.648894259477 100.768999706257162
1280.0000000000375 100.938500000000332
1298.6180287200684 101.103499883442680
1317.5068629037087 101.261500212755720
1336.6704415071292 101.411000242333571
1356.112760779938 101.560999750660272
1375.8378750985323 101.717999872283102
1395.8498978115715 101.886500370330509
1416.153002097749 102.059000410107018
1436.7514218360407 102.233499636696052
1457.6494524886093 102.408000318833189
1478.8514519965543 102.581000096273073
1500.3618416886875 102.753000211467153
1522.1851072035295 102.936000421711157
1544.3257994247153 103.132999940522481
1566.788535430007 103.337499649269503
1589.5779994541087 103.541999968218192
1612.6989438654878 103.745499728968639
1636.156190157402 103.949999476358016
1659.9546299533442 104.160500360379672
1684.099226027109 104.377999847303670
1708.5950133376978 104.595500371016612
1733.4471000792773 104.814499610836322
1758.6606687464096 105.040500217078844
1784.2409772147755 105.274500094805688
1810.193359837619 105.517500007981923
1836.5232285581387 105.769500342002090
1863.2360740380593 106.025499904874266
1890.3374668026197 106.282999457455304
1917.833058402214 106.541500469660377
1945.7285825909298 106.801999481461607
1974.0298565222283 107.070999518388732
2002.7427819620161 107.346999845834901
2031.8733465193618 107.617500495847395
2061.4276248951132 107.879999036264692
2091.411780148677 108.145999247151337
2121.832064983222 108.412000282903733
2152.694823049581 108.663999992390302
2184.0064902691106 108.894999271612051
2215.7735961758003 109.100999461610684
2248.002765277899 109.281000399065192
2280.7007184393456 109.438000137533521
2313.874274281297 109.559500016108444
2347.530350604038 109.630500072990884
2381.6759658295764 109.650999984460213
2416.318240465218 109.631000102280439
2451.4643985884327 109.567999872407853
2487.1217693533167 109.448000215277489
2523.2977885189675 109.269500337454488
2560.0000000000887 109.046499999999398
2597.236057440151 108.788000190471621
2635.0137258074315 108.484999525174231
2673.340883014273 108.139999407990331
2712.225521559891 107.774500606011003
2751.6757501970797 107.403000290191585
2791.699795623158 107.018999130414556
2832.3060041955137 106.614499011056068
2873.502843672097 106.192000883204287
2915.2989049772345 105.775999273060194
2957.7029039931244 105.380999792950035
3000.723683377391 104.998499571396820
3044.370214407075 104.631499218475341
3088.6515988494466 104.285500092411269
3133.57707086003 103.976000513264012
3179.1559989082334 103.711000039223308
3225.3978877309914 103.492500271959472
3272.3123803148205 103.321000409254111
3319.9092599067053 103.193999860498167
3368.198452054235 103.125000037823838
3417.190026675413 103.113000034598912
3466.8942001585724 103.142999930365008
3517.3213374928373 103.211000092274759
3568.4819544295697 103.318000053328234
3620.386719675257 103.463000002226408
3673.0464571162966 103.644000264749295
3726.472148076138 103.847499923453583
3780.6749336052594 104.068499516350727
3835.6661168044484 104.327500518621207
3891.45716518188 104.619999413572970
3948.059713044477 104.927999441970826
4005.4855639240527 105.263999808546004
4063.746693038744 105.631500737172502
4122.855249790247 106.031498488648623
4182.823560297375 106.467498745252414
4243.664129966465 106.942500561387305
4305.389646099183 107.461499983737497
4368.012980538242 108.021998154750648
4431.5471923516225 108.617498388889473
4496.00553055582 109.248001608777201
4561.401436878714 109.913000716678511
4627.748548562617 110.586000131239388
4695.060701208099 111.222001337098717
4763.351931659176 111.788999052768872
4832.63648093046 112.225498657898157
4902.928797176889 112.448000033957697
4974.243538706657 112.406500175704394
5046.595577037959 112.091000660919548
5120.000000000202 111.535499999998109
5194.472114880326 110.807000542275262
5270.027451614888 109.976498785460223
5346.6817660285715 109.110498594645392
5424.451043119808 108.243501425033770
5503.351500394186 107.399500650402302
5583.399591246343 106.601998344063716
5664.612008391055 105.860498364258376
5747.005687344222 105.179001380446863
5830.597809954497 104.562998954226771
5915.405807986278 103.999999717317621
6001.447366754812 103.486999460191470
6088.740428814181 103.038499116921145
6177.303197698925 102.653000105607589
6267.154141720092 102.324000542420265
6358.3119978165005 102.055000039068176
6450.795775462017 101.855000240274791
6544.624760629676 101.723000294866267
6639.818519813445 101.646499941510513
6736.396904108505 101.624500006396829
6834.380053350861 101.647000053315367
6933.788400317181 101.675999952996392
7034.642674985712 101.694499997146139
7136.963908859177 101.679499972885608
7240.773439350552 101.585499997528999
7346.092914232631 101.353499523767212
7452.944296152315 100.953000164240208
7561.349867210557 100.394001262154688
7671.332233608935 99.706998625943825
7782.914330363799 98.941501530863860
7896.119426088994 98.154001403767921
8010.971127848146 97.380500420769096
8127.49338607753 96.637498651973317
8245.710499580537 95.932002571883771
8365.647120594791 95.264501860800806
8487.328259932974 94.643999378021533
8610.77929219841 94.097500020385041
8736.025961076528 93.629001456425030
8863.094384703289 93.231001019959692
8992.011061111683 92.909499382934683
9122.802873757471 92.681499835100482
9255.497097125279 92.547499986653605
9390.121402416245 92.502500052124191
9526.7038633184 92.551999867666268
9665.272961860968 92.710999359762724
9805.857594353829 92.989500449939598
9948.487077413367 93.391999309979951
10093.19115407597 93.924499014692316
10240.000000000457 94.616500000002532
10388.944229760706 95.482999354671421
10540.05490322983 96.532001710500765
10693.363532057198 97.805502378084242
10848.902086239672 99.338997359642576
11006.703000788428 101.111998571776780
11166.799182492743 102.970503662335858
11329.224016782166 104.478502141039485
11494.0113746885 105.130499192220412
11661.195619909053 104.740498088821738
11830.811615972614 103.551999214306278
12002.894733509682 102.101998440057457
12177.48085762842 100.835497740715880
12354.606395397908 99.895500238292328
12534.308283440243 99.307000857540430
12716.62399563306 99.075500021537636
12901.591550924093 99.202999709698474
13089.249521259411 99.695998518042984
13279.637039626952 100.534001787545691
13472.793808217073 101.667999156808690
13668.760106701786 102.920501924513133
13867.576800634426 103.913498490662192
14069.285349971487 104.242499729834520
14273.927817718419 103.774999619993622
14481.54687870117 102.751999979719983
14692.18582846533 101.638498783890896
14905.888592304698 100.819000267168789
15122.699734421185 100.402000668868482
15342.664467217943 100.297000014578842
15565.828660727671 100.287500053196027
15792.238852178061 99.998000746532938
16021.942255696367 98.930500724504583
16254.986772155136 96.759494195000144
16491.42099916115 93.363513704760038
16731.294241189662 88.536014875092775
16974.65651986603 83.272997164347743
17221.558584396902 81.868500008680996
17472.051922153143 82.168999308924782
17726.188769406665 81.234003425274352
17984.022122223458 79.467996207006749
18245.605747515034 78.163999408064001
18510.99419425065 77.852000080785857
18780.242804832582 78.470002764849056
19053.40772663689 79.816997438799120
19330.545923722028 81.329995078428411
19611.71518870775 82.057499577954133
19896.974154826825 81.280001914802540
20186.382308152035 78.897004779088348
