20 104.277500000000003
20.290906698750476 104.275000003095471
20.586044732869844 104.271499987718045
20.885475648548283 104.266499989286984
21.189261887185914 104.261000002220158
21.49746679841394 104.255000004561978
21.810154653305165 104.248499983465535
22.12739065777668 104.240999983590967
22.449240966187475 104.232000032005189
22.77577269513385 104.222999974728992
23.107053937445478 104.212000001881449
23.44315377638505 104.200499970293720
23.784142300054445 104.186999988683695
24.130090616010463 104.173000016589413
24.481070866093134 104.156500006462537
24.837156241469714 104.137499986583521
25.1984209978975 104.117000000121777
25.56494047120865 104.095000031626114
25.936791093020236 104.072499936030027
26.3140504066728 104.049500037609874
26.69679708340074 104.026999935597530
27.08511093873791 104.004500059909390
27.47907294916184 103.982000002828755
27.878765268980047 103.960499985354090
28.284271247461966 103.938999986718954
28.695675446220072 103.916499976395130
29.11306365684382 103.893500019660607
29.536522918790062 103.868500066145856
29.966141537533712 103.840499962868620
30.402009102982383 103.810000063568538
30.844216508158908 103.778500034355261
31.29285596815558 103.746500002263190
31.74802103936409 103.714499927715593
32.20980663898519 103.682500093973687
32.67830906482211 103.650000065633776
33.153626015361866 103.617999932378510
33.63585661014871 103.585500026582309
34.125101410453844 103.553000103593135
34.62146244024586 103.519500106456320
35.12504320746613 103.484999916982318
35.635948725613716 103.449999949421269
36.15428553564419 103.413999962176348
36.68016172818701 103.377499947947513
37.21368696608603 103.340000071443697
37.754972507267915 103.300500109912861
38.30413122794313 103.257999981933267
38.86127764614443 103.213500108955401
39.4265279456077 103.167000085497492
40.000000000000206 103.121499999999983
40.58181339750116 103.077500044368463
41.1720894657399 103.035499967998533
41.77095129709678 102.994499912153628
42.37852377437204 102.953500082410159
42.9949335968281 102.908500029978711
43.62030930661056 102.858999886325250
44.25478131555359 102.804499887187859
44.89848193237519 102.749000092545799
45.55154539026795 102.694999894704111
46.21410787489121 102.646000009031013
46.88630755277036 102.599999963393770
47.56828460010916 102.554499895554244
48.260181232021196 102.508499984408644
48.962141732186545 102.461500084581132
49.674312482939705 102.412500036170911
50.39684199579528 102.364000067856907
51.129880942417586 102.314500139840703
51.873582186040764 102.266499925852742
52.628100813345895 102.219000011831639
53.393594166801776 102.168499918576927
54.17022187747612 102.110500089291037
54.95814589832399 102.042999919923602
55.75753053796041 101.971999956062263
56.56854249492426 101.907999966797377
57.39135089244048 101.855499948498448
58.226127313687975 101.807500039321184
59.073045837580466 101.757500129747626
59.932283075067765 101.701499863826896
60.804018205965114 101.643000123035563
61.68843301631817 101.584000134091141
62.58571193631152 101.526000004102002
63.49604207872855 101.467499868984191
64.41961327797075 101.408000244946436
65.35661812964459 101.347500186188512
66.3072520307241 101.285499932427996
67.27171322029778 101.222999985312882
68.25020282090806 101.159000203948580
69.2429248804921 101.092500209781548
70.25008641493265 101.024499829220730
71.27189745122783 100.952499897437747
72.30857107128878 100.880499995238154
73.36032345637442 100.810999845206197
74.42737393217246 100.745000125509193
75.50994501453623 100.679000238433503
76.60826245588666 100.612999913455283
77.72255529228926 100.546500102311541
78.85305589121582 100.478000130105102
80.00000000000082 100.406999999999954
81.16362679500274 100.334000075323161
82.34417893148023 100.258999880233944
83.541902594194 100.185499906515730
84.75704754874454 100.115000140700005
85.98986719365665 100.046500044967956
87.24061861322157 99.978499859456875
88.50956263110764 99.910499862574284
89.79696386475084 99.843500162579659
91.10309078053635 99.775499854691645
92.42821574978288 99.705999960259462
93.77261510554118 99.633999942243392
95.13656920021877 99.562999837528793
96.52036246404286 99.492500027399998
97.92428346437356 99.422000127771469
99.34862496587989 99.352000001694677
100.79368399159105 99.280000099708090
102.25976188483567 99.205500209761027
103.74716437208203 99.126499869059046
105.25620162669229 99.043000076169847
106.78718833360406 98.957999868818348
108.34044375495276 98.870500126735664
109.9162917966485 98.780999896238882
111.51506107592134 98.688999939419062
113.13708498984903 98.598000000567453
114.78270178488147 98.508499894850956
116.45225462737648 98.406500023572761
118.14609167516147 98.294000221008389
119.86456615013608 98.186499816850642
121.60803641193078 98.087000200958059
123.3768660326369 97.987500167154479
125.17142387262359 97.885000064473729
126.99208415745765 97.784999835306394
128.83922655594208 97.688500337181395
130.71323625928977 97.590500299122496
132.61450406144883 97.500499917411872
134.5434264405962 97.427000020227595
136.50040564181674 97.367000181287779
138.48584976098482 97.329500078876521
140.50017282986593 97.331000073530049
142.5437949024563 97.370000052491562
144.61714214257822 97.433500005714251
146.7206469127495 97.526500279553034
148.8547478643456 97.651999748981666
151.01989002907314 97.768999653534379
153.216524911774 97.830000041961128
155.4451105845792 97.870499925175238
157.70611178243232 97.946999849449981
160.00000000000236 97.990499999999969
162.3272535900062 97.952500031995072
164.6883578629612 97.889499901273894
167.08380518838874 97.829499901410600
169.51409509748981 97.773000089600473
171.97973438731407 97.710000043012812
174.4812372264439 97.638999855323121
177.01912526221608 97.570999838899738
179.5939277295025 97.504000138691609
182.20618156107355 97.433499872184939
184.85643149956664 97.358999958020547
187.54523021108326 97.283999911396478
190.27313840043846 97.209499849133849
193.04072492808663 97.149500021225322
195.84856692874806 97.098000095378609
198.69724993176072 97.025500001909478
201.58736798318304 96.938000120480652
204.5195237696723 96.857500194102897
207.49432874416505 96.780499881679930
210.5124032533856 96.707000041517972
213.57437666720915 96.636999873667691
216.68088750990657 96.568500119742765
219.83258359329807 96.500999945464287
223.03012215184378 96.433499976124480
226.2741699796992 96.366500000417773
229.5654035697641 96.300999912095023
232.90450925475412 96.238000013787826
236.2921833503241 96.180500125997099
239.72913230027333 96.129499918398835
243.21607282386276 96.086000086124912
246.75373206527502 96.051000056832521
250.34284774524843 96.021000018152790
253.9841683149166 95.994999948332151
257.67845311188546 95.969500093645195
261.42647251858085 95.941500080806435
265.22900812289896 95.908999961387366
269.08685288119375 95.871500001196722
273.0008112836349 95.829000142440378
276.97169952197106 95.780000131460781
281.00034565973334 95.725999862427713
285.0875898049141 95.667499929060966
289.23428428515797 95.606499980991657
293.44129382550057 95.543499856757919
297.7094957286928 95.482000103545303
302.0397800581479 95.420500213162882
306.4330498235497 95.360499920011620
310.89022116916016 95.300500090095142
315.41222356486645 95.242500095021228
320.00000000000654 95.183499999999924
324.6545071800142 95.126000035013448
329.3767157259242 95.069499919688269
334.16761037677935 95.013499916226237
339.02819019498156 94.958500088000449
343.95946877463007 94.904000046103363
348.9624744528898 94.849999879979507
354.03825052443415 94.797999887698893
359.187855459007 94.749500095860355
364.4123631221491 94.701999917092905
369.71286299913527 94.653499972573400
375.0904604221685 94.604499943293760
380.54627680087896 94.557499901573721
386.08144985617537 94.512000009265620
391.6971338574982 94.464500086380610
397.3944998635236 94.414000010136533
403.1747359663683 94.362000070626578
409.0390475393468 94.310500125306874
414.9886574883323 94.261999919782056
421.0248065067734 94.217000032635283
427.1487533344206 94.175999936563954
433.3617750198154 94.138000066915041
439.6651671865984 94.100499966989332
446.06024430368984 94.067999990378510
452.54833995940066 94.044000000130922
459.13080713953053 94.028499987638355
465.8090185095106 94.023000000743167
472.58436670065066 94.030999974765365
479.45826460054917 94.056500065280957
486.432145647728 94.094999921783597
493.50746413055253 94.150499891257766
500.6856954904994 94.221499963950976
507.9683366298358 94.294500138854431
515.3569062237735 94.369999715318642
522.8529450371643 94.446999788231452
530.4580162458005 94.516000065426994
538.1737057623901 94.574999998250959
546.0016225672724 94.623499851085114
553.9433990439449 94.664999894831368
562.0006913194694 94.699000077336024
570.1751796098309 94.730000032299515
578.4685685703187 94.761000005619209
586.8825876510039 94.791000071621056
595.4189914573883 94.823499942286247
604.0795601162986 94.862999859037416
612.8660996471021 94.909500061133741
621.780442338323 94.962499909865400
630.8244471297356 95.026999882852522
640.0000000000159 95.103000000000151
649.3090143600314 95.188999937457027
658.7534314518515 95.282500135261870
668.3352207535618 95.379500164266346
678.0563803899662 95.479999839999238
687.9189375492632 95.575999928489978
697.9249489057827 95.662500168922662
708.0765010488715 95.737500168729696
718.3757109180171 95.808999855189683
728.8247262443015 95.884000145752282
739.425725998274 95.965500047576768
750.1809208443404 96.054000112231151
761.0925536017613 96.150000223036074
772.1628997123541 96.251499969521433
783.3942677149998 96.357999816935759
794.7889997270506 96.468499987644407
806.34947193274 96.581999851954492
818.0780950786972 96.699499700049699
829.9773149766683 96.815000192645314
842.0496130135506 96.930999913961585
854.2975066688449 97.051000211766620
866.7235500396347 97.172499785167531
879.3303343732008 97.293500118450112
892.1204886073838 97.416000052910789
905.0966799188055 97.537999999239375
918.2616142790653 97.658000154506595
931.6180370190256 97.778499954666614
945.1687334013056 97.899999743447836
958.9165292011028 98.019000217603235
972.8642912954606 98.141999750626553
987.0149282611097 98.274499758954761
1001.3713909810035 98.404499928204672
1015.9366732596762 98.535500248086620
1030.7138124475518 98.670499499740401
1045.7058900743334 98.803999617712947
1060.916032491606 98.938000145870035
1076.3474115247852 99.073499995857574
1092.0032451345498 99.204999575916275
1107.8867980878947 99.334999647354948
1124.0013826389438 99.468000323632126
1140.350359219667 99.600000131281959
1156.9371371406426 99.725000023413401
1173.765175302013 99.851000297207520
1190.837982914782 99.982999768231139
1208.1591202326028 100.113499556483688
1225.73219929421 100.244500157029847
1243.5608846766518 100.376499789471225
1261.648894259477 100.508999767453588
1280.0000000000375 100.645000000000266
1298.6180287200684 100.780999903342718
1317.5068629037087 100.917500193030008
1336.6704415071292 101.055500230948780
1356.112760779938 101.199499758916559
1375.8378750985323 101.345999882725351
1395.8498978115715 101.495000324851333
1416.153002097749 101.646000363237647
1436.7514218360407 101.801999672191258
1457.6494524886093 101.965500304257944
1478.8514519965543 102.132000092354971
1500.3618416886875 102.297500198471965
1522.1851072035295 102.468000382380581
1544.3257994247153 102.644499947328370
1566.788535430007 102.823499692041509
1589.5779994541087 103.004999971628934
1612.6989438654878 103.192499747753004
1636.156190157402 103.383499511945331
1659.9546299533442 103.582500337129375
1684.099226027109 103.786999855708970
1708.5950133376978 103.993500359048340
1733.4471000792773 104.206499619640937
1758.6606687464096 104.428500210557161
1784.2409772147755 104.655000089670381
1810.193359837619 104.882000007247584
1836.5232285581387 105.110000305931550
1863.2360740380593 105.340499913792314
1890.3374668026197 105.575499501615909
1917.833058402214 105.812500426139721
1945.7285825909298 106.048999528961303
1974.0298565222283 106.292999562817826
2002.7427819620161 106.545499858635623
2031.8733465193618 106.800000480764595
2061.4276248951132 107.056999047299826
2091.411780148677 107.317499266888944
2121.832064983222 107.573000271852806
2152.694823049581 107.817499992543731
2184.0064902691106 108.052499245713818
2215.7735961758003 108.276499405079804
2248.002765277899 108.481500462331638
2280.7007184393456 108.667000177126511
2313.874274281297 108.832000027534207
2347.530350604038 108.972000271434808
2381.6759658295764 109.084499816975779
2416.318240465218 109.169499734070840
2451.4643985884327 109.224500039259112
2487.1217693533167 109.248999973090307
2523.2977885189675 109.244000020981616
2560.0000000000887 109.209499999999878
2597.236057440151 109.149000047617903
2635.0137258074315 109.062499856284177
2673.340883014273 108.953999799952783
2712.225521559891 108.827500214663303
2751.6757501970797 108.686500112031069
2791.699795623158 108.533999649537350
2832.3060041955137 108.372499606297197
2873.502843672097 108.203500354952084
2915.2989049772345 108.032499690276268
2957.7029039931244 107.861999908812180
3000.723683377391 107.692999808866148
3044.370214407075 107.527999640145424
3088.6515988494466 107.366000044018392
3133.57707086003 107.212000260053770
3179.1559989082334 107.066500022169691
3225.3978877309914 106.928000179546061
3272.3123803148205 106.799000322827766
3319.9092599067053 106.680499815658294
3368.198452054235 106.572500073546365
3417.190026675413 106.473499842574910
3466.8942001585724 106.384500151456095
3517.3213374928373 106.305499929604821
3568.4819544295697 106.234499975113494
3620.386719675257 106.175499999369393
3673.0464571162966 106.129999955216533
3726.472148076138 106.098500010775950
3780.6749336052594 106.081500027576482
3835.6661168044484 106.084500029013782
3891.45716518188 106.105499949006344
3948.059713044477 106.144999923581992
4005.4855639240527 106.200999966606872
4063.746693038744 106.274000156484192
4122.855249790247 106.361499660038305
4182.823560297375 106.460999712394937
4243.664129966465 106.568500122665341
4305.389646099183 106.680499996532717
4368.012980538242 106.792999640661975
4431.5471923516225 106.899499721668619
4496.00553055582 106.993000193445056
4561.401436878714 107.065000053909444
4627.748548562617 107.107500002426619
4695.060701208099 107.108999929745664
4763.351931659176 107.064500100991552
4832.63648093046 106.967000380033937
4902.928797176889 106.813499764721684
4974.243538706657 106.605000352991709
5046.595577037959 106.343000475306980
5120.000000000202 106.034999999999087
5194.472114880326 105.689000252303700
5270.027451614888 105.313499453316211
5346.6817660285715 104.923499361055775
5424.451043119808 104.528500650594793
5503.351500394186 104.135000304973317
5583.399591246343 103.748999172031859
5664.612008391055 103.373499135259806
5747.005687344222 103.009000747309585
5830.597809954497 102.660999396949592
5915.405807986278 102.333999832643457
6001.447366754812 102.029499672176371
6088.740428814181 101.754999450283407
6177.303197698925 101.514000066324982
6267.154141720092 101.305500344393820
6358.3119978165005 101.130500025735387
6450.795775462017 100.992000171624852
6544.624760629676 100.890000236401420
6639.818519813445 100.824999941510512
6736.396904108505 100.799000012082900
6834.380053350861 100.810500070513882
6933.788400317181 100.860999895547536
7034.642674985712 100.950000111300540
7136.963908859177 101.074500059894461
7240.773439350552 101.228500002174997
7346.092914232631 101.399500232146892
7452.944296152315 101.570999937573859
7561.349867210557 101.715999713628776
7671.332233608935 101.806000049203618
7782.914330363799 101.807000049255592
7896.119426088994 101.688000271466578
8010.971127848146 101.424500164910796
8127.49338607753 101.006999006419491
8245.710499580537 100.448002183884057
8365.647120594791 99.774501973919399
8487.328259932974 99.023999137786461
8610.77929219841 98.232500030887621
8736.025961076528 97.429002596376307
8863.094384703289 96.639502101653790
8992.011061111683 95.886498241853587
9122.802873757471 95.181499294948821
9255.497097125279 94.528999876849127
9390.121402416245 93.935998767149471
9526.7038633184 93.407500893252688
9665.272961860968 92.948501503016928
9805.857594353829 92.583999687103997
9948.487077413367 92.376500249615560
10093.19115407597 92.433999757142459
10240.000000000457 92.884500000002447
10388.944229760706 93.803499259435696
10540.05490322983 95.141502154329231
10693.363532057198 96.692002507680115
10848.902086239672 98.207497551188197
11006.703000788428 99.535999000008459
11166.799182492743 100.665002247342457
11329.224016782166 101.676502316342948
11494.0113746885 102.679497886865249
11661.195619909053 103.753502049643032
11830.811615972614 104.872500566089883
12002.894733509682 105.839000752032007
12177.48085762842 106.324499911918750
12354.606395397908 106.096000116355867
12534.308283440243 105.219501730578600
12716.62399563306 104.016500185313362
12901.591550924093 102.763501650344310
13089.249521259411 101.585002920700873
13279.637039626952 100.574998577293556
13472.793808217073 99.770500532727553
13668.760106701786 99.151999177911279
13867.576800634426 98.732000630196410
14069.285349971487 98.618000163621346
14273.927817718419 98.878500200322861
14481.54687870117 99.434500012608879
14692.18582846533 100.190501119613486
14905.888592304698 101.042999681181058
15122.699734421185 101.798498516212646
15342.664467217943 102.216000102051936
15565.828660727671 102.148500376312668
15792.238852178061 101.649501043002942
16021.942255696367 100.961000377714271
16254.986772155136 100.535499939668725
16491.42099916115 100.622999235958716
16731.294241189662 100.847499527729951
16974.65651986603 100.422998508128785
17221.558584396902 98.689000081694516
17472.051922153143 95.442011577124475
17726.188769406665 91.201011747243740
17984.022122223458 86.663488794875974
18245.605747515034 82.094996439957868
18510.99419425065 79.841000389042449
18780.242804832582 83.034511041266086
19053.40772663689 87.538492813346835
19330.545923722028 88.982997766653057
19611.71518870775 87.914497441043665
19896.974154826825 85.798003367958415
20186.382308152035 84.097502610717953
