20 101.276999999999987
20.290906698750476 101.258091001551222
20.586044732869844 101.239383830638815
20.885475648548283 101.220895668339523
21.189261887185914 101.202162243082711
21.49746679841394 101.183651977475108
21.810154653305165 101.164839885835733
22.12739065777668 101.143582653955633
22.449240966187475 101.120971075852978
22.77577269513385 101.097064530762950
23.107053937445478 101.071292504104207
23.44315377638505 101.046002018058374
23.784142300054445 101.021610038996187
24.130090616010463 100.997610444940761
24.481070866093134 100.973325032748320
24.837156241469714 100.947484729769755
25.1984209978975 100.918382241426087
25.56494047120865 100.885830616061725
25.936791093020236 100.850162837616324
26.3140504066728 100.813475187272260
26.69679708340074 100.777788262493942
27.08511093873791 100.744999691466560
27.47907294916184 100.715418392295305
27.878765268980047 100.686289517998944
28.284271247461966 100.655611113945440
28.695675446220072 100.621584885286410
29.11306365684382 100.583645888943011
29.536522918790062 100.542957276877360
29.966141537533712 100.501284270859230
30.402009102982383 100.460312484346701
30.844216508158908 100.418979762309505
31.29285596815558 100.376919752985415
31.74802103936409 100.334682064378512
32.20980663898519 100.293456629047270
32.67830906482211 100.253700347619770
33.153626015361866 100.213941788694243
33.63585661014871 100.171593622035871
34.125101410453844 100.124990264596434
34.62146244024586 100.078432767698615
35.12504320746613 100.035496543402701
35.635948725613716 99.994352204499677
36.15428553564419 99.950614301792029
36.68016172818701 99.902384635822230
37.21368696608603 99.853409233950515
37.754972507267915 99.808466474476845
38.30413122794313 99.765273711992492
38.86127764614443 99.719686679763029
39.4265279456077 99.669520652978122
40.000000000000206 99.618499999999983
40.58181339750116 99.572439619163220
41.1720894657399 99.529046835611553
41.77095129709678 99.482751204479030
42.37852377437204 99.431738695819078
42.9949335968281 99.380255396115643
43.62030930661056 99.330308894182195
44.25478131555359 99.279221367071216
44.89848193237519 99.230113880451455
45.55154539026795 99.191812279918480
46.21410787489121 99.156824423173816
46.88630755277036 99.098136179488847
47.56828460010916 99.021561746901497
48.260181232021196 98.958750267470862
48.962141732186545 98.925076115029924
49.674312482939705 98.892727094654617
50.39684199579528 98.840516414750283
51.129880942417586 98.778460074951539
51.873582186040764 98.720048752223136
52.628100813345895 98.667870789195973
53.393594166801776 98.613726397252123
54.17022187747612 98.554939990251853
54.95814589832399 98.493502873699015
55.75753053796041 98.426413017242183
56.56854249492426 98.361722227890823
57.39135089244048 98.304431920114922
58.226127313687975 98.247326923709153
59.073045837580466 98.173864149643236
59.932283075067765 98.101688221694303
60.804018205965114 98.048770331415795
61.68843301631817 97.996482681797886
62.58571193631152 97.936464479254568
63.49604207872855 97.878489454236927
64.41961327797075 97.820934943570876
65.35661812964459 97.759071658119353
66.3072520307241 97.695950374095105
67.27171322029778 97.635474497290801
68.25020282090806 97.571986613820073
69.2429248804921 97.507195732528999
70.25008641493265 97.443494469444317
71.27189745122783 97.378506409298268
72.30857107128878 97.314640021258327
73.36032345637442 97.252240916073902
74.42737393217246 97.188857564069650
75.50994501453623 97.121778446430042
76.60826245588666 97.052061980297879
77.72255529228926 96.983745899220580
78.85305589121582 96.919082083688338
80.00000000000082 96.855999999999966
81.16362679500274 96.797818514796148
82.34417893148023 96.737470828572370
83.541902594194 96.680610837247428
84.75704754874454 96.629021813668828
85.98986719365665 96.577755430486221
87.24061861322157 96.526574755211527
88.50956263110764 96.478155745280120
89.79696386475084 96.431809300868963
91.10309078053635 96.385891726160537
92.42821574978288 96.341402005906474
93.77261510554118 96.296416438968961
95.13656920021877 96.244606258091139
96.52036246404286 96.196026537845057
97.92428346437356 96.150129226443426
99.34862496587989 96.104126927647798
100.79368399159105 96.060483164243863
102.25976188483567 96.016953889493323
103.74716437208203 95.968882972410086
105.25620162669229 95.918941040067139
106.78718833360406 95.867710804435063
108.34044375495276 95.811343285230109
109.9162917966485 95.751279990041326
111.51506107592134 95.690358375899578
113.13708498984903 95.624937394135600
114.78270178488147 95.556144656081216
116.45225462737648 95.487259444091251
118.14609167516147 95.418043950200300
119.86456615013608 95.347983013865999
121.60803641193078 95.276598481512153
123.3768660326369 95.204114004010108
125.17142387262359 95.131871610258543
126.99208415745765 95.061636773964125
128.83922655594208 94.992308285954124
130.71323625928977 94.923773073945981
132.61450406144883 94.856760487926095
134.5434264405962 94.791523501019725
136.50040564181674 94.725861918051407
138.48584976098482 94.664017669132676
140.50017282986593 94.608161885040374
142.5437949024563 94.551621674365379
144.61714214257822 94.490485735722643
146.7206469127495 94.437704474094005
148.8547478643456 94.385944152109971
151.01989002907314 94.350248835779041
153.216524911774 94.335847290388188
155.4451105845792 94.325774447077094
157.70611178243232 94.317643562537285
160.00000000000236 94.341500000000067
162.3272535900062 94.415972114880191
164.6883578629612 94.526978848994730
167.08380518838874 94.652024913946931
169.51409509748981 94.773496297815996
171.97973438731407 94.888963728693909
174.4812372264439 94.999381943072962
177.01912526221608 95.095899984597111
179.5939277295025 95.170873619788381
182.20618156107355 95.224358685972604
184.85643149956664 95.260633609494363
187.54523021108326 95.280063322295518
190.27313840043846 95.282462074078325
193.04072492808663 95.269349765618458
195.84856692874806 95.242996050398034
198.69724993176072 95.213006400655104
201.58736798318304 95.187007372142943
204.5195237696723 95.158285238533608
207.49432874416505 95.121826561953782
210.5124032533856 95.078057749572523
213.57437666720915 95.029416379157851
216.68088750990657 94.976254690454113
219.83258359329807 94.919597203523978
223.03012215184378 94.861200270728858
226.2741699796992 94.802943968695359
229.5654035697641 94.744250303005884
232.90450925475412 94.686155172917594
236.2921833503241 94.629361589313604
239.72913230027333 94.574800024733165
243.21607282386276 94.522393953156978
246.75373206527502 94.471540101561686
250.34284774524843 94.422171547216237
253.9841683149166 94.376199875024184
257.67845311188546 94.333237982574332
261.42647251858085 94.293950347619727
265.22900812289896 94.257553430955355
269.08685288119375 94.224834127910839
273.0008112836349 94.195744523835458
276.97169952197106 94.170034190188915
281.00034565973334 94.148598479097174
285.0875898049141 94.130667158741318
289.23428428515797 94.114909719716394
293.44129382550057 94.098234824697997
297.7094957286928 94.081432966658099
302.0397800581479 94.064085907260150
306.4330498235497 94.044645767490096
310.89022116916016 94.023035171800345
315.41222356486645 93.999191548036748
320.00000000000654 93.973499999999945
324.6545071800142 93.946038407637914
329.3767157259242 93.917739705644465
334.16761037677935 93.888160815663966
339.02819019498156 93.858428039810605
343.95946877463007 93.827951293597295
348.9624744528898 93.796140163501505
354.03825052443415 93.763251371591181
359.187855459007 93.728941368424657
364.4123631221491 93.693937167081600
369.71286299913527 93.657952531605886
375.0904604221685 93.621379699962276
380.54627680087896 93.583968387651112
386.08144985617537 93.547062430949239
391.6971338574982 93.513110767721102
397.3944998635236 93.480809150723331
403.1747359663683 93.453242810812412
409.0390475393468 93.431882857381964
414.9886574883323 93.417769849395427
421.0248065067734 93.412716057607625
427.1487533344206 93.417297506668831
433.3617750198154 93.434447100079268
439.6651671865984 93.464800634034830
446.06024430368984 93.506638580378905
452.54833995940066 93.560944727626492
459.13080713953053 93.628348763229184
465.8090185095106 93.704890803905002
472.58436670065066 93.788304583758134
479.45826460054917 93.875502097392740
486.432145647728 93.965174678855703
493.50746413055253 94.054772939364838
500.6856954904994 94.142342642172594
507.9683366298358 94.225637850203739
515.3569062237735 94.302992582332635
522.8529450371643 94.375729814399307
530.4580162458005 94.444250008012489
538.1737057623901 94.507315200772382
546.0016225672724 94.566297535847269
553.9433990439449 94.623603793307609
562.0006913194694 94.679304597274466
570.1751796098309 94.733629908483408
578.4685685703187 94.787122267278562
586.8825876510039 94.840016172818778
595.4189914573883 94.892826797462945
604.0795601162986 94.945477360697794
612.8660996471021 94.997501440790160
621.780442338323 95.049714019410175
630.8244471297356 95.102364238065434
640.0000000000159 95.156500000000094
649.3090143600314 95.212354086160190
658.7534314518515 95.269895931856297
668.3352207535618 95.330428651785127
678.0563803899662 95.392963653515281
687.9189375492632 95.458556881580051
697.9249489057827 95.526389652559317
708.0765010488715 95.596631682289654
718.3757109180171 95.668629976426118
728.8247262443015 95.740890611085689
739.425725998274 95.813566223088174
750.1809208443404 95.886721215699296
761.0925536017613 95.960374736811886
772.1628997123541 96.034904132679316
783.3942677149998 96.110499878850959
794.7889997270506 96.188174373123474
806.34947193274 96.267917180868125
818.0780950786972 96.350014211326169
829.9773149766683 96.434798380793723
842.0496130135506 96.522197162099374
854.2975066688449 96.612194111682726
866.7235500396347 96.704244950295731
879.3303343732008 96.798260991080355
892.1204886073838 96.893666314935132
905.0966799188055 96.990937461054330
918.2616142790653 97.089962107092987
931.6180370190256 97.189626197872002
945.1687334013056 97.290168106059681
958.9165292011028 97.391759402858128
972.8642912954606 97.493892897928362
987.0149282611097 97.595915060954908
1001.3713909810035 97.698145449899727
1015.9366732596762 97.800494267933757
1030.7138124475518 97.902894713926059
1045.7058900743334 98.005514758001752
1060.916032491606 98.108045814444608
1076.3474115247852 98.209803088628604
1092.0032451345498 98.311895890553672
1107.8867980878947 98.413927259341335
1124.0013826389438 98.515286342457898
1140.350359219667 98.616395950220465
1156.9371371406426 98.716807498428381
1173.765175302013 98.816760081442951
1190.837982914782 98.915318401759990
1208.1591202326028 99.014606495589959
1225.73219929421 99.112663577053723
1243.5608846766518 99.210942594350655
1261.648894259477 99.309292325476491
1280.0000000000375 99.408500000000203
1298.6180287200684 99.509037355088367
1317.5068629037087 99.611037059680029
1336.6704415071292 99.715770667251519
1356.112760779938 99.823023003309160
1375.8378750985323 99.932004259919395
1395.8498978115715 100.042174437963638
1416.153002097749 100.149264827609926
1436.7514218360407 100.254075610358910
1457.6494524886093 100.351657590949884
1478.8514519965543 100.442866604706694
1500.3618416886875 100.525708551240228
1522.1851072035295 100.598598258059781
1544.3257994247153 100.664044818331661
1566.788535430007 100.723478650700812
1589.5779994541087 100.777737838755371
1612.6989438654878 100.827913803240207
1636.156190157402 100.875143008905354
1659.9546299533442 100.919918333916030
1684.099226027109 100.962832653287165
1708.5950133376978 101.005111522674085
1733.4471000792773 101.047022186131599
1758.6606687464096 101.088876710119038
1784.2409772147755 101.131524841720818
1810.193359837619 101.175328711723949
1836.5232285581387 101.220550417691157
1863.2360740380593 101.267824933268514
1890.3374668026197 101.317527688252881
1917.833058402214 101.370452794468335
1945.7285825909298 101.427615451789137
1974.0298565222283 101.487923892957568
2002.7427819620161 101.553719815806943
2031.8733465193618 101.625339478508351
2061.4276248951132 101.701973555958062
2091.411780148677 101.785688281107753
2121.832064983222 101.876225203072565
2152.694823049581 101.975210286639850
2184.0064902691106 102.080323202712066
2215.7735961758003 102.196848155611448
2248.002765277899 102.320544578796785
2280.7007184393456 102.455834743981868
2313.874274281297 102.601165472170521
2347.530350604038 102.757561337879253
2381.6759658295764 102.925650778720751
2416.318240465218 103.103442733116822
2451.4643985884327 103.293017582271659
2487.1217693533167 103.491237996846237
2523.2977885189675 103.698544728697044
2560.0000000000887 103.911250000000521
2597.236057440151 104.126607330280876
2635.0137258074315 104.340826178231254
2673.340883014273 104.546247874787255
2712.225521559891 104.739071227409482
2751.6757501970797 104.905474628930563
2791.699795623158 105.038958108767659
2832.3060041955137 105.122504687468023
2873.502843672097 105.155175142183609
2915.2989049772345 105.127585069593039
2957.7029039931244 105.032266790586547
3000.723683377391 104.865028787466571
3044.370214407075 104.620438074192947
3088.6515988494466 104.307548413787345
3133.57707086003 103.942916044146756
3179.1559989082334 103.531349210153422
3225.3978877309914 103.089108657990892
3272.3123803148205 102.626491815867524
3319.9092599067053 102.154495604720807
3368.198452054235 101.682794860279344
3417.190026675413 101.220211255919978
3466.8942001585724 100.774371994633100
3517.3213374928373 100.351122153557014
3568.4819544295697 99.956821010841324
3620.386719675257 99.596097923701080
3673.0464571162966 99.274057052721759
3726.472148076138 98.994963132196062
3780.6749336052594 98.769879172334981
3835.6661168044484 98.586021385652799
3891.45716518188 98.472544436240270
3948.059713044477 98.401437485487875
4005.4855639240527 98.402665572695156
4063.746693038744 98.460868937237706
4122.855249790247 98.571257093216872
4182.823560297375 98.724930344316448
4243.664129966465 98.906582902328438
4305.389646099183 99.096284742139147
4368.012980538242 99.273903228516048
4431.5471923516225 99.416662314383615
4496.00553055582 99.513441030023515
4561.401436878714 99.544661007771225
4627.748548562617 99.518589169152989
4695.060701208099 99.430422549890608
4763.351931659176 99.295859993077556
4832.63648093046 99.125255136678462
4902.928797176889 98.929682516657635
4974.243538706657 98.724479100573248
5046.595577037959 98.521570940789132
5120.000000000202 98.328928571428065
5194.472114880326 98.156614321153569
5270.027451614888 98.012826616528770
5346.6817660285715 97.901939553501961
5424.451043119808 97.827161717660147
5503.351500394186 97.793518878464440
5583.399591246343 97.802868660585148
5664.612008391055 97.859158786838719
5747.005687344222 97.955453161338951
5830.597809954497 98.094225510406716
5915.405807986278 98.277171333083771
6001.447366754812 98.505140619657624
6088.740428814181 98.789402018246847
6177.303197698925 99.131953521698307
6267.154141720092 99.538839880256447
6358.3119978165005 100.018090667958006
6450.795775462017 100.566489512146859
6544.624760629676 101.184695838769954
6639.818519813445 101.862860676223221
6736.396904108505 102.577792966567273
6834.380053350861 103.289769470521719
6933.788400317181 103.939614359822201
7034.642674985712 104.451295738195853
7136.963908859177 104.745020066529662
7240.773439350552 104.760301169006652
7346.092914232631 104.477905799648070
7452.944296152315 103.931775071990117
7561.349867210557 103.192300353768843
7671.332233608935 102.363557211204835
7782.914330363799 101.518763634224001
7896.119426088994 100.715768508755062
8010.971127848146 99.986958884546141
8127.49338607753 99.315640950210678
8245.710499580537 98.686816842615841
8365.647120594791 98.169386161148424
8487.328259932974 97.904523507210399
8610.77929219841 98.012511989869779
8736.025961076528 98.418434521356644
8863.094384703289 98.918603942637333
8992.011061111683 99.402041479168815
9122.802873757471 99.819535418294123
9255.497097125279 100.174566177013162
9390.121402416245 100.493188810416427
9526.7038633184 100.798916095883442
9665.272961860968 101.110627812280228
9805.857594353829 101.439987900251907
9948.487077413367 101.793142047404089
10093.19115407597 102.173631018563100
10240.000000000457 102.572700000001248
10388.944229760706 102.970978603121864
10540.05490322983 103.324182772387843
10693.363532057198 103.592744392124075
10848.902086239672 103.702703563284715
11006.703000788428 103.552110689410341
11166.799182492743 103.116036995166922
11329.224016782166 102.404749366360761
11494.0113746885 101.526235922588114
11661.195619909053 100.433005152779600
11830.811615972614 99.259104414719417
12002.894733509682 98.025400833607506
12177.48085762842 96.793214422109543
12354.606395397908 95.596692267112161
12534.308283440243 94.434432252118498
12716.62399563306 93.335024985299142
12901.591550924093 92.347089991907268
13089.249521259411 91.414429879340730
13279.637039626952 90.613722990559751
13472.793808217073 89.967173677540245
13668.760106701786 89.455306269257392
13867.576800634426 89.067431727022978
14069.285349971487 88.814769303853382
14273.927817718419 88.670837434871373
14481.54687870117 88.709687266790866
14692.18582846533 89.006469344296505
14905.888592304698 89.604691028390192
15122.699734421185 90.558891401993122
15342.664467217943 91.774608382979238
15565.828660727671 92.862016904139892
15792.238852178061 93.102657382379391
16021.942255696367 91.813819492863900
16254.986772155136 89.081880083629244
16491.42099916115 86.041808792785929
16731.294241189662 83.481168808836713
16974.65651986603 81.031492357902664
17221.558584396902 78.701052947032224
17472.051922153143 76.559493569338855
17726.188769406665 74.569179904481899
17984.022122223458 72.623249508146245
18245.605747515034 70.597590610778383
18510.99419425065 68.346554211265214
18780.242804832582 65.699768661231928
19053.40772663689 62.719082561247163
19330.545923722028 60.281160414454547
19611.71518870775 60.527214495730853
19896.974154826825 63.443838207994858
20186.382308152035 64.606999999999999
