20 104.579000000000008
20.290906698750476 104.554000026827438
20.586044732869844 104.528499938590159
20.885475648548283 104.502999944292355
21.189261887185914 104.477000009620667
21.49746679841394 104.448500018899637
21.810154653305165 104.416499933862184
22.12739065777668 104.383499928210469
22.449240966187475 104.349000108817648
22.77577269513385 104.313499924186971
23.107053937445478 104.277000006961416
23.44315377638505 104.238499906310977
23.784142300054445 104.196999964310109
24.130090616010463 104.155000047556314
24.481070866093134 104.112000016726569
24.837156241469714 104.067999969812931
25.1984209978975 104.023500000255154
25.56494047120865 103.978500064689769
25.936791093020236 103.931999866244581
26.3140504066728 103.886000072085594
26.69679708340074 103.839499868394952
27.08511093873791 103.793000125265081
27.47907294916184 103.746500005914669
27.878765268980047 103.699999968045290
28.284271247461966 103.652499971023190
28.695675446220072 103.604499946352547
29.11306365684382 103.554000041778778
29.536522918790062 103.498500145012059
29.966141537533712 103.435499915835521
30.402009102982383 103.366500143541856
30.844216508158908 103.295000079792871
31.29285596815558 103.222500005092172
31.74802103936409 103.152499850913387
32.20980663898519 103.089500176200630
32.67830906482211 103.033500109389635
33.153626015361866 102.980999885888750
33.63585661014871 102.927000043498310
34.125101410453844 102.872000178050712
34.62146244024586 102.817500169077690
35.12504320746613 102.764499874287509
35.635948725613716 102.712499929751758
36.15428553564419 102.661499946842440
36.68016172818701 102.609499927400464
37.21368696608603 102.556500102338276
37.754972507267915 102.500500156625833
38.30413122794313 102.435499968793806
38.86127764614443 102.356500198540942
39.4265279456077 102.266500169136350
40.000000000000206 102.173999999999978
40.58181339750116 102.089500082545953
41.1720894657399 102.021999957071216
41.77095129709678 101.970499903583246
42.37852377437204 101.926000088440162
42.9949335968281 101.884000026720145
43.62030930661056 101.843999921461091
44.25478131555359 101.805499926159342
44.89848193237519 101.769500059493723
45.55154539026795 101.734499919975121
46.21410787489121 101.695500007525851
46.88630755277036 101.643499945497382
47.56828460010916 101.571499811997626
48.260181232021196 101.488499972134605
48.962141732186545 101.403500154765453
49.674312482939705 101.320000060043725
50.39684199579528 101.238500112171636
51.129880942417586 101.159000223745110
51.873582186040764 101.080999875369486
52.628100813345895 101.000500020212399
53.393594166801776 100.916499864294863
54.17022187747612 100.824500135376752
54.95814589832399 100.724999882705021
55.75753053796041 100.620999930764768
56.56854249492426 100.517999939631608
57.39135089244048 100.417499891632133
58.226127313687975 100.316000083557526
59.073045837580466 100.210000272215581
59.932283075067765 100.100999734820817
60.804018205965114 99.989500229666390
61.68843301631817 99.875000259242881
62.58571193631152 99.754500008628341
63.49604207872855 99.626999708602767
64.41961327797075 99.497500522016992
65.35661812964459 99.368500390690656
66.3072520307241 99.240499868073698
67.27171322029778 99.119499974692957
68.25020282090806 99.010500343151563
69.2429248804921 98.911000306844642
70.25008641493265 98.808499743831106
71.27189745122783 98.699499852478951
72.30857107128878 98.601999995238160
73.36032345637442 98.544999963034314
74.42737393217246 98.542999976829066
75.50994501453623 98.593499757898286
76.60826245588666 98.722000264879284
77.72255529228926 98.946499622821676
78.85305589121582 99.234499449841337
80.00000000000082 99.545000000000229
81.16362679500274 99.868499661561685
82.34417893148023 100.192500422418135
83.541902594194 100.416500125084610
84.75704754874454 100.476499949749993
85.98986719365665 100.450000020854702
87.24061861322157 100.424499952463350
88.50956263110764 100.394499887187848
89.79696386475084 100.329500181992159
91.10309078053635 100.227499751501654
92.42821574978288 100.106999929474568
93.77261510554118 99.982999901569713
95.13656920021877 99.864999740046045
96.52036246404286 99.756000040907054
97.92428346437356 99.657500172761416
99.34862496587989 99.562500002291401
100.79368399159105 99.460500142637954
102.25976188483567 99.359000276884544
103.74716437208203 99.268999869059058
105.25620162669229 99.187000073449497
106.78718833360406 99.106999876357520
108.34044375495276 99.023500122415129
109.9162917966485 98.939499915412142
111.51506107592134 98.866499952067841
113.13708498984903 98.789500000511325
114.78270178488147 98.697499904507495
116.45225462737648 98.614500017123618
118.14609167516147 98.545500134952022
119.86456615013608 98.464499842237700
121.60803641193078 98.378000176350952
123.3768660326369 98.301000123694308
125.17142387262359 98.231500043817093
126.99208415745765 98.155499857608660
128.83922655594208 98.072000291992140
130.71323625928977 97.994000231972549
132.61450406144883 97.920999915266719
134.5434264405962 97.839500024273121
136.50040564181674 97.757500258982546
138.48584976098482 97.688500170899118
140.50017282986593 97.625999843452163
142.5437949024563 97.558999940141206
144.61714214257822 97.493999995510237
146.7206469127495 97.425999833654402
148.8547478643456 97.354000139025530
151.01989002907314 97.284000224561055
153.216524911774 97.215499912143912
155.4451105845792 97.149000100784377
157.70611178243232 97.083500122670387
160.00000000000236 97.012499999999932
162.3272535900062 96.942500042257649
164.6883578629612 96.876499899655443
167.08380518838874 96.817499913518077
169.51409509748981 96.769500073600398
171.97973438731407 96.724000030630350
174.4812372264439 96.682499931795178
177.01912526221608 96.650999929213526
179.5939277295025 96.621000063227058
182.20618156107355 96.590999951637542
184.85643149956664 96.563499984887386
187.54523021108326 96.535999965739975
190.27313840043846 96.507499937332526
193.04072492808663 96.480500010419718
195.84856692874806 96.452500052188299
198.69724993176072 96.422000000763788
201.58736798318304 96.387000049854066
204.5195237696723 96.345500105650942
207.49432874416505 96.297999919542349
210.5124032533856 96.245500031138477
213.57437666720915 96.190499895638524
216.68088750990657 96.133000102133536
219.83258359329807 96.075499952789983
223.03012215184378 96.017499979688012
226.2741699796992 95.960000000361646
229.5654035697641 95.902499920336126
232.90450925475412 95.845500012453513
236.2921833503241 95.790000123747149
239.72913230027333 95.734999898451889
243.21607282386276 95.680000110732038
246.75373206527502 95.625500088591849
250.34284774524843 95.572000033175769
253.9841683149166 95.518999896664297
257.67845311188546 95.466500198527811
261.42647251858085 95.415000142107885
265.22900812289896 95.363499945298770
269.08685288119375 95.313000001534249
273.0008112836349 95.263000161864056
276.97169952197106 95.213500131460776
281.00034565973334 95.164499886147070
285.0875898049141 95.116499944179125
289.23428428515797 95.068499984364109
293.44129382550057 95.017999882171836
297.7094957286928 94.967500084873194
302.0397800581479 94.920000161591219
306.4330498235497 94.872999934435768
310.89022116916016 94.824000073297739
315.41222356486645 94.774500080276567
320.00000000000654 94.725499999999926
324.6545071800142 94.676500028976648
329.3767157259242 94.629499936596005
334.16761037677935 94.584499929934665
339.02819019498156 94.540000068800339
343.95946877463007 94.499500033296869
348.9624744528898 94.464499936592944
354.03825052443415 94.437499955079559
359.187855459007 94.421500024474994
364.4123631221491 94.421500015545078
369.71286299913527 94.428999998320819
375.0904604221685 94.420999974009646
380.54627680087896 94.397499950786852
386.08144985617537 94.375500004323953
391.6971338574982 94.348500055787483
397.3944998635236 94.301500010534042
403.1747359663683 94.236500092783928
409.0390475393468 94.172500154790839
414.9886574883323 94.114999914550452
421.0248065067734 94.068500032635285
427.1487533344206 94.033999953257648
433.3617750198154 94.008000042262140
439.6651671865984 93.990499988349171
446.06024430368984 93.981500000712714
452.54833995940066 93.985999999956348
459.13080713953053 94.003000035711409
465.8090185095106 94.033999986622916
472.58436670065066 94.087999873826789
479.45826460054917 94.164500155948957
486.432145647728 94.251499832120899
493.50746413055253 94.343999829637170
500.6856954904994 94.437999954695144
507.9683366298358 94.528500164773916
515.3569062237735 94.617499666623132
522.8529450371643 94.700499777085724
530.4580162458005 94.768000062209254
538.1737057623901 94.824999998281641
546.0016225672724 94.873999847847813
553.9433990439449 94.914499900089794
562.0006913194694 94.946000074841322
570.1751796098309 94.975000028131831
578.4685685703187 95.002000004682685
586.8825876510039 95.026500057758909
595.4189914573883 95.051499957563408
604.0795601162986 95.080999896856653
612.8660996471021 95.116000046749321
621.780442338323 95.157499927892331
630.8244471297356 95.210999900337228
640.0000000000159 95.274500000000131
649.3090143600314 95.349999943853462
658.7534314518515 95.440000138079824
668.3352207535618 95.540000172398337
678.0563803899662 95.645999830399177
687.9189375492632 95.754499917951648
697.9249489057827 95.860000220898868
708.0765010488715 95.961500239033754
718.3757109180171 96.066499779725163
728.8247262443015 96.183000229559852
739.425725998274 96.310000072204758
750.1809208443404 96.443000165393272
761.0925536017613 96.582500307789772
772.1628997123541 96.719499959756462
783.3942677149998 96.852999772452861
794.7889997270506 96.980999985863434
806.34947193274 97.099499849357187
818.0780950786972 97.208499728011162
829.9773149766683 97.309000156109136
842.0496130135506 97.402999930279208
854.2975066688449 97.497000164512912
866.7235500396347 97.590999834473337
879.3303343732008 97.685000094177553
892.1204886073838 97.783000043369512
905.0966799188055 97.882499999382759
918.2616142790653 97.979500127240726
931.6180370190256 98.076999963956240
945.1687334013056 98.167499821254637
958.9165292011028 98.205499949225910
972.8642912954606 98.169500087082795
987.0149282611097 98.161999972814442
1001.3713909810035 98.229499956588853
1015.9366732596762 98.337500316588148
1030.7138124475518 98.533999183399771
1045.7058900743334 98.798499241131680
1060.916032491606 99.016500174829531
1076.3474115247852 99.169499995612099
1092.0032451345498 99.298999588865399
1107.8867980878947 99.426999652738843
1124.0013826389438 99.557500323632112
1140.350359219667 99.689000133365795
1156.9371371406426 99.817000023975325
1173.765175302013 99.946000292704383
1190.837982914782 100.075499773498606
1208.1591202326028 100.203499559921809
1225.73219929421 100.333500154632446
1243.5608846766518 100.461499798968759
1261.648894259477 100.586999781441335
1280.0000000000375 100.715500000000262
1298.6180287200684 100.845999906896282
1317.5068629037087 100.976000184576137
1336.6704415071292 101.107000214684788
1356.112760779938 101.238999782034156
1375.8378750985323 101.371499893970878
1395.8498978115715 101.503500285869166
1416.153002097749 101.634500306994397
1436.7514218360407 101.764999728566011
1457.6494524886093 101.896000240491318
1478.8514519965543 102.027500071645079
1500.3618416886875 102.155500150035351
1522.1851072035295 102.282500279684086
1544.3257994247153 102.409499962715586
1566.788535430007 102.535999784429066
1589.5779994541087 102.663499980155763
1612.6989438654878 102.788999832282570
1636.156190157402 102.911999689881938
1659.9546299533442 103.034000202609775
1684.099226027109 103.155499915246537
1708.5950133376978 103.272500191492441
1733.4471000792773 103.384499802776787
1758.6606687464096 103.493500095961878
1784.2409772147755 103.595500037922278
1810.193359837619 103.689500002809638
1836.5232285581387 103.774500105539715
1863.2360740380593 103.850999972502720
1890.3374668026197 103.918999859106606
1917.833058402214 103.981000099734828
1945.7285825909298 104.033499901042291
1974.0298565222283 104.076999927136299
2002.7427819620161 104.112999981633763
2031.8733465193618 104.141500045248421
2061.4276248951132 104.163499926432422
2091.411780148677 104.177499966164106
2121.832064983222 104.182499997789819
2152.694823049581 104.179000000153422
2184.0064902691106 104.167000045321913
2215.7735961758003 104.146500061914779
2248.002765277899 104.116499909966990
2280.7007184393456 104.076999952071645
2313.874274281297 104.029499990072708
2347.530350604038 103.974999869985012
2381.6759658295764 103.915500107051912
2416.318240465218 103.850500225016987
2451.4643985884327 103.784499921481768
2487.1217693533167 103.721500098141206
2523.2977885189675 103.661500101411207
2560.0000000000887 103.607999999999890
2597.236057440151 103.561000031982175
2635.0137258074315 103.518499943640848
2673.340883014273 103.478999934944000
2712.225521559891 103.438000069352753
2751.6757501970797 103.391500037343690
2791.699795623158 103.336499868576510
2832.3060041955137 103.272999833613710
2873.502843672097 103.200500154508546
2915.2989049772345 103.123499856069557
2957.7029039931244 103.044499958160884
3000.723683377391 102.966499910804203
3044.370214407075 102.889999836630437
3088.6515988494466 102.816500019958653
3133.57707086003 102.748500112918094
3179.1559989082334 102.686000009301978
3225.3978877309914 102.631500069970159
3272.3123803148205 102.584000114387806
3319.9092599067053 102.544499945195710
3368.198452054235 102.514000019612354
3417.190026675413 102.492999974050804
3466.8942001585724 102.481000015667874
3517.3213374928373 102.480500008561577
3568.4819544295697 102.491500008295503
3620.386719675257 102.515500000437555
3673.0464571162966 102.553000067175191
3726.472148076138 102.607499978448089
3780.6749336052594 102.681499832419775
3835.6661168044484 102.774000192216249
3891.45716518188 102.884999772489834
3948.059713044477 103.015499758305850
4005.4855639240527 103.166499913734384
4063.746693038744 103.330500324280479
4122.855249790247 103.502999360724232
4182.823560297375 103.679499498100967
4243.664129966465 103.859000200021853
4305.389646099183 104.040999994384833
4368.012980538242 104.226499397866007
4431.5471923516225 104.412499502215013
4496.00553055582 104.594500433414851
4561.401436878714 104.768500170184709
4627.748548562617 104.925500028714936
4695.060701208099 105.060000253822125
4763.351931659176 105.161499841547737
4832.63648093046 105.217999849355920
4902.928797176889 105.217499945425132
4974.243538706657 105.156500121885017
5046.595577037959 105.033500241122880
5120.000000000202 104.851999999999379
5194.472114880326 104.615500176967942
5270.027451614888 104.332499564625522
5346.6817660285715 104.016999462705982
5424.451043119808 103.680000563078238
5503.351500394186 103.329500273853597
5583.399591246343 102.979499248695575
5664.612008391055 102.639499224311635
5747.005687344222 102.313500666351047
5830.597809954497 102.010499486222912
5915.405807986278 101.735999866436600
6001.447366754812 101.498999771797685
6088.740428814181 101.318999706376275
6177.303197698925 101.199500030173596
6267.154141720092 101.119000125703735
6358.3119978165005 101.065000007286528
6450.795775462017 101.043000015842296
6544.624760629676 101.060499928825394
6639.818519813445 101.118000140374761
6736.396904108505 101.211499926791902
6834.380053350861 101.337000256257738
6933.788400317181 101.491499721460116
7034.642674985712 101.666000170280313
7136.963908859177 101.843500065964847
7240.773439350552 101.997000001454296
7346.092914232631 102.090000034490402
7452.944296152315 102.087500011519097
7561.349867210557 101.961000341524198
7671.332233608935 101.694999327550761
7782.914330363799 101.293000857047332
7896.119426088994 100.775500969778591
8010.971127848146 100.173000339683398
8127.49338607753 99.518998727387384
8245.710499580537 98.840502520150480
8365.647120594791 98.158001908876201
8487.328259932974 97.538499404348670
8610.77929219841 97.018000019299919
8736.025961076528 96.550501491947585
8863.094384703289 96.124501100482817
8992.011061111683 95.775499304577181
9122.802873757471 95.513999795989690
9255.497097125279 95.345499980789270
9390.121402416245 95.277000027195243
9526.7038633184 95.317499879854893
9665.272961860968 95.478499339220349
9805.857594353829 95.775500497237829
9948.487077413367 96.225499220945096
10093.19115407597 96.845498848161427
10240.000000000457 97.645000000002852
10388.944229760706 98.611999283599999
10540.05490322983 99.684501456884504
10693.363532057198 100.654001093465169
10848.902086239672 101.178499382430488
11006.703000788428 100.981500306664074
11166.799182492743 100.043497023256919
11329.224016782166 98.602496253180888
11494.0113746885 96.997503345623215
11661.195619909053 95.470997462086430
11830.811615972614 94.128999358539915
12002.894733509682 92.999498870787875
12177.48085762842 92.077498282415576
12354.606395397908 91.345500190857095
12534.308283440243 90.824000797271538
12716.62399563306 90.545000032306447
12901.591550924093 90.499499986744226
13089.249521259411 90.667999433145084
13279.637039626952 91.066000982900235
13472.793808217073 91.718999494790822
13668.760106701786 92.594501663095798
13867.576800634426 93.560498320056539
14069.285349971487 94.327000338658138
14273.927817718419 94.495499813436709
14481.54687870117 93.833999978503186
14692.18582846533 92.493997903533668
14905.888592304698 90.908000589331976
15122.699734421185 89.473502880791131
15342.664467217943 88.312498153953385
15565.828660727671 87.341001832307796
15792.238852178061 86.554001296609840
16021.942255696367 86.068500217572250
16254.986772155136 85.987000350675544
16491.42099916115 86.225998922221947
16731.294241189662 86.572999013040430
16974.65651986603 86.889000229265505
17221.558584396902 87.036999996628367
17472.051922153143 86.894500720139121
17726.188769406665 86.279502178989077
17984.022122223458 84.462492972310770
18245.605747515034 81.480497988260225
18510.99419425065 80.599000279276893
18780.242804832582 82.183502567683604
19053.40772663689 83.049498959186337
19330.545923722028 82.863501665604844
19611.71518870775 81.285496816464303
19896.974154826825 78.421004924231227
20186.382308152035 74.713506747968665
