20 99.205500000000001
20.290906698750476 99.223439306220627
20.586044732869844 99.238778980268336
20.885475648548283 99.253773782427416
21.189261887185914 99.267516741534223
21.49746679841394 99.279033180275462
21.810154653305165 99.290330057082144
22.12739065777668 99.300321719733290
22.449240966187475 99.309813088054710
22.77577269513385 99.318268012113165
23.107053937445478 99.325819509709675
23.44315377638505 99.332385904986737
23.784142300054445 99.337531956625753
24.130090616010463 99.342017728912552
24.481070866093134 99.345358032205539
24.837156241469714 99.347457185662194
25.1984209978975 99.348248026247376
25.56494047120865 99.347881471686648
25.936791093020236 99.346829010738674
26.3140504066728 99.346309917021927
26.69679708340074 99.346491992708508
27.08511093873791 99.348542586014190
27.47907294916184 99.353337248894093
27.878765268980047 99.360575305379598
28.284271247461966 99.368969696196700
28.695675446220072 99.376630807139520
29.11306365684382 99.381952254627379
29.536522918790062 99.382879110380571
29.966141537533712 99.375575593861925
30.402009102982383 99.361919636148585
30.844216508158908 99.343690555744445
31.29285596815558 99.324303621353380
31.74802103936409 99.306819263622259
32.20980663898519 99.293174447303329
32.67830906482211 99.284181982157307
33.153626015361866 99.278310113831012
33.63585661014871 99.273413147118816
34.125101410453844 99.269624290126814
34.62146244024586 99.266149762918275
35.12504320746613 99.262749740755197
35.635948725613716 99.259956205097552
36.15428553564419 99.258037143393068
36.68016172818701 99.256639676543628
37.21368696608603 99.253435756406958
37.754972507267915 99.243625696424459
38.30413122794313 99.228647181566103
38.86127764614443 99.207448128060548
39.4265279456077 99.184484805940698
40.000000000000206 99.159499999999980
40.58181339750116 99.131863771497933
41.1720894657399 99.102395569735151
41.77095129709678 99.071025009485780
42.37852377437204 99.038920877039089
42.9949335968281 99.005278561436313
43.62030930661056 98.970449430633764
44.25478131555359 98.933505770795051
44.89848193237519 98.896752709674445
45.55154539026795 98.860885916085110
46.21410787489121 98.827376944282122
46.88630755277036 98.797739418430126
47.56828460010916 98.767927197384807
48.260181232021196 98.736611348862979
48.962141732186545 98.701831252777055
49.674312482939705 98.664370058810078
50.39684199579528 98.625669716063157
51.129880942417586 98.587034667197571
51.873582186040764 98.549587761419758
52.628100813345895 98.511827419858633
53.393594166801776 98.472828273736752
54.17022187747612 98.432431104431828
54.95814589832399 98.389802011589310
55.75753053796041 98.344790467891585
56.56854249492426 98.295466094067237
57.39135089244048 98.241105437529171
58.226127313687975 98.182444960728162
59.073045837580466 98.122496360125737
59.932283075067765 98.063638609357866
60.804018205965114 98.003715785127071
61.68843301631817 97.939829164687836
62.58571193631152 97.867455599068222
63.49604207872855 97.789592360189985
64.41961327797075 97.711591711206395
65.35661812964459 97.636540404017367
66.3072520307241 97.562880715588165
67.27171322029778 97.484996806444244
68.25020282090806 97.398105630603283
69.2429248804921 97.301478737309310
70.25008641493265 97.195990494357403
71.27189745122783 97.083183434188101
72.30857107128878 96.972068606084989
73.36032345637442 96.881759137063852
74.42737393217246 96.834730451915675
75.50994501453623 96.857171822122950
76.60826245588666 96.944479344640911
77.72255529228926 97.074932121231171
78.85305589121582 97.221631627981054
80.00000000000082 97.365000000000080
81.16362679500274 97.468756981946868
82.34417893148023 97.515126757894052
83.541902594194 97.513386113997555
84.75704754874454 97.476807048375633
85.98986719365665 97.416444288107769
87.24061861322157 97.342662609134067
88.50956263110764 97.263986805463901
89.79696386475084 97.194896272591706
91.10309078053635 97.150447571544277
92.42821574978288 97.151279125893666
93.77261510554118 97.203872885405985
95.13656920021877 97.298653179234151
96.52036246404286 97.411498829584644
97.92428346437356 97.521352516253216
99.34862496587989 97.613488504387306
100.79368399159105 97.672045958417215
102.25976188483567 97.698571587155470
103.74716437208203 97.697062055027729
105.25620162669229 97.671200358883183
106.78718833360406 97.628547577213453
108.34044375495276 97.574683728985065
109.9162917966485 97.514134623863782
111.51506107592134 97.449417105928788
113.13708498984903 97.383069106965991
114.78270178488147 97.316691950334615
116.45225462737648 97.249249619051056
118.14609167516147 97.180128233923881
119.86456615013608 97.111058725933930
121.60803641193078 97.042978587146095
123.3768660326369 96.976859212939416
125.17142387262359 96.911443023167294
126.99208415745765 96.847933166698922
128.83922655594208 96.790022098401664
130.71323625928977 96.736478964020293
132.61450406144883 96.688020032602040
134.5434264405962 96.644680474917038
136.50040564181674 96.603742495626392
138.48584976098482 96.567862016503511
140.50017282986593 96.532829991955936
142.5437949024563 96.493319965219172
144.61714214257822 96.449327158398916
146.7206469127495 96.400736862241672
148.8547478643456 96.347818454672748
151.01989002907314 96.290962969215030
153.216524911774 96.231223912435041
155.4451105845792 96.169803969982524
157.70611178243232 96.107811314804877
160.00000000000236 96.044499999999928
162.3272535900062 95.978871448761822
164.6883578629612 95.914038994554858
167.08380518838874 95.850904304064215
169.51409509748981 95.788841984523771
171.97973438731407 95.727402587194604
174.4812372264439 95.666157811674765
177.01912526221608 95.607867769073920
179.5939277295025 95.555121445409952
182.20618156107355 95.508612440837325
184.85643149956664 95.468624813806414
187.54523021108326 95.438719572691284
190.27313840043846 95.423336116959746
193.04072492808663 95.424054754726740
195.84856692874806 95.437100541729734
198.69724993176072 95.458296349413146
201.58736798318304 95.482992627857058
204.5195237696723 95.503357380733192
207.49432874416505 95.514488657488329
210.5124032533856 95.514223126284335
213.57437666720915 95.501947334163560
216.68088750990657 95.475372012410844
219.83258359329807 95.443341580473728
223.03012215184378 95.403244707832982
226.2741699796992 95.359540648614157
229.5654035697641 95.312729215500042
232.90450925475412 95.262932361178684
236.2921833503241 95.212653772663927
239.72913230027333 95.161529157033442
243.21607282386276 95.111420962259956
246.75373206527502 95.061009318069836
250.34284774524843 95.011871555439143
253.9841683149166 94.962713727748621
257.67845311188546 94.911921269711570
261.42647251858085 94.860386002869518
265.22900812289896 94.808994268386954
269.08685288119375 94.758356437064279
273.0008112836349 94.706989453312744
276.97169952197106 94.655732293535110
281.00034565973334 94.604995679253335
285.0875898049141 94.553931404380052
289.23428428515797 94.503341731721065
293.44129382550057 94.454769250389290
297.7094957286928 94.407195546984383
302.0397800581479 94.360837281896721
306.4330498235497 94.315763993460564
310.89022116916016 94.273529176539128
315.41222356486645 94.233037322055111
320.00000000000654 94.194499999999962
324.6545071800142 94.160056646867901
329.3767157259242 94.129489019354082
334.16761037677935 94.103411665003080
339.02819019498156 94.080470325103079
343.95946877463007 94.058974284269084
348.9624744528898 94.038650102188427
354.03825052443415 94.019154648007145
359.187855459007 94.000423720347584
364.4123631221491 93.979409311199191
369.71286299913527 93.950607967204846
375.0904604221685 93.909530781191052
380.54627680087896 93.851075605704864
386.08144985617537 93.783257441840959
391.6971338574982 93.709850118120329
397.3944998635236 93.636808201692304
403.1747359663683 93.568519659047823
409.0390475393468 93.507122540452983
414.9886574883323 93.455836014046810
421.0248065067734 93.416363564212745
427.1487533344206 93.388053739996735
433.3617750198154 93.375319112490104
439.6651671865984 93.380734025220761
446.06024430368984 93.405033152847437
452.54833995940066 93.451425391642715
459.13080713953053 93.518438878534837
465.8090185095106 93.602056586296641
472.58436670065066 93.707642050560736
479.45826460054917 93.825519630509604
486.432145647728 93.943573617752293
493.50746413055253 94.059443520421183
500.6856954904994 94.171799745089885
507.9683366298358 94.270570565542158
515.3569062237735 94.358400475159812
522.8529450371643 94.438409960010361
530.4580162458005 94.503248097474795
538.1737057623901 94.549157600386195
546.0016225672724 94.577289423010910
553.9433990439449 94.593793636125667
562.0006913194694 94.605200933281282
570.1751796098309 94.616315323297698
578.4685685703187 94.631243423426582
586.8825876510039 94.650518210362407
595.4189914573883 94.675611722236511
604.0795601162986 94.706308295450654
612.8660996471021 94.743397448411969
621.780442338323 94.787870846311378
630.8244471297356 94.841565018125721
640.0000000000159 94.903500000000122
649.3090143600314 94.972852156982242
658.7534314518515 95.046276765324436
668.3352207535618 95.123098527066162
678.0563803899662 95.205382052334215
687.9189375492632 95.290894756678597
697.9249489057827 95.375173323363285
708.0765010488715 95.455496708181201
718.3757109180171 95.535411759614632
728.8247262443015 95.615950392081118
739.425725998274 95.690980081987917
750.1809208443404 95.757510141380905
761.0925536017613 95.818433424276506
772.1628997123541 95.876659783110767
783.3942677149998 95.934439907926730
794.7889997270506 95.991096373669365
806.34947193274 96.046659991680514
818.0780950786972 96.101552746517058
829.9773149766683 96.155132176629365
842.0496130135506 96.207548323058717
854.2975066688449 96.260443466120464
866.7235500396347 96.313120900164634
879.3303343732008 96.365037854211465
892.1204886073838 96.416719304049778
905.0966799188055 96.469311443001786
918.2616142790653 96.522546457116263
931.6180370190256 96.576990307617478
945.1687334013056 96.633668419730498
958.9165292011028 96.690037638854449
972.8642912954606 96.748464309326948
987.0149282611097 96.812491402425849
1001.3713909810035 96.876579833349112
1015.9366732596762 96.941183807226551
1030.7138124475518 97.007314129220774
1045.7058900743334 97.080194903612806
1060.916032491606 97.183801547660181
1076.3474115247852 97.351836694952226
1092.0032451345498 97.547094241472323
1107.8867980878947 97.694040461253437
1124.0013826389438 97.774616680073521
1140.350359219667 97.841576616488510
1156.9371371406426 97.910856602069671
1173.765175302013 97.971743908624148
1190.837982914782 98.016220225532038
1208.1591202326028 98.061091803513420
1225.73219929421 98.111150674140333
1243.5608846766518 98.162755839917168
1261.648894259477 98.212840310975906
1280.0000000000375 98.260500000000093
1298.6180287200684 98.302257578700718
1317.5068629037087 98.344264412097800
1336.6704415071292 98.381590599901216
1356.112760779938 98.417808607442879
1375.8378750985323 98.454696015809745
1395.8498978115715 98.494199795623132
1416.153002097749 98.538575038018308
1436.7514218360407 98.586378554590098
1457.6494524886093 98.639235587420615
1478.8514519965543 98.693320513831665
1500.3618416886875 98.745346709551512
1522.1851072035295 98.796413150856253
1544.3257994247153 98.848222370653843
1566.788535430007 98.901120943614814
1589.5779994541087 98.955487198689866
1612.6989438654878 99.009707570890640
1636.156190157402 99.060981751724256
1659.9546299533442 99.106621963519757
1684.099226027109 99.143783040273604
1708.5950133376978 99.170032210136654
1733.4471000792773 99.184865188022201
1758.6606687464096 99.187941079625659
1784.2409772147755 99.180749150481205
1810.193359837619 99.167791718490932
1836.5232285581387 99.153968850292088
1863.2360740380593 99.143793899269340
1890.3374668026197 99.139273002655784
1917.833058402214 99.139213322336090
1945.7285825909298 99.139914571651815
1974.0298565222283 99.137597014347790
2002.7427819620161 99.130085739346001
2031.8733465193618 99.120594108254139
2061.4276248951132 99.114642762489510
2091.411780148677 99.118229419743486
2121.832064983222 99.134603056860328
2152.694823049581 99.164781675930783
2184.0064902691106 99.200407950579660
2215.7735961758003 99.236956615888985
2248.002765277899 99.269268832801018
2280.7007184393456 99.291672013912347
2313.874274281297 99.303081141142201
2347.530350604038 99.303746964939592
2381.6759658295764 99.295726260678265
2416.318240465218 99.283200733139495
2451.4643985884327 99.268914240564627
2487.1217693533167 99.256078106371461
2523.2977885189675 99.246757997583231
2560.0000000000887 99.240499999999983
2597.236057440151 99.236922746409988
2635.0137258074315 99.234749313709628
2673.340883014273 99.232249433773930
2712.225521559891 99.228777447844010
2751.6757501970797 99.222852690592987
2791.699795623158 99.215160040875361
2832.3060041955137 99.205746558993070
2873.502843672097 99.194684175335084
2915.2989049772345 99.181951361357505
2957.7029039931244 99.167341809362824
3000.723683377391 99.149620066226873
3044.370214407075 99.126159360635398
3088.6515988494466 99.095045010891681
3133.57707086003 99.056691209454470
3179.1559989082334 99.010011521179109
3225.3978877309914 98.955498661458961
3272.3123803148205 98.893932038968700
3319.9092599067053 98.827330665734337
3368.198452054235 98.757248275480265
3417.190026675413 98.684886860253641
3466.8942001585724 98.610827641763734
3517.3213374928373 98.536384060635385
3568.4819544295697 98.464049361520082
3620.386719675257 98.395608866012424
3673.0464571162966 98.330574716031606
3726.472148076138 98.269115915635481
3780.6749336052594 98.214077919743616
3835.6661168044484 98.165250412396659
3891.45716518188 98.128637310126678
3948.059713044477 98.099982270271241
4005.4855639240527 98.085180008771090
4063.746693038744 98.082562003955815
4122.855249790247 98.091927956181820
4182.823560297375 98.111871443572994
4243.664129966465 98.141422577412285
4305.389646099183 98.176810626891182
4368.012980538242 98.212857463809485
4431.5471923516225 98.246092464583342
4496.00553055582 98.275702488750113
4561.401436878714 98.304712085430268
4627.748548562617 98.335438845519320
4695.060701208099 98.370713691413243
4763.351931659176 98.411274126518890
4832.63648093046 98.458482819935057
4902.928797176889 98.518811945929798
4974.243538706657 98.593450795157764
5046.595577037959 98.691354809061522
5120.000000000202 98.811428571428934
5194.472114880326 98.958391441248693
5270.027451614888 99.130815197585363
5346.6817660285715 99.323372591674286
5424.451043119808 99.534145413284605
5503.351500394186 99.762124761871490
5583.399591246343 100.002387516074904
5664.612008391055 100.251828045886413
5747.005687344222 100.505307460146753
5830.597809954497 100.755203758370314
5915.405807986278 100.982348064213852
6001.447366754812 101.142703948284861
6088.740428814181 101.081207531124619
6177.303197698925 100.972502284070657
6267.154141720092 101.314512048738365
6358.3119978165005 102.014614901909709
6450.795775462017 102.611439088536983
6544.624760629676 102.999584224440142
6639.818519813445 103.288700022086033
6736.396904108505 103.544218368627469
6834.380053350861 103.774573314170837
6933.788400317181 103.976325946575685
7034.642674985712 104.158510388224428
7136.963908859177 104.346285885465321
7240.773439350552 104.516131994417407
7346.092914232631 104.567910511451132
7452.944296152315 104.425345890695766
7561.349867210557 104.077179273411716
7671.332233608935 103.569003370179473
7782.914330363799 102.936000376503159
7896.119426088994 102.211790888247066
8010.971127848146 101.431384957193785
8127.49338607753 100.617920966761162
8245.710499580537 99.796312027915263
8365.647120594791 98.999225834515329
8487.328259932974 98.241695195996940
8610.77929219841 97.544520704841389
8736.025961076528 96.927150312903706
8863.094384703289 96.408296336133645
8992.011061111683 96.002638527701890
9122.802873757471 95.711328030214844
9255.497097125279 95.517496608893524
9390.121402416245 95.414993929879188
9526.7038633184 95.431864485529161
9665.272961860968 95.594277359771951
9805.857594353829 95.921291478272366
9948.487077413367 96.442777335457919
10093.19115407597 97.213342711606202
10240.000000000457 98.221400000003428
10388.944229760706 99.422261083514528
10540.05490322983 100.609539862530397
10693.363532057198 101.404521739102861
10848.902086239672 101.411888112175063
11006.703000788428 100.475549700095343
11166.799182492743 98.825969442208816
11329.224016782166 96.799201253253472
11494.0113746885 94.795814546417787
11661.195619909053 93.103018605187572
11830.811615972614 91.620748065604928
12002.894733509682 90.429734334805104
12177.48085762842 89.410173156603264
12354.606395397908 88.659190552125210
12534.308283440243 88.073718616749829
12716.62399563306 87.706839366302944
12901.591550924093 87.588676961805518
13089.249521259411 87.592698204026988
13279.637039626952 87.819945949824984
13472.793808217073 88.330783817937657
13668.760106701786 89.140786449780961
13867.576800634426 90.253377190096813
14069.285349971487 91.539801303572517
14273.927817718419 92.813700665297148
14481.54687870117 93.464814970902893
14692.18582846533 93.038647888719851
14905.888592304698 91.776531684436861
15122.699734421185 90.055107463793817
15342.664467217943 88.302815836030817
15565.828660727671 86.834273830288879
15792.238852178061 85.771747029344425
16021.942255696367 85.158961207802491
16254.986772155136 85.099417671397873
16491.42099916115 85.498518646584017
16731.294241189662 85.942282111648012
16974.65651986603 86.823955079894930
17221.558584396902 88.223593827760169
17472.051922153143 88.824889455887245
17726.188769406665 87.571676535290663
17984.022122223458 84.336483190250306
18245.605747515034 80.808831197052015
18510.99419425065 79.173544268032288
18780.242804832582 77.944231284004729
19053.40772663689 75.842135955105761
19330.545923722028 73.972407031668595
19611.71518870775 73.266606102240331
19896.974154826825 73.177455347868829
20186.382308152035 73.410029017194574
