20 100.846500000000006
20.290906698750476 100.847954538342208
20.586044732869844 100.849906965195913
20.885475648548283 100.850951585495167
21.189261887185914 100.850999999999999
21.49746679841394 100.848281661973971
21.810154653305165 100.844322276955779
22.12739065777668 100.838611425166690
22.449240966187475 100.832597251962397
22.77577269513385 100.826484561045859
23.107053937445478 100.819145218818846
23.44315377638505 100.809228190026545
23.784142300054445 100.796173952247685
24.130090616010463 100.780495447517637
24.481070866093134 100.762946451963089
24.837156241469714 100.745599400729418
25.1984209978975 100.729319081341984
25.56494047120865 100.713902364657571
25.936791093020236 100.698344386592154
26.3140504066728 100.680987593636132
26.69679708340074 100.661176160412964
27.08511093873791 100.639510415103473
27.47907294916184 100.616604481997939
27.878765268980047 100.591728714102516
28.284271247461966 100.561826842697968
28.695675446220072 100.527389209840194
29.11306365684382 100.490389589168274
29.536522918790062 100.455418193628958
29.966141537533712 100.430929932360570
30.402009102982383 100.419479909037136
30.844216508158908 100.414517031805389
31.29285596815558 100.404008971154354
31.74802103936409 100.380378632441335
32.20980663898519 100.347215468881188
32.67830906482211 100.311340056397626
33.153626015361866 100.280204195170455
33.63585661014871 100.254027886441833
34.125101410453844 100.225493104089139
34.62146244024586 100.190161542340093
35.12504320746613 100.149371500195244
35.635948725613716 100.109075743030203
36.15428553564419 100.071237155897975
36.68016172818701 100.032487870385978
37.21368696608603 99.994610347204400
37.754972507267915 99.966711729075627
38.30413122794313 99.948313265213201
38.86127764614443 99.932137753672649
39.4265279456077 99.904581767128832
40.000000000000206 99.860999999999990
40.58181339750116 99.818333541961721
41.1720894657399 99.788872310239569
41.77095129709678 99.758476596486247
42.37852377437204 99.707825464427714
42.9949335968281 99.645944245144563
43.62030930661056 99.589906578894187
44.25478131555359 99.554072210585829
44.89848193237519 99.524899130927508
45.55154539026795 99.487170919335924
46.21410787489121 99.437894957783385
46.88630755277036 99.385465218911349
47.56828460010916 99.334122535531435
48.260181232021196 99.285930808166910
48.962141732186545 99.256197518606911
49.674312482939705 99.234399101094112
50.39684199579528 99.193236813111369
51.129880942417586 99.133310667595737
51.873582186040764 99.076517724709262
52.628100813345895 99.038875986061157
53.393594166801776 99.009240200295181
54.17022187747612 98.977075549778874
54.95814589832399 98.932875052356465
55.75753053796041 98.873594494003726
56.56854249492426 98.814133482860370
57.39135089244048 98.767650288856160
58.226127313687975 98.733276525511428
59.073045837580466 98.694229378831139
59.932283075067765 98.626349637069637
60.804018205965114 98.546152626266405
61.68843301631817 98.471329164687859
62.58571193631152 98.401366295433533
63.49604207872855 98.324604233953792
64.41961327797075 98.243623064733498
65.35661812964459 98.173494457545445
66.3072520307241 98.122980910648138
67.27171322029778 98.078370912544514
68.25020282090806 98.023236005357347
69.2429248804921 97.951823084680143
70.25008641493265 97.870243000390445
71.27189745122783 97.788835793706681
72.30857107128878 97.711282882867209
73.36032345637442 97.636817843238362
74.42737393217246 97.562870137781843
75.50994501453623 97.482979162571354
76.60826245588666 97.398409087030743
77.72255529228926 97.315263557458138
78.85305589121582 97.237543128637981
80.00000000000082 97.151999999999930
81.16362679500274 97.058424777963808
82.34417893148023 96.966606070463286
83.541902594194 96.865537753024000
84.75704754874454 96.764543627337645
85.98986719365665 96.668609992094645
87.24061861322157 96.567249272264689
88.50956263110764 96.458155300918833
89.79696386475084 96.344434858613681
91.10309078053635 96.230438937708968
92.42821574978288 96.116656865714319
93.77261510554118 96.006733161625505
95.13656920021877 95.902326324133639
96.52036246404286 95.806669161699205
97.92428346437356 95.722306762309472
99.34862496587989 95.654097880387951
100.79368399159105 95.609774390854469
102.25976188483567 95.590454444537443
103.74716437208203 95.592870568822690
105.25620162669229 95.615391576656663
106.78718833360406 95.657789195564945
108.34044375495276 95.716117750198109
109.9162917966485 95.780297083858102
111.51506107592134 95.845756086296674
113.13708498984903 95.898980780010930
114.78270178488147 95.936106730579297
116.45225462737648 95.966074607275090
118.14609167516147 95.986831432552833
119.86456615013608 95.984848575864135
121.60803641193078 95.980039854753329
123.3768660326369 95.963092198770198
125.17142387262359 95.937428641910657
126.99208415745765 95.909954709585648
128.83922655594208 95.884069612804723
130.71323625928977 95.860778349348834
132.61450406144883 95.840008585400881
134.5434264405962 95.822424301695534
136.50040564181674 95.807746957686376
138.48584976098482 95.790305415547436
140.50017282986593 95.761996889062402
142.5437949024563 95.725211691755788
144.61714214257822 95.681018587327628
146.7206469127495 95.624666015825568
148.8547478643456 95.562628513642494
151.01989002907314 95.493415782999875
153.216524911774 95.416848408158501
155.4451105845792 95.336352864136742
157.70611178243232 95.251255528702714
160.00000000000236 95.159499999999909
162.3272535900062 95.066409856399758
164.6883578629612 94.971965685481564
167.08380518838874 94.874063987276060
169.51409509748981 94.775227739041924
171.97973438731407 94.678290358894756
174.4812372264439 94.583505480285709
177.01912526221608 94.488080890140679
179.5939277295025 94.390849531824799
182.20618156107355 94.295194991176913
184.85643149956664 94.205795187914475
187.54523021108326 94.120115955540854
190.27313840043846 94.036696592626669
193.04072492808663 93.953210832099870
195.84856692874806 93.873767546466809
198.69724993176072 93.802244901610450
201.58736798318304 93.738958956344746
204.5195237696723 93.685687619685240
207.49432874416505 93.641079397581692
210.5124032533856 93.600842892123779
213.57437666720915 93.559958726659076
216.68088750990657 93.510100467025282
219.83258359329807 93.456887933015608
223.03012215184378 93.401730392880694
226.2741699796992 93.338379515416165
229.5654035697641 93.266633554203565
232.90450925475412 93.194068966147000
236.2921833503241 93.112830187053987
239.72913230027333 93.022610277117820
243.21607282386276 92.930112015549739
246.75373206527502 92.833710801221258
250.34284774524843 92.734214526528007
253.9841683149166 92.640905686930267
257.67845311188546 92.546239639007950
261.42647251858085 92.451053259841018
265.22900812289896 92.356860674973618
269.08685288119375 92.261814202489958
273.0008112836349 92.163604819319573
276.97169952197106 92.065314824151955
281.00034565973334 91.967591738732381
285.0875898049141 91.869915362643042
289.23428428515797 91.771224034013244
293.44129382550057 91.674882630161136
297.7094957286928 91.576639699094329
302.0397800581479 91.477095003677135
306.4330498235497 91.376134345754437
310.89022116916016 91.275470023693899
315.41222356486645 91.187708974624030
320.00000000000654 91.100999999999857
324.6545071800142 91.005117152091714
329.3767157259242 90.908714999191147
334.16761037677935 90.814731597652809
339.02819019498156 90.727603852568322
343.95946877463007 90.642001190198897
348.9624744528898 90.551882964957400
354.03825052443415 90.459503840455312
359.187855459007 90.370806457196878
364.4123631221491 90.291697025792189
369.71286299913527 90.215134772812448
375.0904604221685 90.141485550979979
380.54627680087896 90.080302467304435
386.08144985617537 90.023593646423862
391.6971338574982 89.965473665362367
397.3944998635236 89.911604551105455
403.1747359663683 89.870922461540729
409.0390475393468 89.842356825689052
414.9886574883323 89.829009452093061
421.0248065067734 89.826932115215257
427.1487533344206 89.827320937222140
433.3617750198154 89.826212741660072
439.6651671865984 89.826142214508536
446.06024430368984 89.832120488607387
452.54833995940066 89.846625683894445
459.13080713953053 89.865687479071426
465.8090185095106 89.891958001501933
472.58436670065066 89.924266923974585
479.45826460054917 89.956062190702482
486.432145647728 89.987444655414777
493.50746413055253 90.029974422516247
500.6856954904994 90.078871308751928
507.9683366298358 90.125298146015211
515.3569062237735 90.180635676108864
522.8529450371643 90.247955922890227
530.4580162458005 90.328181308780614
538.1737057623901 90.415522431376402
546.0016225672724 90.507091015276359
553.9433990439449 90.603185175848083
562.0006913194694 90.701308399531541
570.1751796098309 90.800400698766651
578.4685685703187 90.890383968987948
586.8825876510039 90.967910900711388
595.4189914573883 91.033161990628855
604.0795601162986 91.085652773088754
612.8660996471021 91.125311977134629
621.780442338323 91.156278596254481
630.8244471297356 91.184390896676234
640.0000000000159 91.211000000000041
649.3090143600314 91.240788845952096
658.7534314518515 91.273199338508874
668.3352207535618 91.307506794712822
678.0563803899662 91.344517064501375
687.9189375492632 91.382883856442120
697.9249489057827 91.422699795623132
708.0765010488715 91.464113654300377
718.3757109180171 91.507177985855662
728.8247262443015 91.551063850226058
739.425725998274 91.596530621792581
750.1809208443404 91.643314143799529
761.0925536017613 91.692416491207922
772.1628997123541 91.745360094770945
783.3942677149998 91.802908477278464
794.7889997270506 91.865188123464662
806.34947193274 91.930480340952187
818.0780950786972 91.998501024696907
829.9773149766683 92.069363889860000
842.0496130135506 92.143485016836962
854.2975066688449 92.222970981681101
866.7235500396347 92.306519825272858
879.3303343732008 92.393595823893747
892.1204886073838 92.483318119492182
905.0966799188055 92.576163291074621
918.2616142790653 92.671776287864006
931.6180370190256 92.769371657986653
945.1687334013056 92.871460289410010
958.9165292011028 92.979460711558772
972.8642912954606 93.090914330363688
987.0149282611097 93.205505763965164
1001.3713909810035 93.324656823338529
1015.9366732596762 93.448461722707250
1030.7138124475518 93.574143885709276
1045.7058900743334 93.703213301891140
1060.916032491606 93.834408413844187
1076.3474115247852 93.967587739113156
1092.0032451345498 94.102277989285483
1107.8867980878947 94.239307326331087
1124.0013826389438 94.378456350502020
1140.350359219667 94.519271848269625
1156.9371371406426 94.662726963357400
1173.765175302013 94.808834960436243
1190.837982914782 94.957207082259259
1208.1591202326028 95.107892302035282
1225.73219929421 95.261861465227696
1243.5608846766518 95.418478876606159
1261.648894259477 95.577510269483398
1280.0000000000375 95.739000000000331
1298.6180287200684 95.903636568253177
1317.5068629037087 96.070560393552640
1336.6704415071292 96.240866929413457
1356.112760779938 96.413500751921958
1375.8378750985323 96.586977353989624
1395.8498978115715 96.762582853296536
1416.153002097749 96.940338768355304
1436.7514218360407 97.120743726611266
1457.6494524886093 97.304162192849986
1478.8514519965543 97.490700893729411
1500.3618416886875 97.681734864696864
1522.1851072035295 97.876834858399548
1544.3257994247153 98.077478258776409
1566.788535430007 98.283118755247472
1589.5779994541087 98.493783834934135
1612.6989438654878 98.710632008967508
1636.156190157402 98.934768796920508
1659.9546299533442 99.166652651339973
1684.099226027109 99.407084167394345
1708.5950133376978 99.657044338178537
1733.4471000792773 99.916539260840338
1758.6606687464096 100.186228075960940
1784.2409772147755 100.467129305716895
1810.193359837619 100.760223638132629
1836.5232285581387 101.066243632414881
1863.2360740380593 101.384891774379753
1890.3374668026197 101.717491337688529
1917.833058402214 102.064693164044201
1945.7285825909298 102.426715288637553
1974.0298565222283 102.803058286006518
2002.7427819620161 103.193396104108530
2031.8733465193618 103.596258073713045
2061.4276248951132 104.010558129776342
2091.411780148677 104.431741392412334
2121.832064983222 104.856828298393054
2152.694823049581 105.278904055304977
2184.0064902691106 105.698283886728262
2215.7735961758003 106.098423723105753
2248.002765277899 106.486064627061552
2280.7007184393456 106.846109126461869
2313.874274281297 107.175761988720751
2347.530350604038 107.466534977342377
2381.6759658295764 107.700890988143371
2416.318240465218 107.879229020512028
2451.4643985884327 107.961403718164959
2487.1217693533167 107.959246620324905
2523.2977885189675 107.840193176437907
2560.0000000000887 107.632499999999396
2597.236057440151 107.349708962476711
2635.0137258074315 107.017873265044713
2673.340883014273 106.660095699665845
2712.225521559891 106.299766052367659
2751.6757501970797 105.952129079530479
2791.699795623158 105.623127902897721
2832.3060041955137 105.319843109330805
2873.502843672097 105.036791402384495
2915.2989049772345 104.774307383982716
2957.7029039931244 104.531713812115953
3000.723683377391 104.307062503957383
3044.370214407075 104.101198219702098
3088.6515988494466 103.911761589702877
3133.57707086003 103.735201844117640
3179.1559989082334 103.572120243777505
3225.3978877309914 103.420504611402009
3272.3123803148205 103.281248458921652
3319.9092599067053 103.156217776223912
3368.198452054235 103.047785080412069
3417.190026675413 102.959058760520392
3466.8942001585724 102.895633103860462
3517.3213374928373 102.861650025502001
3568.4819544295697 102.857859766784571
3620.386719675257 102.883105508543451
3673.0464571162966 102.934616677681888
3726.472148076138 103.009325993960303
3780.6749336052594 103.107411653873299
3835.6661168044484 103.222315374490449
3891.45716518188 103.360666131426299
3948.059713044477 103.512785478807032
4005.4855639240527 103.689059491276367
4063.746693038744 103.887674988663235
4122.855249790247 104.112563430363792
4182.823560297375 104.366766526201701
4243.664129966465 104.641852816205528
4305.389646099183 104.914676023220565
4368.012980538242 105.153515560027387
4431.5471923516225 105.315747226484078
4496.00553055582 105.375270445879806
4561.401436878714 105.278746481603278
4627.748548562617 105.032122989574844
4695.060701208099 104.611811377702423
4763.351931659176 104.056419616761204
4832.63648093046 103.390333327941818
4902.928797176889 102.644046522160153
4974.243538706657 101.859825994711002
5046.595577037959 101.059783763156503
5120.000000000202 100.262071428569257
5194.472114880326 99.480666584878918
5270.027451614888 98.725480287883727
5346.6817660285715 97.999777186311078
5424.451043119808 97.305910939759386
5503.351500394186 96.648804189641709
5583.399591246343 96.029181869301340
5664.612008391055 95.450215941262613
5747.005687344222 94.904013885364193
5830.597809954497 94.392174548960725
5915.405807986278 93.915160088870664
6001.447366754812 93.472751652505679
6088.740428814181 93.069290745905334
6177.303197698925 92.702212551814910
6267.154141720092 92.370960503979674
6358.3119978165005 92.079314646616012
6450.795775462017 91.826010561344958
6544.624760629676 91.615535469165835
6639.818519813445 91.452647720454650
6736.396904108505 91.346478043288386
6834.380053350861 91.313954514671480
6933.788400317181 91.384878846496377
7034.642674985712 91.604552961202131
7136.963908859177 92.030682709155684
7240.773439350552 92.714876460329734
7346.092914232631 93.676249095446337
7452.944296152315 94.874096275308546
7561.349867210557 96.200505226751034
7671.332233608935 97.504408174758709
7782.914330363799 98.671329176911911
7896.119426088994 99.600201621823004
8010.971127848146 100.210619201830298
8127.49338607753 100.498703067794281
8245.710499580537 100.478242413534133
8365.647120594791 100.163918384541049
8487.328259932974 99.628159596726931
8610.77929219841 98.919133238718501
8736.025961076528 98.106814969734529
8863.094384703289 97.263934050204881
8992.011061111683 96.436288987662991
9122.802873757471 95.665446617028522
9255.497097125279 94.980791629967527
9390.121402416245 94.396315986361913
9526.7038633184 93.929953109777230
9665.272961860968 93.588200259898869
9805.857594353829 93.376864959166582
9948.487077413367 93.308141451290226
10093.19115407597 93.415237915646600
10240.000000000457 93.708900000001165
10388.944229760706 94.223947736274880
10540.05490322983 95.017008512321922
10693.363532057198 96.078930114275835
10848.902086239672 97.364025004248361
11006.703000788428 98.632615149865245
11166.799182492743 99.466712493891052
11329.224016782166 99.238544397827326
11494.0113746885 98.080423528299676
11661.195619909053 95.977983858746967
11830.811615972614 93.778435131470928
12002.894733509682 91.689279898756496
12177.48085762842 89.824967594139565
12354.606395397908 88.333463778667607
12534.308283440243 87.054793908806545
12716.62399563306 86.036709941485356
12901.591550924093 85.285442650469122
13089.249521259411 84.655448035771983
13279.637039626952 84.226827199941852
13472.793808217073 84.033983532466266
13668.760106701786 84.069369203767479
13867.576800634426 84.344317425383053
14069.285349971487 84.877692760982640
14273.927817718419 85.600421742908878
14481.54687870117 86.434118999494274
14692.18582846533 87.131413340913809
14905.888592304698 87.482183021919923
15122.699734421185 87.350079099819339
15342.664467217943 86.636984572516312
15565.828660727671 85.329805717397676
15792.238852178061 83.564743788277966
16021.942255696367 81.639641743922795
16254.986772155136 79.865438414664368
16491.42099916115 78.463856316972709
16731.294241189662 77.411958524131137
16974.65651986603 76.623781275461738
17221.558584396902 76.112403877594829
17472.051922153143 75.899343135271266
17726.188769406665 76.002999068096045
17984.022122223458 76.448004837624495
18245.605747515034 77.245263566732007
18510.99419425065 78.317949055678554
18780.242804832582 79.324134836248803
19053.40772663689 79.683449989236038
19330.545923722028 79.003903394860302
19611.71518870775 78.228719747161833
19896.974154826825 78.511873399070737
20186.382308152035 78.737499999999997
