20 107.483000000000004
20.290906698750476 107.471848539376367
20.586044732869844 107.458627984927574
20.885475648548283 107.445153595815327
21.189261887185914 107.430519055389169
21.49746679841394 107.414761146488118
21.810154653305165 107.397916052854697
22.12739065777668 107.379834275500059
22.449240966187475 107.361545551876901
22.77577269513385 107.341827396558074
23.107053937445478 107.321398318518590
23.44315377638505 107.300433561050397
23.784142300054445 107.278070394746322
24.130090616010463 107.254827263356844
24.481070866093134 107.231051371449240
24.837156241469714 107.206627693925213
25.1984209978975 107.181362503899805
25.56494047120865 107.155041785941847
25.936791093020236 107.127911633581590
26.3140504066728 107.099946265987100
26.69679708340074 107.070994222390695
27.08511093873791 107.041308208669392
27.47907294916184 107.010523029061076
27.878765268980047 106.978698778481601
28.284271247461966 106.945974028955590
28.695675446220072 106.912650288856170
29.11306365684382 106.878841843795641
29.536522918790062 106.844505120659207
29.966141537533712 106.809276393922232
30.402009102982383 106.773335923803359
30.844216508158908 106.737102190832360
31.29285596815558 106.700330452587366
31.74802103936409 106.662666232693425
32.20980663898519 106.623246822408291
32.67830906482211 106.581952184166013
33.153626015361866 106.539020032602068
33.63585661014871 106.494865335256179
34.125101410453844 106.449490670238248
34.62146244024586 106.403703993057135
35.12504320746613 106.356745938498179
35.635948725613716 106.308584871066699
36.15428553564419 106.259497159649442
36.68016172818701 106.209884635822235
37.21368696608603 106.159199738221830
37.754972507267915 106.107777646412913
38.30413122794313 106.055503498117460
38.86127764614443 106.002077901434816
39.4265279456077 105.948025773983488
40.000000000000206 105.892999999999986
40.58181339750116 105.837727542995879
41.1720894657399 105.781651582496806
41.77095129709678 105.724759540974276
42.37852377437204 105.667866687731333
42.9949335968281 105.611543381766040
43.62030930661056 105.557773760069296
44.25478131555359 105.507410180334801
44.89848193237519 105.456952275138192
45.55154539026795 105.403655466169596
46.21410787489121 105.347777400100767
46.88630755277036 105.289417187982053
47.56828460010916 105.229305620124919
48.260181232021196 105.166463418654047
48.962141732186545 105.101283909131112
49.674312482939705 105.033483231593266
50.39684199579528 104.963059830487381
51.129880942417586 104.890747482506413
51.873582186040764 104.816641834764738
52.628100813345895 104.740922402435075
53.393594166801776 104.664386530782224
54.17022187747612 104.587242209675992
54.95814589832399 104.509339968822388
55.75753053796041 104.430792345703068
56.56854249492426 104.350998564249949
57.39135089244048 104.269951937094618
58.226127313687975 104.187613395944894
59.073045837580466 104.103768462079529
59.932283075067765 104.018703975568286
60.804018205965114 103.932106692549567
61.68843301631817 103.845560509745269
62.58571193631152 103.757893136701057
63.49604207872855 103.668887876284600
64.41961327797075 103.577958285480889
65.35661812964459 103.484303259841070
66.3072520307241 103.387506666850783
67.27171322029778 103.288241825089017
68.25020282090806 103.186228703804659
69.2429248804921 103.081749962667828
70.25008641493265 102.974740753602205
71.27189745122783 102.864863177816176
72.30857107128878 102.751557182158223
73.36032345637442 102.634963611157872
74.42737393217246 102.514065684766251
75.50994501453623 102.388581310995278
76.60826245588666 102.258194208725513
77.72255529228926 102.122851848645951
78.85305589121582 101.982257844885936
80.00000000000082 101.836499999999887
81.16362679500274 101.686197829890062
82.34417893148023 101.532316623203258
83.541902594194 101.378556629536007
84.75704754874454 101.230654367036564
85.98986719365665 101.096326347739847
87.24061861322157 100.986748081472768
88.50956263110764 100.908744996503799
89.79696386475084 100.874414296939989
91.10309078053635 100.857969064617293
92.42821574978288 100.846607403792433
93.77261510554118 100.830337081000081
95.13656920021877 100.800959817726408
96.52036246404286 100.757794365826811
97.92428346437356 100.704702329447088
99.34862496587989 100.643168984528955
100.79368399159105 100.571228432437266
102.25976188483567 100.491953334449192
103.74716437208203 100.409406018241185
105.25620162669229 100.332295341459599
106.78718833360406 100.268423616101444
108.34044375495276 100.223109497799442
109.9162917966485 100.193182922781020
111.51506107592134 100.170734920116843
113.13708498984903 100.147127897164154
114.78270178488147 100.117345975167297
116.45225462737648 100.070092418408080
118.14609167516147 100.007970654026792
119.86456615013608 99.919403055264567
121.60803641193078 99.818497689257626
123.3768660326369 99.699586239272747
125.17142387262359 99.573657481171097
126.99208415745765 99.442733968715530
128.83922655594208 99.310435356496143
130.71323625928977 99.176309804870840
132.61450406144883 99.040062959606416
134.5434264405962 98.901465726446631
136.50040564181674 98.759345692378744
138.48584976098482 98.617354904051808
140.50017282986593 98.480072128197037
142.5437949024563 98.347577297157414
144.61714214257822 98.215311473946286
146.7206469127495 98.082599244496777
148.8547478643456 97.948963733264833
151.01989002907314 97.815898642243980
153.216524911774 97.684654945152403
155.4451105845792 97.555662829380481
157.70611178243232 97.429993630818103
160.00000000000236 97.307499999999877
162.3272535900062 97.186482813319671
164.6883578629612 97.065456077416400
167.08380518838874 96.946143262655909
169.51409509748981 96.831643168456978
171.97973438731407 96.727038996365195
174.4812372264439 96.635760449629174
177.01912526221608 96.559753017500611
179.5939277295025 96.498677233313245
182.20618156107355 96.447582550339604
184.85643149956664 96.400055519307713
187.54523021108326 96.351059211609481
190.27313840043846 96.293499306069563
193.04072492808663 96.226224861898515
195.84856692874806 96.151079552766561
198.69724993176072 96.071019201965299
201.58736798318304 95.986672644496110
204.5195237696723 95.900680556717887
207.49432874416505 95.814911630791300
210.5124032533856 95.730156843322987
213.57437666720915 95.646098235818556
216.68088750990657 95.564126702864954
219.83258359329807 95.483227264269217
223.03012215184378 95.403625711472884
226.2741699796992 95.325298948817164
229.5654035697641 95.248568150633801
232.90450925475412 95.172664456892250
236.2921833503241 95.098364149643203
239.72913230027333 95.026188221694255
243.21607282386276 94.955840598140639
246.75373206527502 94.887740657743450
250.34284774524843 94.821371596553689
253.9841683149166 94.756282991370867
257.67845311188546 94.692086877180998
261.42647251858085 94.629534894378594
265.22900812289896 94.567893122064334
269.08685288119375 94.507139304861298
273.0008112836349 94.445987425103652
276.97169952197106 94.384681582289943
281.00034565973334 94.323894953367898
285.0875898049141 94.264247465789737
289.23428428515797 94.204949734722248
293.44129382550057 94.145821886443002
297.7094957286928 94.086879908516906
302.0397800581479 94.028472914229539
306.4330498235497 93.970870352293858
310.89022116916016 93.912927124800916
315.41222356486645 93.856218206647554
320.00000000000654 93.802999999999926
324.6545071800142 93.755058576045855
329.3767157259242 93.715173259474824
334.16761037677935 93.683327293588604
339.02819019498156 93.658261868044590
343.95946877463007 93.637662124901482
348.9624744528898 93.621612576641326
354.03825052443415 93.610827324003566
359.187855459007 93.606487286724587
364.4123631221491 93.609529890497726
369.71286299913527 93.614712862999141
375.0904604221685 93.607892622879717
380.54627680087896 93.571260712908384
386.08144985617537 93.511298166769052
391.6971338574982 93.431891559066273
397.3944998635236 93.353829301719600
403.1747359663683 93.290046324327903
409.0390475393468 93.247811270226492
414.9886574883323 93.241220698511526
421.0248065067734 93.283137102005014
427.1487533344206 93.370616941132681
433.3617750198154 93.515294660989667
439.6651671865984 93.710925315259601
446.06024430368984 93.924271191768696
452.54833995940066 94.123372854846977
459.13080713953053 94.292434429001560
465.8090185095106 94.435458442726329
472.58436670065066 94.547747864802758
479.45826460054917 94.631630225777229
486.432145647728 94.687752161275000
493.50746413055253 94.721713226320418
500.6856954904994 94.746885662598885
507.9683366298358 94.766912925732044
515.3569062237735 94.786672691878124
522.8529450371643 94.811965089213487
530.4580162458005 94.843433211305808
538.1737057623901 94.884629087455522
546.0016225672724 94.936369080316354
553.9433990439449 94.995682805030825
562.0006913194694 95.059905841649510
570.1751796098309 95.129006544644540
578.4685685703187 95.200329689704745
586.8825876510039 95.267528313060382
595.4189914573883 95.334268133367630
604.0795601162986 95.402381508423133
612.8660996471021 95.470343325899478
621.780442338323 95.536384682917657
630.8244471297356 95.598194016917333
640.0000000000159 95.656000000000091
649.3090143600314 95.708595931134170
658.7534314518515 95.758455515122222
668.3352207535618 95.810426953106912
678.0563803899662 95.867032644300792
687.9189375492632 95.928389306560348
697.9249489057827 95.991823425551729
708.0765010488715 96.057497256817669
718.3757109180171 96.129048761972030
728.8247262443015 96.208891628393332
739.425725998274 96.294348380586015
750.1809208443404 96.383477520228780
761.0925536017613 96.472589187747715
772.1628997123541 96.560912316940659
783.3942677149998 96.646134151411928
794.7889997270506 96.727174373123461
806.34947193274 96.804271567562807
818.0780950786972 96.878637434910388
829.9773149766683 96.950981019477183
842.0496130135506 97.022966411956872
854.2975066688449 97.097680353902405
866.7235500396347 97.175113025248478
879.3303343732008 97.254281106551161
892.1204886073838 97.334859078226515
905.0966799188055 97.416141887829241
918.2616142790653 97.496088023037544
931.6180370190256 97.575199142343450
945.1687334013056 97.653622822607389
958.9165292011028 97.730040910606064
972.8642912954606 97.808007174197584
987.0149282611097 97.892551682192078
1001.3713909810035 97.978228345886009
1015.9366732596762 98.065838596651986
1030.7138124475518 98.158012314400594
1045.7058900743334 98.252981667353509
1060.916032491606 98.351045814444603
1076.3474115247852 98.452892916063590
1092.0032451345498 98.556396701837301
1107.8867980878947 98.662870658385287
1124.0013826389438 98.773065080401608
1140.350359219667 98.884875266561991
1156.9371371406426 98.992933729206442
1173.765175302013 99.102083962919465
1190.837982914782 99.214905848184614
1208.1591202326028 99.329765615822552
1225.73219929421 99.445941700090245
1243.5608846766518 99.563930293140089
1261.648894259477 99.683770998587875
1280.0000000000375 99.806000000000239
1298.6180287200684 99.923825524614145
1317.5068629037087 100.042290491131880
1336.6704415071292 100.153271799703674
1356.112760779938 100.260314546250669
1375.8378750985323 100.360293428615194
1395.8498978115715 100.454305777378522
1416.153002097749 100.544303992528469
1436.7514218360407 100.634537470532678
1457.6494524886093 100.727228514298289
1478.8514519965543 100.823485592064372
1500.3618416886875 100.921229603271939
1522.1851072035295 101.025544812432884
1544.3257994247153 101.137948093054547
1566.788535430007 101.255643467070442
1589.5779994541087 101.378304317030342
1612.6989438654878 101.505098170137487
1636.156190157402 101.635474664881457
1659.9546299533442 101.768945020337796
1684.099226027109 101.903909712190199
1708.5950133376978 102.039272573357337
1733.4471000792773 102.176803760443960
1758.6606687464096 102.318346171729758
1784.2409772147755 102.461879833314157
1810.193359837619 102.605767346303651
1836.5232285581387 102.750186363356278
1863.2360740380593 102.895768964247807
1890.3374668026197 103.043742568742303
1917.833058402214 103.192441854203906
1945.7285825909298 103.340861487731928
1974.0298565222283 103.492300030959143
2002.7427819620161 103.646399605300587
2031.8733465193618 103.799022844806757
2061.4276248951132 103.949161918223808
2091.411780148677 104.099300074382796
2121.832064983222 104.245564903796577
2152.694823049581 104.389213556604318
2184.0064902691106 104.534731153291730
2215.7735961758003 104.690762320783392
2248.002765277899 104.856115070764545
2280.7007184393456 105.040561001250722
2313.874274281297 105.248107734447188
2347.530350604038 105.475835936698061
2381.6759658295764 105.723985945430343
2416.318240465218 105.987238334279851
2451.4643985884327 106.260117394042709
2487.1217693533167 106.535552261197978
2523.2977885189675 106.810398303318209
2560.0000000000887 107.081000000000643
2597.236057440151 107.343566993465032
2635.0137258074315 107.596838988984842
2673.340883014273 107.833753537047954
2712.225521559891 108.053517816423408
2751.6757501970797 108.246751707191052
2791.699795623158 108.412902935047327
2832.3060041955137 108.544533312796318
2873.502843672097 108.643625459850426
2915.2989049772345 108.706127167782711
2957.7029039931244 108.730497244961782
3000.723683377391 108.718767270580400
3044.370214407075 108.672371841482601
3088.6515988494466 108.598295107171666
3133.57707086003 108.505541017336441
3179.1559989082334 108.395818442740335
3225.3978877309914 108.273655808739775
3272.3123803148205 108.141070973283874
3319.9092599067053 108.000374035081762
3368.198452054235 107.852720829590780
3417.190026675413 107.698663814905444
3466.8942001585724 107.539093849484630
3517.3213374928373 107.375378866523207
3568.4819544295697 107.210727384913966
3620.386719675257 107.047097301809941
3673.0464571162966 106.884708305795300
3726.472148076138 106.723612998733103
3780.6749336052594 106.566514652562233
3835.6661168044484 106.412701484627988
3891.45716518188 106.265150121503822
3948.059713044477 106.120459858530054
4005.4855639240527 105.984523185432494
4063.746693038744 105.858100281248483
4122.855249790247 105.742169869104828
4182.823560297375 105.641748698462067
4243.664129966465 105.560917655901704
4305.389646099183 105.502649318510734
4368.012980538242 105.473844483271250
4431.5471923516225 105.483990570062787
4496.00553055582 105.527970860671502
4561.401436878714 105.610230932015028
4627.748548562617 105.722190810839294
4695.060701208099 105.863069918527430
4763.351931659176 106.026191877015975
4832.63648093046 106.211640335461112
4902.928797176889 106.419168037083637
4974.243538706657 106.644076863619190
5046.595577037959 106.887298628998522
5120.000000000202 107.143500000000728
5194.472114880326 107.410734929496044
5270.027451614888 107.682786154241001
5346.6817660285715 107.951552092798579
5424.451043119808 108.209060845434237
5503.351500394186 108.444576104706115
5583.399591246343 108.641092791983624
5664.612008391055 108.771102931831393
5747.005687344222 108.816534459702297
5830.597809954497 108.746479653846706
5915.405807986278 108.532909083738872
6001.447366754812 108.161614318864309
6088.740428814181 107.650373960686082
6177.303197698925 107.080894374841932
6267.154141720092 106.526111710308456
6358.3119978165005 106.048686810589970
6450.795775462017 105.671000595778736
6544.624760629676 105.403271774221011
6639.818519813445 105.236407794813601
6736.396904108505 105.154943068082559
6834.380053350861 105.141079312537443
6933.788400317181 105.178462460206163
7034.642674985712 105.251985553987424
7136.963908859177 105.342213059340366
7240.773439350552 105.421036993233059
7346.092914232631 105.453808606286515
7452.944296152315 105.415144828251101
7561.349867210557 105.283340212463102
7671.332233608935 105.046362040898146
7782.914330363799 104.698127737267896
7896.119426088994 104.244656611295071
8010.971127848146 103.717875769282486
8127.49338607753 103.140457978083191
8245.710499580537 102.516635363751931
8365.647120594791 101.849489700992876
8487.328259932974 101.143418483724332
8610.77929219841 100.388668933363931
8736.025961076528 99.817915741691692
8863.094384703289 99.801632337701960
8992.011061111683 100.191820144964709
9122.802873757471 100.298735114612299
9255.497097125279 100.072224656911970
9390.121402416245 99.827902559731399
9526.7038633184 99.686979076883404
9665.272961860968 99.626490168286139
9805.857594353829 99.612144510704070
9948.487077413367 99.616138991048103
10093.19115407597 99.611355344854175
10240.000000000457 99.575499999999835
10388.944229760706 99.495733276765236
10540.05490322983 99.369761886085001
10693.363532057198 99.207131938134225
10848.902086239672 99.009471204438853
11006.703000788428 98.791615798896203
11166.799182492743 98.575872508848875
11329.224016782166 98.387340892324403
11494.0113746885 98.236440615881975
11661.195619909053 98.166289044673164
11830.811615972614 98.157254023802267
12002.894733509682 98.239655362776745
12177.48085762842 98.396648517882795
12354.606395397908 98.689484418689716
12534.308283440243 99.088419584184663
12716.62399563306 99.628581265574539
12901.591550924093 100.303545056705758
13089.249521259411 101.041577045753087
13279.637039626952 101.801464491724602
13472.793808217073 102.516081706431464
13668.760106701786 103.077568124340502
13867.576800634426 103.394890790388587
14069.285349971487 103.385467142703931
14273.927817718419 103.118067651514593
14481.54687870117 102.564322059717909
14692.18582846533 101.806178009532246
14905.888592304698 100.942385684166368
15122.699734421185 99.953906288057254
15342.664467217943 98.765686881937484
15565.828660727671 97.267237567749518
15792.238852178061 95.372643726359357
16021.942255696367 93.114066682124914
16254.986772155136 90.753834500225139
16491.42099916115 88.707259831261084
16731.294241189662 87.075927168311182
16974.65651986603 85.833457096265846
17221.558584396902 84.999841881436296
17472.051922153143 84.473334128735530
17726.188769406665 84.176478016734876
17984.022122223458 84.099047088866399
18245.605747515034 84.032624928636153
18510.99419425065 83.514717126637976
18780.242804832582 83.058372682316332
19053.40772663689 82.229067581989057
19330.545923722028 81.000184243180598
19611.71518870775 79.664787437007732
19896.974154826825 78.045450490441567
20186.382308152035 77.461500000000001
