20 94.024000000000001
20.290906698750476 94.030787845596990
20.586044732869844 94.037674378185699
20.885475648548283 94.043709512970963
21.189261887185914 94.048821015383055
21.49746679841394 94.053840171828625
21.810154653305165 94.058177723044224
22.12739065777668 94.063251621544424
22.449240966187475 94.067656544027358
22.77577269513385 94.072010292636094
23.107053937445478 94.076605814414393
23.44315377638505 94.081408723989398
23.784142300054445 94.086031956625746
24.130090616010463 94.090734547328623
24.481070866093134 94.095489725710152
24.837156241469714 94.100328742648742
25.1984209978975 94.105228288721094
25.56494047120865 94.110061761044506
25.936791093020236 94.114880881874626
26.3140504066728 94.120020663824519
26.69679708340074 94.124959963542523
27.08511093873791 94.129659620419886
27.47907294916184 94.135186089702657
27.878765268980047 94.140484565862252
28.284271247461966 94.145411254969545
28.695675446220072 94.150543780800859
29.11306365684382 94.155856763882127
29.536522918790062 94.160938275025487
29.966141537533712 94.166093698450396
30.402009102982383 94.171526787950469
30.844216508158908 94.177122428522864
31.29285596815558 94.182169629641749
31.74802103936409 94.187476252472365
32.20980663898519 94.193227486306796
32.67830906482211 94.199139708777864
33.153626015361866 94.204689886168978
33.63585661014871 94.210130279321788
34.125101410453844 94.216001216925449
34.62146244024586 94.222079011723196
35.12504320746613 94.228375475282121
35.635948725613716 94.234131384707354
36.15428553564419 94.240197140892093
36.68016172818701 94.246342102466429
37.21368696608603 94.252850556626953
37.754972507267915 94.258913967348832
38.30413122794313 94.265145432507381
38.86127764614443 94.271515960596759
39.4265279456077 94.278581598172096
40.000000000000206 94.284999999999997
40.58181339750116 94.291787845597000
41.1720894657399 94.298674367061807
41.77095129709678 94.305185315502939
42.37852377437204 94.312111702261831
42.9949335968281 94.318861798504969
43.62030930661056 94.326503858813339
44.25478131555359 94.334236608493711
44.89848193237519 94.341815618596442
45.55154539026795 94.349625907416240
46.21410787489121 94.357676336523923
46.88630755277036 94.366109679807494
47.56828460010916 94.374877943604332
48.260181232021196 94.383782343016279
48.962141732186545 94.392683132914939
49.674312482939705 94.401428892466384
50.39684199579528 94.410460531148118
51.129880942417586 94.419741333200605
51.873582186040764 94.429036348635719
52.628100813345895 94.437816128920304
53.393594166801776 94.446427939911445
54.17022187747612 94.455231112555282
54.95814589832399 94.463908699041042
55.75753053796041 94.471726845951935
56.56854249492426 94.479969696196690
57.39135089244048 94.488413508924396
58.226127313687975 94.496648209480043
59.073045837580466 94.504730458375803
59.932283075067765 94.513322830750681
60.804018205965114 94.522040192002237
61.68843301631817 94.530749732651913
62.58571193631152 94.539357114184511
63.49604207872855 94.548708441826648
64.41961327797075 94.557986326140721
65.35661812964459 94.566709563166796
66.3072520307241 94.575265268276524
67.27171322029778 94.583809562372522
68.25020282090806 94.592251825388161
69.2429248804921 94.601064861484176
70.25008641493265 94.609750777734405
71.27189745122783 94.618811128335437
72.30857107128878 94.627314283034664
73.36032345637442 94.635382587650994
74.42737393217246 94.643277930559123
75.50994501453623 94.649762209067603
76.60826245588666 94.655384297755717
77.72255529228926 94.660355979918080
78.85305589121582 94.664698948839430
80.00000000000082 94.669000000000011
81.16362679500274 94.673363611390286
82.34417893148023 94.677460620622924
83.541902594194 94.681606577580112
84.75704754874454 94.685291386912311
85.98986719365665 94.688474674170834
87.24061861322157 94.691801667108678
88.50956263110764 94.694519125262218
89.79696386475084 94.697093927729497
91.10309078053635 94.699338489230456
92.42821574978288 94.701861953683533
93.77261510554118 94.703957864874994
95.13656920021877 94.707227615902738
96.52036246404286 94.709369651605471
97.92428346437356 94.710826371142502
99.34862496587989 94.711728593057273
100.79368399159105 94.712264561330528
102.25976188483567 94.712753253961608
103.74716437208203 94.712999999999994
105.25620162669229 94.712732437282199
106.78718833360406 94.711188019443995
108.34044375495276 94.707758816653467
109.9162917966485 94.702277559923061
111.51506107592134 94.695251498931071
113.13708498984903 94.687630440941646
114.78270178488147 94.679177034941148
116.45225462737648 94.670078600321489
118.14609167516147 94.660044784466095
119.86456615013608 94.648808596563413
121.60803641193078 94.637159749119405
123.3768660326369 94.624993058815647
125.17142387262359 94.611742891600755
126.99208415745765 94.598391382845307
128.83922655594208 94.584166298044465
130.71323625928977 94.568906504745783
132.61450406144883 94.553123089462318
134.5434264405962 94.536245018644792
136.50040564181674 94.519246552044564
138.48584976098482 94.502613201912112
140.50017282986593 94.487165514467563
142.5437949024563 94.473541367316955
144.61714214257822 94.461605718215822
146.7206469127495 94.450208506671146
148.8547478643456 94.437058664095304
151.01989002907314 94.420117011732529
153.216524911774 94.398474920988122
155.4451105845792 94.373069650868132
157.70611178243232 94.345238102115403
160.00000000000236 94.314499999999981
162.3272535900062 94.281918449739919
164.6883578629612 94.247987646773367
167.08380518838874 94.211826161136486
169.51409509748981 94.174080116479161
171.97973438731407 94.134824249802975
174.4812372264439 94.093215214595745
177.01912526221608 94.049771045489877
179.5939277295025 94.005484443052552
182.20618156107355 93.961436149773959
184.85643149956664 93.917854523407101
187.54523021108326 93.874803454749326
190.27313840043846 93.832848296313330
193.04072492808663 93.790889126078696
195.84856692874806 93.749280636226018
198.69724993176072 93.708499050968996
201.58736798318304 93.666983164243845
204.5195237696723 93.622947381570071
207.49432874416505 93.574596411349205
210.5124032533856 93.522532943065755
213.57437666720915 93.472490755825049
216.68088750990657 93.442207123349576
219.83258359329807 93.429125562305032
223.03012215184378 93.454377273021692
226.2741699796992 93.515563966192985
229.5654035697641 93.627419932081267
232.90450925475412 93.772750661836554
236.2921833503241 93.939595286323538
239.72913230027333 94.123042436527101
243.21607282386276 94.316667932488585
246.75373206527502 94.507701531524845
250.34284774524843 94.681571029173057
253.9841683149166 94.836327153383962
257.67845311188546 94.959768372609176
261.42647251858085 95.045882395408782
265.22900812289896 95.095301528430156
269.08685288119375 95.108167063955420
273.0008112836349 95.088117799857741
276.97169952197106 95.049232293535113
281.00034565973334 94.995594676840113
285.0875898049141 94.932554768218921
289.23428428515797 94.864134309294883
293.44129382550057 94.794030393114127
297.7094957286928 94.724919017913777
302.0397800581479 94.658923189156852
306.4330498235497 94.599681368901713
310.89022116916016 94.548735011846958
315.41222356486645 94.506202211481082
320.00000000000654 94.469499999999954
324.6545071800142 94.437849351175913
329.3767157259242 94.408364362499270
334.16761037677935 94.376993771513256
339.02819019498156 94.338468840401148
343.95946877463007 94.290113418498777
348.9624744528898 94.229969069338864
354.03825052443415 94.156426242133477
359.187855459007 94.071644028288688
364.4123631221491 93.979018700113528
369.71286299913527 93.882725893415738
375.0904604221685 93.786975095740587
380.54627680087896 93.695005619642330
386.08144985617537 93.606421237258047
391.6971338574982 93.523304417334089
397.3944998635236 93.441477001910670
403.1747359663683 93.363992993767738
409.0390475393468 93.291284683489451
414.9886574883323 93.224120986791121
421.0248065067734 93.162832222970394
427.1487533344206 93.106235596657427
433.3617750198154 93.056377131106331
439.6651671865984 93.017054902236509
446.06024430368984 92.992051198417926
452.54833995940066 92.987812841947232
459.13080713953053 93.013719439267419
465.8090185095106 93.068542439722478
472.58436670065066 93.159110590981101
479.45826460054917 93.278433237524553
486.432145647728 93.418188629472752
493.50746413055253 93.568980841073937
500.6856954904994 93.710942543497708
507.9683366298358 93.832471617510379
515.3569062237735 93.921957222996980
522.8529450371643 93.980891561732065
530.4580162458005 94.014187024368709
538.1737057623901 94.025388332009896
546.0016225672724 94.019211388272723
553.9433990439449 94.004370277031626
562.0006913194694 93.988398928454814
570.1751796098309 93.975973723058530
578.4685685703187 93.974729714714442
586.8825876510039 93.986888657771800
595.4189914573883 94.013092167538076
604.0795601162986 94.053702498161442
612.8660996471021 94.110757854622165
621.780442338323 94.183149442565863
630.8244471297356 94.270280361931682
640.0000000000159 94.368000000000180
649.3090143600314 94.473657312986361
658.7534314518515 94.582164461696294
668.3352207535618 94.686937145176159
678.0563803899662 94.784758165860666
687.9189375492632 94.870123128536349
697.9249489057827 94.939012167887597
708.0765010488715 94.991671030087019
718.3757109180171 95.029477417121257
728.8247262443015 95.054855634049687
739.425725998274 95.071167302697489
750.1809208443404 95.081082922053639
761.0925536017613 95.086084087067476
772.1628997123541 95.086890880758176
783.3942677149998 95.084417148395389
794.7889997270506 95.079605500136466
806.34947193274 95.073296141372566
818.0780950786972 95.066493406685368
829.9773149766683 95.060585648085890
842.0496130135506 95.056993798373313
854.2975066688449 95.056716251111482
866.7235500396347 95.060543450021342
879.3303343732008 95.068897300935888
892.1204886073838 95.083256635189599
905.0966799188055 95.102419189857912
918.2616142790653 95.126782397239708
931.6180370190256 95.155017853235478
945.1687334013056 95.186824439053154
958.9165292011028 95.220791323002757
972.8642912954606 95.256496442953676
987.0149282611097 95.294347883779906
1001.3713909810035 95.334477033844905
1015.9366732596762 95.377028576872945
1030.7138124475518 95.424998343566429
1045.7058900743334 95.478110324038042
1060.916032491606 95.537316802048366
1076.3474115247852 95.601973524426555
1092.0032451345498 95.671452001695030
1107.8867980878947 95.742153663165539
1124.0013826389438 95.810616680073522
1140.350359219667 95.875715915439599
1156.9371371406426 95.934834006745803
1173.765175302013 95.991016172818789
1190.837982914782 96.043013948744345
1208.1591202326028 96.094823137824051
1225.73219929421 96.147106040689351
1243.5608846766518 96.202109468142737
1261.648894259477 96.260164758105645
1280.0000000000375 96.320000000000121
1298.6180287200684 96.380641579259645
1317.5068629037087 96.441771275001500
1336.6704415071292 96.504512456973515
1356.112760779938 96.568672110573800
1375.8378750985323 96.633369040947699
1395.8498978115715 96.698908415332895
1416.153002097749 96.762574306503012
1436.7514218360407 96.825079123324514
1457.6494524886093 96.884459499818789
1478.8514519965543 96.942630007510502
1500.3618416886875 97.002056577730968
1522.1851072035295 97.065780513034298
1544.3257994247153 97.133523462228126
1566.788535430007 97.205059084084624
1589.5779994541087 97.279315838209484
1612.6989438654878 97.356168451388044
1636.156190157402 97.437216036960351
1659.9546299533442 97.524924871619902
1684.099226027109 97.620488811231695
1708.5950133376978 97.723818058685879
1733.4471000792773 97.834180892358347
1758.6606687464096 97.950224783232912
1784.2409772147755 98.074204886073886
1810.193359837619 98.207228674336136
1836.5232285581387 98.350760544496751
1863.2360740380593 98.503798672382260
1890.3374668026197 98.665138299487822
1917.833058402214 98.835491606765913
1945.7285825909298 99.016479501796510
1974.0298565222283 99.209344815742497
2002.7427819620161 99.412245186766825
2031.8733465193618 99.617144207149352
2061.4276248951132 99.834015842867188
2091.411780148677 100.087276610345526
2121.832064983222 100.362534386473584
2152.694823049581 100.641546833886821
2184.0064902691106 100.928363766894023
2215.7735961758003 101.252700119463483
2248.002765277899 101.598197315163389
2280.7007184393456 101.964166535515858
2313.874274281297 102.358622142230274
2347.530350604038 102.789478902872617
2381.6759658295764 103.250044530156686
2416.318240465218 103.743509958885227
2451.4643985884327 104.280039703032486
2487.1217693533167 104.844731212233512
2523.2977885189675 105.457007853160576
2560.0000000000887 106.129750000001707
2597.236057440151 106.870148191883132
2635.0137258074315 107.653033895450378
2673.340883014273 108.433610553775281
2712.225521559891 109.205861073292539
2751.6757501970797 109.932227025444604
2791.699795623158 110.558100686902080
2832.3060041955137 110.980038298640679
2873.502843672097 111.169088156476022
2915.2989049772345 111.083758212670745
2957.7029039931244 110.717045866815013
3000.723683377391 110.120079784035525
3044.370214407075 109.362674578638433
3088.6515988494466 108.491642223586354
3133.57707086003 107.561533932411123
3179.1559989082334 106.636837821780745
3225.3978877309914 105.756980591154786
3272.3123803148205 104.934213877333050
3319.9092599067053 104.165193767833017
3368.198452054235 103.440032367816315
3417.190026675413 102.753419747617784
3466.8942001585724 102.114566526071769
3517.3213374928373 101.523370634703014
3568.4819544295697 100.983974192514381
3620.386719675257 100.488946593299943
3673.0464571162966 100.036671374502177
3726.472148076138 99.619253053871248
3780.6749336052594 99.239949904862243
3835.6661168044484 98.886726572021786
3891.45716518188 98.576007208549129
3948.059713044477 98.289810575918864
4005.4855639240527 98.041154857088600
4063.746693038744 97.822385251579902
4122.855249790247 97.641028431762138
4182.823560297375 97.496659610918783
4243.664129966465 97.392361491486071
4305.389646099183 97.329341416589941
4368.012980538242 97.308079547343013
4431.5471923516225 97.332558499743158
4496.00553055582 97.397139370856763
4561.401436878714 97.509001722298322
4627.748548562617 97.659647934641470
4695.060701208099 97.861712454228353
4763.351931659176 98.109410516385580
4832.63648093046 98.405534202894131
4902.928797176889 98.768049207249376
4974.243538706657 99.181885586110610
5046.595577037959 99.658762147423005
5120.000000000202 100.202571428573009
5194.472114880326 100.824136767605125
5270.027451614888 101.504189196994020
5346.6817660285715 102.205554637086067
5424.451043119808 102.896724075142330
5503.351500394186 103.527901142306860
5583.399591246343 104.029161340908132
5664.612008391055 104.312113404040360
5747.005687344222 104.356858146750213
5830.597809954497 104.142764753123416
5915.405807986278 103.688151078981406
6001.447366754812 103.050652152373004
6088.740428814181 102.302335593747472
6177.303197698925 101.515792042975107
6267.154141720092 100.762614445767511
6358.3119978165005 100.084567935481004
6450.795775462017 99.476859959785898
6544.624760629676 98.951376196851612
6639.818519813445 98.520999606119176
6736.396904108505 98.186360730414009
6834.380053350861 97.940474596766080
6933.788400317181 97.774812281636827
7034.642674985712 97.682371516006853
7136.963908859177 97.651739278177189
7240.773439350552 97.662989492640889
7346.092914232631 97.685105330848387
7452.944296152315 97.677851989673542
7561.349867210557 97.586045792646672
7671.332233608935 97.365308270879083
7782.914330363799 96.985296272976854
7896.119426088994 96.424268508755063
8010.971127848146 95.675390863190586
8127.49338607753 94.782650744144689
8245.710499580537 93.806904876539107
8365.647120594791 92.804956949798139
8487.328259932974 91.825032317287054
8610.77929219841 90.891270567359442
8736.025961076528 90.014280809428783
8863.094384703289 89.202727160516972
8992.011061111683 88.456729326367054
9122.802873757471 87.784300825821916
9255.497097125279 87.186688177298919
9390.121402416245 86.671063269637131
9526.7038633184 86.243291092692033
9665.272961860968 85.908847090489161
9805.857594353829 85.667666432129124
9948.487077413367 85.519917594520422
10093.19115407597 85.477719167935689
10240.000000000457 85.541100000000341
10388.944229760706 85.724316530019379
10540.05490322983 86.050697870776048
10693.363532057198 86.516247220767994
10848.902086239672 87.136916359796984
11006.703000788428 87.920191435404035
11166.799182492743 88.857052121026840
11329.224016782166 89.964491250668644
11494.0113746885 91.177435594530948
11661.195619909053 92.377613158121008
11830.811615972614 93.399558165557067
12002.894733509682 94.056121444775400
12177.48085762842 94.397354900509839
12354.606395397908 94.341856249974882
12534.308283440243 94.204657059543038
12716.62399563306 94.152319678602566
12901.591550924093 94.417595013884579
13089.249521259411 94.858323161357816
13279.637039626952 95.453053231118588
13472.793808217073 95.996254963146939
13668.760106701786 96.144269677826458
13867.576800634426 95.742276417636759
14069.285349971487 94.949802763706458
14273.927817718419 94.066088373819298
14481.54687870117 93.622176946370374
14692.18582846533 94.086645667382129
14905.888592304698 95.035273146969274
15122.699734421185 95.375904506477951
15342.664467217943 94.109798564941684
15565.828660727671 90.941245022420674
15792.238852178061 86.651370233457612
16021.942255696367 82.725667158372602
16254.986772155136 79.795113759465835
16491.42099916115 77.761779407214107
16731.294241189662 76.422820500692538
16974.65651986603 75.692360370454580
17221.558584396902 75.654290670490738
17472.051922153143 76.122144413455771
17726.188769406665 76.345165424128055
17984.022122223458 75.414242360750549
18245.605747515034 72.837935625911257
18510.99419425065 68.772331136476311
18780.242804832582 63.629884552196131
19053.40772663689 58.625904971558107
19330.545923722028 59.347566647986838
19611.71518870775 65.236647863385031
19896.974154826825 69.004056865022704
20186.382308152035 69.758000000000010
