20 106.830500000000001
20.290906698750476 106.845999983490799
20.586044732869844 106.861000036845894
20.885475648548283 106.876000032139018
21.189261887185914 106.890499994819649
21.49746679841394 106.903999991527741
21.810154653305165 106.916000020668065
22.12739065777668 106.926500020511298
22.449240966187475 106.935999971195329
22.77577269513385 106.945500021059175
23.107053937445478 106.954999998306675
23.44315377638505 106.963500015995692
23.784142300054445 106.971000006963891
24.130090616010463 106.977999993364250
24.481070866093134 106.985499997338962
24.837156241469714 106.991500004024942
25.1984209978975 106.997499999965214
25.56494047120865 107.002999991374693
25.936791093020236 107.008500014538626
26.3140504066728 107.013999990597526
26.69679708340074 107.018500014000523
27.08511093873791 107.022999989107376
27.47907294916184 107.026999999614262
27.878765268980047 107.031000002662893
28.284271247461966 107.035000002414733
28.695675446220072 107.039000004291779
29.11306365684382 107.042499997542421
29.536522918790062 107.044999994911848
29.966141537533712 107.043999996286857
30.402009102982383 107.040500008202400
30.844216508158908 107.036000005541183
31.29285596815558 107.030500000353612
31.74802103936409 107.025999990964436
32.20980663898519 107.021500014683383
32.67830906482211 107.018500005966700
33.153626015361866 107.015499993660484
33.63585661014871 107.012500002416573
34.125101410453844 107.009000012949144
34.62146244024586 107.005000015655327
35.12504320746613 106.999999985768397
35.635948725613716 106.993499991570218
36.15428553564419 106.986999991821918
36.68016172818701 106.978999987671784
37.21368696608603 106.970500015447300
37.754972507267915 106.960500024730393
38.30413122794313 106.948999994662103
38.86127764614443 106.936500029054770
39.4265279456077 106.923500024162337
40.000000000000206 106.910499999999999
40.58181339750116 106.899500011350085
41.1720894657399 106.888999992194755
41.77095129709678 106.879499978574046
42.37852377437204 106.869000022110043
42.9949335968281 106.858500007168828
43.62030930661056 106.844999973131422
44.25478131555359 106.830999969233048
44.89848193237519 106.815000028094261
45.55154539026795 106.798499959987566
46.21410787489121 106.778500003951066
46.88630755277036 106.756499981290148
47.56828460010916 106.733499946616604
48.260181232021196 106.710999993365391
48.962141732186545 106.690500037791566
49.674312482939705 106.672000013021517
50.39684199579528 106.653500024927027
51.129880942417586 106.632500061529896
51.873582186040764 106.610999962137555
52.628100813345895 106.587500005669327
53.393594166801776 106.563499962304121
54.17022187747612 106.538000037444647
54.95814589832399 106.511999968420582
55.75753053796041 106.483999982025466
56.56854249492426 106.456499982493170
57.39135089244048 106.427499967811528
58.226127313687975 106.397500024575749
59.073045837580466 106.367000078866198
59.932283075067765 106.335999923551938
60.804018205965114 106.303500067669560
61.68843301631817 106.271500071515277
62.58571193631152 106.240000002192460
63.49604207872855 106.208499929974295
64.41961327797075 106.177000128496488
65.35661812964459 106.144000103777202
66.3072520307241 106.108999960314847
67.27171322029778 106.071499990735816
68.25020282090806 106.030000135965707
69.2429248804921 105.986500137766981
70.25008641493265 105.941499888519104
71.27189745122783 105.894999935371715
72.30857107128878 105.848999996870788
73.36032345637442 105.803999898344372
74.42737393217246 105.760000084960055
75.50994501453623 105.712500176073974
76.60826245588666 105.659999930501968
77.72255529228926 105.608000077878927
78.85305589121582 105.562500079921705
80.00000000000082 105.520999999999972
81.16362679500274 105.474500050559385
82.34417893148023 105.419999907747766
83.541902594194 105.363499924949238
84.75704754874454 105.307000112560004
85.98986719365665 105.252500035192313
87.24061861322157 105.199999890459040
88.50956263110764 105.145999881034456
89.79696386475084 105.087000145593720
91.10309078053635 105.021999863115326
92.42821574978288 104.956999963617818
93.77261510554118 104.892499947124236
95.13656920021877 104.828499853775909
96.52036246404286 104.767500022769013
97.92428346437356 104.714500093579090
99.34862496587989 104.665500001169562
100.79368399159105 104.614000073396227
102.25976188483567 104.560000153824745
103.74716437208203 104.504499908499099
105.25620162669229 104.444500056220591
106.78718833360406 104.377499892943717
108.34044375495276 104.304500108013343
109.9162917966485 104.229999916539981
111.51506107592134 104.155999949404929
113.13708498984903 104.079000000486388
114.78270178488147 103.995499905580445
116.45225462737648 103.907000019792221
118.14609167516147 103.822000164289435
119.86456615013608 103.741499854931220
121.60803641193078 103.659500172249764
123.3768660326369 103.570500150439031
125.17142387262359 103.482500054458399
126.99208415745765 103.398499864470892
128.83922655594208 103.321000264183368
130.71323625928977 103.252000204502110
132.61450406144883 103.191499934573045
134.5434264405962 103.130000017915862
136.50040564181674 103.070000190999622
138.48584976098482 103.013500147236158
140.50017282986593 102.949999826848611
142.5437949024563 102.873999923564924
144.61714214257822 102.790499994013643
146.7206469127495 102.699499773585146
148.8547478643456 102.598000202745567
151.01989002907314 102.481500381753790
153.216524911774 102.353499826910380
155.4451105845792 102.219000209203941
157.70611178243232 102.076000265785837
160.00000000000236 101.945999999999884
162.3272535900062 101.830000070026941
164.6883578629612 101.700499779889356
167.08380518838874 101.567999794173019
169.51409509748981 101.453000177600941
171.97973438731407 101.345500070384603
174.4812372264439 101.235999789185115
177.01912526221608 101.139999812049695
179.5939277295025 101.070000128493689
182.20618156107355 101.034499996545534
184.85643149956664 101.046500027426589
187.54523021108326 101.106000101598696
190.27313840043846 101.196500222817690
193.04072492808663 101.291499963723965
195.84856692874806 101.368499874028245
198.69724993176072 101.413999999116868
201.58736798318304 101.423499998615171
204.5195237696723 101.402000068795957
207.49432874416505 101.357499900611145
210.5124032533856 101.288000043824510
213.57437666720915 101.195999811416982
216.68088750990657 101.089500193701539
219.83258359329807 100.972499900696178
223.03012215184378 100.848499954387080
226.2741699796992 100.719000000816834
229.5654035697641 100.588999825563604
232.90450925475412 100.463000027798017
236.2921833503241 100.338000283493500
239.72913230027333 100.212499762449951
243.21607282386276 100.080000274779508
246.75373206527502 99.944000227330037
250.34284774524843 99.808000085130260
253.9841683149166 99.669999723775689
257.67845311188546 99.531500516921483
261.42647251858085 99.394500384527163
265.22900812289896 99.260499860565460
269.08685288119375 99.132500003866340
273.0008112836349 99.009500394948333
276.97169952197106 98.889500315505870
281.00034565973334 98.771999731971221
285.0875898049141 98.662499886032379
289.23428428515797 98.568499973633607
293.44129382550057 98.484499817481876
297.7094957286928 98.406500130704728
302.0397800581479 98.333000254420227
306.4330498235497 98.257999896408506
310.89022116916016 98.177000126744019
315.41222356486645 98.086500150723339
320.00000000000654 97.996499999999884
324.6545071800142 97.909000053123862
329.3767157259242 97.808999846421429
334.16761037677935 97.697499820267197
339.02819019498156 97.577500195200983
343.95946877463007 97.450500110135778
348.9624744528898 97.318499692022897
354.03825052443415 97.181499692294963
359.187855459007 97.047500267185256
364.4123631221491 96.915999758187667
369.71286299913527 96.771499916600760
375.0904604221685 96.623499835788181
380.54627680087896 96.486499709000555
386.08144985617537 96.347500029238162
391.6971338574982 96.204000257342244
397.3944998635236 96.063500027825796
403.1747359663683 95.922500196646553
409.0390475393468 95.779500353807620
414.9886574883323 95.641499771553242
421.0248065067734 95.511000096422407
427.1487533344206 95.383499786320670
433.3617750198154 95.254000230680816
439.6651671865984 95.115499861160984
446.06024430368984 94.974499953674339
452.54833995940066 94.849000000754430
459.13080713953053 94.735499854407323
465.8090185095106 94.631500037901702
472.58436670065066 94.529000218700233
479.45826460054917 94.424499815037279
486.432145647728 94.325500183140832
493.50746413055253 94.233000166738094
500.6856954904994 94.147000040433369
507.9683366298358 94.071999857442790
515.3569062237735 93.991000318393645
522.8529450371643 93.897500267497122
530.4580162458005 93.798499887379791
538.1737057623901 93.690500003406029
546.0016225672724 93.575000378761786
553.9433990439449 93.453000320764346
562.0006913194694 93.328999678182299
570.1751796098309 93.198499858298888
578.4685685703187 93.061999975088185
586.8825876510039 92.931999720446882
595.4189914573883 92.811500203695630
604.0795601162986 92.693500402259062
612.8660996471021 92.582499878931230
621.780442338323 92.484500155687030
630.8244471297356 92.396000152116869
640.0000000000159 92.314999999999870
649.3090143600314 92.239000053303670
658.7534314518515 92.165499898553605
668.3352207535618 92.093499881272834
678.0563803899662 92.019500120000572
687.9189375492632 91.947500053444344
697.9249489057827 91.881499867893808
708.0765010488715 91.822499878139652
718.3757109180171 91.775000087702026
728.8247262443015 91.747999983602881
739.425725998274 91.744500008955640
750.1809208443404 91.767000051980745
761.0925536017613 91.818500165046686
772.1628997123541 91.892999977806880
783.3942677149998 91.903000046193782
794.7889997270506 91.687000030833303
806.34947193274 91.330500453227074
818.0780950786972 91.165000223691749
829.9773149766683 91.226000157769874
842.0496130135506 91.315999936954611
854.2975066688449 91.388500113758923
866.7235500396347 91.450999894344690
879.3303343732008 91.503500047574221
892.1204886073838 91.553500022985844
905.0966799188055 91.607499999657080
918.2616142790653 91.665500079200854
931.6180370190256 91.727999976218541
945.1687334013056 91.799499846489283
958.9165292011028 91.878000150508910
972.8642912954606 91.964499821876103
987.0149282611097 92.064499815138248
1001.3713909810035 92.177999934883303
1015.9366732596762 92.305500261046376
1030.7138124475518 92.449999455599851
1045.7058900743334 92.608499540684960
1060.916032491606 92.777000182337531
1076.3474115247852 92.946999994783610
1092.0032451345498 93.110999472323300
1107.8867980878947 93.266999585440175
1124.0013826389438 93.415500335798754
1140.350359219667 93.548000120862753
1156.9371371406426 93.658000017981493
1173.765175302013 93.750000175622631
1190.837982914782 93.823999877092263
1208.1591202326028 93.881999814342009
1225.73219929421 93.927000043153242
1243.5608846766518 93.960499950929375
1261.648894259477 93.980999970276017
1280.0000000000375 93.988500000000002
1298.6180287200684 93.986000003553571
1317.5068629037087 93.978499991546130
1336.6704415071292 93.975000008132000
1356.112760779938 93.984499976882404
1375.8378750985323 94.013999971082967
1395.8498978115715 94.072000175419703
1416.153002097749 94.160000246064214
1436.7514218360407 94.269499761973265
1457.6494524886093 94.391000216806560
1478.8514519965543 94.506500058211628
1500.3618416886875 94.606000107505650
1522.1851072035295 94.697500205392998
1544.3257994247153 94.793499971001012
1566.788535430007 94.901499808381388
1589.5779994541087 95.027999979380581
1612.6989438654878 95.175499796055618
1636.156190157402 95.339499572952178
1659.9546299533442 95.518000308896859
1684.099226027109 95.706499866215594
1708.5950133376978 95.902500343660549
1733.4471000792773 96.106999633728321
1758.6606687464096 96.324000207762168
1784.2409772147755 96.547000088090272
1810.193359837619 96.769500007024106
1836.5232285581387 96.986500279212635
1863.2360740380593 97.190499926054599
1890.3374668026197 97.373499625686208
1917.833058402214 97.538500282884243
1945.7285825909298 97.691499703126865
1974.0298565222283 97.836499745865638
2002.7427819620161 97.973999924865382
2031.8733465193618 98.102500230012851
2061.4276248951132 98.224999547559378
2091.411780148677 98.346499658821386
2121.832064983222 98.467000131506040
2152.694823049581 98.586999996287204
2184.0064902691106 98.712999582390907
2215.7735961758003 98.848999623127469
2248.002765277899 98.995000367431985
2280.7007184393456 99.146000158371947
2313.874274281297 99.297000028096136
2347.530350604038 99.445500333020874
2381.6759658295764 99.591499747910035
2416.318240465218 99.732999522691244
2451.4643985884327 99.866500158263335
2487.1217693533167 99.994999797385887
2523.2977885189675 100.119999781441379
2560.0000000000887 100.239500000000277
2597.236057440151 100.352499920399936
2635.0137258074315 100.463000150760706
2673.340883014273 100.568000156134417
2712.225521559891 100.660999851386947
2751.6757501970797 100.736999944762459
2791.699795623158 100.796500109519570
2832.3060041955137 100.844000093738757
2873.502843672097 100.880999929009590
2915.2989049772345 100.907500038259997
2957.7029039931244 100.926500008045991
3000.723683377391 100.940500012742262
3044.370214407075 100.950000015453867
3088.6515988494466 100.956499998359561
3133.57707086003 100.957999998289125
3179.1559989082334 100.954000000775167
3225.3978877309914 100.945000013201906
3272.3123803148205 100.929000043213165
3319.9092599067053 100.907999958481611
3368.198452054235 100.883500016810586
3417.190026675413 100.858999955021403
3466.8942001585724 100.833500043521866
3517.3213374928373 100.810999982876851
3568.4819544295697 100.794499996049751
3620.386719675257 100.787500000025744
3673.0464571162966 100.795000027660379
3726.472148076138 100.819999989224044
3780.6749336052594 100.863499898179100
3835.6661168044484 100.928500146882229
3891.45716518188 101.014999819560913
3948.059713044477 101.123999795626261
4005.4855639240527 101.259999920413023
4063.746693038744 101.422500345019358
4122.855249790247 101.611999275733808
4182.823560297375 101.830999362757410
4243.664129966465 102.076000291744577
4305.389646099183 102.345499991561908
4368.012980538242 102.641499019104288
4431.5471923516225 102.961499130214420
4496.00553055582 103.298500839894331
4561.401436878714 103.641000357282195
4627.748548562617 103.972500061878662
4695.060701208099 104.266000580164871
4763.351931659176 104.505999609963652
4832.63648093046 104.662499551491493
4902.928797176889 104.695999905403568
4974.243538706657 104.578000250101752
5046.595577037959 104.305000537756058
5120.000000000202 103.889499999998606
5194.472114880326 103.350500402264487
5270.027451614888 102.717999050348254
5346.6817660285715 102.035998872166616
5424.451043119808 101.333501165786600
5503.351500394186 100.627000548485185
5583.399591246343 99.936998539008599
5664.612008391055 99.277998514240409
5747.005687344222 98.654001274578007
5830.597809954497 98.073498999774387
5915.405807986278 97.534499726972811
6001.447366754812 97.035999461349874
6088.740428814181 96.581999063936408
6177.303197698925 96.164000117278505
6267.154141720092 95.753000711173229
6358.3119978165005 95.363500056896896
6450.795775462017 95.160000180866206
6544.624760629676 95.185499829689306
6639.818519813445 95.287500113636725
6736.396904108505 95.330999986495598
6834.380053350861 95.287499900248662
6933.788400317181 95.241500059189718
7034.642674985712 95.269500078956781
7136.963908859177 95.369000059085067
7240.773439350552 95.529000002573966
7346.092914232631 95.741500327658770
7452.944296152315 95.998499900787024
7561.349867210557 96.286499374225826
7671.332233608935 96.593500566752624
7782.914330363799 96.901999397111524
7896.119426088994 97.185499512431761
8010.971127848146 97.413999884398081
8127.49338607753 97.562000137630690
8245.710499580537 97.607999929790523
8365.647120594791 97.540500271484618
8487.328259932974 97.364999732340834
8610.77929219841 97.101500010967627
8736.025961076528 96.777501081823459
8863.094384703289 96.426500947488861
8992.011061111683 96.087999236014383
9122.802873757471 95.789999734680890
9255.497097125279 95.559499967847302
9390.121402416245 95.431499934278179
9526.7038633184 95.439499921644497
9665.272961860968 95.598499318677966
9805.857594353829 95.915000522706094
9948.487077413367 96.374499224124904
10093.19115407597 96.884999127447585
10240.000000000457 97.255000000000351
10388.944229760706 97.243000097367855
10540.05490322983 96.665998527616722
10693.363532057198 95.475997429141898
10848.902086239672 93.790002947490933
11006.703000788428 91.834001562339722
11166.799182492743 89.828995730925470
11329.224016782166 87.915495799729285
11494.0113746885 86.163003555895727
11661.195619909053 84.581997334553080
11830.811615972614 83.156999288049775
12002.894733509682 81.879998637960611
12177.48085762842 80.742997705483390
12354.606395397908 79.731500273729253
12534.308283440243 78.842501477449190
12716.62399563306 78.073000110679487
12901.591550924093 77.419000829811694
13089.249521259411 76.878501298936584
13279.637039626952 76.459999455240037
13472.793808217073 76.163000188395046
13668.760106701786 75.987499857252374
13867.576800634426 75.937500029594858
14069.285349971487 76.023500188354802
14273.927817718419 76.263000152164423
14481.54687870117 76.693000010739581
14692.18582846533 77.369501181740787
14905.888592304698 78.339999610951708
15122.699734421185 79.592497216575808
15342.664467217943 80.960002268833222
15565.828660727671 82.096497974610315
15792.238852178061 82.589499501716048
16021.942255696367 82.102500398698425
16254.986772155136 80.946497581092942
16491.42099916115 79.683004591629810
16731.294241189662 78.386503795128249
16974.65651986603 77.018998671576441
17221.558584396902 75.907000039258321
17472.051922153143 75.241501756751944
17726.188769406665 75.061000176892108
17984.022122223458 75.164000009794691
18245.605747515034 75.039999377519251
18510.99419425065 74.245499712584973
18780.242804832582 72.576994873697885
19053.40772663689 70.164504453431348
19330.545923722028 67.509008495610715
19611.71518870775 67.309502454657633
19896.974154826825 69.497496268752627
20186.382308152035 71.533496794281206
