20 99.994000000000000
20.290906698750476 100.012499980395319
20.586044732869844 100.030500044215074
20.885475648548283 100.048000032139015
21.189261887185914 100.062999994449612
21.49746679841394 100.076999991527742
21.810154653305165 100.089500024801680
22.12739065777668 100.101000024613555
22.449240966187475 100.112499964794296
22.77577269513385 100.123000018953263
23.107053937445478 100.131499998494832
23.44315377638505 100.140000018280787
23.784142300054445 100.147000006093393
24.130090616010463 100.153499993364235
24.481070866093134 100.157999998099243
24.837156241469714 100.159999999999997
25.1984209978975 100.159500000005806
25.56494047120865 100.158000002875099
25.936791093020236 100.155999994184555
26.3140504066728 100.154500001567072
26.69679708340074 100.156000008400326
27.08511093873791 100.160499983661069
27.47907294916184 100.169499998842781
27.878765268980047 100.180500009320127
28.284271247461966 100.193500008451565
28.695675446220072 100.207000012875383
29.11306365684382 100.217999991808085
29.536522918790062 100.226499979647429
29.966141537533712 100.231000002475426
30.402009102982383 100.233499993848199
30.844216508158908 100.235999996675304
31.29285596815558 100.237499999858557
31.74802103936409 100.239499999999992
32.20980663898519 100.239999997063336
32.67830906482211 100.239500001988901
33.153626015361866 100.237999995773663
33.63585661014871 100.236000001611046
34.125101410453844 100.234500006474576
34.62146244024586 100.232500006262143
35.12504320746613 100.231499995256129
35.635948725613716 100.229999998595034
36.15428553564419 100.229499998977730
36.68016172818701 100.228999998630201
37.21368696608603 100.228499999999997
37.754972507267915 100.228000000000009
38.30413122794313 100.228000000821226
38.86127764614443 100.228999999999999
39.4265279456077 100.229999998141352
40.000000000000206 100.230500000000006
40.58181339750116 100.226000006190958
41.1720894657399 100.215499988292152
41.77095129709678 100.200499967861077
42.37852377437204 100.186000028140057
42.9949335968281 100.175000006517109
43.62030930661056 100.168999995866372
44.25478131555359 100.166999993846616
44.89848193237519 100.164000004957813
45.55154539026795 100.157499976834913
46.21410787489121 100.144500002822184
46.88630755277036 100.127999985357505
47.56828460010916 100.110499958221695
48.260181232021196 100.093999994692297
48.962141732186545 100.079000025194375
49.674312482939705 100.066000009404434
50.39684199579528 100.053500018002865
51.129880942417586 100.040500033561756
51.873582186040764 100.027499979491182
52.628100813345895 100.014500003204404
53.393594166801776 100.000999980398149
54.17022187747612 99.987000021602682
54.95814589832399 99.971499983082452
55.75753053796041 99.955499988682703
56.56854249492426 99.936999986115268
57.39135089244048 99.912999969957411
58.226127313687975 99.885000022937362
59.073045837580466 99.859500061057702
59.932283075067765 99.837499954608973
60.804018205965114 99.819000036910666
61.68843301631817 99.798500049166762
62.58571193631152 99.773000001838824
63.49604207872855 99.745999934492090
64.41961327797075 99.717500112434422
65.35661812964459 99.687000094620402
66.3072520307241 99.655499965677720
67.27171322029778 99.623999992995380
68.25020282090806 99.594000093881078
69.2429248804921 99.566000087669892
70.25008641493265 99.540999947817454
71.27189745122783 99.519499969090830
72.30857107128878 99.497499998299332
73.36032345637442 99.470999930689345
74.42737393217246 99.440000061789135
75.50994501453623 99.407000121050856
76.60826245588666 99.371999952793786
77.72255529228926 99.336500053446315
78.85305589121582 99.300500066911184
80.00000000000082 99.263499999999965
81.16362679500274 99.221500045400262
82.34417893148023 99.174999920695456
83.541902594194 99.126999938116029
84.75704754874454 99.080500092459999
85.98986719365665 99.036000028675218
87.24061861322157 98.993999917327585
88.50956263110764 98.952499907699149
89.79696386475084 98.906000116474971
91.10309078053635 98.855499892598175
92.42821574978288 98.803999970894267
93.77261510554118 98.751499956885908
95.13656920021877 98.697999876986074
96.52036246404286 98.645000020453523
97.92428346437356 98.591000097178295
99.34862496587989 98.534000001384385
100.79368399159105 98.469000092783915
102.25976188483567 98.402000187386506
103.74716437208203 98.336999895878279
105.25620162669229 98.269000063474863
106.78718833360406 98.193499880881035
108.34044375495276 98.114000115214239
109.9162917966485 98.033999909772945
111.51506107592134 97.955499950070660
113.13708498984903 97.882000000448954
114.78270178488147 97.812499924893530
116.45225462737648 97.740000016678835
118.14609167516147 97.665000148642804
119.86456615013608 97.590999865811369
121.60803641193078 97.514000164047388
123.3768660326369 97.429000143752859
125.17142387262359 97.340500055710322
126.99208415745765 97.244999826728616
128.83922655594208 97.144500347609693
130.71323625928977 97.047500293017961
132.61450406144883 96.943999873436383
134.5434264405962 96.823000035831740
136.50040564181674 96.706500359338264
138.48584976098482 96.613500234000327
140.50017282986593 96.516499739086953
142.5437949024563 96.402999901463204
144.61714214257822 96.300999994149706
146.7206469127495 96.217499817481894
148.8547478643456 96.136500160265541
151.01989002907314 96.041500320801504
153.216524911774 95.940999889852066
155.4451105845792 95.869500090095130
157.70611178243232 95.832000061335194
160.00000000000236 95.795499999999961
162.3272535900062 95.761000018714100
164.6883578629612 95.751000035606125
167.08380518838874 95.787500127993241
169.51409509748981 95.869499855999237
171.97973438731407 95.977499926356842
174.4812372264439 96.122000361692187
177.01912526221608 96.301000434482518
179.5939277295025 96.471499667548045
182.20618156107355 96.605500169268595
184.85643149956664 96.693000035822465
187.54523021108326 96.754500072064189
190.27313840043846 96.816000118371903
193.04072492808663 96.856999988036648
195.84856692874806 96.842500052188299
198.69724993176072 96.785000001527578
201.58736798318304 96.708500110786815
204.5195237696723 96.618000228500861
207.49432874416505 96.519999842239898
210.5124032533856 96.418500059393750
213.57437666720915 96.315499824233299
216.68088750990657 96.220500165526772
219.83258359329807 96.123999918603417
223.03012215184378 96.025499965790317
226.2741699796992 95.931500000573664
229.5654035697641 95.842499883251236
232.90450925475412 95.759500018013114
236.2921833503241 95.685000159746338
239.72913230027333 95.625499912958759
243.21607282386276 95.578000096377878
246.75373206527502 95.532500076891054
250.34284774524843 95.484500030045979
253.9841683149166 95.439499906600417
257.67845311188546 95.392000179798771
261.42647251858085 95.341000144894295
265.22900812289896 95.288999945298769
269.08685288119375 95.237500001595635
273.0008112836349 95.183000181287753
276.97169952197106 95.124500155123727
281.00034565973334 95.063999860055773
285.0875898049141 95.004999930223903
289.23428428515797 94.945999981604842
293.44129382550057 94.887499870620076
297.7094957286928 94.831000096755446
302.0397800581479 94.773500199410449
306.4330498235497 94.715499930501920
310.89022116916016 94.668500062608487
315.41222356486645 94.660999993446808
320.00000000000654 94.686000000000035
324.6545071800142 94.695500000603673
329.3767157259242 94.666999940822933
334.16761037677935 94.626999949735747
339.02819019498156 94.597000043200211
343.95946877463007 94.579500011952717
348.9624744528898 94.573499990941855
354.03825052443415 94.569499986523866
359.187855459007 94.561500020395826
364.4123631221491 94.546999962000911
369.71286299913527 94.523999985447119
375.0904604221685 94.496999963377220
380.54627680087896 94.466999946507457
386.08144985617537 94.445500003706243
391.6971338574982 94.437500008997986
397.3944998635236 94.440999998807456
403.1747359663683 94.445999993075830
409.0390475393468 94.448499995086010
414.9886574883323 94.444999987792926
421.0248065067734 94.436500007417123
427.1487533344206 94.426499984975663
433.3617750198154 94.418000014087369
439.6651671865984 94.408999988349166
446.06024430368984 94.396999995011072
452.54833995940066 94.382500000093529
459.13080713953053 94.365999972529693
465.8090185095106 94.345000008174878
472.58436670065066 94.319500056777940
479.45826460054917 94.288999945599201
486.432145647728 94.259500055323798
493.50746413055253 94.227500059808222
500.6856954904994 94.193000017050224
507.9683366298358 94.161999948161025
515.3569062237735 94.134500101136794
522.8529450371643 94.110000066874278
530.4580162458005 94.094999993564571
538.1737057623901 94.092499999969320
546.0016225672724 94.105999944966243
553.9433990439449 94.133999918494311
562.0006913194694 94.172500117251403
570.1751796098309 94.222500063557135
578.4685685703187 94.286000012736878
586.8825876510039 94.353500157104236
595.4189914573883 94.422999879480102
604.0795601162986 94.497499742141628
612.8660996471021 94.570000080312951
621.780442338323 94.635999893477305
630.8244471297356 94.699999888097949
640.0000000000159 94.759500000000088
649.3090143600314 94.813999962332076
658.7534314518515 94.866500074675827
668.3352207535618 94.919500087825568
678.0563803899662 94.972999915199594
687.9189375492632 95.024999962363140
697.9249489057827 95.070000086627005
708.0765010488715 95.108000082021391
718.3757109180171 95.141499934733389
728.8247262443015 95.175500063766634
739.425725998274 95.211000020150166
750.1809208443404 95.248000047255232
761.0925536017613 95.289000091444791
772.1628997123541 95.331499986980035
783.3942677149998 95.376999921299486
794.7889997270506 95.423999994768366
806.34947193274 95.468499942859623
818.0780950786972 95.512499890696091
829.9773149766683 95.552500059786482
842.0496130135506 95.587999974040144
854.2975066688449 95.623500059504664
866.7235500396347 95.657999938367738
879.3303343732008 95.693500036894307
892.1204886073838 95.733000019082581
905.0966799188055 95.777999999713202
918.2616142790653 95.828500072708977
931.6180370190256 95.886999977333303
945.1687334013056 95.951499861209484
958.9165292011028 96.019000126935225
972.8642912954606 96.092499847605097
987.0149282611097 96.177999842323800
1001.3713909810035 96.265999951023332
1015.9366732596762 96.360000185139270
1030.7138124475518 96.461999617448555
1045.7058900743334 96.569499689035155
1060.916032491606 96.687000135144288
1076.3474115247852 96.815499995980304
1092.0032451345498 96.954499543543477
1107.8867980878947 97.106499580056280
1124.0013826389438 97.279500452598313
1140.350359219667 97.468500200048709
1156.9371371406426 97.663000038959893
1173.765175302013 97.878000524616326
1190.837982914782 98.115999573334591
1208.1591202326028 98.369499116405507
1225.73219929421 98.636500333238899
1243.5608846766518 98.917499550449833
1261.648894259477 99.210999482453076
1280.0000000000375 99.516500000000633
1298.6180287200684 99.825499780388952
1317.5068629037087 100.135500436783246
1336.6704415071292 100.447000518821568
1356.112760779938 100.767499468295426
1375.8378750985323 101.085999746172689
1395.8498978115715 101.399500662696695
1416.153002097749 101.703000698353662
1436.7514218360407 101.999999381965679
1457.6494524886093 102.290500513776905
1478.8514519965543 102.566000143849863
1500.3618416886875 102.817500283531373
1522.1851072035295 103.055500500372290
1544.3257994247153 103.280499934604336
1566.788535430007 103.486499656113025
1589.5779994541087 103.671499971938999
1612.6989438654878 103.839499781296482
1636.156190157402 103.989499628875109
1659.9546299533442 104.123500205931236
1684.099226027109 104.243499918748739
1708.5950133376978 104.347000160716874
1733.4471000792773 104.437999845038902
1758.6606687464096 104.519000068943512
1784.2409772147755 104.590000024886479
1810.193359837619 104.651500001756034
1836.5232285581387 104.704500065461332
1863.2360740380593 104.752499982535511
1890.3374668026197 104.796499909575886
1917.833058402214 104.837500070721063
1945.7285825909298 104.876499922812997
1974.0298565222283 104.915499930690629
2002.7427819620161 104.956499977181338
2031.8733465193618 104.998000082955457
2061.4276248951132 105.042499834472949
2091.411780148677 105.090499861836761
2121.832064983222 105.144000062990273
2152.694823049581 105.201499998220299
2184.0064902691106 105.265999786339535
2215.7735961758003 105.336999803487913
2248.002765277899 105.413000194665955
2280.7007184393456 105.495000090647110
2313.874274281297 105.584000017419612
2347.530350604038 105.677500221253581
2381.6759658295764 105.775499829062284
2416.318240465218 105.879499642018430
2451.4643985884327 105.985000130045833
2487.1217693533167 106.090499833793103
2523.2977885189675 106.195499816410774
2560.0000000000887 106.296000000000234
2597.236057440151 106.390499934614212
2635.0137258074315 106.475500105673390
2673.340883014273 106.547000099210408
2712.225521559891 106.603499914134687
2751.6757501970797 106.640999973548219
2791.699795623158 106.660500015332758
2832.3060041955137 106.663999983595716
2873.502843672097 106.653500029231353
2915.2989049772345 106.632999952630485
2957.7029039931244 106.605499983908032
3000.723683377391 106.574999961773230
3044.370214407075 106.541999927146009
3088.6515988494466 106.509500008749001
3133.57707086003 106.477000053037273
3179.1559989082334 106.446500004650986
3225.3978877309914 106.418000035645179
3272.3123803148205 106.391000066090726
3319.9092599067053 106.366499963463809
3368.198452054235 106.344000016110158
3417.190026675413 106.323499967131028
3466.8942001585724 106.305000031335737
3517.3213374928373 106.288499986681984
3568.4819544295697 106.275999996049762
3620.386719675257 106.267999999974251
3673.0464571162966 106.267500006585806
3726.472148076138 106.273999997027317
3780.6749336052594 106.289499961817171
3835.6661168044484 106.313000058027541
3891.45716518188 106.346499931354685
3948.059713044477 106.390999916473334
4005.4855639240527 106.445499967719968
4063.746693038744 106.511000139516028
4122.855249790247 106.588499700685901
4182.823560297375 106.679499734952188
4243.664129966465 106.781500121560242
4305.389646099183 106.893999996471337
4368.012980538242 107.013999605051879
4431.5471923516225 107.137999668143351
4496.00553055582 107.261000288943251
4561.401436878714 107.375500108875940
4627.748548562617 107.473500016177439
4695.060701208099 107.545000104248373
4763.351931659176 107.580499956469154
4832.63648093046 107.568000085593226
4902.928797176889 107.499999862956443
4974.243538706657 107.370000232689591
5046.595577037959 107.176000364286352
5120.000000000202 106.921999999999201
5194.472114880326 106.614000227428676
5270.027451614888 106.261499471632931
5346.6817660285715 105.881499367509747
5424.451043119808 105.487000655548570
5503.351500394186 105.089500308863293
5583.399591246343 104.705499198316559
5664.612008391055 104.346499210250812
5747.005687344222 104.018000664275192
5830.597809954497 103.728999528126721
5915.405807986278 103.478499880919372
6001.447366754812 103.264999785698336
6088.740428814181 103.088999673260815
6177.303197698925 102.948000038143988
6267.154141720092 102.835000182528717
6358.3119978165005 102.747000012712647
6450.795775462017 102.683500076571093
6544.624760629676 102.645000083884383
6639.818519813445 102.629500000000007
6736.396904108505 102.632999995024704
6834.380053350861 102.644500010319106
6933.788400317181 102.643000015667866
7034.642674985712 102.593999899163634
7136.963908859177 102.464999918252147
7240.773439350552 102.235499995855918
7346.092914232631 101.877499377846306
7452.944296152315 101.385000191737433
7561.349867210557 100.880001020330084
7671.332233608935 100.558999704778387
7782.914330363799 100.422000220665069
7896.119426088994 100.306500235747279
8010.971127848146 100.104000126011584
8127.49338607753 99.795999279795524
8245.710499580537 99.394001559389295
8365.647120594791 98.929001348939181
8487.328259932974 98.434499451518107
8610.77929219841 97.936500019222407
8736.025961076528 97.451501550075420
8863.094384703289 96.995501202478792
8992.011061111683 96.572499030325929
9122.802873757471 96.184499618405567
9255.497097125279 95.833499935290178
9390.121402416245 95.524499376775921
9526.7038633184 95.261500437049563
9665.272961860968 95.045500698440662
9805.857594353829 94.880999848403093
9948.487077413367 94.770500152631172
10093.19115407597 94.717000067653174
10240.000000000457 94.721000000000146
10388.944229760706 94.790499937457142
10540.05490322983 94.940500307157464
10693.363532057198 95.182000503803948
10848.902086239672 95.516499408850564
11006.703000788428 95.955499634512890
11166.799182492743 96.512001428135761
11329.224016782166 97.198001848867079
11494.0113746885 98.023498209560699
11661.195619909053 98.999501998629711
11830.811615972614 100.136000681585244
12002.894733509682 101.430501628626587
12177.48085762842 102.859003292036803
12354.606395397908 104.360499579221496
12534.308283440243 105.795497599575555
12716.62399563306 106.950999841758247
12901.591550924093 107.631499277560124
13089.249521259411 107.767499979664393
13279.637039626952 107.459499122053515
13472.793808217073 106.889000433238039
13668.760106701786 106.208998799544077
13867.576800634426 105.518501189016973
14069.285349971487 104.866999418763697
14273.927817718419 104.271499779037825
14481.54687870117 103.744499991782178
14692.18582846533 103.303499524131226
14905.888592304698 102.976000109617232
15122.699734421185 102.796000292100786
15342.664467217943 102.795500260596910
15565.828660727671 102.982499544878380
15792.238852178061 103.325499364196830
16021.942255696367 103.527999897840431
16254.986772155136 103.838000920051940
16491.42099916115 104.356997969938590
16731.294241189662 104.403000690023319
16974.65651986603 103.183997946483160
17221.558584396902 101.161500084213557
17472.051922153143 98.158010721353762
17726.188769406665 93.818512374406652
17984.022122223458 88.605486013184361
18245.605747515034 82.799993571912111
18510.99419425065 76.601998761614382
18780.242804832582 70.700992736605542
19053.40772663689 68.711501344891090
19330.545923722028 70.593491774579803
19611.71518870775 72.951002153889306
19896.974154826825 74.550997740945476
20186.382308152035 75.543998502957081
