20 103.949000000000012
20.290906698750476 103.968499979363500
20.586044732869844 103.984500031933109
20.885475648548283 103.996500023568615
21.189261887185914 104.006499996669774
21.49746679841394 104.015999994134603
21.810154653305165 104.024500014467662
22.12739065777668 104.031000014357900
22.449240966187475 104.037499980796895
22.77577269513385 104.042500008423673
23.107053937445478 104.045999999435566
23.44315377638505 104.049500006855283
23.784142300054445 104.052000001740964
24.130090616010463 104.053999997788083
24.481070866093134 104.055499999619855
24.837156241469714 104.056000000000012
25.1984209978975 104.055000000011603
25.56494047120865 104.054000001437544
25.936791093020236 104.050999988369099
26.3140504066728 104.046500007835391
26.69679708340074 104.038999974799026
27.08511093873791 104.029000029954688
27.47907294916184 104.018000001414379
27.878765268980047 104.005499992011323
28.284271247461966 103.992999992755799
28.695675446220072 103.979999986051666
29.11306365684382 103.967000010649485
29.536522918790062 103.953500033072913
29.966141537533712 103.938999982672016
30.402009102982383 103.924500030758963
30.844216508158908 103.909000016623523
31.29285596815558 103.892500001202308
31.74802103936409 103.874999959340016
32.20980663898519 103.856500055796872
32.67830906482211 103.836000041766951
33.153626015361866 103.813499949283880
33.63585661014871 103.789500019332593
34.125101410453844 103.764500080932152
34.62146244024586 103.739500078276706
35.12504320746613 103.714999945445527
35.635948725613716 103.692999970495748
36.15428553564419 103.672999980577046
36.68016172818701 103.654499972603958
37.21368696608603 103.635000036687302
37.754972507267915 103.612000065947711
38.30413122794313 103.582999986449948
38.86127764614443 103.547500092006786
39.4265279456077 103.509500072487000
40.000000000000206 103.469999999999985
40.58181339750116 103.431000039209323
41.1720894657399 103.392999971120645
41.77095129709678 103.355999922866587
42.37852377437204 103.319500074370140
42.9949335968281 103.283000023461597
43.62030930661056 103.244499919394272
44.25478131555359 103.205499920005934
44.89848193237519 103.165500067756739
45.55154539026795 103.124999915763283
46.21410787489121 103.084500007713984
46.88630755277036 103.042499965020710
47.56828460010916 102.999999900196258
48.260181232021196 102.956999985735564
48.962141732186545 102.914000077382724
49.674312482939705 102.868000034000659
50.39684199579528 102.817000072011410
51.129880942417586 102.760500159418399
51.873582186040764 102.702499910076710
52.628100813345895 102.648500012571134
53.393594166801776 102.600499932147443
54.17022187747612 102.556500061927665
54.95814589832399 102.511999946991693
55.75753053796041 102.463499966048104
56.56854249492426 102.410999966193700
57.39135089244048 102.353999936695999
58.226127313687975 102.294000049970663
59.073045837580466 102.230000167908685
59.932283075067765 102.159499827991866
60.804018205965114 102.088000145592076
61.68843301631817 102.022000143030553
62.58571193631152 101.964500003960552
63.49604207872855 101.910999868984192
64.41961327797075 101.851000248961938
65.35661812964459 101.784000210606678
66.3072520307241 101.711999922774851
67.27171322029778 101.639999984183106
68.25020282090806 101.569500229846795
69.2429248804921 101.500500212912613
70.25008641493265 101.430999836336539
71.27189745122783 101.361999901652638
72.30857107128878 101.291999995034075
73.36032345637442 101.218499822102643
74.42737393217246 101.140500152541932
75.50994501453623 101.060500297124833
76.60826245588666 100.974499881984485
77.72255529228926 100.883000142014509
78.85305589121582 100.792500161702037
80.00000000000082 100.718999999999937
81.16362679500274 100.654500067068568
82.34417893148023 100.576999847864727
83.541902594194 100.479499863065286
84.75704754874454 100.375500209040013
85.98986719365665 100.272000067126100
87.24061861322157 100.173999818120677
88.50956263110764 100.089499844114101
89.79696386475084 100.015000177139029
91.10309078053635 99.931499791514113
92.42821574978288 99.829499941228789
93.77261510554118 99.727999925160447
95.13656920021877 99.639499805034546
96.52036246404286 99.555000032802809
97.92428346437356 99.463500169162216
99.34862496587989 99.360000002553960
100.79368399159105 99.245000162025647
102.25976188483567 99.134000299259043
103.74716437208203 99.041999872214262
105.25620162669229 98.962000071635913
106.78718833360406 98.877999859771336
108.34044375495276 98.781500144017798
109.9162917966485 98.668999861275893
111.51506107592134 98.542499911458634
113.13708498984903 98.410000000823118
114.78270178488147 98.282999874464906
116.45225462737648 98.171000023795145
118.14609167516147 98.074000183847687
119.86456615013608 97.975499787836895
121.60803641193078 97.850500272728794
123.3768660326369 97.689000284162617
125.17142387262359 97.519500102657190
126.99208415745765 97.392999833590835
128.83922655594208 97.297500326753095
130.71323625928977 97.176000396795160
132.61450406144883 97.034999850912357
134.5434264405962 96.895500040455175
136.50040564181674 96.750000482354977
138.48584976098482 96.593000420674770
140.50017282986593 96.453499739086936
142.5437949024563 96.347999892254165
144.61714214257822 96.220999988843630
146.7206469127495 96.056999669619131
148.8547478643456 95.934000198883751
151.01989002907314 95.900500035288161
153.216524911774 95.931000056385258
155.4451105845792 95.971999940445585
157.70611178243232 96.025999886622827
160.00000000000236 96.097000000000037
162.3272535900062 96.109000002414717
164.6883578629612 96.095500038843056
167.08380518838874 96.137500105507954
169.51409509748981 96.188499934399658
171.97973438731407 96.203499996089732
174.4812372264439 96.184499892525750
177.01912526221608 96.126999843781562
179.5939277295025 96.068000110137461
182.20618156107355 96.026999925729086
184.85643149956664 95.976499958020554
187.54523021108326 95.894999898401323
190.27313840043846 95.812999858417925
193.04072492808663 95.754500021611250
195.84856692874806 95.687500136769330
198.69724993176072 95.593500002243630
201.58736798318304 95.506500116326151
204.5195237696723 95.415000235871872
207.49432874416505 95.322999862748702
210.5124032533856 95.237500048437624
213.57437666720915 95.153499857189558
216.68088750990657 95.083500109177237
219.83258359329807 95.039499972325160
223.03012215184378 95.008499987527713
226.2741699796992 94.968500000280585
229.5654035697641 94.924499969782673
232.90450925475412 94.908000002446229
236.2921833503241 94.890000065248501
239.72913230027333 94.828499867624785
243.21607282386276 94.762500120985010
246.75373206527502 94.725500048474785
250.34284774524843 94.701000015648944
253.9841683149166 94.673999966217167
257.67845311188546 94.661500029966462
261.42647251858085 94.666999974922135
265.22900812289896 94.666999978548532
269.08685288119375 94.647500000583022
273.0008112836349 94.649499961152614
276.97169952197106 94.671499936898826
281.00034565973334 94.692499983396445
285.0875898049141 94.678499962786077
289.23428428515797 94.643999992335353
293.44129382550057 94.635500030034621
297.7094957286928 94.644999989815233
302.0397800581479 94.640000027504897
306.4330498235497 94.633500013112851
310.89022116916016 94.638499999999993
315.41222356486645 94.619000034404252
320.00000000000654 94.601999999999975
324.6545071800142 94.598499999396324
329.3767157259242 94.574999954912712
334.16761037677935 94.543499957351543
339.02819019498156 94.518500035200191
343.95946877463007 94.512499997438695
348.9624744528898 94.527000006793614
354.03825052443415 94.520999923635244
359.187855459007 94.479000101979096
364.4123631221491 94.450999965455395
369.71286299913527 94.426999974252595
375.0904604221685 94.375999937386865
380.54627680087896 94.333999982882389
386.08144985617537 94.330999999588187
391.6971338574982 94.326000021595149
397.3944998635236 94.304500004968901
403.1747359663683 94.261000065087245
409.0390475393468 94.221500090908904
414.9886574883323 94.179999895367899
421.0248065067734 94.120500043760941
427.1487533344206 94.087999993322512
433.3617750198154 94.084500005282763
439.6651671865984 94.033999925240536
446.06024430368984 93.962499989309464
452.54833995940066 93.946500000012463
459.13080713953053 93.954999979397257
465.8090185095106 93.939000006316945
472.58436670065066 93.911000069395271
479.45826460054917 93.863499923838873
486.432145647728 93.830500045785215
493.50746413055253 93.835999980063917
500.6856954904994 93.842999996589953
507.9683366298358 93.836999959269377
515.3569062237735 93.819500048695502
522.8529450371643 93.833999927552867
530.4580162458005 93.882500064354403
538.1737057623901 93.943499998097536
546.0016225672724 94.004499812237754
553.9433990439449 94.046499902719006
562.0006913194694 94.073000057378351
570.1751796098309 94.095500031257600
578.4685685703187 94.130000007866897
586.8825876510039 94.172000076241744
595.4189914573883 94.203999947378634
604.0795601162986 94.235999889980434
612.8660996471021 94.268500040755839
621.780442338323 94.303499941002812
630.8244471297356 94.351999909079581
640.0000000000159 94.413500000000113
649.3090143600314 94.491999941010604
658.7534314518515 94.581000125399015
668.3352207535618 94.668000134991161
678.0563803899662 94.751999863999345
687.9189375492632 94.840499933006399
697.9249489057827 94.923500151597267
708.0765010488715 94.988500121860341
718.3757109180171 95.039999895981325
728.8247262443015 95.098500118423743
739.425725998274 95.163000037501689
750.1809208443404 95.232500090966312
761.0925536017613 95.312000187350293
772.1628997123541 95.397999973960069
783.3942677149998 95.504999810092244
794.7889997270506 95.620499987087854
806.34947193274 95.729499862343630
818.0780950786972 95.840999700049707
829.9773149766683 95.949000147805464
842.0496130135506 96.033499940663162
854.2975066688449 96.112000178513995
866.7235500396347 96.215499815103200
879.3303343732008 96.318000105828375
892.1204886073838 96.430500051609712
905.0966799188055 96.548499999270547
918.2616142790653 96.665000158401725
931.6180370190256 96.790499952065517
945.1687334013056 96.916499737139162
958.9165292011028 97.040000235736841
972.8642912954606 97.172499732814146
987.0149282611097 97.308499755330018
1001.3713909810035 97.443499924865350
1015.9366732596762 97.587500274006118
1030.7138124475518 97.735499455599864
1045.7058900743334 97.877499600595613
1060.916032491606 98.016000153378059
1076.3474115247852 98.159999995550720
1092.0032451345498 98.312499491746991
1107.8867980878947 98.479499539677079
1124.0013826389438 98.650500386898557
1140.350359219667 98.806500154204201
1156.9371371406426 98.954500028096078
1173.765175302013 99.106000353496839
1190.837982914782 99.263999720823875
1208.1591202326028 99.424499446464154
1225.73219929421 99.577000173811655
1243.5608846766518 99.720999773641978
1261.648894259477 99.854999769202053
1280.0000000000375 99.979500000000257
1298.6180287200684 100.105499909028424
1317.5068629037087 100.235500183167176
1336.6704415071292 100.365500206552781
1356.112760779938 100.489999798546719
1375.8378750985323 100.609499905216396
1395.8498978115715 100.724500236058617
1416.153002097749 100.830500229659918
1436.7514218360407 100.930499787028708
1457.6494524886093 101.033000189478003
1478.8514519965543 101.136000054853270
1500.3618416886875 101.233500120500835
1522.1851072035295 101.336000222873253
1544.3257994247153 101.436999970409204
1566.788535430007 101.536999828911945
1589.5779994541087 101.638499984031583
1612.6989438654878 101.744999855092146
1636.156190157402 101.861499694965829
1659.9546299533442 101.980500184341679
1684.099226027109 102.090499923651834
1708.5950133376978 102.205500210299732
1733.4471000792773 102.330999774602034
1758.6606687464096 102.461000122980295
1784.2409772147755 102.593000051353073
1810.193359837619 102.721500003990968
1836.5232285581387 102.846500168329158
1863.2360740380593 102.972499953180289
1890.3374668026197 103.098999735036301
1917.833058402214 103.226500233923502
1945.7285825909298 103.354999746668256
1974.0298565222283 103.483999767191605
2002.7427819620161 103.615999925978485
2031.8733465193618 103.751000241324959
2061.4276248951132 103.877999536524243
2091.411780148677 103.999999658821395
2121.832064983222 104.122000138136599
2152.694823049581 104.247999996103090
2184.0064902691106 104.370999601814589
2215.7735961758003 104.492499674274455
2248.002765277899 104.614000296865584
2280.7007184393456 104.735000120862793
2313.874274281297 104.846500018730751
2347.530350604038 104.943500205286824
2381.6759658295764 105.032499848055352
2416.318240465218 105.118499710205413
2451.4643985884327 105.197000088333027
2487.1217693533167 105.267999889195409
2523.2977885189675 105.340999868864841
2560.0000000000887 105.412500000000165
2597.236057440151 105.479499952382099
2635.0137258074315 105.549500107082366
2673.340883014273 105.627500134991209
2712.225521559891 105.712499856340713
2751.6757501970797 105.803499929202587
2791.699795623158 105.888000170850546
2832.3060041955137 105.964500180447118
2873.502843672097 106.041499839227583
2915.2989049772345 106.110500120245675
2957.7029039931244 106.174500034865929
3000.723683377391 106.238000069503215
3044.370214407075 106.292500092723259
3088.6515988494466 106.333999988790353
3133.57707086003 106.378499919588648
3179.1559989082334 106.421999993488612
3225.3978877309914 106.449999965675033
3272.3123803148205 106.474499938993176
3319.9092599067053 106.498500043179135
3368.198452054235 106.524499981788523
3417.190026675413 106.553500053628341
3466.8942001585724 106.584999944292008
3517.3213374928373 106.622000034246298
3568.4819544295697 106.658500016591006
3620.386719675257 106.706000000836511
3673.0464571162966 106.775000092201253
3726.472148076138 106.840999976961768
3780.6749336052594 106.884499923634309
3835.6661168044484 106.897999981866406
3891.45716518188 106.878000058838836
3948.059713044477 106.817000120847069
4005.4855639240527 106.729500050646266
4063.746693038744 106.634499815235529
4122.855249790247 106.536000365828329
4182.823560297375 106.445500245310200
4243.664129966465 106.376999944745336
4305.389646099183 106.330000001350101
4368.012980538242 106.288000135965746
4431.5471923516225 106.245000112403062
4496.00553055582 106.209499931437193
4561.401436878714 106.184499977801991
4627.748548562617 106.162999994944556
4695.060701208099 106.136999938810732
4763.351931659176 106.111500041789611
4832.63648093046 106.089500078745772
4902.928797176889 106.062499963616744
4974.243538706657 106.030500053819367
5046.595577037959 105.993500065918482
5120.000000000202 105.948499999999868
5194.472114880326 105.900500033403588
5270.027451614888 105.851499929551053
5346.6817660285715 105.798499903190276
5424.451043119808 105.736000107331620
5503.351500394186 105.678000044345609
5583.399591246343 105.620499866386098
5664.612008391055 105.558499845331028
5747.005687344222 105.492000139082620
5830.597809954497 105.425999883398106
5915.405807986278 105.363499965134054
6001.447366754812 105.297499918912877
6088.740428814181 105.226499834422725
6177.303197698925 105.149500022487871
6267.154141720092 105.056000168752973
6358.3119978165005 104.943500018293832
6450.795775462017 104.802500198028696
6544.624760629676 104.621000488054506
6639.818519813445 104.394999555479913
6736.396904108505 104.113000211805968
6834.380053350861 103.763499300020811
6933.788400317181 103.340000765984726
7034.642674985712 102.848499489159110
7136.963908859177 102.297499760826838
7240.773439350552 101.696499991943497
7346.092914232631 101.067499165597710
7452.944296152315 100.447000227409518
7561.349867210557 99.903501086089392
7671.332233608935 99.536499668331260
7782.914330363799 99.425500078808952
7896.119426088994 99.569999644593111
8010.971127848146 99.859499831801941
8127.49338607753 100.147000467567310
8245.710499580537 100.386499146400638
8365.647120594791 100.603499394815543
8487.328259932974 100.793500164544554
8610.77929219841 100.928499995349412
8736.025961076528 101.022999712590178
8863.094384703289 101.112499755746484
8992.011061111683 101.208000247315852
9122.802873757471 101.311000114161203
9255.497097125279 101.421500023457298
9390.121402416245 101.540000278751137
9526.7038633184 101.661999789310769
9665.272961860968 101.768999654203384
9805.857594353829 101.842500042447142
9948.487077413367 101.859500001589907
10093.19115407597 101.794000154387987
10240.000000000457 101.626499999999254
10388.944229760706 101.355000210371429
10540.05490322983 101.002499434999322
10693.363532057198 100.587499256443692
10848.902086239672 100.120000785997576
11006.703000788428 99.639000374898785
11166.799182492743 99.199999163270149
11329.224016782166 98.841499324497363
11494.0113746885 98.577500497575571
11661.195619909053 98.413999843316162
11830.811615972614 98.352500007591246
12002.894733509682 98.391000130383247
12177.48085762842 98.528500466830636
12354.606395397908 98.765499926893909
12534.308283440243 99.089499412808664
12716.62399563306 99.456499944510682
12901.591550924093 99.801999559908182
13089.249521259411 100.058499422977292
13279.637039626952 100.169999971679147
13472.793808217073 100.108500074793540
13668.760106701786 99.876999432449196
13867.576800634426 99.528500638900780
14069.285349971487 99.157499688929178
14273.927817718419 98.859499921894326
14481.54687870117 98.712000000070532
14692.18582846533 98.771000296096133
14905.888592304698 99.045499879235251
15122.699734421185 99.419499210481206
15342.664467217943 99.573499464227325
15565.828660727671 99.068501410679971
15792.238852178061 97.593503091503607
16021.942255696367 95.175501434099417
16254.986772155136 92.445495241370708
16491.42099916115 90.029008522566897
16731.294241189662 87.492007581772583
16974.65651986603 84.469496395375899
17221.558584396902 81.059000136997213
17472.051922153143 76.898514144436589
17726.188769406665 73.465006563769094
17984.022122223458 75.309010526841817
18245.605747515034 79.238503082912217
18510.99419425065 81.823500336839302
18780.242804832582 83.305502189216554
19053.40772663689 84.173498662059245
19330.545923722028 84.741998337815289
19611.71518870775 84.747999086780041
19896.974154826825 83.675502208289259
20186.382308152035 81.439504322863229
