20 101.667000000000002
20.290906698750476 101.651484924349717
20.586044732869844 101.635267537133700
20.885475648548283 101.617371461087103
21.189261887185914 101.598662243082714
21.49746679841394 101.579286476067296
21.810154653305165 101.559339885835726
22.12739065777668 101.538878845566742
22.449240966187475 101.518053143856406
22.77577269513385 101.495069677080991
23.107053937445478 101.470614080280370
23.44315377638505 101.443809065565006
23.784142300054445 101.415117726620309
24.130090616010463 101.385442260779968
24.481070866093134 101.356061645739089
24.837156241469714 101.326798951276487
25.1984209978975 101.297626320168206
25.56494047120865 101.267480024897324
25.936791093020236 101.235530751706960
26.3140504066728 101.202235519184512
26.69679708340074 101.167542266139691
27.08511093873791 101.132340071046684
27.47907294916184 101.098278825018312
27.878765268980047 101.063608038964247
28.284271247461966 101.027131316480961
28.695675446220072 100.988910832609093
29.11306365684382 100.949372016256689
29.536522918790062 100.909603368552524
29.966141537533712 100.869648837009365
30.402009102982383 100.829305787359075
30.844216508158908 100.785898143294276
31.29285596815558 100.739750123343669
31.74802103936409 100.692949875024226
32.20980663898519 100.647778175935400
32.67830906482211 100.604452184166007
33.153626015361866 100.560598276509893
33.63585661014871 100.512055772883642
34.125101410453844 100.458238844850086
34.62146244024586 100.404975218415672
35.12504320746613 100.357371500195242
35.635948725613716 100.316260050676505
36.15428553564419 100.273305730720722
36.68016172818701 100.222583018540362
37.21368696608603 100.166135494628804
37.754972507267915 100.111095523453599
38.30413122794313 100.058920019029230
38.86127764614443 100.006573911285614
39.4265279456077 99.950755374440462
40.000000000000206 99.892999999999986
40.58181339750116 99.839182081338080
41.1720894657399 99.789825949558590
41.77095129709678 99.735162714975189
42.37852377437204 99.667209440164527
42.9949335968281 99.595757554561914
43.62030930661056 99.532769901255961
44.25478131555359 99.479825095983358
44.89848193237519 99.424382860526705
45.55154539026795 99.365950010836073
46.21410787489121 99.314047782770785
46.88630755277036 99.266978836860233
47.56828460010916 99.205647282205604
48.260181232021196 99.125838552389482
48.962141732186545 99.045413533103542
49.674312482939705 98.969468710451252
50.39684199579528 98.889115086880025
51.129880942417586 98.808804964017398
51.873582186040764 98.743781908185724
52.628100813345895 98.689497850171421
53.393594166801776 98.629790450664160
54.17022187747612 98.566939990251853
54.95814589832399 98.510084326137331
55.75753053796041 98.457957447526837
56.56854249492426 98.408955992799463
57.39135089244048 98.350039498696333
58.226127313687975 98.276178714229104
59.073045837580466 98.196131130937829
59.932283075067765 98.132977193982526
60.804018205965114 98.065178463982136
61.68843301631817 97.995636733604130
62.58571193631152 97.929312713252727
63.49604207872855 97.859560696819813
64.41961327797075 97.783913258094515
65.35661812964459 97.700299586748571
66.3072520307241 97.615534341603521
67.27171322029778 97.542208361358860
68.25020282090806 97.470483774327349
69.2429248804921 97.390215772478911
70.25008641493265 97.306367870768057
71.27189745122783 97.223971742432298
72.30857107128878 97.148171452688018
73.36032345637442 97.078799622248411
74.42737393217246 97.014139685866169
75.50994501453623 96.952815521221140
76.60826245588666 96.891074377305500
77.72255529228926 96.828331497212389
78.85305589121582 96.763374710037027
80.00000000000082 96.684999999999945
81.16362679500274 96.611303452075120
82.34417893148023 96.539909173577911
83.541902594194 96.467585257769230
84.75704754874454 96.389791948811478
85.98986719365665 96.310483362948787
87.24061861322157 96.232161418342145
88.50956263110764 96.151359303715793
89.79696386475084 96.065103421061707
91.10309078053635 95.974743074628691
92.42821574978288 95.879190541499071
93.77261510554118 95.781001418437953
95.13656920021877 95.679484900279547
96.52036246404286 95.578458383259118
97.92428346437356 95.477157927033005
99.34862496587989 95.374639180264793
100.79368399159105 95.274000365910751
102.25976188483567 95.172569922023115
103.74716437208203 95.071633853081934
105.25620162669229 94.974987456441056
106.78718833360406 94.880743907761342
108.34044375495276 94.787633670539464
109.9162917966485 94.696672180467289
111.51506107592134 94.608652026045633
113.13708498984903 94.525961701679677
114.78270178488147 94.446731149873045
116.45225462737648 94.368177927772877
118.14609167516147 94.291431571902194
119.86456615013608 94.220048731108761
121.60803641193078 94.148818507920637
123.3768660326369 94.071368795080815
125.17142387262359 93.987885936695818
126.99208415745765 93.903512325124353
128.83922655594208 93.821614915474612
130.71323625928977 93.737016763152070
132.61450406144883 93.653037203403784
134.5434264405962 93.574393221697946
136.50040564181674 93.503486208178231
138.48584976098482 93.438774744252186
140.50017282986593 93.389747839626679
142.5437949024563 93.364202563719289
144.61714214257822 93.361329998749511
146.7206469127495 93.392971644429480
148.8547478643456 93.444391041055937
151.01989002907314 93.509656370959419
153.216524911774 93.588737351276876
155.4451105845792 93.685098241709056
157.70611178243232 93.791610140783504
160.00000000000236 93.893000000000086
162.3272535900062 93.974453875650212
164.6883578629612 94.046588407461428
167.08380518838874 94.116430350463276
169.51409509748981 94.186908757827212
171.97973438731407 94.255244722212410
174.4812372264439 94.316653445989360
177.01912526221608 94.368171030086984
179.5939277295025 94.408490130396643
182.20618156107355 94.433473161425241
184.85643149956664 94.439770290399309
187.54523021108326 94.426457237466991
190.27313840043846 94.392247391832370
193.04072492808663 94.341928486538961
195.84856692874806 94.279804107095799
198.69724993176072 94.209132051787861
201.58736798318304 94.131347380462472
204.5195237696723 94.053752143873353
207.49432874416505 93.975902178698234
210.5124032533856 93.891640305651805
213.57437666720915 93.805598235818550
216.68088750990657 93.727983145068549
219.83258359329807 93.653350577354132
223.03012215184378 93.587003730618221
226.2741699796992 93.524548827045606
229.5654035697641 93.466960572052386
232.90450925475412 93.412059682172355
236.2921833503241 93.361592047689413
239.72913230027333 93.315622855483838
243.21607282386276 93.272015162525577
246.75373206527502 93.231332081249334
250.34284774524843 93.191900098674893
253.9841683149166 93.153666232693382
257.67845311188546 93.117175275520125
261.42647251858085 93.081448511073489
265.22900812289896 93.043009536663476
269.08685288119375 93.001001191866266
273.0008112836349 92.955865568827733
276.97169952197106 92.909703993057093
281.00034565973334 92.863196094045009
285.0875898049141 92.816940163360528
289.23428428515797 92.766765160149589
293.44129382550057 92.713107309651036
297.7094957286928 92.657505605954128
302.0397800581479 92.602512694287697
306.4330498235497 92.549708910421316
310.89022116916016 92.497776178908524
315.41222356486645 92.445841873717015
320.00000000000654 92.393999999999920
324.6545071800142 92.343265871737856
329.3767157259242 92.292669141732603
334.16761037677935 92.242240091043811
339.02819019498156 92.192009640991685
343.95946877463007 92.140821524743842
348.9624744528898 92.088790265689937
354.03825052443415 92.036406019598331
359.187855459007 91.985040230955832
364.4123631221491 91.935082550339587
369.71286299913527 91.885670374108045
375.0904604221685 91.841853854127365
380.54627680087896 91.802883737136568
386.08144985617537 91.767603155877339
391.6971338574982 91.739101472444702
397.3944998635236 91.716055950395784
403.1747359663683 91.704531580042044
409.0390475393468 91.706065079232246
414.9886574883323 91.724947068278880
421.0248065067734 91.761469991193167
427.1487533344206 91.812487533344211
433.3617750198154 91.881112631502646
439.6651671865984 91.969190829561796
446.06024430368984 92.075114519618268
452.54833995940066 92.198457131196136
459.13080713953053 92.333746949930145
465.8090185095106 92.478433243627478
472.58436670065066 92.629493341235985
479.45826460054917 92.781581821212086
486.432145647728 92.930575058602287
493.50746413055253 93.070790007145177
500.6856954904994 93.202071111402176
507.9683366298358 93.324965680628480
515.3569062237735 93.438573167037916
522.8529450371643 93.543928358288667
530.4580162458005 93.640910316903515
538.1737057623901 93.731960393604112
546.0016225672724 93.819946303770905
553.9433990439449 93.906634464602888
562.0006913194694 93.993407224288461
570.1751796098309 94.078795591000770
578.4685685703187 94.163802827845757
586.8825876510039 94.245916970832184
595.4189914573883 94.325583771835099
604.0795601162986 94.404216041046681
612.8660996471021 94.482599739731484
621.780442338323 94.562039663735021
630.8244471297356 94.642631467672203
640.0000000000159 94.722000000000136
649.3090143600314 94.799264819188267
658.7534314518515 94.872839093751850
668.3352207535618 94.942930350463328
678.0563803899662 95.009380567632263
687.9189375492632 95.073181200315290
697.9249489057827 95.134842188325280
708.0765010488715 95.194343706083458
718.3757109180171 95.250728838957286
728.8247262443015 95.304506103845938
739.425725998274 95.354800912191891
750.1809208443404 95.403799067062494
761.0925536017613 95.451992111741106
772.1628997123541 95.498215121882083
783.3942677149998 95.543899927310576
794.7889997270506 95.589655998908199
806.34947193274 95.635368765069899
818.0780950786972 95.681111061651862
829.9773149766683 95.727334954332434
842.0496130135506 95.774023516551949
854.2975066688449 95.820973775563914
866.7235500396347 95.868849175153969
879.3303343732008 95.918104820774147
892.1204886073838 95.969456653670022
905.0966799188055 96.022523804665070
918.2616142790653 96.077250613708387
931.6180370190256 96.134772086814905
945.1687334013056 96.195557997530926
958.9165292011028 96.259853513705238
972.8642912954606 96.328403599119781
987.0149282611097 96.400923091807257
1001.3713909810035 96.477496937362815
1015.9366732596762 96.557214147812203
1030.7138124475518 96.639553434970026
1045.7058900743334 96.724808867927408
1060.916032491606 96.812343522867707
1076.3474115247852 96.902359900561237
1092.0032451345498 96.993643862344570
1107.8867980878947 97.085983860297375
1124.0013826389438 97.179619099691678
1140.350359219667 97.274014565513085
1156.9371371406426 97.369388538558695
1173.765175302013 97.466039434530188
1190.837982914782 97.562359442521469
1208.1591202326028 97.659529384153075
1225.73219929421 97.757163577053731
1243.5608846766518 97.855584865721596
1261.648894259477 97.954292325476487
1280.0000000000375 98.054000000000201
1298.6180287200684 98.154537355088365
1317.5068629037087 98.256286373389656
1336.6704415071292 98.357853339987798
1356.112760779938 98.459689175075184
1375.8378750985323 98.561565056757445
1395.8498978115715 98.662645736503151
1416.153002097749 98.762918926980603
1436.7514218360407 98.863406824812984
1457.6494524886093 98.963564382895555
1478.8514519965543 99.064755882463672
1500.3618416886875 99.166707892770603
1522.1851072035295 99.269713706000658
1544.3257994247153 99.374604289273151
1566.788535430007 99.481077657938243
1589.5779994541087 99.589391277401546
1612.6989438654878 99.699700951677031
1636.156190157402 99.811826588952385
1659.9546299533442 99.925782223776054
1684.099226027109 100.042404223012284
1708.5950133376978 100.162459365888225
1733.4471000792773 100.285735500396385
1758.6606687464096 100.412149770481903
1784.2409772147755 100.541628983795363
1810.193359837619 100.674597736762109
1836.5232285581387 100.811381717644650
1863.2360740380593 100.952415913882476
1890.3374668026197 101.097822320734153
1917.833058402214 101.247368498876085
1945.7285825909298 101.400921775901935
1974.0298565222283 101.558586599394033
2002.7427819620161 101.720679570216191
2031.8733465193618 101.887302964928324
2061.4276248951132 102.057780224391649
2091.411780148677 102.231805973208054
2121.832064983222 102.410809183401014
2152.694823049581 102.593534197145004
2184.0064902691106 102.779938779357934
2215.7735961758003 102.969747237150415
2248.002765277899 103.162516591667384
2280.7007184393456 103.358169274714101
2313.874274281297 103.555320694069025
2347.530350604038 103.753844723543693
2381.6759658295764 103.952178702665805
2416.318240465218 104.150198058628490
2451.4643985884327 104.345554192236378
2487.1217693533167 104.538816103217698
2523.2977885189675 104.726027499090236
2560.0000000000887 104.906500000000420
2597.236057440151 105.077623202018657
2635.0137258074315 105.236804216939362
2673.340883014273 105.375650763286217
2712.225521559891 105.493620184289711
2751.6757501970797 105.578747447271624
2791.699795623158 105.628784785404321
2832.3060041955137 105.636207759832189
2873.502843672097 105.607766644466921
2915.2989049772345 105.543148387149628
2957.7029039931244 105.444853462260212
3000.723683377391 105.318030430474650
3044.370214407075 105.167975880507385
3088.6515988494466 105.002657634400862
3133.57707086003 104.829049423645884
3179.1559989082334 104.650708484279733
3225.3978877309914 104.471218132235691
3272.3123803148205 104.293944192835170
3319.9092599067053 104.121220312529346
3368.198452054235 103.954581139179936
3417.190026675413 103.796226618106488
3466.8942001585724 103.647689413551234
3517.3213374928373 103.509830589393260
3568.4819544295697 103.384730782989180
3620.386719675257 103.273134295042979
3673.0464571162966 103.176703810329272
3726.472148076138 103.097556764539490
3780.6749336052594 103.038892559755283
3835.6661168044484 102.995980263933859
3891.45716518188 102.978963570870462
3948.059713044477 102.977548507173893
4005.4855639240527 103.002251312041153
4063.746693038744 103.048746252110575
4122.855249790247 103.116759080937129
4182.823560297375 103.207223586550143
4243.664129966465 103.319778640437960
4305.389646099183 103.451049319497400
4368.012980538242 103.601198036300758
4431.5471923516225 103.766901945719241
4496.00553055582 103.943481921783132
4561.401436878714 104.127924023260391
4627.748548562617 104.312791938643016
4695.060701208099 104.489791141522630
4763.351931659176 104.651276088960884
4832.63648093046 104.787092004679437
4902.928797176889 104.880604825647495
4974.243538706657 104.930985238547322
5046.595577037959 104.919323212689392
5120.000000000202 104.852499999999736
5194.472114880326 104.722332164495327
5270.027451614888 104.533049851204254
5346.6817660285715 104.296950172105710
5424.451043119808 104.024753692612705
5503.351500394186 103.728383216356420
5583.399591246343 103.422892810928033
5664.612008391055 103.123020049288741
5747.005687344222 102.837676146453902
5830.597809954497 102.575255208778998
5915.405807986278 102.343297728751367
6001.447366754812 102.147476154221295
6088.740428814181 101.999512032347894
6177.303197698925 101.901047487522277
6267.154141720092 101.854532611026968
6358.3119978165005 101.862702039355867
6450.795775462017 101.920208240161202
6544.624760629676 102.025805293472104
6639.818519813445 102.171585131876327
6736.396904108505 102.344062210682907
6834.380053350861 102.523165093364014
6933.788400317181 102.682093862413922
7034.642674985712 102.787033831117355
7136.963908859177 102.802593947848933
7240.773439350552 102.699981285907313
7346.092914232631 102.471783556717924
7452.944296152315 102.129488597563295
7561.349867210557 101.681681221999213
7671.332233608935 101.156600471929892
7782.914330363799 100.585731637156499
7896.119426088994 100.005723769120607
8010.971127848146 99.457826993612684
8127.49338607753 98.967600224434548
8245.710499580537 98.551112239939343
8365.647120594791 98.225531960864757
8487.328259932974 97.988442719124009
8610.77929219841 97.847297002039198
8736.025961076528 97.802692211677041
8863.094384703289 97.837689844680426
8992.011061111683 97.933088185222658
9122.802873757471 98.053548253899692
9255.497097125279 98.146647998768771
9390.121402416245 98.138065179650837
9526.7038633184 97.940405148538076
9665.272961860968 97.533248773350536
9805.857594353829 96.950317079213875
9948.487077413367 96.210904101082150
10093.19115407597 95.340229747286969
10240.000000000457 94.419799999997110
10388.944229760706 93.521993913863298
10540.05490322983 92.721036782842702
10693.363532057198 92.049657989506443
10848.902086239672 91.536865255421759
11006.703000788428 91.192600129806181
11166.799182492743 91.014137761826930
11329.224016782166 91.028844071841178
11494.0113746885 91.174187938708172
11661.195619909053 91.445141004441879
11830.811615972614 91.688560828350944
12002.894733509682 91.803393216399741
12177.48085762842 91.718564673981689
12354.606395397908 91.294863924291604
12534.308283440243 90.698655138362255
12716.62399563306 89.990498896943734
12901.591550924093 89.373835810190471
13089.249521259411 88.832308524365700
13279.637039626952 88.531704165209845
13472.793808217073 88.554264322189169
13668.760106701786 88.901949794763681
13867.576800634426 89.473143371958798
14069.285349971487 89.920222418067610
14273.927817718419 90.033116846108001
14481.54687870117 89.333566899507645
14692.18582846533 87.882258866589723
14905.888592304698 86.160218264932809
15122.699734421185 84.461058769532485
15342.664467217943 82.946742868740785
15565.828660727671 81.579578315990318
15792.238852178061 80.157859665639563
16021.942255696367 78.451578019319982
16254.986772155136 76.286179395279888
16491.42099916115 73.615891235473981
16731.294241189662 70.595440791362677
16974.65651986603 67.369271033622908
17221.558584396902 64.118061498011940
17472.051922153143 60.996329515277012
17726.188769406665 57.966544062220521
17984.022122223458 54.680092039139694
18245.605747515034 51.988487412157795
18510.99419425065 52.666369665120939
18780.242804832582 53.816550285754360
19053.40772663689 54.249608016012814
19330.545923722028 54.048164559307516
19611.71518870775 55.071807621597415
19896.974154826825 58.763234890751974
20186.382308152035 60.409999999999997
