20 103.672499999999999
20.290906698750476 103.656500078235638
20.586044732869844 103.639314054535745
20.885475648548283 103.621371461087108
21.189261887185914 103.602180141544423
21.49746679841394 103.582042808462091
21.810154653305165 103.561314496829425
22.12739065777668 103.539901130600072
22.449240966187475 103.517971075852984
22.77577269513385 103.494569677080989
23.107053937445478 103.470827775575657
23.44315377638505 103.446263427559700
23.784142300054445 103.420459149620854
24.130090616010463 103.394026352860379
24.481070866093134 103.366740661841845
24.837156241469714 103.338527544107563
25.1984209978975 103.309626320168206
25.56494047120865 103.279892377106236
25.936791093020236 103.249214708752277
26.3140504066728 103.217805768118708
26.69679708340074 103.185026251556678
27.08511093873791 103.151148588249526
27.47907294916184 103.116232302592650
27.878765268980047 103.080062669205574
28.284271247461966 103.042847045233486
28.695675446220072 103.004997858947746
29.11306365684382 102.966824270884047
29.536522918790062 102.928712937308887
29.966141537533712 102.890047261621959
30.402009102982383 102.850819181334316
30.844216508158908 102.811020571817124
31.29285596815558 102.770884032826189
31.74802103936409 102.729930085417863
32.20980663898519 102.687907595852352
32.67830906482211 102.644917256971553
33.153626015361866 102.600712780571342
33.63585661014871 102.555729478646029
34.125101410453844 102.509865568827792
34.62146244024586 102.463703993057138
35.12504320746613 102.417246111328041
35.635948725613716 102.370992717243539
36.15428553564419 102.323460016256377
36.68016172818701 102.275785444463168
37.21368696608603 102.227768173052254
37.754972507267915 102.179052507128020
38.30413122794313 102.129628279485118
38.86127764614443 102.079384285673513
39.4265279456077 102.028158413252328
40.000000000000206 101.976499999999987
40.58181339750116 101.924136619680297
41.1720894657399 101.870535285018860
41.77095129709678 101.816614301975633
42.37852377437204 101.761519613296798
42.9949335968281 101.705955827804900
43.62030930661056 101.650105807131524
44.25478131555359 101.593862385104700
44.89848193237519 101.537382860526719
45.55154539026795 101.480045011919685
46.21410787489121 101.422789155869026
46.88630755277036 101.365102134616635
47.56828460010916 101.306647042637735
48.260181232021196 101.247384680278202
48.962141732186545 101.187530826482828
49.674312482939705 101.126454938397472
50.39684199579528 101.064768388192874
51.129880942417586 101.002695704573796
51.873582186040764 100.940012403587417
52.628100813345895 100.876914158533324
53.393594166801776 100.813036447325914
54.17022187747612 100.748324433974204
54.95814589832399 100.683366640685335
55.75753053796041 100.617503755622948
56.56854249492426 100.551448057911131
57.39135089244048 100.485974630389649
58.226127313687975 100.420522878561798
59.073045837580466 100.352937195480820
59.932283075067765 100.281620504769364
60.804018205965114 100.206658367981021
61.68843301631817 100.131887000952219
62.58571193631152 100.058402016887399
63.49604207872855 99.985316633701714
64.41961327797075 99.911850551040317
65.35661812964459 99.838005476822900
66.3072520307241 99.763380715588156
67.27171322029778 99.688213938647223
68.25020282090806 99.613734788431884
69.2429248804921 99.539402096403336
70.25008641493265 99.464493605294990
71.27189745122783 99.389287434785984
72.30857107128878 99.314282882867204
73.36032345637442 99.239277358053783
74.42737393217246 99.165438572612274
75.50994501453623 99.092716058327113
76.60826245588666 99.020148756981087
77.72255529228926 98.946862743400800
78.85305589121582 98.872418920890226
80.00000000000082 98.794999999999931
81.16362679500274 98.714030766424642
82.34417893148023 98.630527311709145
83.541902594194 98.546166255871142
84.75704754874454 98.461804253222468
85.98986719365665 98.379008688777944
87.24061861322157 98.298560465708618
88.50956263110764 98.219919867046144
89.79696386475084 98.141817525538443
91.10309078053635 98.062854765396168
92.42821574978288 97.982362263600265
93.77261510554118 97.900664337437874
95.13656920021877 97.822273195088073
96.52036246404286 97.750721066973952
97.92428346437356 97.685070473734555
99.34862496587989 97.621997728987083
100.79368399159105 97.558313343039458
102.25976188483567 97.490278175566274
103.74716437208203 97.414740238428152
105.25620162669229 97.330500897207969
106.78718833360406 97.239481511650155
108.34044375495276 97.143892487192915
109.9162917966485 97.045731691124075
111.51506107592134 96.945808639456857
113.13708498984903 96.843800593750203
114.78270178488147 96.738533878144437
116.45225462737648 96.628783087218039
118.14609167516147 96.515105007425049
119.86456615013608 96.392828844954806
121.60803641193078 96.265617253517632
123.3768660326369 96.129301042507592
125.17142387262359 95.987557525026602
126.99208415745765 95.839641183245931
128.83922655594208 95.694098892240419
130.71323625928977 95.551406439114075
132.61450406144883 95.419054374205530
134.5434264405962 95.308094813902130
136.50040564181674 95.226989453312768
138.48584976098482 95.188971699521971
140.50017282986593 95.214090966652407
142.5437949024563 95.304350941525158
144.61714214257822 95.444977089622085
146.7206469127495 95.609086976724655
148.8547478643456 95.759913359046806
151.01989002907314 95.884046765383886
153.216524911774 95.975852442370865
155.4451105845792 96.034875459716446
157.70611178243232 96.062123667069457
160.00000000000236 96.063499999999976
162.3272535900062 96.050932830613959
164.6883578629612 96.044310269556306
167.08380518838874 96.061837485657819
169.51409509748981 96.112227006261762
171.97973438731407 96.190019075413744
174.4812372264439 96.276843302925542
177.01912526221608 96.345881956607855
179.5939277295025 96.377264135111432
182.20618156107355 96.366439201696920
184.85643149956664 96.319256515208323
187.54523021108326 96.245534541160907
190.27313840043846 96.156330900624482
193.04072492808663 96.058250192560109
195.84856692874806 95.958800157493812
198.69724993176072 95.859335702374722
201.58736798318304 95.759764927241235
204.5195237696723 95.661102461639203
207.49432874416505 95.564928644558790
210.5124032533856 95.471371700771726
213.57437666720915 95.380343076650945
216.68088750990657 95.291929816906404
219.83258359329807 95.203645805285987
223.03012215184378 95.116050406093279
226.2741699796992 95.027718382218168
229.5654035697641 94.939589238139632
232.90450925475412 94.852482759376386
236.2921833503241 94.767378030835857
239.72913230027333 94.683602400180831
243.21607282386276 94.601030325051156
246.75373206527502 94.519664162498671
250.34284774524843 94.440385909286093
253.9841683149166 94.364828507465489
257.67845311188546 94.294609390874172
261.42647251858085 94.232391512508244
265.22900812289896 94.178780528540585
269.08685288119375 94.133088044747467
273.0008112836349 94.092491887163646
276.97169952197106 94.052540079899799
281.00034565973334 94.009695921215140
285.0875898049141 93.961317537633661
289.23428428515797 93.905337162150374
293.44129382550057 93.842004075087289
297.7094957286928 93.772209522185094
302.0397800581479 93.696528986446069
306.4330498235497 93.615583069960394
310.89022116916016 93.531572075432095
315.41222356486645 93.446332641693488
320.00000000000654 93.360999999999876
324.6545071800142 93.278149772195746
329.3767157259242 93.200659533667434
334.16761037677935 93.129652888499024
339.02819019498156 93.069161717660222
343.95946877463007 93.018697206008625
348.9624744528898 92.974818967150441
354.03825052443415 92.931271045489865
359.187855459007 92.879865088772220
364.4123631221491 92.810609388914344
369.71286299913527 92.718139752315480
375.0904604221685 92.605477563418674
380.54627680087896 92.483501097237493
386.08144985617537 92.364881408034691
391.6971338574982 92.266823007886899
397.3944998635236 92.187555001364757
403.1747359663683 92.152504914761948
409.0390475393468 92.162987539197701
414.9886574883323 92.230063793766789
421.0248065067734 92.355984393099845
427.1487533344206 92.524185730034247
433.3617750198154 92.735050636167998
439.6651671865984 92.977512627531610
446.06024430368984 93.216861558224224
452.54833995940066 93.421618020851042
459.13080713953053 93.588073967778968
465.8090185095106 93.725966842425947
472.58436670065066 93.833300771923774
479.45826460054917 93.911808856119620
486.432145647728 93.962206444756816
493.50746413055253 93.985952030124594
500.6856954904994 93.995128567904459
507.9683366298358 93.996494063118092
515.3569062237735 93.993398026793216
522.8529450371643 93.992086399713060
530.4580162458005 93.998116414599139
538.1737057623901 94.017182415495100
546.0016225672724 94.049437379650897
553.9433990439449 94.094632093785634
562.0006913194694 94.148104873802254
570.1751796098309 94.205708739307838
578.4685685703187 94.262933123135198
586.8825876510039 94.311354232080518
595.4189914573883 94.353698310276854
604.0795601162986 94.393358020523351
612.8660996471021 94.433592605504401
621.780442338323 94.478855163621262
630.8244471297356 94.532729907551669
640.0000000000159 94.596500000000120
649.3090143600314 94.668179410572236
658.7534314518515 94.741339093751847
668.3352207535618 94.813514155651717
678.0563803899662 94.881991843710267
687.9189375492632 94.943805519050500
697.9249489057827 94.996124744528913
708.0765010488715 95.042036604615035
718.3757109180171 95.092378554590084
728.8247262443015 95.151683412216940
739.425725998274 95.207042488891119
750.1809208443404 95.263098134125002
761.0925536017613 95.359484223482227
772.1628997123541 95.498835934744264
783.3942677149998 95.636876925481147
794.7889997270506 95.750206497679926
806.34947193274 95.826511920994221
818.0780950786972 95.869961464809109
829.9773149766683 95.899060417058848
842.0496130135506 95.935204653680898
854.2975066688449 95.989487533344231
866.7235500396347 96.052162775202760
879.3303343732008 96.116801222021991
892.1204886073838 96.183026540758391
905.0966799188055 96.251394654563569
918.2616142790653 96.323179709853292
931.6180370190256 96.399190062572771
945.1687334013056 96.479811097632890
958.9165292011028 96.562870697256670
972.8642912954606 96.651700036062977
987.0149282611097 96.749142385202333
1001.3713909810035 96.849236875965119
1015.9366732596762 96.953025049447575
1030.7138124475518 97.063879086658332
1045.7058900743334 97.176954102751978
1060.916032491606 97.292614519018144
1076.3474115247852 97.412330155023355
1092.0032451345498 97.532086939919580
1107.8867980878947 97.651785756951199
1124.0013826389438 97.773288070756578
1140.350359219667 97.894246309440135
1156.9371371406426 98.011086973361273
1173.765175302013 98.128076874026846
1190.837982914782 98.250658530635448
1208.1591202326028 98.375653621686368
1225.73219929421 98.503263166286388
1243.5608846766518 98.633422092333035
1261.648894259477 98.768366706946068
1280.0000000000375 98.906000000000290
1298.6180287200684 99.044305356206223
1317.5068629037087 99.184049412906703
1336.6704415071292 99.322860700926697
1356.112760779938 99.463414696635056
1375.8378750985323 99.601969178812254
1395.8498978115715 99.737194315337533
1416.153002097749 99.867302346619084
1436.7514218360407 99.996690029837552
1457.6494524886093 100.124549703981415
1478.8514519965543 100.251030305420286
1500.3618416886875 100.374076971293078
1522.1851072035295 100.499342515348260
1544.3257994247153 100.629522216605807
1566.788535430007 100.762052359037042
1589.5779994541087 100.897384876746500
1612.6989438654878 101.035185705438323
1636.156190157402 101.175660264747563
1659.9546299533442 101.319125964918186
1684.099226027109 101.464413371642109
1708.5950133376978 101.609866778158903
1733.4471000792773 101.756344716472498
1758.6606687464096 101.906790799103533
1784.2409772147755 102.059021765567167
1810.193359837619 102.211325354254939
1836.5232285581387 102.363873796494886
1863.2360740380593 102.517739786459231
1890.3374668026197 102.673537059447042
1917.833058402214 102.829221788220451
1945.7285825909298 102.984750919205567
1974.0298565222283 103.142106002263603
2002.7427819620161 103.303131013823787
2031.8733465193618 103.463647293646545
2061.4276248951132 103.623780555678366
2091.411780148677 103.787029494126273
2121.832064983222 103.949072539537326
2152.694823049581 104.109378338705341
2184.0064902691106 104.270533262629186
2215.7735961758003 104.431565150831204
2248.002765277899 104.591680032176512
2280.7007184393456 104.748828412586903
2313.874274281297 104.904784137503356
2347.530350604038 105.056633542657764
2381.6759658295764 105.203622854775702
2416.318240465218 105.348132815232987
2451.4643985884327 105.486101324600753
2487.1217693533167 105.618353006849389
2523.2977885189675 105.742547591538539
2560.0000000000887 105.859750000000275
2597.236057440151 105.969045510114427
2635.0137258074315 106.070534772045505
2673.340883014273 106.161892269895162
2712.225521559891 106.244451043119795
2751.6757501970797 106.315432562844890
2791.699795623158 106.376360951098860
2832.3060041955137 106.426298024908746
2873.502843672097 106.466977417121285
2915.2989049772345 106.497761408687708
2957.7029039931244 106.518656813118071
3000.723683377391 106.530572368337744
3044.370214407075 106.534572836906790
3088.6515988494466 106.533834275071911
3133.57707086003 106.530731719685491
3179.1559989082334 106.528625320032759
3225.3978877309914 106.530285809895787
3272.3123803148205 106.536962476062968
3319.9092599067053 106.547676407575750
3368.198452054235 106.560777551095725
3417.190026675413 106.574469406935606
3466.8942001585724 106.587054608038059
3517.3213374928373 106.599157120998285
3568.4819544295697 106.612359766784579
3620.386719675257 106.628227617492826
3673.0464571162966 106.648140441131176
3726.472148076138 106.674824402922638
3780.6749336052594 106.710348880198126
3835.6661168044484 106.753726149796179
3891.45716518188 106.810809847241558
3948.059713044477 106.876256543207674
4005.4855639240527 106.956548337114981
4063.746693038744 107.048119157701791
4122.855249790247 107.153020149594482
4182.823560297375 107.269308466897456
4243.664129966465 107.394466210216734
4305.389646099183 107.522433515655791
4368.012980538242 107.640290897004718
4431.5471923516225 107.704667946746611
4496.00553055582 107.720000691319470
4561.401436878714 107.830524308679998
4627.748548562617 108.102661601670889
4695.060701208099 108.413895795037547
4763.351931659176 108.639492765888491
4832.63648093046 108.780949262158472
4902.928797176889 108.866076740235684
4974.243538706657 108.911629150079662
5046.595577037959 108.905730104532125
5120.000000000202 108.857214285714093
5194.472114880326 108.762744801569795
5270.027451614888 108.623069067334669
5346.6817660285715 108.441210930401070
5424.451043119808 108.218471796132022
5503.351500394186 107.955937323640057
5583.399591246343 107.657185305818615
5664.612008391055 107.328444645512775
5747.005687344222 107.006493644022441
5830.597809954497 106.748293237738054
5915.405807986278 106.611149925522540
6001.447366754812 106.594568257651588
6088.740428814181 106.529390997553435
6177.303197698925 106.368103102106602
6267.154141720092 106.178449869316552
6358.3119978165005 106.010494923744702
6450.795775462017 105.873727428531311
6544.624760629676 105.770114591630147
6639.818519813445 105.696706165909148
6736.396904108505 105.648761083562022
6834.380053350861 105.619623989329824
6933.788400317181 105.601769623955605
7034.642674985712 105.585571465002857
7136.963908859177 105.557899256000624
7240.773439350552 105.501808318896821
7346.092914232631 105.398883857209213
7452.944296152315 105.234082495079747
7561.349867210557 104.993102834186772
7671.332233608935 104.674919039084159
7782.914330363799 104.279943774869963
7896.119426088994 103.812455118468961
8010.971127848146 103.285152890838390
8127.49338607753 102.717763635337803
8245.710499580537 102.130315517469029
8365.647120594791 101.541439515850186
8487.328259932974 100.963873971816696
8610.77929219841 100.409647408564595
8736.025961076528 99.890562291104004
8863.094384703289 99.414788530479143
8992.011061111683 98.989363498331443
9122.802873757471 98.623225874896747
9255.497097125279 98.329408647062053
9390.121402416245 98.112408629852197
9526.7038633184 97.976979076883396
9665.272961860968 97.923803492894450
9805.857594353829 97.954940372105483
9948.487077413367 98.079328404428367
10093.19115407597 98.317252555564096
10240.000000000457 98.672500000001250
10388.944229760706 99.161828780663143
10540.05490322983 99.818258045180201
10693.363532057198 100.655201803966804
10848.902086239672 101.707062083512824
11006.703000788428 102.988477209863589
11166.799182492743 104.449819443690586
11329.224016782166 105.907927326533027
11494.0113746885 107.071521186592207
11661.195619909053 107.286315181899965
11830.811615972614 106.828508647462399
12002.894733509682 105.566345166142455
12177.48085762842 104.118703346768271
12354.606395397908 102.723668546131449
12534.308283440243 101.545655423117154
12716.62399563306 100.708488655895678
12901.591550924093 100.248403880789866
13089.249521259411 99.959142523658713
13279.637039626952 99.923718705710897
13472.793808217073 100.152942436845393
13668.760106701786 100.542975536611209
13867.576800634426 100.922694550832688
14069.285349971487 100.986105342378764
14273.927817718419 100.660041677101987
14481.54687870117 99.693064785820781
14692.18582846533 98.200271540429327
14905.888592304698 96.554215664485071
15122.699734421185 94.970325827182251
15342.664467217943 93.603007665876035
15565.828660727671 92.523354067450157
15792.238852178061 91.740012729173031
16021.942255696367 91.241541891078342
16254.986772155136 91.046424894051881
16491.42099916115 91.137688505676209
16731.294241189662 91.294579376149940
16974.65651986603 91.328567025907148
17221.558584396902 91.155525601157649
17472.051922153143 90.750626590052292
17726.188769406665 90.194480023912632
17984.022122223458 89.643000923908488
18245.605747515034 89.050001318655774
18510.99419425065 87.912909798895726
18780.242804832582 85.283308288552348
19053.40772663689 80.460601360767868
19330.545923722028 74.549602056173626
19611.71518870775 70.147162912677913
19896.974154826825 67.246365218758882
20186.382308152035 66.372500000000002
