20 102.021500000000003
20.290906698750476 102.042833229019124
20.586044732869844 102.062092910660169
20.885475648548283 102.076797989679832
21.189261887185914 102.090516741534231
21.49746679841394 102.103520515485855
21.810154653305165 102.116431613107409
22.12739065777668 102.129595626311072
22.449240966187475 102.142469632082054
22.77577269513385 102.155530877908291
23.107053937445478 102.168425324124087
23.44315377638505 102.180510400472144
23.784142300054445 102.191294091126565
24.130090616010463 102.200535457825112
24.481070866093134 102.208574096616616
24.837156241469714 102.214642964155459
25.1984209978975 102.215255921257892
25.56494047120865 102.211819710642132
25.936791093020236 102.206461096648042
26.3140504066728 102.203309917021926
26.69679708340074 102.204475978125515
27.08511093873791 102.207851103217038
27.47907294916184 102.211093044851324
27.878765268980047 102.211303086827542
28.284271247461966 102.207588745030449
28.695675446220072 102.200695140183157
29.11306365684382 102.189929708353617
29.536522918790062 102.174246899898080
29.966141537533712 102.153625206198384
30.402009102982383 102.131906242173343
30.844216508158908 102.112411635087938
31.29285596815558 102.096232181034935
31.74802103936409 102.081811347779706
32.20980663898519 102.067076380913477
32.67830906482211 102.051972418990516
33.153626015361866 102.036469463446963
33.63585661014871 102.018158165763595
34.125101410453844 101.995994726656392
34.62146244024586 101.969333716025488
35.12504320746613 101.938747148307229
35.635948725613716 101.904347640481433
36.15428553564419 101.868471440183129
36.68016172818701 101.836451428406093
37.21368696608603 101.810525147424386
37.754972507267915 101.786297761726800
38.30413122794313 101.758752186323420
38.86127764614443 101.723710620658167
39.4265279456077 101.684143050236273
40.000000000000206 101.640999999999991
40.58181339750116 101.596879003619506
41.1720894657399 101.556407278638048
41.77095129709678 101.521194454984197
42.37852377437204 101.488507645647715
42.9949335968281 101.457253237669391
43.62030930661056 101.422949430633750
44.25478131555359 101.378080349037731
44.89848193237519 101.324713663183346
45.55154539026795 101.273760008668859
46.21410787489121 101.232177096221662
46.88630755277036 101.192513249840673
47.56828460010916 101.148573760886762
48.260181232021196 101.098185581438301
48.962141732186545 101.041092555820754
49.674312482939705 100.981869309721844
50.39684199579528 100.923748653766950
51.129880942417586 100.865845111929588
51.873582186040764 100.806346623774388
52.628100813345895 100.746822222993472
53.393594166801776 100.688234403928618
54.17022187747612 100.627353323043621
54.95814589832399 100.562539394082592
55.75753053796041 100.501730601574891
56.56854249492426 100.450171721552010
57.39135089244048 100.399062191991362
58.226127313687975 100.340392241993356
59.073045837580466 100.268389351698971
59.932283075067765 100.190628381706375
60.804018205965114 100.123210043412456
61.68843301631817 100.057925380229705
62.58571193631152 99.982527041975970
63.49604207872855 99.901848297071894
64.41961327797075 99.828336877181044
65.35661812964459 99.766246294091673
66.3072520307241 99.703341593634249
67.27171322029778 99.625138240342750
68.25020282090806 99.536482151760083
69.2429248804921 99.452402096403347
70.25008641493265 99.377868734917385
71.27189745122783 99.302563896255464
72.30857107128878 99.220888601083033
73.36032345637442 99.130350242013549
74.42737393217246 99.032395285206221
75.50994501453623 98.939416774468441
76.60826245588666 98.853566111843719
77.72255529228926 98.767853225736673
78.85305589121582 98.676242077477411
80.00000000000082 98.594999999999942
81.16362679500274 98.517909532104895
82.34417893148023 98.432767035876722
83.541902594194 98.360588911980400
84.75704754874454 98.308015661463330
85.98986719365665 98.255193202010531
87.24061861322157 98.178359751233472
88.50956263110764 98.080276427579520
89.79696386475084 97.982863067567195
91.10309078053635 97.910966456163649
92.42821574978288 97.842227250544539
93.77261510554118 97.740606756250472
95.13656920021877 97.643817963282601
96.52036246404286 97.566133505735678
97.92428346437356 97.487838092168190
99.34862496587989 97.409054309498160
100.79368399159105 97.324556153851887
102.25976188483567 97.226297144291834
103.74716437208203 97.119898036558396
105.25620162669229 97.025873836232535
106.78718833360406 96.943566206652591
108.34044375495276 96.857474114294433
109.9162917966485 96.768031205100442
111.51506107592134 96.682612872692829
113.13708498984903 96.591486009223743
114.78270178488147 96.493628466651245
116.45225462737648 96.411517811132995
118.14609167516147 96.335476356368275
119.86456615013608 96.252857327672174
121.60803641193078 96.166738138201865
123.3768660326369 96.088319225103547
125.17142387262359 96.015585903804180
126.99208415745765 95.940020240966902
128.83922655594208 95.846924307295325
130.71323625928977 95.739570322860686
132.61450406144883 95.636350179035105
134.5434264405962 95.549800791528384
136.50040564181674 95.478484991252785
138.48584976098482 95.400772373434947
140.50017282986593 95.307575066304750
142.5437949024563 95.209821810499164
144.61714214257822 95.116845745726565
146.7206469127495 95.033583029167872
148.8547478643456 94.935762606782717
151.01989002907314 94.816082730220728
153.216524911774 94.690963499252490
155.4451105845792 94.588441886253662
157.70611178243232 94.508660989124593
160.00000000000236 94.471500000000020
162.3272535900062 94.483601718668041
164.6883578629612 94.521264412097736
167.08380518838874 94.593181766028437
169.51409509748981 94.686258165860593
171.97973438731407 94.812801603792423
174.4812372264439 94.978101616069921
177.01912526221608 95.138378116152509
179.5939277295025 95.280234526301342
182.20618156107355 95.407455478619312
184.85643149956664 95.502089957285179
187.54523021108326 95.562807565435364
190.27313840043846 95.576113083834557
193.04072492808663 95.541037995992411
195.84856692874806 95.512812006299754
198.69724993176072 95.512176149904462
201.58736798318304 95.502094740126125
204.5195237696723 95.473518968725557
207.49432874416505 95.439811438604877
210.5124032533856 95.408123900257237
213.57437666720915 95.378043421661516
216.68088750990657 95.366962670286497
219.83258359329807 95.371288480271517
223.03012215184378 95.373515061075921
226.2741699796992 95.365661376741102
229.5654035697641 95.348462713104681
232.90450925475412 95.309693634315579
236.2921833503241 95.272901752106691
239.72913230027333 95.277627556912876
243.21607282386276 95.274488816612234
246.75373206527502 95.217001853939280
250.34284774524843 95.163928600796098
253.9841683149166 95.152549474015885
257.67845311188546 95.141004834025352
261.42647251858085 95.105735274814194
265.22900812289896 95.073925569155080
269.08685288119375 95.047102520227668
273.0008112836349 95.010244523835468
276.97169952197106 94.992186323924443
281.00034565973334 95.000000345659743
285.0875898049141 95.003851097331648
289.23428428515797 94.996801716715225
293.44129382550057 94.999973681973160
297.7094957286928 95.014463680351980
302.0397800581479 95.032649175218054
306.4330498235497 95.035944916960744
310.89022116916016 95.010686117692757
315.41222356486645 94.995958777643523
320.00000000000654 94.995499999999964
324.6545071800142 94.961522097585885
329.3767157259242 94.918734215321507
334.16761037677935 94.882993205287192
339.02819019498156 94.836315279030686
343.95946877463007 94.780174215336814
348.9624744528898 94.740658926275060
354.03825052443415 94.719366123164491
359.187855459007 94.689197725062357
364.4123631221491 94.652230985520532
369.71286299913527 94.616423817905797
375.0904604221685 94.578776316622651
380.54627680087896 94.535129785592972
386.08144985617537 94.465543412042308
391.6971338574982 94.369125874029407
397.3944998635236 94.279371501774193
403.1747359663683 94.212429833683657
409.0390475393468 94.154635556299439
414.9886574883323 94.099603973023619
421.0248065067734 94.040239531678878
427.1487533344206 93.980056533879548
433.3617750198154 93.932238906126145
439.6651671865984 93.894460842304198
446.06024430368984 93.862617457911767
452.54833995940066 93.846461328032476
459.13080713953053 93.854236902543178
465.8090185095106 93.880679928965804
472.58436670065066 93.919833654968244
479.45826460054917 93.950740821044860
486.432145647728 93.975512509767043
493.50746413055253 94.026305980979146
500.6856954904994 94.091228428115059
507.9683366298358 94.146758566802504
515.3569062237735 94.205202289979994
522.8529450371643 94.259924652380292
530.4580162458005 94.298660308891016
538.1737057623901 94.326719638158465
546.0016225672724 94.360723557527280
553.9433990439449 94.406660394263668
562.0006913194694 94.452503283767484
570.1751796098309 94.491209477419815
578.4685685703187 94.524797702709790
586.8825876510039 94.558530350604016
595.4189914573883 94.589695520527997
604.0795601162986 94.617228735334365
612.8660996471021 94.652482919689291
621.780442338323 94.705619923269467
630.8244471297356 94.749055786102176
640.0000000000159 94.777500000000060
649.3090143600314 94.818925113902139
658.7534314518515 94.858326740525186
668.3352207535618 94.876836353205704
678.0563803899662 94.893195846662948
687.9189375492632 94.929759537706900
697.9249489057827 94.984068456208249
708.0765010488715 95.038805455559014
718.3757109180171 95.085853128039275
728.8247262443015 95.138888576470379
739.425725998274 95.215692944987055
750.1809208443404 95.318377053760031
761.0925536017613 95.431585243618287
772.1628997123541 95.526602886038674
783.3942677149998 95.621528419126918
794.7889997270506 95.719903747611681
806.34947193274 95.812591916834492
818.0780950786972 95.899851940202581
829.9773149766683 95.995530094024360
842.0496130135506 96.103958920375334
854.2975066688449 96.214207869463053
866.7235500396347 96.320513525339948
879.3303343732008 96.427874808734884
892.1204886073838 96.533175957719806
905.0966799188055 96.642445395942687
918.2616142790653 96.762762841695846
931.6180370190256 96.885562333171237
945.1687334013056 97.005726417261428
958.9165292011028 97.114502446958227
972.8642912954606 97.207700036062974
987.0149282611097 97.314384637710901
1001.3713909810035 97.443019684240426
1015.9366732596762 97.563650821071874
1030.7138124475518 97.660410341193796
1045.7058900743334 97.754814393974101
1060.916032491606 97.865389328765616
1076.3474115247852 97.988431880673488
1092.0032451345498 98.095393456702752
1107.8867980878947 98.185916474651393
1124.0013826389438 98.281119791011150
1140.350359219667 98.383983540025383
1156.9371371406426 98.488699444921281
1173.765175302013 98.592870404899315
1190.837982914782 98.684940451064080
1208.1591202326028 98.774066715531802
1225.73219929421 98.869982462667195
1243.5608846766518 98.970442594350658
1261.648894259477 99.066074250149285
1280.0000000000375 99.160000000000181
1298.6180287200684 99.249100566017461
1317.5068629037087 99.338530196776318
1336.6704415071292 99.417848810179237
1356.112760779938 99.494339767041765
1375.8378750985323 99.581958278575797
1395.8498978115715 99.678664499276692
1416.153002097749 99.766034958705660
1436.7514218360407 99.850843258435958
1457.6494524886093 99.939993459547139
1478.8514519965543 100.037446388784844
1500.3618416886875 100.132026971926251
1522.1851072035295 100.224121152398894
1544.3257994247153 100.326058225319173
1566.788535430007 100.436778447858643
1589.5779994541087 100.549140637336052
1612.6989438654878 100.659431057290476
1636.156190157402 100.768318474724055
1659.9546299533442 100.879184945978864
1684.099226027109 100.993448346847956
1708.5950133376978 101.107521360553150
1733.4471000792773 101.223559732390044
1758.6606687464096 101.350728330981042
1784.2409772147755 101.484498622883947
1810.193359837619 101.616874533581608
1836.5232285581387 101.750959859359995
1863.2360740380593 101.891445356844002
1890.3374668026197 102.038242568742305
1917.833058402214 102.185515209531729
1945.7285825909298 102.331703201124654
1974.0298565222283 102.480877642437378
2002.7427819620161 102.634948161692989
2031.8733465193618 102.794615189348207
2061.4276248951132 102.970327480601441
2091.411780148677 103.155611858906923
2121.832064983222 103.341175596397647
2152.694823049581 103.531818699924230
2184.0064902691106 103.729642349005957
2215.7735961758003 103.940866114091051
2248.002765277899 104.159152045047108
2280.7007184393456 104.378089705777711
2313.874274281297 104.594451544923743
2347.530350604038 104.814408141476576
2381.6759658295764 105.039290424902333
2416.318240465218 105.262260973582045
2451.4643985884327 105.477323001495307
2487.1217693533167 105.691445253297331
2523.2977885189675 105.903335951053521
2560.0000000000887 106.108500000000475
2597.236057440151 106.304257540790758
2635.0137258074315 106.488312909950736
2673.340883014273 106.653572903471556
2712.225521559891 106.808068258005591
2751.6757501970797 106.948865125689778
2791.699795623158 107.069533159861862
2832.3060041955137 107.165219329314027
2873.502843672097 107.240459350818298
2915.2989049772345 107.292474178732931
2957.7029039931244 107.316959419201368
3000.723683377391 107.307785362664831
3044.370214407075 107.262881699830103
3088.6515988494466 107.195059136970315
3133.57707086003 107.106335730722179
3179.1559989082334 106.991570362936855
3225.3978877309914 106.858798379052402
3272.3123803148205 106.709530402142207
3319.9092599067053 106.544826664335858
3368.198452054235 106.368255804796604
3417.190026675413 106.183162197833170
3466.8942001585724 105.993639923400593
3517.3213374928373 105.805450331526075
3568.4819544295697 105.622367618129402
3620.386719675257 105.446743161055409
3673.0464571162966 105.280208305795298
3726.472148076138 105.120701327617667
3780.6749336052594 104.969396785934407
3835.6661168044484 104.827154609013689
3891.45716518188 104.706865493436808
3948.059713044477 104.599674418422026
4005.4855639240527 104.508594488702528
4063.746693038744 104.431065972309312
4122.855249790247 104.369573037678293
4182.823560297375 104.319084012655352
4243.664129966465 104.277799340379914
4305.389646099183 104.247651498487045
4368.012980538242 104.232930520883372
4431.5471923516225 104.238654719235171
4496.00553055582 104.255368233657492
4561.401436878714 104.279549207760567
4627.748548562617 104.309309703043283
4695.060701208099 104.342315197729647
4763.351931659176 104.373577805140286
4832.63648093046 104.395148201758190
4902.928797176889 104.399618354447028
4974.243538706657 104.383231858872222
5046.595577037959 104.330272758309349
5120.000000000202 104.242571428571139
5194.472114880326 104.112144060056494
5270.027451614888 103.932866640519080
5346.6817660285715 103.708452437010010
5424.451043119808 103.443793752219534
5503.351500394186 103.143166984171330
5583.399591246343 102.816872933554123
5664.612008391055 102.476160384631697
5747.005687344222 102.130046170027711
5830.597809954497 101.786373705430861
5915.405807986278 101.454268800850087
6001.447366754812 101.140678459498034
6088.740428814181 100.852903576826236
6177.303197698925 100.597451503257147
6267.154141720092 100.374956047272292
6358.3119978165005 100.188207204148654
6450.795775462017 100.037377956598561
6544.624760629676 99.925829601204953
6639.818519813445 99.851798906701674
6736.396904108505 99.812448557260467
6834.380053350861 99.807016509336407
6933.788400317181 99.835732084161762
7034.642674985712 99.896867713238720
7136.963908859177 99.984539811137694
7240.773439350552 100.085754103366781
7346.092914232631 100.177378291960991
7452.944296152315 100.236324668095591
7561.349867210557 100.248131886619078
7671.332233608935 100.188903723042898
7782.914330363799 100.027258794283526
7896.119426088994 99.739992458471306
8010.971127848146 99.340152671561000
8127.49338607753 98.854857499749272
8245.710499580537 98.308330690400751
8365.647120594791 97.728945854968288
8487.328259932974 97.147454759903098
8610.77929219841 96.589877926259646
8736.025961076528 96.080826126122304
8863.094384703289 95.629367662298051
8992.011061111683 95.239179855035303
9122.802873757471 94.916357804683400
9255.497097125279 94.676572624899677
9390.121402416245 94.526192333852293
9526.7038633184 94.480898498023919
9665.272961860968 94.553407243835949
9805.857594353829 94.752707472088602
9948.487077413367 95.087622365467197
10093.19115407597 95.572079623918057
10240.000000000457 96.182600000002054
10388.944229760706 96.896038806766967
10540.05490322983 97.669596795786958
10693.363532057198 98.432190706930356
10848.902086239672 99.096174219784302
11006.703000788428 99.576595036437226
11166.799182492743 99.847210424205372
11329.224016782166 99.879744021150032
11494.0113746885 99.769139288834992
11661.195619909053 99.532697180584762
11830.811615972614 99.267001746631280
12002.894733509682 98.973798588673887
12177.48085762842 98.659160413387426
12354.606395397908 98.292090348733922
12534.308283440243 97.867854326993751
12716.62399563306 97.366624172707787
12901.591550924093 96.811533415514901
13089.249521259411 96.234351115326405
13279.637039626952 95.678604492832406
13472.793808217073 95.176254395895313
13668.760106701786 94.755356605802746
13867.576800634426 94.426960739159398
14069.285349971487 94.202422877103530
14273.927817718419 94.057467795782784
14481.54687870117 94.016306640162355
14692.18582846533 94.093949304641569
14905.888592304698 94.291348114642830
15122.699734421185 94.643362664593113
15342.664467217943 95.190039782392148
15565.828660727671 95.945682985589229
15792.238852178061 96.828991205579655
16021.942255696367 97.594392438005372
16254.986772155136 98.037054550127920
16491.42099916115 98.134465451654393
16731.294241189662 97.598159241063328
16974.65651986603 96.221388211114984
17221.558584396902 94.211237242572395
17472.051922153143 91.876329854874328
17726.188769406665 89.491301720504310
17984.022122223458 87.300341996345168
18245.605747515034 85.491951224937537
18510.99419425065 84.047593107205017
18780.242804832582 82.570179826149555
19053.40772663689 80.713272264171238
19330.545923722028 78.504093008579218
19611.71518870775 76.784519814054875
19896.974154826825 76.483111053406049
20186.382308152035 76.706601738728182
