20 99.661000000000001
20.290906698750476 99.650818231604504
20.586044732869844 99.641441915319405
20.885475648548283 99.633863108786301
21.189261887185914 99.627232680002038
21.49746679841394 99.620685157750557
21.810154653305165 99.613220720930514
22.12739065777668 99.603063612011155
22.449240966187475 99.590284163907683
22.77577269513385 99.575085116035126
23.107053937445478 99.557433589990069
23.44315377638505 99.538387923045093
23.784142300054445 99.519372173497004
24.130090616010463 99.501212265933717
24.481070866093134 99.485757161570461
24.837156241469714 99.472199550547060
25.1984209978975 99.458811186331474
25.56494047120865 99.442752955821959
25.936791093020236 99.421082622842903
26.3140504066728 99.391925602162573
26.69679708340074 99.357788262493926
27.08511093873791 99.324691174263720
27.47907294916184 99.299104481997944
27.878765268980047 99.281894758999471
28.284271247461966 99.266981963843904
28.695675446220072 99.245889745103256
29.11306365684382 99.214532825286142
29.536522918790062 99.173493799796148
29.966141537533712 99.132250412396758
30.402009102982383 99.099379454222884
30.844216508158908 99.072847047878071
31.29285596815558 99.041107242706772
31.74802103936409 98.993737475276305
32.20980663898519 98.935385910375985
32.67830906482211 98.876172766610281
33.153626015361866 98.827670796817131
33.63585661014871 98.792984460001236
34.125101410453844 98.764119016783226
34.62146244024586 98.734226403824266
35.12504320746613 98.701997234722171
35.635948725613716 98.669299281560725
36.15428553564419 98.634274299291036
36.68016172818701 98.591425121006793
37.21368696608603 98.541272364289654
37.754972507267915 98.492191613761733
38.30413122794313 98.448023274727802
38.86127764614443 98.411520995046061
39.4265279456077 98.376546089048134
40.000000000000206 98.336499999999972
40.58181339750116 98.290439619163223
41.1720894657399 98.239895728045354
41.77095129709678 98.188493269476766
42.37852377437204 98.140131315558619
42.9949335968281 98.093792302542923
43.62030930661056 98.047844028295088
44.25478131555359 97.998410180334815
44.89848193237519 97.947952275138192
45.55154539026795 97.901575918252320
46.21410787489121 97.857394957783384
46.88630755277036 97.803732241347461
47.56828460010916 97.742890915861153
48.260181232021196 97.686907744222552
48.962141732186545 97.640148119862118
49.674312482939705 97.594169759174775
50.39684199579528 97.546461158357630
51.129880942417586 97.497350815507943
51.873582186040764 97.447149816447507
52.628100813345895 97.394230287453624
53.393594166801776 97.335766430634635
54.17022187747612 97.271266655835404
54.95814589832399 97.209293599918169
55.75753053796041 97.159093555097996
56.56854249492426 97.109181822819778
57.39135089244048 97.053040033959405
58.226127313687975 96.993527851923972
59.073045837580466 96.939252020557262
59.932283075067765 96.883401600120592
60.804018205965114 96.822235881128179
61.68843301631817 96.765463224811043
62.58571193631152 96.712598384529485
63.49604207872855 96.655013201764547
64.41961327797075 96.592127070542048
65.35661812964459 96.528676439702750
66.3072520307241 96.470140260264088
67.27171322029778 96.416735055934367
68.25020282090806 96.364863946260499
69.2429248804921 96.309788894491220
70.25008641493265 96.250744901518971
71.27189745122783 96.190729947828785
72.30857107128878 96.130602877865257
73.36032345637442 96.069421077802104
74.42737393217246 96.007212311933998
75.50994501453623 95.944253133118224
76.60826245588666 95.881231402118473
77.72255529228926 95.820286663073134
78.85305589121582 95.763435770514008
80.00000000000082 95.707999999999956
81.16362679500274 95.648848823376085
82.34417893148023 95.589791035446680
83.541902594194 95.533912298931895
84.75704754874454 95.478932887638706
85.98986719365665 95.423868310620250
87.24061861322157 95.369673326261250
88.50956263110764 95.316107932124581
89.79696386475084 95.263324481545226
91.10309078053635 95.209957013853966
92.42821574978288 95.155454191172339
93.77261510554118 95.097190317281516
95.13656920021877 95.034069850747670
96.52036246404286 94.968967501377591
97.92428346437356 94.903254545878269
99.34862496587989 94.835983205357152
100.79368399159105 94.766138607073103
102.25976188483567 94.695278175566273
103.74716437208203 94.624009743026477
105.25620162669229 94.552865592330789
106.78718833360406 94.482576524987820
108.34044375495276 94.414921214373663
109.9162917966485 94.350634623863797
111.51506107592134 94.290165606997704
113.13708498984903 94.229859383948366
114.78270178488147 94.165282491483936
116.45225462737648 94.097749619051072
118.14609167516147 94.032246314563480
119.86456615013608 93.970447281098785
121.60803641193078 93.905838600350336
123.3768660326369 93.838547910707092
125.17142387262359 93.776757272857409
126.99208415745765 93.728354008273499
128.83922655594208 93.686037015769273
130.71323625928977 93.644808802295628
132.61450406144883 93.598793886279424
134.5434264405962 93.542882067121212
136.50040564181674 93.479986208178232
138.48584976098482 93.412116720805784
140.50017282986593 93.342327399507937
142.5437949024563 93.272163041682333
144.61714214257822 93.201112881616694
146.7206469127495 93.132251040026915
148.8547478643456 93.068525160652584
151.01989002907314 93.014786287395268
153.216524911774 92.974685176146934
155.4451105845792 92.951054889415417
157.70611178243232 92.951638230815121
160.00000000000236 92.981000000000051
162.3272535900062 93.046628551238172
164.6883578629612 93.149538432260670
167.08380518838874 93.282693656775834
169.51409509748981 93.432985172122358
171.97973438731407 93.590598947665569
174.4812372264439 93.750799182492415
177.01912526221608 93.903532215523200
179.5939277295025 94.038790314204618
182.20618156107355 94.153042098189516
184.85643149956664 94.247975102484830
187.54523021108326 94.322404604221660
190.27313840043846 94.374613777765006
193.04072492808663 94.403244349568524
195.84856692874806 94.417036560629001
198.69724993176072 94.418366050150127
201.58736798318304 94.405182108109315
204.5195237696723 94.381817778149724
207.49432874416505 94.350566164651411
210.5124032533856 94.313338757705992
213.57437666720915 94.271958726659079
216.68088750990657 94.227797352983828
219.83258359329807 94.181053100202206
223.03012215184378 94.131911871915406
226.2741699796992 94.081750365314662
229.5654035697641 94.029881110145396
232.90450925475412 93.976527851923933
236.2921833503241 93.922434635151177
239.72913230027333 93.868732307808230
243.21607282386276 93.814731898539094
246.75373206527502 93.761224802512714
250.34284774524843 93.707942995757591
253.9841683149166 93.654233517354982
257.67845311188546 93.599742816599687
261.42647251858085 93.545744457545396
265.22900812289896 93.491322512294772
269.08685288119375 93.437856437064283
273.0008112836349 93.387365163185933
276.97169952197106 93.340797155019303
281.00034565973334 93.300597096458233
285.0875898049141 93.266413148307080
289.23428428515797 93.238630295289440
293.44129382550057 93.213540495812097
297.7094957286928 93.187972076054976
302.0397800581479 93.159976512100229
306.4330498235497 93.129874159539071
310.89022116916016 93.099741007108165
315.41222356486645 93.070402991541343
320.00000000000654 93.041499999999957
324.6545071800142 93.013107506201919
329.3767157259242 92.984302034071874
334.16761037677935 92.955494337739324
339.02819019498156 92.927136496869110
343.95946877463007 92.896555346719822
348.9624744528898 92.862262678829779
354.03825052443415 92.827136071381403
359.187855459007 92.791185011786951
364.4123631221491 92.755054694457172
369.71286299913527 92.719895104205705
375.0904604221685 92.688060620806610
380.54627680087896 92.661560941252873
386.08144985617537 92.638174200575293
391.6971338574982 92.620995740159685
397.3944998635236 92.608866050150127
403.1747359663683 92.608381051974789
409.0390475393468 92.618857380733203
414.9886574883323 92.641445177860277
421.0248065067734 92.678902106408430
427.1487533344206 92.730845658899938
433.3617750198154 92.798538114822776
439.6651671865984 92.879241233358101
446.06024430368984 92.969560290504745
452.54833995940066 93.066479933386944
459.13080713953053 93.166052222398605
465.8090185095106 93.266317859433542
472.58436670065066 93.365473317159427
479.45826460054917 93.461641914521820
486.432145647728 93.553231464290917
493.50746413055253 93.637659931833696
500.6856954904994 93.715771242968685
507.9683366298358 93.787687324219633
515.3569062237735 93.853482716298686
522.8529450371643 93.915663633102838
530.4580162458005 93.975106877935673
538.1737057623901 94.035852423435756
546.0016225672724 94.097012980538182
553.9433990439449 94.160790117232054
562.0006913194694 94.227506049045360
570.1751796098309 94.299155447312899
578.4685685703187 94.377527972989512
586.8825876510039 94.461858264657693
595.4189914573883 94.550399410302589
604.0795601162986 94.640825436206597
612.8660996471021 94.730856153563451
621.780442338323 94.818851471453598
630.8244471297356 94.902007800602746
640.0000000000159 94.980000000000132
649.3090143600314 95.053075762726252
658.7534314518515 95.121524706453329
668.3352207535618 95.184678934898145
678.0563803899662 95.243032644300797
687.9189375492632 95.298450103398409
697.9249489057827 95.351209734310075
708.0765010488715 95.401978680191917
718.3757109180171 95.452122197952377
728.8247262443015 95.502799922284865
739.425725998274 95.555157343691462
750.1809208443404 95.608412142590225
761.0925536017613 95.663424957742208
772.1628997123541 95.721550663868953
783.3942677149998 95.782345615981924
794.7889997270506 95.845970998453282
806.34947193274 95.913067708935387
818.0780950786972 95.984137434910394
829.9773149766683 96.058969676965518
842.0496130135506 96.137328686214772
854.2975066688449 96.219187232792578
866.7235500396347 96.304383175275916
879.3303343732008 96.392312340612406
892.1204886073838 96.483030168352911
905.0966799188055 96.576663291074624
918.2616142790653 96.673962107092990
931.6180370190256 96.775153437184088
945.1687334013056 96.879557683860114
958.9165292011028 96.986474623358589
972.8642912954606 97.096578615648639
987.0149282611097 97.210081538714320
1001.3713909810035 97.325516840880724
1015.9366732596762 97.442524608519392
1030.7138124475518 97.561159512977014
1045.7058900743334 97.679880575270545
1060.916032491606 97.799053450185369
1076.3474115247852 97.917740327588376
1092.0032451345498 98.037525961076398
1107.8867980878947 98.165874711977082
1124.0013826389438 98.308235088445727
1140.350359219667 98.460142891147768
1156.9371371406426 98.608596314526437
1173.765175302013 98.752342049328860
1190.837982914782 98.887202790337923
1208.1591202326028 99.021193401744512
1225.73219929421 99.152036128157533
1243.5608846766518 99.282779820962105
1261.648894259477 99.414648631618860
1280.0000000000375 99.547500000000269
1298.6180287200684 99.680219947590203
1317.5068629037087 99.814548040325960
1336.6704415071292 99.948693090549909
1356.112760779938 100.082372411342575
1375.8378750985323 100.216301603792544
1395.8498978115715 100.349901820446945
1416.153002097749 100.483571380441873
1436.7514218360407 100.618553027480161
1457.6494524886093 100.754262474026632
1478.8514519965543 100.890726321817880
1500.3618416886875 101.028801313140050
1522.1851072035295 101.167597281814437
1544.3257994247153 101.307639052364195
1566.788535430007 101.449267773209044
1589.5779994541087 101.591675156604566
1612.6989438654878 101.735487430843335
1636.156190157402 101.881168378975900
1659.9546299533442 102.028718705710730
1684.099226027109 102.178233216847531
1708.5950133376978 102.329273381893472
1733.4471000792773 102.481865194486758
1758.6606687464096 102.636330079353101
1784.2409772147755 102.792000321921535
1810.193359837619 102.949067893419226
1836.5232285581387 103.107639371348839
1863.2360740380593 103.266857558305304
1890.3374668026197 103.426991054135456
1917.833058402214 103.587431738732846
1945.7285825909298 103.747982064071934
1974.0298565222283 103.908989585046257
2002.7427819620161 104.068993874725692
2031.8733465193618 104.227959958994603
2061.4276248951132 104.384899855706337
2091.411780148677 104.540058900743389
2121.832064983222 104.691931316793216
2152.694823049581 104.840165668333029
2184.0064902691106 104.986529206211003
2215.7735961758003 105.126129293603739
2248.002765277899 105.262411199375492
2280.7007184393456 105.392341075376834
2313.874274281297 105.515716149507981
2347.530350604038 105.632518847033595
2381.6759658295764 105.741153594925947
2416.318240465218 105.843463043977039
2451.4643985884327 105.935929301453427
2487.1217693533167 106.020738618222396
2523.2977885189675 106.095221909968473
2560.0000000000887 106.161000000000143
2597.236057440151 106.217268677544212
2635.0137258074315 106.264515098388173
2673.340883014273 106.301131511599806
2712.225521559891 106.329946589013929
2751.6757501970797 106.349254087588690
2791.699795623158 106.360132454015201
2832.3060041955137 106.362646120083909
2873.502843672097 106.359239545012457
2915.2989049772345 106.349951361357512
2957.7029039931244 106.335187751282959
3000.723683377391 106.316647204353529
3044.370214407075 106.295314892796455
3088.6515988494466 106.272707910604026
3133.57707086003 106.249416751184242
3179.1559989082334 106.227296680513120
3225.3978877309914 106.207340844907606
3272.3123803148205 106.191029409708705
3319.9092599067053 106.179018148018656
3368.198452054235 106.172272061917823
3417.190026675413 106.172719002667549
3466.8942001585724 106.180392492041221
3517.3213374928373 106.196448175121930
3568.4819544295697 106.221958811746333
3620.386719675257 106.257605508543463
3673.0464571162966 106.303585527973979
3726.472148076138 106.360707691768312
3780.6749336052594 106.429849373704315
3835.6661168044484 106.507625819878854
3891.45716518188 106.596306644397259
3948.059713044477 106.690762146142973
4005.4855639240527 106.791008310801686
4063.746693038744 106.891744488397904
4122.855249790247 106.989901843426622
4182.823560297375 107.081771469825782
4243.664129966465 107.163037087883779
4305.389646099183 107.229197548019982
4368.012980538242 107.274609086376756
4431.5471923516225 107.290947175285396
4496.00553055582 107.277598479097151
4561.401436878714 107.222433815553131
4627.748548562617 107.129954901540913
4695.060701208099 106.990417941230959
4763.351931659176 106.809727528094868
4832.63648093046 106.587514127887573
4902.928797176889 106.323960839763060
4974.243538706657 106.029752783561378
5046.595577037959 105.705534012694841
5120.000000000202 105.362214285713321
5194.472114880326 105.003810242830411
5270.027451614888 104.638304874385568
5346.6817660285715 104.272928655515003
5424.451043119808 103.913247753804882
5503.351500394186 103.566064219722307
5583.399591246343 103.237231655452320
5664.612008391055 102.932227809120917
5747.005687344222 102.649466544568000
5830.597809954497 102.392132110226953
5915.405807986278 102.162604467391986
6001.447366754812 101.962740957123643
6088.740428814181 101.799639630241188
6177.303197698925 101.673626208442698
6267.154141720092 101.584981973238172
6358.3119978165005 101.538090800764223
6450.795775462017 101.530357429687371
6544.624760629676 101.566452342015594
6639.818519813445 101.652773149766801
6736.396904108505 101.789692752463907
6834.380053350861 101.962306400566376
6933.788400317181 102.154590452643873
7034.642674985712 102.362269257594789
7136.963908859177 102.577384930427087
7240.773439350552 102.783930862798513
7346.092914232631 102.959182402781494
7452.944296152315 103.078884879883361
7561.349867210557 103.116233126659864
7671.332233608935 103.061008859707442
7782.914330363799 102.905848034669575
7896.119426088994 102.643320822167453
8010.971127848146 102.269981192869025
8127.49338607753 101.803232169053132
8245.710499580537 101.262616215379779
8365.647120594791 100.674549922614844
8487.328259932974 100.070489107916501
8610.77929219841 99.475759397447632
8736.025961076528 98.916969487995232
8863.094384703289 98.411260852263766
8992.011061111683 97.970795541201753
9122.802873757471 97.609243328513500
9255.497097125279 97.340959487143380
9390.121402416245 97.176692333852287
9526.7038633184 97.134736480938727
9665.272961860968 97.231618498512304
9805.857594353829 97.483495616870954
9948.487077413367 97.916548558203900
10093.19115407597 98.572198319100863
10240.000000000457 99.415300000002844
10388.944229760706 100.352295858980483
10540.05490322983 101.167081697398757
10693.363532057198 101.661109170375923
10848.902086239672 101.709642129803441
11006.703000788428 101.353891678899501
11166.799182492743 100.736907792236480
11329.224016782166 99.971353074628226
11494.0113746885 99.207273197772793
11661.195619909053 98.591635987331955
11830.811615972614 98.036910131717505
12002.894733509682 97.491869949826054
12177.48085762842 96.863314017537419
12354.606395397908 96.127048807933079
12534.308283440243 95.385684386865464
12716.62399563306 94.721417454294453
12901.591550924093 94.230368427087271
13089.249521259411 93.827439956495866
13279.637039626952 93.560123034732015
13472.793808217073 93.426794229041846
13668.760106701786 93.374467789863331
13867.576800634426 93.355411261938144
14069.285349971487 93.317557274010269
14273.927817718419 93.243885985621375
14481.54687870117 93.093347301809843
14692.18582846533 92.843764545958436
14905.888592304698 92.514224936774212
15122.699734421185 92.110637335406892
15342.664467217943 91.642910343677528
15565.828660727671 91.126511214253583
15792.238852178061 90.578142570215647
16021.942255696367 89.992508455776743
16254.986772155136 89.325496429735466
16491.42099916115 88.495612292944372
16731.294241189662 87.397383194186148
16974.65651986603 85.964408819923023
17221.558584396902 84.236775347769225
17472.051922153143 82.325588407109421
17726.188769406665 80.347132353705632
17984.022122223458 78.403993862101828
18245.605747515034 76.596688514571724
18510.99419425065 74.961536721203345
18780.242804832582 73.456511587554587
19053.40772663689 72.074040080064037
19330.545923722028 71.173304507698091
19611.71518870775 71.865058232460882
19896.974154826825 74.213696832687248
20186.382308152035 75.191000000000003
