20 93.969500000000011
20.290906698750476 93.992772613475410
20.586044732869844 94.015430099753019
20.885475648548283 94.038386466388701
21.189261887185914 94.061194569223716
21.49746679841394 94.083444526748309
21.810154653305165 94.105660114164266
22.12739065777668 94.125643439466600
22.449240966187475 94.144872380119665
22.77577269513385 94.163793743703394
23.107053937445478 94.182744833833766
23.44315377638505 94.202112076954904
23.784142300054445 94.222048538003264
24.130090616010463 94.242155007730602
24.481070866093134 94.258969177130453
24.837156241469714 94.272343263790759
25.1984209978975 94.282956577442178
25.56494047120865 94.292829698193472
25.936791093020236 94.302761763749231
26.3140504066728 94.313991742539358
26.69679708340074 94.328863876044522
27.08511093873791 94.347372550490860
27.47907294916184 94.370942040427707
27.878765268980047 94.397316655656155
28.284271247461966 94.425398987322339
28.695675446220072 94.453610254896745
29.11306365684382 94.480783819410632
29.536522918790062 94.505899191777090
29.966141537533712 94.528239359951755
30.402009102982383 94.549090409332848
30.844216508158908 94.569169983927310
31.29285596815558 94.589678518567013
31.74802103936409 94.609416883653296
32.20980663898519 94.628182458920421
32.67830906482211 94.646275744463253
33.153626015361866 94.664184162568375
33.63585661014871 94.681754981355198
34.125101410453844 94.698753447955440
34.62146244024586 94.715265335647615
35.12504320746613 94.730751296223985
35.635948725613716 94.745942513042792
36.15428553564419 94.760974280533674
36.68016172818701 94.776224690117431
37.21368696608603 94.791696922016499
37.754972507267915 94.807467041331364
38.30413122794313 94.823623906838293
38.86127764614443 94.840439103462046
39.4265279456077 94.857749915521623
40.000000000000206 94.874499999999998
40.58181339750116 94.890499921764359
41.1720894657399 94.904348734123602
41.77095129709678 94.918322218006324
42.37852377437204 94.931396941740914
42.9949335968281 94.945136043048763
43.62030930661056 94.958339764688901
44.25478131555359 94.971095590460223
44.89848193237519 94.983969631879603
45.55154539026795 94.995846815916096
46.21410787489121 95.006711603828705
46.88630755277036 95.016732977563890
47.56828460010916 95.026475492893724
48.260181232021196 95.036282343016268
48.962141732186545 95.045370376027577
49.674312482939705 95.054428892466390
50.39684199579528 95.063212504590695
51.129880942417586 95.071534444333835
51.873582186040764 95.079502660560919
52.628100813345895 95.087281003484719
53.393594166801776 95.094689949926206
54.17022187747612 95.101673334416461
54.95814589832399 95.108099712630093
55.75753053796041 95.113833020364751
56.56854249492426 95.118911254969547
57.39135089244048 95.123456754462211
58.226127313687975 95.127404509254745
59.073045837580466 95.130755660431532
59.932283075067765 95.133762990762733
60.804018205965114 95.137008612571904
61.68843301631817 95.138903784458137
62.58571193631152 95.140241069636531
63.49604207872855 95.140500000000003
64.41961327797075 95.140500000000003
65.35661812964459 95.140143381870359
66.3072520307241 95.139192747969275
67.27171322029778 95.138092430169564
68.25020282090806 95.136374492947738
69.2429248804921 95.133892687798777
70.25008641493265 95.131249740755209
71.27189745122783 95.127912410195080
72.30857107128878 95.123611430179196
73.36032345637442 95.118878544446318
74.42737393217246 95.113435756406972
75.50994501453623 95.106812835691244
76.60826245588666 95.099987602992371
77.72255529228926 95.093130432131062
78.85305589121582 95.086212629454153
80.00000000000082 95.079999999999998
81.16362679500274 95.072727314349521
82.34417893148023 95.063698620837954
83.541902594194 95.054485383155310
84.75704754874454 95.044923378380886
85.98986719365665 95.035163531792392
87.24061861322157 95.024294522357224
88.50956263110764 95.012907561232623
89.79696386475084 95.000462682640745
91.10309078053635 94.987009442309684
92.42821574978288 94.972773059372201
93.77261510554118 94.958294945875053
95.13656920021877 94.943520496632203
96.52036246404286 94.928549918348949
97.92428346437356 94.913757175147396
99.34862496587989 94.899513766625617
100.79368399159105 94.885856844075676
102.25976188483567 94.873421904921315
103.74716437208203 94.859494678878150
105.25620162669229 94.838051613239088
106.78718833360406 94.810805817772717
108.34044375495276 94.786013935348976
109.9162917966485 94.768409753668607
111.51506107592134 94.751868958989490
113.13708498984903 94.733234030561704
114.78270178488147 94.713625693330243
116.45225462737648 94.692186675763537
118.14609167516147 94.669780528612364
119.86456615013608 94.643672915544400
121.60803641193078 94.620979577464254
123.3768660326369 94.607320884373735
125.17142387262359 94.596128609019004
126.99208415745765 94.579923046215484
128.83922655594208 94.565742541316183
130.71323625928977 94.559585080862348
132.61450406144883 94.543167935016811
134.5434264405962 94.512576890170749
136.50040564181674 94.486872464738653
138.48584976098482 94.473370277031634
140.50017282986593 94.453997753211752
142.5437949024563 94.427430666268066
144.61714214257822 94.409371433930659
146.7206469127495 94.397208506671149
148.8547478643456 94.382432966658101
151.01989002907314 94.363709055720904
153.216524911774 94.341188311023416
155.4451105845792 94.315514761452718
157.70611178243232 94.290109103323772
160.00000000000236 94.263499999999965
162.3272535900062 94.234176604765935
164.6883578629612 94.206177377217060
167.08380518838874 94.176244054626295
169.51409509748981 94.145219582752134
171.97973438731407 94.114451293597313
174.4812372264439 94.083432658392098
177.01912526221608 94.048328421276523
179.5939277295025 94.013022582878762
182.20618156107355 93.979702112330472
184.85643149956664 93.943009959006076
187.54523021108326 93.900893915171480
190.27313840043846 93.865050105275259
193.04072492808663 93.834835735819809
195.84856692874806 93.800959489769028
198.69724993176072 93.760780701009935
201.58736798318304 93.717689480252261
204.5195237696723 93.672694127608466
207.49432874416505 93.630073726325861
210.5124032533856 93.593359429794958
213.57437666720915 93.551703567491444
216.68088750990657 93.486355585720787
219.83258359329807 93.416725015049110
223.03012215184378 93.352018791694135
226.2741699796992 93.286637572076060
229.5654035697641 93.215133554203561
232.90450925475412 93.134823608134326
236.2921833503241 93.083872910176666
239.72913230027333 93.035326006258643
243.21607282386276 92.943571833490083
246.75373206527502 92.838326471058082
250.34284774524843 92.755400180903962
253.9841683149166 92.685304759937850
257.67845311188546 92.635340882989539
261.42647251858085 92.622005509638726
265.22900812289896 92.665026731502621
269.08685288119375 92.776422855133916
273.0008112836349 92.972051922152644
276.97169952197106 93.243800823241870
281.00034565973334 93.583131316771841
285.0875898049141 93.953961175154703
289.23428428515797 94.354531861946271
293.44129382550057 94.732022115409151
297.7094957286928 95.014728971057934
302.0397800581479 95.192574061569985
306.4330498235497 95.281995747353250
310.89022116916016 95.318704103476421
315.41222356486645 95.310528090031596
320.00000000000654 95.238499999999846
324.6545071800142 95.126791827679654
329.3767157259242 95.038406102215589
334.16761037677935 94.961568517084558
339.02819019498156 94.885257413938788
343.95946877463007 94.818922852807276
348.9624744528898 94.774988946712739
354.03825052443415 94.756096723584022
359.187855459007 94.761456925372116
364.4123631221491 94.781973161425242
369.71286299913527 94.802880165696621
375.0904604221685 94.811338463531825
380.54627680087896 94.801595934284137
386.08144985617537 94.783490490546541
391.6971338574982 94.752697909453289
397.3944998635236 94.717456850914402
403.1747359663683 94.679893338879666
409.0390475393468 94.643765714763930
414.9886574883323 94.607569945488621
421.0248065067734 94.572147506605120
427.1487533344206 94.537465605549215
433.3617750198154 94.500238906126157
439.6651671865984 94.462460842304196
446.06024430368984 94.428042152532171
452.54833995940066 94.398551806166466
459.13080713953053 94.373747117358818
465.8090185095106 94.351755526262338
472.58436670065066 94.332229264191042
479.45826460054917 94.314035891027160
486.432145647728 94.296862850445450
493.50746413055253 94.279231339673629
500.6856954904994 94.261785761273757
507.9683366298358 94.243579158425405
515.3569062237735 94.223954774630386
522.8529450371643 94.202101092082984
530.4580162458005 94.180769081339406
538.1737057623901 94.160078143148482
546.0016225672724 94.141067488050908
553.9433990439449 94.122005889710877
562.0006913194694 94.103298375399248
570.1751796098309 94.084088327916902
578.4685685703187 94.064598863859757
586.8825876510039 94.048267212845644
595.4189914573883 94.035455311105395
604.0795601162986 94.026440329912774
612.8660996471021 94.023152421453773
621.780442338323 94.029296125028452
630.8244471297356 94.047385564954070
640.0000000000159 94.079500000000081
649.3090143600314 94.130234128262174
658.7534314518515 94.200088407461479
668.3352207535618 94.291185163384910
678.0563803899662 94.404982202718585
687.9189375492632 94.535405656915060
697.9249489057827 94.672864294899796
708.0765010488715 94.807705988792662
718.3757109180171 94.936440029837513
728.8247262443015 95.057984351809466
739.425725998274 95.166228546282653
750.1809208443404 95.259871983069587
761.0925536017613 95.342618531480014
772.1628997123541 95.420640297986481
783.3942677149998 95.500228443356733
794.7889997270506 95.586180497861903
806.34947193274 95.684938931386256
818.0780950786972 95.800553771213970
829.9773149766683 95.931887733380151
842.0496130135506 96.078813703051722
854.2975066688449 96.242844156141700
866.7235500396347 96.418764775568604
879.3303343732008 96.601155915286057
892.1204886073838 96.790357930629767
905.0966799188055 96.981826582149239
918.2616142790653 97.169921768588495
931.6180370190256 97.353852579527540
945.1687334013056 97.531303956416536
958.9165292011028 97.697269218112950
972.8642912954606 97.857603635182755
987.0149282611097 98.021558012879041
1001.3713909810035 98.182448161692932
1015.9366732596762 98.341334628298426
1030.7138124475518 98.504147990509495
1045.7058900743334 98.664465154845317
1060.916032491606 98.824587806745484
1076.3474115247852 98.985653770117835
1092.0032451345498 99.143782045703688
1107.8867980878947 99.300531052648964
1124.0013826389438 99.457957733140972
1140.350359219667 99.613751164611159
1156.9371371406426 99.761542287772883
1173.765175302013 99.908555607349001
1190.837982914782 100.056664968517453
1208.1591202326028 100.204812741918971
1225.73219929421 100.348357594353672
1243.5608846766518 100.490417991929519
1261.648894259477 100.629808189322659
1280.0000000000375 100.769000000000261
1298.6180287200684 100.904113694139923
1317.5068629037087 101.040798726616330
1336.6704415071292 101.173942807436873
1356.112760779938 101.308580868401080
1375.8378750985323 101.442801603792560
1395.8498978115715 101.575609325556371
1416.153002097749 101.707186863530481
1436.7514218360407 101.839877885296559
1457.6494524886093 101.973803506877331
1478.8514519965543 102.107839799099125
1500.3618416886875 102.238171050132109
1522.1851072035295 102.369110643221177
1544.3257994247153 102.503114344513776
1566.788535430007 102.637223900454245
1589.5779994541087 102.772593316757408
1612.6989438654878 102.909931726560998
1636.156190157402 103.049714017141270
1659.9546299533442 103.193024150116329
1684.099226027109 103.339277340683196
1708.5950133376978 103.486913880559698
1733.4471000792773 103.638034136488344
1758.6606687464096 103.794388999727445
1784.2409772147755 103.954478878275893
1810.193359837619 104.115902698189998
1836.5232285581387 104.279904946202777
1863.2360740380593 104.447122544959015
1890.3374668026197 104.618546288864650
1917.833058402214 104.792348267933946
1945.7285825909298 104.967260927019225
1974.0298565222283 105.145388096090045
2002.7427819620161 105.326642387262609
2031.8733465193618 105.508521081094074
2061.4276248951132 105.690208511860192
2091.411780148677 105.872876562215481
2121.832064983222 106.052942770404371
2152.694823049581 106.227432323789543
2184.0064902691106 106.401835371966655
2215.7735961758003 106.571219870066358
2248.002765277899 106.736446791019105
2280.7007184393456 106.893258340742960
2313.874274281297 107.042890617314256
2347.530350604038 107.181452712375886
2381.6759658295764 107.307449678694994
2416.318240465218 107.424174428139850
2451.4643985884327 107.524648961241695
2487.1217693533167 107.611382529754735
2523.2977885189675 107.680562352264673
2560.0000000000887 107.734000000000108
2597.236057440151 107.769203437336103
2635.0137258074315 107.786502287634562
2673.340883014273 107.781705974058042
2712.225521559891 107.759460433470750
2751.6757501970797 107.716280993518438
2791.699795623158 107.654987832112369
2832.3060041955137 107.573334331147464
2873.502843672097 107.475597691762715
2915.2989049772345 107.362674208416706
2957.7029039931244 107.236196649142130
3000.723683377391 107.097503292347994
3044.370214407075 106.946194391227749
3088.6515988494466 106.783789649300189
3133.57707086003 106.614112417346149
3179.1559989082334 106.438083164246976
3225.3978877309914 106.256170385707975
3272.3123803148205 106.070589221559601
3319.9092599067053 105.883256608566654
3368.198452054235 105.694208021509013
3417.190026675413 105.503802696499406
3466.8942001585724 105.311626271391077
3517.3213374928373 105.118852130902155
3568.4819544295697 104.926801588154888
3620.386719675257 104.737311676365835
3673.0464571162966 104.549415541808315
3726.472148076138 104.361876924695025
3780.6749336052594 104.176581652416559
3835.6661168044484 103.992615136881398
3891.45716518188 103.811739393265142
3948.059713044477 103.631672537877250
4005.4855639240527 103.454589021260546
4063.746693038744 103.280509700419685
4122.855249790247 103.107291156853037
4182.823560297375 102.935073862879520
4243.664129966465 102.764285692308420
4305.389646099183 102.594640053611414
4368.012980538242 102.424881511042258
4431.5471923516225 102.257279185873216
4496.00553055582 102.089385620554864
4561.401436878714 101.920600580619890
4627.748548562617 101.749612058689280
4695.060701208099 101.576664906170549
4763.351931659176 101.399808122984027
4832.63648093046 101.216507866297064
4902.928797176889 101.025210602069436
4974.243538706657 100.825120551863478
5046.595577037959 100.613460603025047
5120.000000000202 100.391071428570797
5194.472114880326 100.155871574419521
5270.027451614888 99.907033380235305
5346.6817660285715 99.645656146163745
5424.451043119808 99.370793752219555
5503.351500394186 99.079312955667476
5583.399591246343 98.768552851803392
5664.612008391055 98.431806504715610
5747.005687344222 98.067243895090030
5830.597809954497 97.670246004978651
5915.405807986278 97.236845085115405
6001.447366754812 96.763605272822105
6088.740428814181 96.255682290383689
6177.303197698925 95.722255471195851
6267.154141720092 95.172680881964425
6358.3119978165005 94.622211133079162
6450.795775462017 94.090837425063114
6544.624760629676 93.605586139402732
6639.818519813445 93.201639717657599
6736.396904108505 92.921073820276007
6834.380053350861 92.801328099733240
6933.788400317181 92.861481236567755
7034.642674985712 93.090510133204418
7136.963908859177 93.444452981360854
7240.773439350552 93.856205358992469
7346.092914232631 94.258551703810497
7452.944296152315 94.600302915149527
7561.349867210557 94.852120992167158
7671.332233608935 95.023452615308457
7782.914330363799 95.129096507386805
7896.119426088994 95.184694035145398
8010.971127848146 95.210145669177223
8127.49338607753 95.228085139362548
8245.710499580537 95.253092605680507
8365.647120594791 95.296255678678861
8487.328259932974 95.365002553793687
8610.77929219841 95.474047684515199
8736.025961076528 95.637796286363965
8863.094384703289 95.849752289916466
8992.011061111683 96.103288420186317
9122.802873757471 96.398125767514188
9255.497097125279 96.736849586588278
9390.121402416245 97.114653344698397
9526.7038633184 97.525227040675674
9665.272961860968 97.960002844073159
9805.857594353829 98.404162400806399
9948.487077413367 98.838607604014555
10093.19115407597 99.236403372400062
10240.000000000457 99.572600000000946
10388.944229760706 99.812945156652347
10540.05490322983 99.928902108469728
10693.363532057198 99.944806681964934
10848.902086239672 99.869246581357018
11006.703000788428 99.698787120872225
11166.799182492743 99.441812876727141
11329.224016782166 99.101578807896630
11494.0113746885 98.703596326306069
11661.195619909053 98.211507506541849
11830.811615972614 97.635613121404646
12002.894733509682 96.929741410430481
12177.48085762842 96.109774009824022
12354.606395397908 95.092684476457009
12534.308283440243 93.937413820642291
12716.62399563306 92.644699391776783
12901.591550924093 91.281288076402546
13089.249521259411 89.883504280219185
13279.637039626952 88.524370852739523
13472.793808217073 87.319738770011142
13668.760106701786 86.499697172191688
13867.576800634426 86.411924939806525
14069.285349971487 87.362220795430773
14273.927817718419 89.055296145257046
14481.54687870117 91.066498630354573
14692.18582846533 92.856442269284031
14905.888592304698 94.258807363043900
15122.699734421185 95.212028737400004
15342.664467217943 95.539322045487310
15565.828660727671 94.946418365623472
15792.238852178061 93.177124207392410
16021.942255696367 90.298150993445688
16254.986772155136 86.886895348311512
16491.42099916115 83.752723235119788
16731.294241189662 81.139171841222137
16974.65651986603 78.826576652378520
17221.558584396902 76.820905613681518
17472.051922153143 75.108028536951167
17726.188769406665 73.576081577107971
17984.022122223458 72.119763717348619
18245.605747515034 70.700781694448636
18510.99419425065 69.374038535096759
18780.242804832582 68.279501603297774
19053.40772663689 67.638262059415183
19330.545923722028 67.727927288136542
19611.71518870775 68.665743779193932
19896.974154826825 70.185037994614888
20186.382308152035 71.724230656167776
