20 90.995499999999993
20.290906698750476 91.018772613475420
20.586044732869844 91.041906841051997
20.885475648548283 91.064886466388700
21.189261887185914 91.088176670762010
21.49746679841394 91.111810028156114
21.810154653305165 91.135261670189522
22.12739065777668 91.159054299333249
22.449240966187475 91.183110992150432
22.77577269513385 91.207056609498522
23.107053937445478 91.231529072071979
23.44315377638505 91.256020800944285
23.784142300054445 91.280120138878885
24.130090616010463 91.304823191891387
24.481070866093134 91.329448628550750
24.837156241469714 91.353643713243684
25.1984209978975 91.377893417358081
25.56494047120865 91.402221157431455
25.936791093020236 91.426391441589104
26.3140504066728 91.450533070188385
26.69679708340074 91.474299817712534
27.08511093873791 91.497798102099367
27.47907294916184 91.520895518002050
27.878765268980047 91.543680546380131
28.284271247461966 91.565850647362950
28.695675446220072 91.587870798649661
29.11306365684382 91.609766246499035
29.536522918790062 91.631253100101929
29.966141537533712 91.651874793801625
30.402009102982383 91.671593757826656
30.844216508158908 91.692169983927315
31.29285596815558 91.712919588527200
31.74802103936409 91.733660946771380
32.20980663898519 91.754651105393322
32.67830906482211 91.775845598852172
33.153626015361866 91.797066796706645
33.63585661014871 91.819113547456695
34.125101410453844 91.841129563470417
34.62146244024586 91.863222884930579
35.12504320746613 91.884876857921043
35.635948725613716 91.906709846475778
36.15428553564419 91.928171421425759
36.68016172818701 91.949206469127489
37.21368696608603 91.970547478643454
37.754972507267915 91.992563131639486
38.30413122794313 92.015269339345664
38.86127764614443 92.038051871939444
39.4265279456077 92.061015194059308
40.000000000000206 92.083500000000015
40.58181339750116 92.104348382905073
41.1720894657399 92.124069620176556
41.77095129709678 92.142604359508354
42.37852377437204 92.161268949828639
42.9949335968281 92.180260503437211
43.62030930661056 92.199542851739565
44.25478131555359 92.218643385690342
44.89848193237519 92.237954447819419
45.55154539026795 92.258046359498962
46.21410787489121 92.277923207657437
46.88630755277036 92.298089252884182
47.56828460010916 92.318450985787422
48.260181232021196 92.338185046496591
48.962141732186545 92.357802481393080
49.674312482939705 92.377086377763874
50.39684199579528 92.395421062296208
51.129880942417586 92.414218296023478
51.873582186040764 92.433606385346224
52.628100813345895 92.452970071429576
53.393594166801776 92.471847873146388
54.17022187747612 92.489962225110560
54.95814589832399 92.507644644684831
55.75753053796041 92.524847517491054
56.56854249492426 92.542507934888334
57.39135089244048 92.560414044187468
58.226127313687975 92.578248673587439
59.073045837580466 92.595924393832831
59.932283075067765 92.612679519963820
60.804018205965114 92.628068900575258
61.68843301631817 92.643230275665061
62.58571193631152 92.658267810549830
63.49604207872855 92.672936673259642
64.41961327797075 92.688133425725511
65.35661812964459 92.703884199139139
66.3072520307241 92.719569658506941
67.27171322029778 92.735075698304470
68.25020282090806 92.749252636671798
69.2429248804921 92.761915098565908
70.25008641493265 92.773875993771725
71.27189745122783 92.785490871963503
72.30857107128878 92.797357138391106
73.36032345637442 92.811404851845623
74.42737393217246 92.827196922016498
75.50994501453623 92.841024418135191
76.60826245588666 92.852111570698455
77.72255529228926 92.861968753811595
78.85305589121582 92.871920003105458
80.00000000000082 92.881000000000000
81.16362679500274 92.889727222780579
82.34417893148023 92.897041103329641
83.541902594194 92.905613886002442
84.75704754874454 92.916272930295804
85.98986719365665 92.927986250988170
87.24061861322157 92.940806430276311
88.50956263110764 92.955121126660700
89.79696386475084 92.971428208953512
91.10309078053635 92.986409802305531
92.42821574978288 92.998364986944267
93.77261510554118 93.006341993281211
95.13656920021877 93.012012135781163
96.52036246404286 93.016985737614576
97.92428346437356 93.020979113427515
99.34862496587989 93.024371558343589
100.79368399159105 93.027322806652649
102.25976188483567 93.030272777731284
103.74716437208203 93.033334220186973
105.25620162669229 93.035837813588969
106.78718833360406 93.038049584444806
108.34044375495276 93.040120591673272
109.9162917966485 93.042145366177522
111.51506107592134 93.043980423323603
113.13708498984903 93.045763425660795
114.78270178488147 93.048137835402713
116.45225462737648 93.052130641519312
118.14609167516147 93.056252851170740
119.86456615013608 93.059227136203802
121.60803641193078 93.059779973591517
123.3768660326369 93.057205221093426
125.17142387262359 93.054942858709126
126.99208415745765 93.054007915842547
128.83922655594208 93.050961878364149
130.71323625928977 93.046410711941732
132.61450406144883 93.041617365861754
134.5434264405962 93.037549003728955
136.50040564181674 93.032247768970009
138.48584976098482 93.018534190188916
140.50017282986593 92.997498617361074
142.5437949024563 92.981149640780359
144.61714214257822 92.977499999999992
146.7206469127495 92.978532388147642
148.8547478643456 92.977645252135659
151.01989002907314 92.973032373901162
153.216524911774 92.964703985405833
155.4451105845792 92.953562270141788
157.70611178243232 92.938680884592429
160.00000000000236 92.923999999999992
162.3272535900062 92.915156436357975
164.6883578629612 92.902245195967424
167.08380518838874 92.879661948116109
169.51409509748981 92.859387239220084
171.97973438731407 92.845601328063424
174.4812372264439 92.832301318977201
177.01912526221608 92.818596723584037
179.5939277295025 92.811393358995105
182.20618156107355 92.808293818438926
184.85643149956664 92.804700995900603
187.54523021108326 92.800981907915570
190.27313840043846 92.799945372319911
193.04072492808663 92.799175565043157
195.84856692874806 92.798169713385761
198.69724993176072 92.801852299808928
201.58736798318304 92.818728066526518
204.5195237696723 92.854812380314755
207.49432874416505 92.909133739255381
210.5124032533856 92.968483594605431
213.57437666720915 93.018147679174120
216.68088750990657 93.041425768814392
219.83258359329807 93.048625562305034
223.03012215184378 93.031076797626895
226.2741699796992 93.003895385192862
229.5654035697641 92.967497858947723
232.90450925475412 92.918932361178690
236.2921833503241 92.861496360125699
239.72913230027333 92.802638609357814
243.21607282386276 92.742880780200295
246.75373206527502 92.683624987906654
250.34284774524843 92.629100106897795
253.9841683149166 92.587680085417816
257.67845311188546 92.573705800830425
261.42647251858085 92.592202216981832
265.22900812289896 92.628847333259714
269.08685288119375 92.668151396608948
273.0008112836349 92.694628752186816
276.97169952197106 92.711658023446404
281.00034565973334 92.730002938107731
285.0875898049141 92.765532821585992
289.23428428515797 92.838099974990257
293.44129382550057 92.946823838966367
297.7094957286928 93.099463627439192
302.0397800581479 93.288889552762029
306.4330498235497 93.501219441353939
310.89022116916016 93.712812950242821
315.41222356486645 93.896454483381135
320.00000000000654 94.029500000000070
324.6545071800142 94.085819536878176
329.3767157259242 94.087373970564443
334.16761037677935 94.057409966324869
339.02819019498156 94.011218098050193
343.95946877463007 93.952798534072059
348.9624744528898 93.890865316784158
354.03825052443415 93.839232794965426
359.187855459007 93.810735864888571
364.4123631221491 93.816265962556514
369.71286299913527 93.858030621792565
375.0904604221685 93.927201831323089
380.54627680087896 93.999686248925968
386.08144985617537 94.055733048705576
391.6971338574982 94.084549960626561
397.3944998635236 94.101633949849870
403.1747359663683 94.097621405406201
409.0390475393468 94.078077540034556
414.9886574883323 94.053543479628075
421.0248065067734 94.032709522872054
427.1487533344206 94.013337488885270
433.3617750198154 93.991643343675690
439.6651671865984 93.968671914846908
446.06024430368984 93.947147580063614
452.54833995940066 93.927864648113683
459.13080713953053 93.910968039804004
465.8090185095106 93.892890362680589
472.58436670065066 93.870782171312058
479.45826460054917 93.847532968841023
486.432145647728 93.823044275668181
493.50746413055253 93.793110868011922
500.6856954904994 93.763257218038007
507.9683366298358 93.734126653480658
515.3569062237735 93.700266455484524
522.8529450371643 93.663841892943822
530.4580162458005 93.626881674863171
538.1737057623901 93.591329992059343
546.0016225672724 93.561565865483630
553.9433990439449 93.536141502390137
562.0006913194694 93.517498790190928
570.1751796098309 93.503342338351160
578.4685685703187 93.495878288286718
586.8825876510039 93.495876517530206
595.4189914573883 93.506796083769046
604.0795601162986 93.529778460407044
612.8660996471021 93.566787762596846
621.780442338323 93.617198336720065
630.8244471297356 93.685296357098153
640.0000000000159 93.766500000000150
649.3090143600314 93.856331988574311
658.7534314518515 93.951847329236301
668.3352207535618 94.054937145176140
678.0563803899662 94.166051193504117
687.9189375492632 94.283923197468624
697.9249489057827 94.400929407307075
708.0765010488715 94.515860636799800
718.3757109180171 94.634658246648996
728.8247262443015 94.762926605429328
739.425725998274 94.900977010577378
750.1809208443404 95.042882124450472
761.0925536017613 95.186551955756528
772.1628997123541 95.334917384600459
783.3942677149998 95.486322614152499
794.7889997270506 95.634776871531272
806.34947193274 95.777987347184478
818.0780950786972 95.917333184955595
829.9773149766683 96.052559029551929
842.0496130135506 96.184877009273492
854.2975066688449 96.319451636135170
866.7235500396347 96.454823975422272
879.3303343732008 96.588035477481299
892.1204886073838 96.722714528858518
905.0966799188055 96.860864585800599
918.2616142790653 96.999042793338049
931.6180370190256 97.134934910075600
945.1687334013056 97.267102967312411
958.9165292011028 97.392505718709828
972.8642912954606 97.514435762798996
987.0149282611097 97.638361678597420
1001.3713909810035 97.760565397273126
1015.9366732596762 97.883430500265263
1030.7138124475518 98.008414445994006
1045.7058900743334 98.132840138437373
1060.916032491606 98.260816810595031
1076.3474115247852 98.392138601938228
1092.0032451345498 98.521338968128674
1107.8867980878947 98.651268241163123
1124.0013826389438 98.785733705806791
1140.350359219667 98.920019420684113
1156.9371371406426 99.047920475047732
1173.765175302013 99.179342049328852
1190.837982914782 99.315661749576435
1208.1591202326028 99.450151173006958
1225.73219929421 99.558205629922014
1243.5608846766518 99.638259940320694
1261.648894259477 99.665648894259476
1280.0000000000375 99.681000000000111
1298.6180287200684 99.733396452255050
1317.5068629037087 99.788274020162987
1336.6704415071292 99.849511890747465
1356.112760779938 99.904310092144840
1375.8378750985323 99.955782528378720
1395.8498978115715 100.008105981755364
1416.153002097749 100.070151173309540
1436.7514218360407 100.138811475247451
1457.6494524886093 100.215802974207861
1478.8514519965543 100.294019285267453
1500.3618416886875 100.372309866913042
1522.1851072035295 100.451310088076781
1544.3257994247153 100.529526813974996
1566.788535430007 100.605237937627635
1589.5779994541087 100.675650878384175
1612.6989438654878 100.737993380786406
1636.156190157402 100.790366132708513
1659.9546299533442 100.832631037529083
1684.099226027109 100.864599226027110
1708.5950133376978 100.884797506668860
1733.4471000792773 100.895027304019038
1758.6606687464096 100.900732133749287
1784.2409772147755 100.906772293164437
1810.193359837619 100.917004414312316
1836.5232285581387 100.934909976559993
1863.2360740380593 100.962383288845672
1890.3374668026197 101.000119698876034
1917.833058402214 101.045316199283775
1945.7285825909298 101.096469735270944
1974.0298565222283 101.154962698696693
2002.7427819620161 101.219671259414540
2031.8733465193618 101.285121362342593
2061.4276248951132 101.350283537258761
2091.411780148677 101.419294153680241
2121.832064983222 101.490076344587663
2152.694823049581 101.556365701963514
2184.0064902691106 101.620012980538220
2215.7735961758003 101.682167002686214
2248.002765277899 101.741437803865935
2280.7007184393456 101.790197552741859
2313.874274281297 101.827180560567228
2347.530350604038 101.857108625503372
2381.6759658295764 101.883756974372176
2416.318240465218 101.910282621697746
2451.4643985884327 101.942464398588442
2487.1217693533167 101.985541202739753
2523.2977885189675 102.049721909968468
2560.0000000000887 102.127750000000205
2597.236057440151 102.213720185702357
2635.0137258074315 102.304283628228205
2673.340883014273 102.400227490648717
2712.225521559891 102.499175079977718
2751.6757501970797 102.598585322370155
2791.699795623158 102.693994519714408
2832.3060041955137 102.784896269272082
2873.502843672097 102.876881398262213
2915.2989049772345 102.969086667601502
2957.7029039931244 103.057866604706732
3000.723683377391 103.140829768205947
3044.370214407075 103.220793549025956
3088.6515988494466 103.297974573058440
3133.57707086003 103.370544459833042
3179.1559989082334 103.437401518449690
3225.3978877309914 103.499763275172981
3272.3123803148205 103.555151123133712
3319.9092599067053 103.601024685722564
3368.198452054235 103.637465024794167
3417.190026675413 103.663172708802875
3466.8942001585724 103.674844710007932
3517.3213374928373 103.673728586001147
3568.4819544295697 103.661661676861058
3620.386719675257 103.636137030620830
3673.0464571162966 103.593875401168361
3726.472148076138 103.537821751193206
3780.6749336052594 103.468931519627063
3835.6661168044484 103.389307568440699
3891.45716518188 103.291426742460104
3948.059713044477 103.181759305976328
4005.4855639240527 103.055154637811185
4063.746693038744 102.918351824497080
4122.855249790247 102.773647731790106
4182.823560297375 102.618755377470052
4243.664129966465 102.451878386377700
4305.389646099183 102.276177928233167
4368.012980538242 102.093312031925649
4431.5471923516225 101.905935782562722
4496.00553055582 101.707849568031605
4561.401436878714 101.498922596162345
4627.748548562617 101.289414928217866
4695.060701208099 101.080419402692101
4763.351931659176 100.869776608439508
4832.63648093046 100.658837827590020
4902.928797176889 100.449095254022296
4974.243538706657 100.240123012105585
5046.595577037959 100.029290381876947
5120.000000000202 99.817142857142272
5194.472114880326 99.608384026115658
5270.027451614888 99.403863895357574
5346.6817660285715 99.203002691438741
5424.451043119808 99.005872392200473
5503.351500394186 98.809002331160201
5583.399591246343 98.608604774438845
5664.612008391055 98.407731399316049
5747.005687344222 98.205336066006652
5830.597809954497 98.000841343711016
5915.405807986278 97.793755770433620
6001.447366754812 97.582972043535150
6088.740428814181 97.370273244308407
6177.303197698925 97.154997211319056
6267.154141720092 96.936061779557278
6358.3119978165005 96.717509005185804
6450.795775462017 96.501415737560052
6544.624760629676 96.289156155205262
6639.818519813445 96.085668404778701
6736.396904108505 95.898349541645771
6834.380053350861 95.730179515705643
6933.788400317181 95.581899311581324
7034.642674985712 95.460723391888934
7136.963908859177 95.373712737418714
7240.773439350552 95.319933163424054
7346.092914232631 95.293507921149768
7452.944296152315 95.289147214807613
7561.349867210557 95.297123737827633
7671.332233608935 95.299538524984101
7782.914330363799 95.283859765107650
7896.119426088994 95.240992522969748
8010.971127848146 95.166945976165579
8127.49338607753 95.064016661755858
8245.710499580537 94.938069967754586
8365.647120594791 94.793833862050903
8487.328259932974 94.640550870751568
8610.77929219841 94.480948500526239
8736.025961076528 94.319951265386308
8863.094384703289 94.163572401438245
8992.011061111683 94.016607390332680
9122.802873757471 93.887300822128751
9255.497097125279 93.784476596581101
9390.121402416245 93.713216614335536
9526.7038633184 93.683778862680128
9665.272961860968 93.702345536651336
9805.857594353829 93.770026131540874
9948.487077413367 93.888416351768257
10093.19115407597 94.059095314397496
10240.000000000457 94.272100000000705
10388.944229760706 94.516705190593200
10540.05490322983 94.785162183676661
10693.363532057198 95.076992522832114
10848.902086239672 95.385474498858542
11006.703000788428 95.684567104581134
11166.799182492743 95.953497266336626
11329.224016782166 96.161209864536431
11494.0113746885 96.301807962281941
11661.195619909053 96.299405633730984
11830.811615972614 96.178224153402084
12002.894733509682 95.875093123279100
12177.48085762842 95.434225087369114
12354.606395397908 94.775974040509453
12534.308283440243 93.971325648000345
12716.62399563306 92.975419705895959
12901.591550924093 91.766811397003636
13089.249521259411 90.447575865546341
13279.637039626952 88.999399145979723
13472.793808217073 87.432537500154496
13668.760106701786 85.797602704772018
13867.576800634426 84.179875359149804
14069.285349971487 82.860219472876452
14273.927817718419 81.952630128418818
14481.54687870117 81.764835115716295
14692.18582846533 81.948532713494529
14905.888592304698 82.231726681657193
15122.699734421185 82.685056113744338
15342.664467217943 83.258078206652073
15565.828660727671 83.727006131082518
15792.238852178061 83.813860823715288
16021.942255696367 83.422803469295687
16254.986772155136 82.698501112141841
16491.42099916115 81.963663534607150
16731.294241189662 81.275035881715183
16974.65651986603 80.529108605772905
17221.558584396902 79.821330503143997
17472.051922153143 79.230224682892086
17726.188769406665 78.770622031077153
17984.022122223458 78.448173453331862
18245.605747515034 78.274268379065532
18510.99419425065 78.271354644276869
18780.242804832582 78.442101743609527
19053.40772663689 78.743089271964266
19330.545923722028 79.031032666724428
19611.71518870775 79.063416519791659
19896.974154826825 78.558823952962115
20186.382308152035 77.198127267864024
