20 93.557000000000002
20.290906698750476 93.569121152851778
20.586044732869844 93.581895273773441
20.885475648548283 93.595346404184667
21.189261887185914 93.608534639995923
21.49746679841394 93.623251518301487
21.810154653305165 93.638482391120050
22.12739065777668 93.654188009533271
22.449240966187475 93.671044108105988
22.77577269513385 93.688041170544381
23.107053937445478 93.705709562362301
23.44315377638505 93.723157714960195
23.784142300054445 93.739976937127665
24.130090616010463 93.756354097234123
24.481070866093134 93.771016499728603
24.837156241469714 93.784071856621836
25.1984209978975 93.795948682431657
25.56494047120865 93.807860578715719
25.936791093020236 93.819945720794550
26.3140504066728 93.832681825517426
26.69679708340074 93.847125886981786
27.08511093873791 93.863638481679502
27.47907294916184 93.882255950725067
27.878765268980047 93.902286720035235
28.284271247461966 93.923566376115474
28.695675446220072 93.944979447757220
29.11306365684382 93.965927055528510
29.536522918790062 93.986107008426757
29.966141537533712 94.005010227651468
30.402009102982383 94.022580363851404
30.844216508158908 94.040088364912066
31.29285596815558 94.057473168766023
31.74802103936409 94.074428757417110
32.20980663898519 94.090004005808538
32.67830906482211 94.103814344750205
33.153626015361866 94.116340650384046
33.63585661014871 94.128260558643575
34.125101410453844 94.140252636671789
34.62146244024586 94.153158023446395
35.12504320746613 94.166626253016517
35.635948725613716 94.181850359219652
36.15428553564419 94.198437137140616
36.68016172818701 94.215265175301980
37.21368696608603 94.231910608982588
37.754972507267915 94.246874303575538
38.30413122794313 94.259874344102968
38.86127764614443 94.269721546805613
39.4265279456077 94.279260157532320
40.000000000000206 94.290500000000009
40.58181339750116 94.303105998965862
41.1720894657399 94.318278955636828
41.77095129709678 94.334701185507441
42.37852377437204 94.351616024263180
42.9949335968281 94.367785827204145
43.62030930661056 94.382206945864013
44.25478131555359 94.394303048284499
44.89848193237519 94.406554230551308
45.55154539026795 94.418346815916095
46.21410787489121 94.429235115365245
46.88630755277036 94.440294626442096
47.56828460010916 94.450475492893716
48.260181232021196 94.460462883712339
48.962141732186545 94.471619348478157
49.674312482939705 94.483071856621848
50.39684199579528 94.494948690492535
51.129880942417586 94.506919481311883
51.873582186040764 94.519671100934872
52.628100813345895 94.533259318816050
53.393594166801776 94.545657923220176
54.17022187747612 94.554673334416464
54.95814589832399 94.560445219424622
55.75753053796041 94.565136107571163
56.56854249492426 94.569626983722088
57.39135089244048 94.574543780800866
58.226127313687975 94.579856763882134
59.073045837580466 94.584974797944284
59.932283075067765 94.590559839987947
60.804018205965114 94.596525837715717
61.68843301631817 94.602480543013144
62.58571193631152 94.610357114184509
63.49604207872855 94.619708441826646
64.41961327797075 94.627727486306810
65.35661812964459 94.632213236259290
66.3072520307241 94.634268130076819
67.27171322029778 94.638173705762384
68.25020282090806 94.646752231029993
69.2429248804921 94.656579011723181
70.25008641493265 94.661124870377591
71.27189745122783 94.658504564018244
72.30857107128878 94.653882857857425
73.36032345637442 94.653761132097316
74.42737393217246 94.657282121796527
75.50994501453623 94.658787522379413
76.60826245588666 94.656301652618339
77.72255529228926 94.649531246188417
78.85305589121582 94.639425258908318
80.00000000000082 94.626999999999995
81.16362679500274 94.621666697189653
82.34417893148023 94.624140413748620
83.541902594194 94.626102923368933
84.75704754874454 94.622113534852090
85.98986719365665 94.613988423182661
87.24061861322157 94.602894284198840
88.50956263110764 94.592968124562972
89.79696386475084 94.588676787117492
91.10309078053635 94.586621133077159
92.42821574978288 94.582248483369639
93.77261510554118 94.575636939156283
95.13656920021877 94.568760248316096
96.52036246404286 94.561151741972651
97.92428346437356 94.552399474146171
99.34862496587989 94.540285173568350
100.79368399159105 94.522917546778785
102.25976188483567 94.505649127190026
103.74716437208203 94.492129431177318
105.25620162669229 94.481113620208518
106.78718833360406 94.473113642776781
108.34044375495276 94.471060295836637
109.9162917966485 94.469495609189352
111.51506107592134 94.458849382313105
113.13708498984903 94.439786461316118
114.78270178488147 94.420444611031613
116.45225462737648 94.398196500803721
118.14609167516147 94.376095271273655
119.86456615013608 94.359571465534430
121.60803641193078 94.342059617076984
123.3768660326369 94.316035687608576
125.17142387262359 94.284471511583661
126.99208415745765 94.253946793743111
128.83922655594208 94.231467402964554
130.71323625928977 94.213530452946799
132.61450406144883 94.198966601646674
134.5434264405962 94.188147011186871
136.50040564181674 94.175871247813191
138.48584976098482 94.154590791144983
140.50017282986593 94.123497234722151
142.5437949024563 94.090799281560692
144.61714214257822 94.070158577323724
146.7206469127495 94.060461541731556
148.8547478643456 94.042055874346460
151.01989002907314 94.017373253668566
153.216524911774 93.996917375441143
155.4451105845792 93.984261071089534
157.70611178243232 93.964444213897835
160.00000000000236 93.935999999999950
162.3272535900062 93.897367590405906
164.6883578629612 93.854671886894110
167.08380518838874 93.821077010475591
169.51409509748981 93.789719582752127
171.97973438731407 93.753803984190284
174.4812372264439 93.716281441603343
177.01912526221608 93.677809296014317
179.5939277295025 93.634065657506653
182.20618156107355 93.585965022964032
184.85643149956664 93.539969378207445
187.54523021108326 93.501812500791544
190.27313840043846 93.459692764152294
193.04072492808663 93.411848401150621
195.84856692874806 93.370486910240771
198.69724993176072 93.339027500682391
201.58736798318304 93.303776848235444
204.5195237696723 93.257661587992345
207.49432874416505 93.206845466139896
210.5124032533856 93.154276741439062
213.57437666720915 93.093650901654996
216.68088750990657 93.022169365394674
219.83258359329807 92.947517993760840
223.03012215184378 92.868125711472885
226.2741699796992 92.789798948817165
229.5654035697641 92.711785448848929
232.90450925475412 92.626950929127986
236.2921833503241 92.534063205759395
239.72913230027333 92.434821304829597
243.21607282386276 92.341490142991503
246.75373206527502 92.251279832335484
250.34284774524843 92.165171588330779
253.9841683149166 92.103269138646425
257.67845311188546 92.076331214938818
261.42647251858085 92.083851108490933
265.22900812289896 92.151301544455094
269.08685288119375 92.292270266658704
273.0008112836349 92.497300096764462
276.97169952197106 92.753312602663641
281.00034565973334 93.050026270139739
285.0875898049141 93.360271430031844
289.23428428515797 93.657174754817305
293.44129382550057 93.918477629530031
297.7094957286928 94.131217812062488
302.0397800581479 94.297782906875270
306.4330498235497 94.416554637637716
310.89022116916016 94.475696376383780
315.41222356486645 94.480433550453512
320.00000000000654 94.462999999999937
324.6545071800142 94.424833041123890
329.3767157259242 94.357662278828911
334.16761037677935 94.263480748313697
339.02819019498156 94.159088272768898
343.95946877463007 94.070689030831289
348.9624744528898 94.012979008025809
354.03825052443415 93.979481972010731
359.187855459007 93.963949146898386
364.4123631221491 93.969942253619863
369.71286299913527 94.000219750594638
375.0904604221685 94.034025845834904
380.54627680087896 94.035584650514551
386.08144985617537 94.018857910604055
391.6971338574982 93.985055771658452
397.3944998635236 93.948914650859791
403.1747359663683 93.911335093557540
409.0390475393468 93.867427857800379
414.9886574883323 93.822328452372375
421.0248065067734 93.784647506605125
427.1487533344206 93.747458726659062
433.3617750198154 93.705935720711139
439.6651671865984 93.674933391185931
446.06024430368984 93.657222885443247
452.54833995940066 93.645412988073076
459.13080713953053 93.632148270415286
465.8090185095106 93.615842617307976
472.58436670065066 93.596901809426726
479.45826460054917 93.577580548612758
486.432145647728 93.556760348492048
493.50746413055253 93.528505324611316
500.6856954904994 93.498885785942477
507.9683366298358 93.471120716598747
515.3569062237735 93.440240962182827
522.8529450371643 93.403661747332762
530.4580162458005 93.369582056970700
538.1737057623901 93.337218324069255
546.0016225672724 93.301277253756368
553.9433990439449 93.260647392101021
562.0006913194694 93.223497234722117
570.1751796098309 93.190711691755766
578.4685685703187 93.153391441433570
586.8825876510039 93.115872484953030
595.4189914573883 93.081136882889055
604.0795601162986 93.045651924491196
612.8660996471021 93.007645287226694
621.780442338323 92.979611624914668
630.8244471297356 92.969670221148107
640.0000000000159 92.966000000000008
649.3090143600314 92.964603647845991
658.7534314518515 92.973253431451852
668.3352207535618 92.996171573959259
678.0563803899662 93.035948073715844
687.9189375492632 93.092805519050501
697.9249489057827 93.158993405114032
708.0765010488715 93.224689606712786
718.3757109180171 93.289766978783504
728.8247262443015 93.352948357465806
739.425725998274 93.412312779290403
750.1809208443404 93.471547833223468
761.0925536017613 93.534744372943535
772.1628997123541 93.608013251921136
783.3942677149998 93.694476998170586
794.7889997270506 93.792883872532087
806.34947193274 93.905346648641114
818.0780950786972 94.032463001854453
829.9773149766683 94.170919214911436
842.0496130135506 94.317951428793819
854.2975066688449 94.473583837806459
866.7235500396347 94.638949600536591
879.3303343732008 94.809459514038195
892.1204886073838 94.977854303035244
905.0966799188055 95.141721967342079
918.2616142790653 95.299212720801378
931.6180370190256 95.452834726292053
945.1687334013056 95.599674306263594
958.9165292011028 95.738422247910933
972.8642912954606 95.877642912954599
987.0149282611097 96.019611395236524
1001.3713909810035 96.149568240632831
1015.9366732596762 96.278429618408921
1030.7138124475518 96.419000791933058
1045.7058900743334 96.554606683761477
1060.916032491606 96.684877879427802
1076.3474115247852 96.817048774503235
1092.0032451345498 96.944712954024112
1107.8867980878947 97.070268241163120
1124.0013826389438 97.205400602913272
1140.350359219667 97.342509078854874
1156.9371371406426 97.469740217516119
1173.765175302013 97.594018167852354
1190.837982914782 97.718158530635435
1208.1591202326028 97.841765615822553
1225.73219929421 97.956440409798915
1243.5608846766518 98.069434393543617
1261.648894259477 98.182499737359393
1280.0000000000375 98.296000000000220
1298.6180287200684 98.404782482092969
1317.5068629037087 98.514037059680021
1336.6704415071292 98.614186295837072
1356.112760779938 98.716897632133680
1375.8378750985323 98.819065056757438
1395.8498978115715 98.914994519714384
1416.153002097749 99.002881042213801
1436.7514218360407 99.090699899440878
1457.6494524886093 99.183340470497370
1478.8514519965543 99.279522040305665
1500.3618416886875 99.368961840422301
1522.1851072035295 99.457127833102263
1544.3257994247153 99.548895325606821
1566.788535430007 99.638311058885620
1589.5779994541087 99.725021717958370
1612.6989438654878 99.809970176793072
1636.156190157402 99.893546665550900
1659.9546299533442 99.977040297435764
1684.099226027109 100.062575229177043
1708.5950133376978 100.151129649082719
1733.4471000792773 100.244612632310776
1758.6606687464096 100.343103394736062
1784.2409772147755 100.439767517973195
1810.193359837619 100.532380626628424
1836.5232285581387 100.627135945665117
1863.2360740380593 100.726767638383109
1890.3374668026197 100.825601381817336
1917.833058402214 100.922415704407740
1945.7285825909298 101.021293754023702
1974.0298565222283 101.122046289219128
2002.7427819620161 101.224416884736257
2031.8733465193618 101.324057153745940
2061.4276248951132 101.419592193412626
2091.411780148677 101.516017696475757
2121.832064983222 101.613133599823414
2152.694823049581 101.706925783860626
2184.0064902691106 101.800419308550602
2215.7735961758003 101.895320788527400
2248.002765277899 101.991874916412399
2280.7007184393456 102.087997047552136
2313.874274281297 102.180460540559494
2347.530350604038 102.269578911570505
2381.6759658295764 102.359441309448385
2416.318240465218 102.450699395883987
2451.4643985884327 102.539087776541663
2487.1217693533167 102.622453255399847
2523.2977885189675 102.698469244107400
2560.0000000000887 102.769000000000176
2597.236057440151 102.829845931134216
2635.0137258074315 102.880016470968911
2673.340883014273 102.920465599901235
2712.225521559891 102.950576163654603
2751.6757501970797 102.963418937549278
2791.699795623158 102.965103752554711
2832.3060041955137 102.953046778447657
2873.502843672097 102.929577952556087
2915.2989049772345 102.895201095022770
2957.7029039931244 102.850332166729061
3000.723683377391 102.793324014511740
3044.370214407075 102.721852124787617
3088.6515988494466 102.642494542128532
3133.57707086003 102.556729998437191
3179.1559989082334 102.463855522270876
3225.3978877309914 102.368180351274162
3272.3123803148205 102.271759620354615
3319.9092599067053 102.175778757983807
3368.198452054235 102.081013018494247
3417.190026675413 101.983416644781897
3466.8942001585724 101.880360063670167
3517.3213374928373 101.774778764515190
3568.4819544295697 101.664285241622053
3620.386719675257 101.546091208763144
3673.0464571162966 101.420266644636229
3726.472148076138 101.288319629809649
3780.6749336052594 101.152374452649639
3835.6661168044484 101.012611435140386
3891.45716518188 100.866004404985631
3948.059713044477 100.715653887225614
4005.4855639240527 100.559777560110746
4063.746693038744 100.397915592165546
4122.855249790247 100.230719775608293
4182.823560297375 100.056710833698418
4243.664129966465 99.878100304169891
4305.389646099183 99.696562124391562
4368.012980538242 99.507994175376297
4431.5471923516225 99.311203703709964
4496.00553055582 99.106249014976001
4561.401436878714 98.893038135969931
4627.748548562617 98.674606933553250
4695.060701208099 98.448040580832057
4763.351931659176 98.210909900729078
4832.63648093046 97.962624114985204
4902.928797176889 97.702017010586673
4974.243538706657 97.430877013156817
5046.595577037959 97.145408914204651
5120.000000000202 96.846571428570599
5194.472114880326 96.532858195831750
5270.027451614888 96.204504556039680
5346.6817660285715 95.864682619097493
5424.451043119808 95.514065261255723
5503.351500394186 95.150677687458384
5583.399591246343 94.774333178806316
5664.612008391055 94.385539299680985
5747.005687344222 93.986112245760197
5830.597809954497 93.577723720272729
5915.405807986278 93.162434511827314
6001.447366754812 92.740462179154733
6088.740428814181 92.316795668229474
6177.303197698925 91.896369993655753
6267.154141720092 91.479090948087574
6358.3119978165005 91.071718769596487
6450.795775462017 90.682523130501522
6544.624760629676 90.321235242717421
6639.818519813445 90.002238996154063
6736.396904108505 89.748704362057026
6834.380053350861 89.586542251183971
6933.788400317181 89.538494882112602
7034.642674985712 89.615349719477990
7136.963908859177 89.806007118072102
7240.773439350552 90.078354575706868
7346.092914232631 90.386513167843944
7452.944296152315 90.682390448515264
7561.349867210557 90.926944109974414
7671.332233608935 91.112311357033434
7782.914330363799 91.242318715664453
7896.119426088994 91.323582098986336
8010.971127848146 91.368559929831235
8127.49338607753 91.395498677215500
8245.710499580537 91.419142099916115
8365.647120594791 91.453804542943089
8487.328259932974 91.508086521302062
8610.77929219841 91.596622888764657
8736.025961076528 91.726666020219710
8863.094384703289 91.889705097564828
8992.011061111683 92.078782889630475
9122.802873757471 92.297868581273931
9255.497097125279 92.553086189325583
9390.121402416245 92.837851430335874
9526.7038633184 93.140917490757886
9665.272961860968 93.455431305174670
9805.857594353829 93.773390565887951
9948.487077413367 94.081466774100406
10093.19115407597 94.361092997860283
10240.000000000457 94.597100000000665
10388.944229760706 94.764232148821208
10540.05490322983 94.838140441533398
10693.363532057198 94.840061834870852
10848.902086239672 94.778581894292984
11006.703000788428 94.641462530436939
11166.799182492743 94.427064077564410
11329.224016782166 94.130897501307373
11494.0113746885 93.772723933005523
11661.195619909053 93.311315801070776
11830.811615972614 92.771856606196422
12002.894733509682 92.117609830483389
12177.48085762842 91.362605501858454
12354.606395397908 90.454810523000418
12534.308283440243 89.465011956046595
12716.62399563306 88.390258586463659
12901.591550924093 87.243667052094906
13089.249521259411 86.059009093649522
13279.637039626952 84.897326947786070
13472.793808217073 83.822025469736730
13668.760106701786 82.902694276660668
13867.576800634426 82.239412950661361
14069.285349971487 82.041525761799790
14273.927817718419 82.282321732182012
14481.54687870117 83.094559312808542
14692.18582846533 84.236403259756344
14905.888592304698 85.361320467846070
15122.699734421185 86.377317453230674
15342.664467217943 87.299881816085005
15565.828660727671 88.166428430940329
15792.238852178061 88.853628992559877
16021.942255696367 88.930966252996782
16254.986772155136 87.945867066427041
16491.42099916115 85.853424157423831
16731.294241189662 83.159249189733032
16974.65651986603 80.342832308673280
17221.558584396902 77.777138275594169
17472.051922153143 75.602943803985653
17726.188769406665 73.755083584285728
17984.022122223458 72.135030886458992
18245.605747515034 70.654713275975453
18510.99419425065 69.235725037536042
18780.242804832582 67.786281354160593
19053.40772663689 66.213674206594419
19330.545923722028 64.529730610397081
19611.71518870775 62.931635385703402
19896.974154826825 61.762619308914807
20186.382308152035 61.345308845923981
