20 84.582500000000010
20.290906698750476 84.663469301049901
20.586044732869844 84.743708831733528
20.885475648548283 84.822199461370133
21.189261887185914 84.900243636898921
21.49746679841394 84.978366760520373
21.810154653305165 85.056310399574926
22.12739065777668 85.121474888466480
22.449240966187475 85.176624732338496
22.77577269513385 85.230376084792141
23.107053937445478 85.283950263263080
23.44315377638505 85.334780192387242
23.784142300054445 85.379557431756666
24.130090616010463 85.421610925957680
24.481070866093134 85.463502176587667
24.837156241469714 85.508244612149554
25.1984209978975 85.562247359663587
25.56494047120865 85.621096717474188
25.936791093020236 85.680544646927444
26.3140504066728 85.738917385047742
26.69679708340074 85.793313602613352
27.08511093873791 85.845989893429973
27.47907294916184 85.898477125706762
27.878765268980047 85.951436398139862
28.284271247461966 86.005023804664972
28.695675446220072 86.058937808008608
29.11306365684382 86.114215848301285
29.536522918790062 86.173478437818517
29.966141537533712 86.237921230630050
30.402009102982383 86.303287970467579
30.844216508158908 86.365469142274307
31.29285596815558 86.424589135939840
31.74802103936409 86.482002629920515
32.20980663898519 86.531753177591725
32.67830906482211 86.566806998565227
33.153626015361866 86.592488552798812
33.63585661014871 86.614983268134921
34.125101410453844 86.629376926798628
34.62146244024586 86.639172173685409
35.12504320746613 86.656253024522613
35.635948725613716 86.695551077658905
36.15428553564419 86.745311411421838
36.68016172818701 86.797416981459634
37.21368696608603 86.854291879303375
37.754972507267915 86.910632968383595
38.30413122794313 86.961476725272178
38.86127764614443 86.998382197073283
39.4265279456077 87.034770230586275
40.000000000000206 87.069000000000017
40.58181339750116 87.102454381870928
41.1720894657399 87.147360126406085
41.77095129709678 87.213256329030230
42.37852377437204 87.277245014530479
42.9949335968281 87.319696114796727
43.62030930661056 87.352449025840912
44.25478131555359 87.375124741129667
44.89848193237519 87.390800434536246
45.55154539026795 87.405788632915801
46.21410787489121 87.422411451889175
46.88630755277036 87.443383879326262
47.56828460010916 87.474511774417351
48.260181232021196 87.511212616241480
48.962141732186545 87.562409499278090
49.674312482939705 87.613873055163026
50.39684199579528 87.650373699673935
51.129880942417586 87.681344666202136
51.873582186040764 87.718013302804607
52.628100813345895 87.762523834497244
53.393594166801776 87.815519599409640
54.17022187747612 87.869271119054048
54.95814589832399 87.910943782575117
55.75753053796041 87.935241343078246
56.56854249492426 87.940431457505071
57.39135089244048 87.955654035697620
58.226127313687975 87.994698275389723
59.073045837580466 88.050661052412494
59.932283075067765 88.117251938317750
60.804018205965114 88.136537321144928
61.68843301631817 88.148249197955721
62.58571193631152 88.175758830009244
63.49604207872855 88.207609493794862
64.41961327797075 88.240186464728964
65.35661812964459 88.271020234824519
66.3072520307241 88.293533398353333
67.27171322029778 88.307885260676997
68.25020282090806 88.333131591679518
69.2429248804921 88.364909208855011
70.25008641493265 88.394752333203186
71.27189745122783 88.423836667164892
72.30857107128878 88.462311411421865
73.36032345637442 88.501805660486554
74.42737393217246 88.514282121796512
75.50994501453623 88.521736895755765
76.60826245588666 88.544574382045695
77.72255529228926 88.579468753811597
78.85305589121582 88.589530530238477
80.00000000000082 88.601000000000028
81.16362679500274 88.637363428252399
82.34417893148023 88.699669585176252
83.541902594194 88.757690624437032
84.75704754874454 88.778772930295816
85.98986719365665 88.790486250988181
87.24061861322157 88.783694760515601
88.50956263110764 88.799385692788007
89.79696386475084 88.851310875878283
91.10309078053635 88.890754316917651
92.42821574978288 88.906726940627806
93.77261510554118 88.919247189249944
95.13656920021877 88.897479503367805
96.52036246404286 88.918118072934902
97.92428346437356 88.959707587985321
99.34862496587989 88.996457943118841
100.79368399159105 89.005441754677889
102.25976188483567 89.008045555462573
103.74716437208203 89.020572697271433
105.25620162669229 89.040540322300757
106.78718833360406 89.042865720552754
108.34044375495276 89.060993460566891
109.9162917966485 89.103048298917230
111.51506107592134 89.129304233235970
113.13708498984903 89.128182871696055
114.78270178488147 89.104027057465942
116.45225462737648 89.160890847508426
118.14609167516147 89.211173852655747
119.86456615013608 89.189692905194761
121.60803641193078 89.191660409331504
123.3768660326369 89.226487776901507
125.17142387262359 89.265757108399242
126.99208415745765 89.272875551160226
128.83922655594208 89.278290055719253
130.71323625928977 89.302384466190858
132.61450406144883 89.302237593523770
134.5434264405962 89.300330679659680
136.50040564181674 89.334758721299067
138.48584976098482 89.368821936603695
140.50017282986593 89.377584399117509
142.5437949024563 89.390186735231822
144.61714214257822 89.418065703209962
146.7206469127495 89.420558706174489
148.8547478643456 89.427399436758947
151.01989002907314 89.442251164220949
153.216524911774 89.447337885758742
155.4451105845792 89.428795203791026
157.70611178243232 89.418204680361612
160.00000000000236 89.464999999999975
162.3272535900062 89.454294633485972
164.6883578629612 89.447372597983701
167.08380518838874 89.436497735095742
169.51409509748981 89.440139466272981
171.97973438731407 89.396758002846710
174.4812372264439 89.417096043068398
177.01912526221608 89.475170481450505
179.5939277295025 89.483649715632794
182.20618156107355 89.483000000000004
184.85643149956664 89.493368298598085
187.54523021108326 89.515864309366748
190.27313840043846 89.513034097447274
193.04072492808663 89.546755650431479
195.84856692874806 89.535848566928735
198.69724993176072 89.548514699372191
201.58736798318304 89.569759646568571
204.5195237696723 89.578506507923208
207.49432874416505 89.592199903906788
210.5124032533856 89.630706720889762
213.57437666720915 89.645660145829936
216.68088750990657 89.615520903023452
219.83258359329807 89.582299726372042
223.03012215184378 89.586181479034707
226.2741699796992 89.569806640162398
229.5654035697641 89.543904338703527
232.90450925475412 89.582615384193929
236.2921833503241 89.591954716547733
239.72913230027333 89.567896073898083
243.21607282386276 89.578189063720885
246.75373206527502 89.581284515557115
250.34284774524843 89.568142880636884
253.9841683149166 89.559039579212708
257.67845311188546 89.533250828216808
261.42647251858085 89.554556998565246
265.22900812289896 89.575671756092163
269.08685288119375 89.578080211074223
273.0008112836349 89.555743306910017
276.97169952197106 89.523590791144983
281.00034565973334 89.505201624600744
285.0875898049141 89.524096348785406
289.23428428515797 89.528657712713681
293.44129382550057 89.495775320510091
297.7094957286928 89.472913411959667
302.0397800581479 89.454771264665652
306.4330498235497 89.440255933568608
310.89022116916016 89.484723821091478
315.41222356486645 89.514747334138917
320.00000000000654 89.517499999999956
324.6545071800142 89.483987548303901
329.3767157259242 89.521765784678507
334.16761037677935 89.549171573959256
339.02819019498156 89.614325671944215
343.95946877463007 89.645629768853439
348.9624744528898 89.644848783211245
354.03825052443415 89.642288524842670
359.187855459007 89.641162428908189
364.4123631221491 89.592022769344140
369.71286299913527 89.553452531605885
375.0904604221685 89.526756932246471
380.54627680087896 89.481941297707067
386.08144985617537 89.490407249280878
391.6971338574982 89.507917118108111
397.3944998635236 89.543339498498767
403.1747359663683 89.591577538459276
409.0390475393468 89.630020078813828
414.9886574883323 89.680884684464715
421.0248065067734 89.754495463917706
427.1487533344206 89.844842865017128
433.3617750198154 89.939155294032361
439.6651671865984 90.023933851662974
446.06024430368984 90.092951832277677
452.54833995940066 90.148747901581828
459.13080713953053 90.232126357606262
465.8090185095106 90.304559239121716
472.58436670065066 90.342319831095594
479.45826460054917 90.371925295759539
486.432145647728 90.397182866072725
493.50746413055253 90.397605543400601
500.6856954904994 90.434685695490487
507.9683366298358 90.441968336629827
515.3569062237735 90.405668587077926
522.8529450371643 90.401898907917030
530.4580162458005 90.422629772337984
538.1737057623901 90.432962777336627
546.0016225672724 90.431285366592732
553.9433990439449 90.439716995219726
562.0006913194694 90.473001036979213
570.1751796098309 90.484886133253610
578.4685685703187 90.479495430429296
586.8825876510039 90.500868409865760
595.4189914573883 90.509916201708521
604.0795601162986 90.508490054985458
612.8660996471021 90.520512827663978
621.780442338323 90.573947413678141
630.8244471297356 90.578484004833527
640.0000000000159 90.595000000000084
649.3090143600314 90.643872325390163
658.7534314518515 90.669383578629635
668.3352207535618 90.697088901223012
678.0563803899662 90.726169141169891
687.9189375492632 90.746650034466143
697.9249489057827 90.780218558396683
708.0765010488715 90.838478131555448
718.3757109180171 90.897822766686801
728.8247262443015 90.957742175904741
739.425725998274 90.997490040993952
750.1809208443404 91.034344297273577
761.0925536017613 91.085265250141561
772.1628997123541 91.148132113725126
783.3942677149998 91.199691353112883
794.7889997270506 91.246155998908193
806.34947193274 91.308536128893337
818.0780950786972 91.403475676135258
829.9773149766683 91.509509955004759
842.0496130135506 91.605384500855024
854.2975066688449 91.700484739461416
866.7235500396347 91.795926625297255
879.3303343732008 91.902602444043964
892.1204886073838 92.028169942529644
905.0966799188055 92.144972332656721
918.2616142790653 92.259817853785293
931.6180370190256 92.377244234891023
945.1687334013056 92.500895150662728
958.9165292011028 92.657599004763540
972.8642912954606 92.829214354405678
987.0149282611097 92.985815760370500
1001.3713909810035 93.131759622842736
1015.9366732596762 93.278428736552570
1030.7138124475518 93.433949805329661
1045.7058900743334 93.573990899308598
1060.916032491606 93.750782462581611
1076.3474115247852 93.906659719225402
1092.0032451345498 94.058467416084142
1107.8867980878947 94.206839680400918
1124.0013826389438 94.363677958218048
1140.350359219667 94.496704942123188
1156.9371371406426 94.642398384783206
1173.765175302013 94.808989812281879
1190.837982914782 94.968626073716649
1208.1591202326028 95.128820087957251
1225.73219929421 95.289267037160414
1243.5608846766518 95.436259318944494
1261.648894259477 95.598510269483398
1280.0000000000375 95.740500000000310
1298.6180287200684 95.899285187798299
1317.5068629037087 96.060057648391151
1336.6704415071292 96.214780293094705
1356.112760779938 96.363151343888546
1375.8378750985323 96.508908381974209
1395.8498978115715 96.662336708039675
1416.153002097749 96.836646418460191
1436.7514218360407 97.007279022765402
1457.6494524886093 97.157464101718901
1478.8514519965543 97.316279300288443
1500.3618416886875 97.512909207177046
1522.1851072035295 97.688368261916381
1544.3257994247153 97.874496263133096
1566.788535430007 98.060165990526059
1589.5779994541087 98.247914275490928
1612.6989438654878 98.437369403065077
1636.156190157402 98.625857026046617
1659.9546299533442 98.817127965617431
1684.099226027109 99.007470303559529
1708.5950133376978 99.185868395231154
1733.4471000792773 99.370069974629459
1758.6606687464096 99.560219334100651
1784.2409772147755 99.739383231389340
1810.193359837619 99.926334182879572
1836.5232285581387 100.093951938210239
1863.2360740380593 100.254416709401298
1890.3374668026197 100.430840779569394
1917.833058402214 100.600215044573062
1945.7285825909298 100.775992071885582
1974.0298565222283 100.978917952612264
2002.7427819620161 101.165908135379709
2031.8733465193618 101.334990299580255
2061.4276248951132 101.508922655594461
2091.411780148677 101.695523617178310
2121.832064983222 101.867389333039014
2152.694823049581 102.033019176670734
2184.0064902691106 102.213740077411757
2215.7735961758003 102.396691569588342
2248.002765277899 102.561745684907947
2280.7007184393456 102.710828412586892
2313.874274281297 102.868865278645529
2347.530350604038 103.025763095248379
2381.6759658295764 103.172997157338486
2416.318240465218 103.301174428139859
2451.4643985884327 103.415869125306529
2487.1217693533167 103.532004299108053
2523.2977885189675 103.630662026584446
2560.0000000000887 103.716250000000201
2597.236057440151 103.785061381852216
2635.0137258074315 103.827509150538290
2673.340883014273 103.849170441507141
2712.225521559891 103.861945104311985
2751.6757501970797 103.844098603004284
2791.699795623158 103.810866431384454
2832.3060041955137 103.764732794965383
2873.502843672097 103.704015222630886
2915.2989049772345 103.625536430950547
2957.7029039931244 103.527317014018905
3000.723683377391 103.408792765698962
3044.370214407075 103.276253541312698
3088.6515988494466 103.136219404026946
3133.57707086003 102.982516812618897
3179.1559989082334 102.826328683788432
3225.3978877309914 102.668663097223856
3272.3123803148205 102.510584154535906
3319.9092599067053 102.335770219580638
3368.198452054235 102.146393665481497
3417.190026675413 101.969491106102538
3466.8942001585724 101.787774735378392
3517.3213374928373 101.598068172274793
3568.4819544295697 101.417356046787773
3620.386719675257 101.225345934021021
3673.0464571162966 101.031032754381329
3726.472148076138 100.841612203214282
3780.6749336052594 100.656081652416560
3835.6661168044484 100.466005351327667
3891.45716518188 100.275628504454360
3948.059713044477 100.105820860866572
4005.4855639240527 99.916580491181435
4063.746693038744 99.726978918905871
4122.855249790247 99.545743569356532
4182.823560297375 99.372614199455199
4243.664129966465 99.202695179879370
4305.389646099183 99.029447410538125
4368.012980538242 98.853096771483962
4431.5471923516225 98.682201826255636
4496.00553055582 98.510151918517806
4561.401436878714 98.333356264115338
4627.748548562617 98.160724631261161
4695.060701208099 97.982905800989329
4763.351931659176 97.797045155460637
4832.63648093046 97.608612394157490
4902.928797176889 97.413592247622404
4974.243538706657 97.215620551863481
5046.595577037959 97.006872826589927
5120.000000000202 96.785714285713652
5194.472114880326 96.552730496090419
5270.027451614888 96.309285439106432
5346.6817660285715 96.049572624088398
5424.451043119808 95.780008886334954
5503.351500394186 95.495242694978529
5583.399591246343 95.193477800709189
5664.612008391055 94.877220927107061
5747.005687344222 94.553297591863767
5830.597809954497 94.220731858734069
5915.405807986278 93.877298361495860
6001.447366754812 93.527083888389711
6088.740428814181 93.169914515324308
6177.303197698925 92.806227026478652
6267.154141720092 92.441731012647864
6358.3119978165005 92.076126688701237
6450.795775462017 91.709864644679655
6544.624760629676 91.351334633276494
6639.818519813445 91.001662402680921
6736.396904108505 90.651517098771009
6834.380053350861 90.303169813271978
6933.788400317181 89.958957322924761
7034.642674985712 89.621218452796725
7136.963908859177 89.288106574384869
7240.773439350552 88.946685774995132
7346.092914232631 88.578260863050900
7452.944296152315 88.154368969506578
7561.349867210557 87.656231266262353
7671.332233608935 87.237956739274949
7782.914330363799 87.042013641314043
7896.119426088994 87.079537320652804
8010.971127848146 87.109257218037953
8127.49338607753 87.078397410539651
8245.710499580537 87.021562259817046
8365.647120594791 86.961676439702600
8487.328259932974 86.908885489528487
8610.77929219841 86.868419890803835
8736.025961076528 86.844972329963383
8863.094384703289 86.824773954600431
8992.011061111683 86.802858119611017
9122.802873757471 86.776443532199096
9255.497097125279 86.724990314912318
9390.121402416245 86.635167735033406
9526.7038633184 86.469592273363205
9665.272961860968 86.105390688083901
9805.857594353829 85.499512624567586
9948.487077413367 84.964711580821472
10093.19115407597 84.529522377450562
10240.000000000457 83.993199999998225
10388.944229760706 83.411211556152665
10540.05490322983 82.848300975791858
10693.363532057198 82.346863650772605
10848.902086239672 81.919002943880855
11006.703000788428 81.540249310676757
11166.799182492743 81.203020209362748
11329.224016782166 80.907486325813835
11494.0113746885 80.636031895287474
11661.195619909053 80.396063534266375
11830.811615972614 80.181621828089874
12002.894733509682 80.003581987253455
12177.48085762842 79.850515313897262
12354.606395397908 79.736423168574163
12534.308283440243 79.649478793078316
12716.62399563306 79.605338880567700
12901.591550924093 79.594354869212964
13089.249521259411 79.594086786398208
13279.637039626952 79.606662796561764
13472.793808217073 79.619000000000000
13668.760106701786 79.602841374925092
13867.576800634426 79.541590439714497
14069.285349971487 79.438465705101251
14273.927817718419 79.309882021200252
14481.54687870117 79.219065779732517
14692.18582846533 79.281071269904444
14905.888592304698 79.625001163255334
15122.699734421185 80.379019990022925
15342.664467217943 81.619882980198383
15565.828660727671 83.318132438688579
15792.238852178061 85.277879186538513
16021.942255696367 87.096165976821055
16254.986772155136 88.210458783038277
16491.42099916115 88.232210731922834
16731.294241189662 87.169971667492320
16974.65651986603 84.952908252550856
17221.558584396902 81.478187784974025
17472.051922153143 77.398255076784523
17726.188769406665 73.463192879452450
17984.022122223458 69.968624225872361
18245.605747515034 66.939866921982684
18510.99419425065 64.399117200742225
18780.242804832582 62.240308315934030
19053.40772663689 60.317624986958123
19330.545923722028 58.420870389439422
19611.71518870775 56.079647657077103
19896.974154826825 53.173035064176261
20186.382308152035 52.381703214815907
