20 108.882999999999996
20.290906698750476 108.848575925900946
20.586044732869844 108.811744402576593
20.885475648548283 108.773839751183885
21.189261887185914 108.734396080012232
21.49746679841394 108.693463783121587
21.810154653305165 108.651654382665157
22.12739065777668 108.609461499522368
22.449240966187475 108.566434559726474
22.77577269513385 108.522897073639058
23.107053937445478 108.478904517918068
23.44315377638505 108.434412760106127
23.784142300054445 108.388410611617587
24.130090616010463 108.341220889881527
24.481070866093134 108.292650065496630
24.837156241469714 108.243026795019347
25.1984209978975 108.192969086541723
25.56494047120865 108.142526804614832
25.936791093020236 108.091862170515142
26.3140504066728 108.040033029842576
26.69679708340074 107.985956415615391
27.08511093873791 107.929233451744466
27.47907294916184 107.869790262164926
27.878765268980047 107.809685209652997
28.284271247461966 107.749996397870547
28.695675446220072 107.691888139314074
29.11306365684382 107.635010279012391
29.536522918790062 107.576959837206971
29.966141537533712 107.517672467820347
30.402009102982383 107.454708681038625
30.844216508158908 107.390228159366956
31.29285596815558 107.324053744697039
31.74802103936409 107.256792886174111
32.20980663898519 107.188448617430183
32.67830906482211 107.118931949341501
33.153626015361866 107.047802471680356
33.63585661014871 106.974849795257398
34.125101410453844 106.900484585611011
34.62146244024586 106.825402096403366
35.12504320746613 106.750618648502481
35.635948725613716 106.674971742432319
36.15428553564419 106.596240027510788
36.68016172818701 106.515975740771950
37.21368696608603 106.437442763849702
37.754972507267915 106.360075408139721
38.30413122794313 106.281088726264414
38.86127764614443 106.198207674809083
39.4265279456077 106.113066742026263
40.000000000000206 106.027999999999963
40.58181339750116 105.943151930037516
41.1720894657399 105.854209968701042
41.77095129709678 105.762929789458710
42.37852377437204 105.675027258944510
42.9949335968281 105.588209065474288
43.62030930661056 105.498055237765286
44.25478131555359 105.404075613724018
44.89848193237519 105.309804767544506
45.55154539026795 105.217746837588237
46.21410787489121 105.124478007858954
46.88630755277036 105.027985277726472
47.56828460010916 104.928952423194758
48.260181232021196 104.827153505892881
48.962141732186545 104.724115161908159
49.674312482939705 104.620224847389892
50.39684199579528 104.515953891796798
51.129880942417586 104.410167186682031
51.873582186040764 104.299929064072302
52.628100813345895 104.184679571422521
53.393594166801776 104.068214804518988
54.17022187747612 103.951202203177246
54.95814589832399 103.831141980411701
55.75753053796041 103.711764290356200
56.56854249492426 103.594698423225836
57.39135089244048 103.475275743365032
58.226127313687975 103.352598475858400
59.073045837580466 103.229225738956870
59.932283075067765 103.102488246427498
60.804018205965114 102.973408603395683
61.68843301631817 102.843138872388863
62.58571193631152 102.711089705051563
63.49604207872855 102.578325877544984
64.41961327797075 102.443946268055257
65.35661812964459 102.307612062136712
66.3072520307241 102.169141203514286
67.27171322029778 102.028194013226368
68.25020282090806 101.885345692378792
69.2429248804921 101.742261742089624
70.25008641493265 101.597987556249706
71.27189745122783 101.449895125943897
72.30857107128878 101.296368624842330
73.36032345637442 101.139491966728400
74.42737393217246 100.980607597140221
75.50994501453623 100.819570444692630
76.60826245588666 100.657987595882076
77.72255529228926 100.495643959096498
78.85305589121582 100.331240995262178
80.00000000000082 100.163499999999885
81.16362679500274 99.992349464358682
82.34417893148023 99.818893658004853
83.541902594194 99.643722279950993
84.75704754874454 99.467626963061434
85.98986719365665 99.288556452396875
87.24061861322157 99.106709976131697
88.50956263110764 98.923119793576802
89.79696386475084 98.737304882187630
91.10309078053635 98.550809170796498
92.42821574978288 98.362215427418363
93.77261510554118 98.169918566625881
95.13656920021877 97.979778591999832
96.52036246404286 97.789641807343742
97.92428346437356 97.595090008777333
99.34862496587989 97.398064291102244
100.79368399159105 97.200558977143629
102.25976188483567 97.002185399508789
103.74716437208203 96.802166641939493
105.25620162669229 96.599715594066055
106.78718833360406 96.397140724409070
108.34044375495276 96.196423199366052
109.9162917966485 95.995745332981897
111.51506107592134 95.794617278913719
113.13708498984903 95.594075608067570
114.78270178488147 95.395394768705216
116.45225462737648 95.210411889789981
118.14609167516147 95.026514187094207
119.86456615013608 94.838473277781873
121.60803641193078 94.650356051931595
123.3768660326369 94.461961975537918
125.17142387262359 94.270329069501912
126.99208415745765 94.078979359834349
128.83922655594208 93.894095024073607
130.71323625928977 93.712316082848901
132.61450406144883 93.528853984085544
134.5434264405962 93.342923491872313
136.50040564181674 93.155462275311038
138.48584976098482 92.974824232756532
140.50017282986593 92.808236778515251
142.5437949024563 92.651899689962107
144.61714214257822 92.503395764483884
146.7206469127495 92.365002080053841
148.8547478643456 92.231047531556300
151.01989002907314 92.097878752214910
153.216524911774 91.968307654764203
155.4451105845792 91.849655448654119
157.70611178243232 91.736276855591356
160.00000000000236 91.622499999999874
162.3272535900062 91.502879165473672
164.6883578629612 91.386770464714900
167.08380518838874 91.284396943125358
169.51409509748981 91.195701033548858
171.97973438731407 91.116336340238348
174.4812372264439 91.048091584667162
177.01912526221608 90.991694544441017
179.5939277295025 90.955954081700071
182.20618156107355 90.949676291063355
184.85643149956664 90.965052447897136
187.54523021108326 91.005049340897131
190.27313840043846 91.069320109131752
193.04072492808663 91.143815863029573
195.84856692874806 91.220071880304701
198.69724993176072 91.293452348321324
201.58736798318304 91.358834727646837
204.5195237696723 91.416611189738944
207.49432874416505 91.466165876371775
210.5124032533856 91.502867830907149
213.57437666720915 91.527233448336858
216.68088750990657 91.541728882855836
219.83258359329807 91.553914042576551
223.03012215184378 91.561696540110631
226.2741699796992 91.567790283299502
229.5654035697641 91.571137836308139
232.90450925475412 91.574404509254748
236.2921833503241 91.580620889619439
239.72913230027333 91.587924406138086
243.21607282386276 91.595513172956672
246.75373206527502 91.603915113655034
250.34284774524843 91.615657111140223
253.9841683149166 91.627946568062839
257.67845311188546 91.641334392530581
261.42647251858085 91.656205890074318
265.22900812289896 91.672330154445518
269.08685288119375 91.686260558643582
273.0008112836349 91.696626318335902
276.97169952197106 91.702350237081731
281.00034565973334 91.704999999999998
285.0875898049141 91.704894892234108
289.23428428515797 91.699918858857814
293.44129382550057 91.690052636053707
297.7094957286928 91.677871512813908
302.0397800581479 91.663095852274679
306.4330498235497 91.644551275794015
310.89022116916016 91.624980282384925
315.41222356486645 91.606809883384045
320.00000000000654 91.587999999999965
324.6545071800142 91.565192914817942
329.3767157259242 91.538115048789649
334.16761037677935 91.513245187078425
339.02819019498156 91.491678782161586
343.95946877463007 91.470870231146563
348.9624744528898 91.449857607297872
354.03825052443415 91.425712572430271
359.187855459007 91.399641937159060
364.4123631221491 91.373879420701471
369.71286299913527 91.350734689103717
375.0904604221685 91.333870770825484
380.54627680087896 91.326076747427322
386.08144985617537 91.323183710028758
391.6971338574982 91.342962818894364
397.3944998635236 91.378311048785363
403.1747359663683 91.436951218291114
409.0390475393468 91.519910554207286
414.9886574883323 91.631765588092208
421.0248065067734 91.763354492048165
427.1487533344206 91.911800088917886
433.3617750198154 92.080432885969842
439.6651671865984 92.254340252207669
446.06024430368984 92.425738038921253
452.54833995940066 92.592973000972847
459.13080713953053 92.753844313695907
465.8090185095106 92.907885498254856
472.58436670065066 93.050324607834668
479.45826460054917 93.181341000167237
486.432145647728 93.302903261446602
493.50746413055253 93.411041599691231
500.6856954904994 93.505385498140754
507.9683366298358 93.589135871243116
515.3569062237735 93.665390609125851
522.8529450371643 93.736123196269659
530.4580162458005 93.804093520196844
538.1737057623901 93.873050944307053
546.0016225672724 93.942799969698186
553.9433990439449 94.013233516275989
562.0006913194694 94.085705945347428
570.1751796098309 94.155927713820120
578.4685685703187 94.223518833848090
586.8825876510039 94.287963536765076
595.4189914573883 94.348891041055978
604.0795601162986 94.405487305712313
612.8660996471021 94.458696597882607
621.780442338323 94.510729702100292
630.8244471297356 94.558916123866254
640.0000000000159 94.602500000000063
649.3090143600314 94.642063311030128
658.7534314518515 94.679576054234815
668.3352207535618 94.712422989524441
678.0563803899662 94.742571960189395
687.9189375492632 94.772652759525243
697.9249489057827 94.802774846717341
708.0765010488715 94.832421853041723
718.3757109180171 94.863545918299963
728.8247262443015 94.895415415045122
739.425725998274 94.928219750594650
750.1809208443404 94.963633222955195
761.0925536017613 95.001823937606162
772.1628997123541 95.041742791267751
783.3942677149998 95.082671362804803
794.7889997270506 95.125241623965067
806.34947193274 95.169075081078304
818.0780950786972 95.214111061651863
829.9773149766683 95.260526389523847
842.0496130135506 95.308704653680891
854.2975066688449 95.359943466120455
866.7235500396347 95.414255975178349
879.3303343732008 95.471852571554052
892.1204886073838 95.534102443036915
905.0966799188055 95.600469931237015
918.2616142790653 95.671438878534858
931.6180370190256 95.746935522687423
945.1687334013056 95.827311097632887
958.9165292011028 95.911856785456848
972.8642912954606 96.001200036062983
987.0149282611097 96.094021258948075
1001.3713909810035 96.191416884736213
1015.9366732596762 96.291556712817737
1030.7138124475518 96.395124153641348
1045.7058900743334 96.502867703038916
1060.916032491606 96.613156502772341
1076.3474115247852 96.725336104130932
1092.0032451345498 96.839523527225481
1107.8867980878947 96.954544514845253
1124.0013826389438 97.069731977508098
1140.350359219667 97.184756651269367
1156.9371371406426 97.298483337907072
1173.765175302013 97.412194286375836
1190.837982914782 97.524155311694443
1208.1591202326028 97.636648724327529
1225.73219929421 97.747121524185445
1243.5608846766518 97.857507579430830
1261.648894259477 97.967169958507498
1280.0000000000375 98.078000000000230
1298.6180287200684 98.188378313126123
1317.5068629037087 98.300039804841504
1336.6704415071292 98.410771799703667
1356.112760779938 98.520634279387139
1375.8378750985323 98.629212366164467
1395.8498978115715 98.736004458401325
1416.153002097749 98.839841877295271
1436.7514218360407 98.942913181450706
1457.6494524886093 99.043452426696462
1478.8514519965543 99.142793708224076
1500.3618416886875 99.242149998100416
1522.1851072035295 99.341664088848091
1544.3257994247153 99.443398677353684
1566.788535430007 99.548070345812434
1589.5779994541087 99.655891277401565
1612.6989438654878 99.767470846063588
1636.156190157402 99.883057826983872
1659.9546299533442 100.001972242365781
1684.099226027109 100.123724068217712
1708.5950133376978 100.248506468289008
1733.4471000792773 100.375918094407496
1758.6606687464096 100.505342623981619
1784.2409772147755 100.635759344706770
1810.193359837619 100.766670666384840
1836.5232285581387 100.898385678219540
1863.2360740380593 101.030356762786482
1890.3374668026197 101.162846837996796
1917.833058402214 101.295955341498669
1945.7285825909298 101.429582624784643
1974.0298565222283 101.564382117045795
2002.7427819620161 101.701028214319578
2031.8733465193618 101.839367173524977
2061.4276248951132 101.979281218251799
2091.411780148677 102.121753015044504
2121.832064983222 102.267202308670306
2152.694823049581 102.414435150637985
2184.0064902691106 102.564731153291731
2215.7735961758003 102.717804771500440
2248.002765277899 102.874080170440408
2280.7007184393456 103.034111865660122
2313.874274281297 103.197908895597109
2347.530350604038 103.365067408000058
2381.6759658295764 103.535650778720751
2416.318240465218 103.708819231651660
2451.4643985884327 103.883785382977450
2487.1217693533167 104.059896669831261
2523.2977885189675 104.235411829604018
2560.0000000000887 104.409750000000415
2597.236057440151 104.582139512070682
2635.0137258074315 104.752310622316145
2673.340883014273 104.917115230735305
2712.225521559891 105.077883787676882
2751.6757501970797 105.231847585136222
2791.699795623158 105.379308006579237
2832.3060041955137 105.518048174096919
2873.502843672097 105.648243559453022
2915.2989049772345 105.768848076289217
2957.7029039931244 105.879139650144253
3000.723683377391 105.977402136543702
3044.370214407075 106.060710853771667
3088.6515988494466 106.128179658446754
3133.57707086003 106.180577070860039
3179.1559989082334 106.214493599344934
3225.3978877309914 106.231063662036959
3272.3123803148205 106.229198781118143
3319.9092599067053 106.209457166258773
3368.198452054235 106.172847501507391
3417.190026675413 106.120340566388975
3466.8942001585724 106.052813989754213
3517.3213374928373 105.970321592512889
3568.4819544295697 105.873427173875086
3620.386719675257 105.762222146337166
3673.0464571162966 105.638536180065074
3726.472148076138 105.502878250559760
3780.6749336052594 105.355548399242494
3835.6661168044484 105.199941616594927
3891.45716518188 105.033823860760037
3948.059713044477 104.861893621627402
4005.4855639240527 104.682674760606517
4063.746693038744 104.498604249601982
4122.855249790247 104.310910788167718
4182.823560297375 104.120085616775441
4243.664129966465 103.928003246820168
4305.389646099183 103.734907355940052
4368.012980538242 103.543076967853864
4431.5471923516225 103.351479177340110
4496.00553055582 103.160783684860334
4561.401436878714 102.972831660235059
4627.748548562617 102.786256062690825
4695.060701208099 102.602873988924131
4763.351931659176 102.422166461447830
4832.63648093046 102.245287892101757
4902.928797176889 102.074676503857830
4974.243538706657 101.909452037910029
5046.595577037959 101.753358065863807
5120.000000000202 101.605285714285316
5194.472114880326 101.467585509142282
5270.027451614888 101.340705391125809
5346.6817660285715 101.224894961333931
5424.451043119808 101.120483673747671
5503.351500394186 101.029313349566394
5583.399591246343 100.952355378097138
5664.612008391055 100.893063834294082
5747.005687344222 100.850432753499035
5830.597809954497 100.826440219004553
5915.405807986278 100.822196016397612
6001.447366754812 100.837606084828565
6088.740428814181 100.875806688922893
6177.303197698925 100.934647535318433
6267.154141720092 101.014475288177096
6358.3119978165005 101.115599717412550
6450.795775462017 101.235098170137590
6544.624760629676 101.370383388550806
6639.818519813445 101.515320520512716
6736.396904108505 101.660047572875172
6834.380053350861 101.790537061353490
6933.788400317181 101.889820822223612
7034.642674985712 101.940310694248424
7136.963908859177 101.926245752405976
7240.773439350552 101.838829333615053
7346.092914232631 101.677153927529162
7452.944296152315 101.444492309984554
7561.349867210557 101.139593533880827
7671.332233608935 100.763542648950590
7782.914330363799 100.312720673904849
7896.119426088994 99.780193906148511
8010.971127848146 99.158356085041930
8127.49338607753 98.457955866956752
8245.710499580537 97.700002296920175
8365.647120594791 96.915011360104117
8487.328259932974 96.134546337512020
8610.77929219841 95.381900541047145
8736.025961076528 94.679378393846577
8863.094384703289 94.032158661905967
8992.011061111683 93.443009450719600
9122.802873757471 92.912506677026244
9255.497097125279 92.442022426955390
9390.121402416245 92.030678283596956
9526.7038633184 91.679638839727915
9665.272961860968 91.386745020557200
9805.857594353829 91.148791651285592
9948.487077413367 90.967661754603185
10093.19115407597 90.853168298571632
10240.000000000457 90.806799999999953
10388.944229760706 90.838118955611733
10540.05490322983 90.965370319963910
10693.363532057198 91.192819816420666
10848.902086239672 91.538436521115983
11006.703000788428 92.020954371376462
11166.799182492743 92.648582269076556
11329.224016782166 93.467643999310724
11494.0113746885 94.452771660537536
11661.195619909053 95.693971844093724
11830.811615972614 97.036511600089923
12002.894733509682 98.404903313581798
12177.48085762842 99.524864718058211
12354.606395397908 99.891403691936290
12534.308283440243 99.573652790049124
12716.62399563306 98.457603073290642
12901.591550924093 96.966018618070990
13089.249521259411 95.384866176588559
13279.637039626952 93.942189908159108
13472.793808217073 92.713222302477419
13668.760106701786 91.706815031845920
13867.576800634426 90.894988023784265
14069.285349971487 90.241849811995124
14273.927817718419 89.678741954911487
14481.54687870117 89.185357374216522
14692.18582846533 88.730837955427262
14905.888592304698 88.281504619267793
15122.699734421185 87.824385764089413
15342.664467217943 87.356624684825789
15565.828660727671 86.886419588186811
15792.238852178061 86.429090957905245
16021.942255696367 86.004840579761776
16254.986772155136 85.650043148477792
16491.42099916115 85.415027526833825
16731.294241189662 85.303805356911795
16974.65651986603 85.337735425734820
17221.558584396902 85.541016491619629
17472.051922153143 85.886698871744841
17726.188769406665 86.230545328543741
17984.022122223458 86.248926716911043
18245.605747515034 85.554900580512566
18510.99419425065 83.982222353102827
18780.242804832582 81.808407687960283
19053.40772663689 79.414600486431965
19330.545923722028 77.057638762953019
19611.71518870775 74.963563830380309
19896.974154826825 74.062500000000000
20186.382308152035 74.062500000000000
