20 105.629500000000007
20.290906698750476 105.629500000000007
20.586044732869844 105.629500000000007
20.885475648548283 105.629500000000007
21.189261887185914 105.559595276945814
21.49746679841394 105.477318397230164
21.810154653305165 105.391859543342946
22.12739065777668 105.310493097233604
22.449240966187475 105.229443595476880
22.77577269513385 105.146683299652764
23.107053937445478 105.065663817017281
23.44315377638505 104.987074511183067
23.784142300054445 104.907036025861998
24.130090616010463 104.823844511252489
24.481070866093134 104.737911275918179
24.837156241469714 104.651311225153805
25.1984209978975 104.569095406709920
25.56494047120865 104.487888301198808
25.936791093020236 104.401144126256867
26.3140504066728 104.309008217114837
26.69679708340074 104.225394586965592
27.08511093873791 104.149329038876346
27.47907294916184 104.069941266588543
27.878765268980047 103.985065467169292
28.284271247461966 103.898734495538065
28.695675446220072 103.811908156293782
29.11306365684382 103.723917441092269
29.536522918790062 103.633684095378925
29.966141537533712 103.541745710967788
30.402009102982383 103.449601529236730
30.844216508158908 103.363820064290763
31.29285596815558 103.281303785811602
31.74802103936409 103.196624023560190
32.20980663898519 103.108507318675862
32.67830906482211 103.017908041424505
33.153626015361866 102.926464683096611
33.63585661014871 102.836274096952934
34.125101410453844 102.747857050349666
34.62146244024586 102.660001148076475
35.12504320746613 102.571117438693420
35.635948725613716 102.482388716645673
36.15428553564419 102.393654316797921
36.68016172818701 102.300890727198151
37.21368696608603 102.204322659138427
37.754972507267915 102.108426243849053
38.30413122794313 102.013901991477610
38.86127764614443 101.919784531943804
39.4265279456077 101.824398424676730
40.000000000000206 101.728499999999968
40.58181339750116 101.633955007756086
41.1720894657399 101.540419304161333
41.77095129709678 101.444647647956685
42.37852377437204 101.348262631117251
42.9949335968281 101.250635252619730
43.62030930661056 101.153352150714596
44.25478131555359 101.055801716108959
44.89848193237519 100.958312359574606
45.55154539026795 100.862746837588247
46.21410787489121 100.769560298236797
46.88630755277036 100.676978468752026
47.56828460010916 100.581403648550065
48.260181232021196 100.479213686124908
48.962141732186545 100.379423808597807
49.674312482939705 100.285482482505017
50.39684199579528 100.196382847863390
51.129880942417586 100.108621112327768
51.873582186040764 100.022038109979434
52.628100813345895 99.933395520901229
53.393594166801776 99.840046664312354
54.17022187747612 99.744015540030730
54.95814589832399 99.652122283370403
55.75753053796041 99.563323217767163
56.56854249492426 99.469980528093856
57.39135089244048 99.372342217460925
58.226127313687975 99.272316976984825
59.073045837580466 99.172380591165506
59.932283075067765 99.070990597142014
60.804018205965114 98.968520566830506
61.68843301631817 98.863291854802711
62.58571193631152 98.757678908332025
63.49604207872855 98.650715055749401
64.41961327797075 98.542615053116407
65.35661812964459 98.434702151350166
66.3072520307241 98.327434146543538
67.27171322029778 98.218796406106350
68.25020282090806 98.108477284058296
69.2429248804921 97.997778263145875
70.25008641493265 97.887240580772342
71.27189745122783 97.776135075267405
72.30857107128878 97.664482895372089
73.36032345637442 97.552125551896125
74.42737393217246 97.439339424087976
75.50994501453623 97.326593072474552
76.60826245588666 97.212760325309432
77.72255529228926 97.097302944219990
78.85305589121582 96.979539959628937
80.00000000000082 96.861499999999921
81.16362679500274 96.743682492462199
82.34417893148023 96.625582070893344
83.541902594194 96.505809981019098
84.75704754874454 96.384694075422715
85.98986719365665 96.262337924557187
87.24061861322157 96.137037840662359
88.50956263110764 96.008550111976632
89.79696386475084 95.880668256101416
91.10309078053635 95.759842714632839
92.42821574978288 95.641877739820657
93.77261510554118 95.519985972375565
95.13656920021877 95.387615429933007
96.52036246404286 95.248326047938804
97.92428346437356 95.116609617610379
99.34862496587989 94.994409830203210
100.79368399159105 94.861248091485152
102.25976188483567 94.715764049631602
103.74716437208203 94.570286330090340
105.25620162669229 94.434920252606446
106.78718833360406 94.309861706090089
108.34044375495276 94.189225535031994
109.9162917966485 94.060687783017514
111.51506107592134 93.924239326337727
113.13708498984903 93.789322357516767
114.78270178488147 93.659250112623994
116.45225462737648 93.533250696100581
118.14609167516147 93.402863143804382
119.86456615013608 93.260097462217516
121.60803641193078 93.110796764960668
123.3768660326369 92.951926287929311
125.17142387262359 92.790757546954381
126.99208415745765 92.636149099088470
128.83922655594208 92.488280107652500
130.71323625928977 92.342642782135201
132.61450406144883 92.200102081560317
134.5434264405962 92.060058156616179
136.50040564181674 91.915219374042834
138.48584976098482 91.770784152856720
140.50017282986593 91.654076621773555
142.5437949024563 91.574715964621276
144.61714214257822 91.519401445185053
146.7206469127495 91.481249002483253
148.8547478643456 91.460684361532543
151.01989002907314 91.463882988267471
153.216524911774 91.480796014594162
155.4451105845792 91.482412363348232
157.70611178243232 91.448248765559725
160.00000000000236 91.406499999999994
162.3272535900062 91.395794633485963
164.6883578629612 91.395437671572594
167.08380518838874 91.383830690945018
169.51409509748981 91.360956230005598
171.97973438731407 91.330263452964914
174.4812372264439 91.284271502916411
177.01912526221608 91.209791816661522
179.5939277295025 91.106136249814995
182.20618156107355 90.977808449321884
184.85643149956664 90.836695271623228
187.54523021108326 90.696003292348195
190.27313840043846 90.543947812933425
193.04072492808663 90.376015779386705
195.84856692874806 90.208640825218609
198.69724993176072 90.048693453807743
201.58736798318304 89.882609850322723
204.5195237696723 89.711620875320619
207.49432874416505 89.547298686140635
210.5124032533856 89.388094694779454
213.57437666720915 89.218186153301872
216.68088750990657 89.033987193160556
219.83258359329807 88.854249756470281
223.03012215184378 88.690085004986997
226.2741699796992 88.529065670994740
229.5654035697641 88.372926032221088
232.90450925475412 88.224217507915029
236.2921833503241 88.077253501342113
239.72913230027333 87.927316603400584
243.21607282386276 87.774627841264959
246.75373206527502 87.621181871668696
250.34284774524843 87.472957514062699
253.9841683149166 87.329125351560791
257.67845311188546 87.189638395026321
261.42647251858085 87.050292207747674
265.22900812289896 86.915971357959691
269.08685288119375 86.789350987123584
273.0008112836349 86.671726675595494
276.97169952197106 86.561571899271456
281.00034565973334 86.467793363333129
285.0875898049141 86.389221926960232
289.23428428515797 86.305044029011285
293.44129382550057 86.191767255355785
297.7094957286928 86.036681624696470
302.0397800581479 85.828517344236445
306.4330498235497 85.582249209881212
310.89022116916016 85.376898880326223
315.41222356486645 85.218267623567783
320.00000000000654 85.070999999999813
324.6545071800142 84.938811996087594
329.3767157259242 84.825271837295602
334.16761037677935 84.722563421049955
339.02819019498156 84.620005186885891
343.95946877463007 84.512391686958125
348.9624744528898 84.395193108021232
354.03825052443415 84.269947561941592
359.187855459007 84.142141184616634
364.4123631221491 84.033752737557023
369.71286299913527 83.964974357710460
375.0904604221685 83.912252938465826
380.54627680087896 83.837040612673604
386.08144985617537 83.746799062473769
391.6971338574982 83.646451590565022
397.3944998635236 83.553716451897017
403.1747359663683 83.496070532227009
409.0390475393468 83.465097063804222
414.9886574883323 83.436315219442093
421.0248065067734 83.404956255504260
427.1487533344206 83.386320937222138
433.3617750198154 83.396037543834211
439.6651671865984 83.432059861153760
446.06024430368984 83.480436771201738
452.54833995940066 83.520467529817296
459.13080713953053 83.541531960196011
465.8090185095106 83.556435455228154
472.58436670065066 83.566239276229311
479.45826460054917 83.567407762642659
486.432145647728 83.562511068917047
493.50746413055253 83.559211086801184
500.6856954904994 83.557457144031844
507.9683366298358 83.557001978960642
515.3569062237735 83.559229439715281
522.8529450371643 83.563873163453763
530.4580162458005 83.567000000000007
538.1737057623901 83.567397041742595
546.0016225672724 83.589152824341809
553.9433990439449 83.639846718188110
562.0006913194694 83.692503283767479
570.1751796098309 83.731402174990620
578.4685685703187 83.774113128137145
586.8825876510039 83.838437218738235
595.4189914573883 83.913041872689362
604.0795601162986 83.985096700872248
612.8660996471021 84.048215118983506
621.780442338323 84.110947413678147
630.8244471297356 84.175853574621129
640.0000000000159 84.241000000000099
649.3090143600314 84.294061381852174
658.7534314518515 84.330825367944442
668.3352207535618 84.365506794712815
678.0563803899662 84.412184720969321
687.9189375492632 84.461198740868866
697.9249489057827 84.496859836498501
708.0765010488715 84.524095077674616
718.3757109180171 84.555802274937662
728.8247262443015 84.590121596606195
739.425725998274 84.622277177994818
750.1809208443404 84.655716145008853
761.0925536017613 84.698908024673642
772.1628997123541 84.748233048705600
783.3942677149998 84.802002769223265
794.7889997270506 84.853353248839966
806.34947193274 84.896400345111942
818.0780950786972 84.938143515876590
829.9773149766683 84.994172454668600
842.0496130135506 85.066972613583573
854.2975066688449 85.136234093899148
866.7235500396347 85.191212525157013
879.3303343732008 85.242403921086094
892.1204886073838 85.298779548353480
905.0966799188055 85.359558676267454
918.2616142790653 85.427216384579580
931.6180370190256 85.503208222114154
945.1687334013056 85.581525428157292
958.9165292011028 85.648624381404971
972.8642912954606 85.709717881399513
987.0149282611097 85.783233654934392
1001.3713909810035 85.862768372199326
1015.9366732596762 85.939933145834289
1030.7138124475518 86.018027941668322
1045.7058900743334 86.102808867927408
1060.916032491606 86.190007644287448
1076.3474115247852 86.274231108516346
1092.0032451345498 86.358517848240041
1107.8867980878947 86.445877389483428
1124.0013826389438 86.533729557889956
1140.350359219667 86.619751796098342
1156.9371371406426 86.701897374664497
1173.765175302013 86.784436199966450
1190.837982914782 86.874775215037857
1208.1591202326028 86.968566715531793
1225.73219929421 87.059705629922007
1243.5608846766518 87.145735337899566
1261.648894259477 87.231638099494859
1280.0000000000375 87.314500000000123
1298.6180287200684 87.384184621780818
1317.5068629037087 87.455778137905199
1336.6704415071292 87.542684030932804
1356.112760779938 87.641786356055690
1375.8378750985323 87.746732631777149
1395.8498978115715 87.845872004386123
1416.153002097749 87.927381407971438
1436.7514218360407 88.006499330706447
1457.6494524886093 88.095370360995105
1478.8514519965543 88.198950521342155
1500.3618416886875 88.310287497942113
1522.1851072035295 88.418094429585437
1544.3257994247153 88.522444741307666
1566.788535430007 88.625555721560829
1589.5779994541087 88.724519157696349
1612.6989438654878 88.817771902198103
1636.156190157402 88.912132874857946
1659.9546299533442 89.019175871969509
1684.099226027109 89.138450176573912
1708.5950133376978 89.253442856551828
1733.4471000792773 89.358139936329792
1758.6606687464096 89.467185502983341
1784.2409772147755 89.587171871086639
1810.193359837619 89.708573986466035
1836.5232285581387 89.826432670226978
1863.2360740380593 89.946885940575072
1890.3374668026197 90.072472595300212
1917.833058402214 90.202385357994530
1945.7285825909298 90.341801199561928
1974.0298565222283 90.495664210872263
2002.7427819620161 90.650393918581187
2031.8733465193618 90.792148616431064
2061.4276248951132 90.928852599496537
2091.411780148677 91.073458905118841
2121.832064983222 91.235171778527274
2152.694823049581 91.419231847043037
2184.0064902691106 91.611839428384855
2215.7735961758003 91.806796296289960
2248.002765277899 92.009684871412830
2280.7007184393456 92.223162943319124
2313.874274281297 92.427470790831521
2347.530350604038 92.618001273342344
2381.6759658295764 92.811365853947194
2416.318240465218 93.013593530768048
2451.4643985884327 93.223249781565897
2487.1217693533167 93.429025819910905
2523.2977885189675 93.613203051960511
2560.0000000000887 93.787000000000404
2597.236057440151 93.965533935046750
2635.0137258074315 94.151316570166045
2673.340883014273 94.324657557999046
2712.225521559891 94.479475280490263
2751.6757501970797 94.607090772488419
2791.699795623158 94.702343302925669
2832.3060041955137 94.755713544573112
2873.502843672097 94.786046336525885
2915.2989049772345 94.803548638642496
2957.7029039931244 94.815693261359385
3000.723683377391 94.819255756860130
3044.370214407075 94.801921133220063
3088.6515988494466 94.749090021783360
3133.57707086003 94.678866113395458
3179.1559989082334 94.622386201146355
3225.3978877309914 94.585769225116024
3272.3123803148205 94.565029409708700
3319.9092599067053 94.561579129778551
3368.198452054235 94.583968684246088
3417.190026675413 94.621829716805507
3466.8942001585724 94.635911261938162
3517.3213374928373 94.602041181633666
3568.4819544295697 94.532374414279815
3620.386719675257 94.452254725257887
3673.0464571162966 94.392523763449276
3726.472148076138 94.348204509693005
3780.6749336052594 94.280830279586283
3835.6661168044484 94.205803866699682
3891.45716518188 94.185374299109128
3948.059713044477 94.219335827826683
4005.4855639240527 94.266914260654005
4063.746693038744 94.272534308939157
4122.855249790247 94.214884675412520
4182.823560297375 94.096328503921455
4243.664129966465 93.963348401644723
4305.389646099183 93.863184468162103
4368.012980538242 93.786867864858607
4431.5471923516225 93.709324500770521
4496.00553055582 93.630859937823757
4561.401436878714 93.551026621378895
4627.748548562617 93.459166893537827
4695.060701208099 93.365349932717123
4763.351931659176 93.340996382944255
4832.63648093046 93.418295601163067
4902.928797176889 93.461471914588188
4974.243538706657 93.404707877827235
5046.595577037959 93.244142722057802
5120.000000000202 93.051214285713755
5194.472114880326 92.883508744129642
5270.027451614888 92.728880366326507
5346.6817660285715 92.521786525311427
5424.451043119808 92.266731438490950
5503.351500394186 92.017540088089078
5583.399591246343 91.778386216042122
5664.612008391055 91.515134252225607
5747.005687344222 91.277430411962072
5830.597809954497 91.121764412579353
5915.405807986278 91.098491102140855
6001.447366754812 91.221439139050801
6088.740428814181 91.530267857254714
6177.303197698925 91.959926856441484
6267.154141720092 92.455252174733289
6358.3119978165005 93.006492186407712
6450.795775462017 93.630713667817290
6544.624760629676 94.358401741682968
6639.818519813445 95.163647437004016
6736.396904108505 95.958392192594403
6834.380053350861 96.663578635310159
6933.788400317181 97.223824251387668
7034.642674985712 97.576376455099066
7136.963908859177 97.646207640305875
7240.773439350552 97.376869249364731
7346.092914232631 96.744901087844994
7452.944296152315 95.725847225324941
7561.349867210557 94.301058812066003
7671.332233608935 92.657352782435112
7782.914330363799 91.024778544728662
7896.119426088994 89.593746013165884
8010.971127848146 88.328751757842355
8127.49338607753 87.102168728685058
8245.710499580537 85.976832744377589
8365.647120594791 85.079321714363203
8487.328259932974 84.319639217658022
8610.77929219841 83.619828061768118
8736.025961076528 83.103896155693889
8863.094384703289 82.903952449223738
8992.011061111683 82.893639115111071
9122.802873757471 82.856491786098800
9255.497097125279 82.912473051569293
9390.121402416245 83.184911813208373
9526.7038633184 83.489006438864010
9665.272961860968 83.704225484301190
9805.857594353829 83.902149597445714
9948.487077413367 84.132071943135060
10093.19115407597 84.389850449139274
10240.000000000457 84.743000000001274
10388.944229760706 85.299401637056803
10540.05490322983 86.115699958491547
10693.363532057198 87.146140760320577
10848.902086239672 88.386777524413247
11006.703000788428 89.825010251205569
11166.799182492743 91.423691620550613
11329.224016782166 93.134851444697460
11494.0113746885 94.837366116611776
11661.195619909053 96.270860891316616
11830.811615972614 97.348011942865838
12002.894733509682 97.900994422489759
12177.48085762842 98.241420859832246
12354.606395397908 98.285488197678859
12534.308283440243 98.010931682608714
12716.62399563306 97.168435067468067
12901.591550924093 95.676122781267452
13089.249521259411 93.888278489601419
13279.637039626952 92.035878067774732
13472.793808217073 90.271577964538210
13668.760106701786 88.715975142684073
13867.576800634426 87.396609164358395
14069.285349971487 86.343538445203905
14273.927817718419 85.478241877413950
14481.54687870117 84.828805770257532
14692.18582846533 84.402696979404979
14905.888592304698 84.113287004772644
15122.699734421185 83.923054979531273
15342.664467217943 83.836258684262248
15565.828660727671 83.889901103046867
15792.238852178061 84.095791698996436
16021.942255696367 84.378716323676144
16254.986772155136 84.650188888610316
16491.42099916115 84.848793639295366
16731.294241189662 84.947129931028741
16974.65651986603 85.064132381694620
17221.558584396902 85.326861200368498
17472.051922153143 85.789336625132790
17726.188769406665 86.492661768197138
17984.022122223458 87.513001993205023
18245.605747515034 88.794730873189479
18510.99419425065 89.794488461315126
18780.242804832582 89.914835614796004
19053.40772663689 88.651403198454886
19330.545923722028 85.874159229016982
19611.71518870775 82.416641165884428
19896.974154826825 79.539966101414592
20186.382308152035 78.686499999999995
