20 108.255499999999998
20.290906698750476 108.227000030954741
20.586044732869844 108.198499926308202
20.885475648548283 108.168499931436742
21.189261887185914 108.137500011100769
21.49746679841394 108.106500020203043
21.810154653305165 108.074999935928986
22.12739065777668 108.043999932312730
22.449240966187475 108.012000099216095
22.77577269513385 107.978499930504739
23.107053937445478 107.945000006396981
23.44315377638505 107.910999920021567
23.784142300054445 107.875499968662552
24.130090616010463 107.839500039814595
24.481070866093134 107.801500014825820
24.837156241469714 107.761999972496227
25.1984209978975 107.721000000237751
25.56494047120865 107.679500058939567
25.936791093020236 107.636499872060028
26.3140504066728 107.593000067384367
26.69679708340074 107.548999873995172
27.08511093873791 107.504500119818772
27.47907294916184 107.459000005786095
27.878765268980047 107.413499969376744
28.284271247461966 107.367499971626870
28.695675446220072 107.320499949571413
29.11306365684382 107.273500038502021
29.536522918790062 107.224000127203567
29.966141537533712 107.174499936876657
30.402009102982383 107.123000106631082
30.844216508158908 107.071500057628185
31.29285596815558 107.018000003819125
31.74802103936409 106.963499875761158
32.20980663898519 106.908000164453924
32.67830906482211 106.850500113367445
33.153626015361866 106.791499875322899
33.63585661014871 106.732000048331457
34.125101410453844 106.671000200711717
34.62146244024586 106.609500197257304
35.12504320746613 106.545999848196232
35.635948725613716 106.480999908677290
36.15428553564419 106.415499931508521
36.68016172818701 106.348499906853434
37.21368696608603 106.280000133232846
37.754972507267915 106.211000189599687
38.30413122794313 106.139999970436236
38.86127764614443 106.068000174328631
39.4265279456077 105.995500135680800
40.000000000000206 105.922499999999971
40.58181339750116 105.849500074291370
41.1720894657399 105.777999946143879
41.77095129709678 105.708999850018373
42.37852377437204 105.640000136680257
42.9949335968281 105.572500043664633
43.62030930661056 105.507999867723939
44.25478131555359 105.444499870778827
44.89848193237519 105.381500104114025
45.55154539026795 105.314999856797584
46.21410787489121 105.245500013358367
46.88630755277036 105.172499937362673
47.56828460010916 105.095999816639662
48.260181232021196 105.016499973129797
48.962141732186545 104.934000151166259
49.674312482939705 104.849500062213963
50.39684199579528 104.764500117710966
51.129880942417586 104.679000237729184
51.873582186040764 104.593999865903868
52.628100813345895 104.509500020705389
53.393594166801776 104.425499877865377
54.17022187747612 104.346000112333911
54.95814589832399 104.271999917667941
55.75753053796041 104.199499950736481
56.56854249492426 104.125499955931062
57.39135089244048 104.051999920601759
58.226127313687975 103.977000062258554
59.073045837580466 103.899500198437522
59.932283075067765 103.817499794545853
60.804018205965114 103.730500180452168
61.68843301631817 103.638500207841275
62.58571193631152 103.542500006860223
63.49604207872855 103.442999780887348
64.41961327797075 103.346000389504979
65.35661812964459 103.256000271652084
66.3072520307241 103.169499909903990
67.27171322029778 103.084499980793765
68.25020282090806 102.998500281643260
69.2429248804921 102.911500275533967
70.25008641493265 102.818499772294317
71.27189745122783 102.720999859503763
72.30857107128878 102.620999993129331
73.36032345637442 102.520999773585174
74.42737393217246 102.423500187298316
75.50994501453623 102.331500333806900
76.60826245588666 102.247499891163471
77.72255529228926 102.163500129798209
78.85305589121582 102.069500178429834
80.00000000000082 101.968999999999937
81.16362679500274 101.869000103182429
82.34417893148023 101.772499844627816
83.541902594194 101.678499880182116
84.75704754874454 101.588500178890001
85.98986719365665 101.498500058653860
87.24061861322157 101.406999809853431
88.50956263110764 101.314999811296019
89.79696386475084 101.224000218390586
91.10309078053635 101.137999837844305
92.42821574978288 101.062999959699738
93.77261510554118 100.988999933295190
95.13656920021877 100.903499777182333
96.52036246404286 100.808000036661980
97.92428346437356 100.719500154765427
99.34862496587989 100.636500001957245
100.79368399159105 100.551500119095778
102.25976188483567 100.460000260103669
103.74716437208203 100.361999842239811
105.25620162669229 100.263500087958022
106.78718833360406 100.169999855247823
108.34044375495276 100.071500145457975
109.9162917966485 99.963499871426450
111.51506107592134 99.848999925438847
113.13708498984903 99.740000000660984
114.78270178488147 99.639999890559153
116.45225462737648 99.534500024239918
118.14609167516147 99.418500230787515
119.86456615013608 99.305999807783849
121.60803641193078 99.202500207109836
123.3768660326369 99.103500165482941
125.17142387262359 99.002500063221817
126.99208415745765 98.902499828444164
128.83922655594208 98.799000371942356
130.71323625928977 98.679500372376992
132.61450406144883 98.559999880944389
134.5434264405962 98.449000032075176
136.50040564181674 98.333500378761968
138.48584976098482 98.219500289213897
140.50017282986593 98.117999769922122
142.5437949024563 98.019999902384114
144.61714214257822 97.911999992244958
146.7206469127495 97.797999745860878
148.8547478643456 97.691000200814671
151.01989002907314 97.588500330425546
153.216524911774 97.487499871494066
155.4451105845792 97.392500140487314
157.70611178243232 97.307500154267302
160.00000000000236 97.233499999999935
162.3272535900062 97.178500030184026
164.6883578629612 97.143999962775410
167.08380518838874 97.124999979244336
169.51409509748981 97.114000016000091
171.97973438731407 97.103500007168805
174.4812372264439 97.090999977265056
177.01912526221608 97.079999968268126
179.5939277295025 97.064500036712488
182.20618156107355 97.037499939546933
184.85643149956664 97.001999979290133
187.54523021108326 96.962999946837897
190.27313840043846 96.914499856096896
193.04072492808663 96.847500027785884
195.84856692874806 96.758500167362456
198.69724993176072 96.661500002315236
201.58736798318304 96.567000128789672
204.5195237696723 96.480000208844885
207.49432874416505 96.397499869059118
210.5124032533856 96.312500050167529
213.57437666720915 96.222499831556917
216.68088750990657 96.131500158483078
219.83258359329807 96.044999932440845
223.03012215184378 95.960999968997470
226.2741699796992 95.873000000554953
229.5654035697641 95.780499877757165
232.90450925475412 95.692500019347420
236.2921833503241 95.610000184495760
239.72913230027333 95.524999838611038
243.21607282386276 95.437500176351023
246.75373206527502 95.357000130380470
250.34284774524843 95.279000049450673
253.9841683149166 95.194499835060299
257.67845311188546 95.115500280935592
261.42647251858085 95.048500183904281
265.22900812289896 94.970999904540975
269.08685288119375 94.886500002454824
273.0008112836349 94.827500165101355
276.97169952197106 94.778000136719214
281.00034565973334 94.713499860055776
285.0875898049141 94.657499944179136
289.23428428515797 94.612999991109007
293.44129382550057 94.590999988448232
297.7094957286928 94.587000005092392
302.0397800581479 94.582500010314334
306.4330498235497 94.605500044583692
310.89022116916016 94.634499963351132
315.41222356486645 94.648499975425551
320.00000000000654 94.674500000000023
324.6545071800142 94.688499997585282
329.3767157259242 94.674999973229419
334.16761037677935 94.653999949735734
339.02819019498156 94.617000065600337
343.95946877463007 94.575000035858153
348.9624744528898 94.534999909418502
354.03825052443415 94.496499930373318
359.187855459007 94.466500059147876
364.4123631221491 94.443499963728158
369.71286299913527 94.422499987126287
375.0904604221685 94.399499970465499
380.54627680087896 94.373999944367753
386.08144985617537 94.348000005353470
391.6971338574982 94.323000044989897
397.3944998635236 94.296500005167644
403.1747359663683 94.269500037390543
409.0390475393468 94.245500058967934
414.9886574883323 94.221499963378761
421.0248065067734 94.201500014092517
427.1487533344206 94.184499974959451
433.3617750198154 94.169000028174764
439.6651671865984 94.155499988349177
446.06024430368984 94.143999996080140
452.54833995940066 94.133000000068577
459.13080713953053 94.121499983517822
465.8090185095106 94.109500004459022
472.58436670065066 94.099000021028871
479.45826460054917 94.089499985493120
486.432145647728 94.081500015261739
493.50746413055253 94.075000010874220
500.6856954904994 94.070000001948600
507.9683366298358 94.067499998148605
515.3569062237735 94.067499996254185
522.8529450371643 94.070499991640716
530.4580162458005 94.075500006435448
538.1737057623901 94.081999999785211
546.0016225672724 94.092999964389918
553.9433990439449 94.104999965820184
562.0006913194694 94.118500039915375
570.1751796098309 94.135500020838407
578.4685685703187 94.156000004120756
586.8825876510039 94.178500057758896
595.4189914573883 94.204999952471013
604.0795601162986 94.237499886542309
612.8660996471021 94.272500044351915
621.780442338323 94.310499936086387
630.8244471297356 94.357499912576515
640.0000000000159 94.411500000000103
649.3090143600314 94.473499954514210
658.7534314518515 94.542500102855371
668.3352207535618 94.616500128485555
678.0563803899662 94.696999868799367
687.9189375492632 94.782499935264610
697.9249489057827 94.871000190579423
708.0765010488715 94.960500222629477
718.3757109180171 95.057999796041813
728.8247262443015 95.165000205875117
739.425725998274 95.278000062689401
750.1809208443404 95.390500132314614
761.0925536017613 95.500500236418233
772.1628997123541 95.606499968633713
783.3942677149998 95.710499823779287
794.7889997270506 95.810499988980155
806.34947193274 95.909499871434150
818.0780950786972 96.010999740720933
829.9773149766683 96.113500172716499
842.0496130135506 96.220499918411861
854.2975066688449 96.337500220517299
866.7235500396347 96.466499767558304
879.3303343732008 96.607000149518981
892.1204886073838 96.764000073728170
905.0966799188055 96.936499998908943
918.2616142790653 97.119500245392842
931.6180370190256 97.311499927540893
945.1687334013056 97.509999583628456
958.9165292011028 97.702500346351826
972.8642912954606 97.895999612085745
987.0149282611097 98.097999632088857
1001.3713909810035 98.291499894254940
1015.9366732596762 98.477000342507637
1030.7138124475518 98.660999326856569
1045.7058900743334 98.837499500744514
1060.916032491606 99.009000181264952
1076.3474115247852 99.176499994906351
1092.0032451345498 99.337999482035144
1107.8867980878947 99.495499577364328
1124.0013826389438 99.651500374731938
1140.350359219667 99.802500150036522
1156.9371371406426 99.944500025848384
1173.765175302013 100.083500319723257
1190.837982914782 100.224999752428715
1208.1591202326028 100.363999525540706
1225.73219929421 100.498500158228552
1243.5608846766518 100.628999795802912
1261.648894259477 100.750499791932157
1280.0000000000375 100.860000000000213
1298.6180287200684 100.962999926085601
1317.5068629037087 101.075000167668406
1336.6704415071292 101.195500200047178
1356.112760779938 101.318999795244210
1375.8378750985323 101.439999902806633
1395.8498978115715 101.558000253384023
1416.153002097749 101.674000269498890
1436.7514218360407 101.788999759885314
1457.6494524886093 101.903500204053245
1478.8514519965543 102.014000059331067
1500.3618416886875 102.120000124044978
1522.1851072035295 102.226000235983449
1544.3257994247153 102.334499967746041
1566.788535430007 102.442999815224908
1589.5779994541087 102.552499982791318
1612.6989438654878 102.661999852408655
1636.156190157402 102.773999712759490
1659.9546299533442 102.888000195966825
1684.099226027109 103.005999917347850
1708.5950133376978 103.124500205170477
1733.4471000792773 103.245999783406646
1758.6606687464096 103.372500119253601
1784.2409772147755 103.501500051748110
1810.193359837619 103.634000004278306
1836.5232285581387 103.768500184360505
1863.2360740380593 103.907499947978110
1890.3374668026197 104.050999697184352
1917.833058402214 104.198000266563994
1945.7285825909298 104.346499703126867
1974.0298565222283 104.500999722762515
2002.7427819620161 104.661999910395025
2031.8733465193618 104.824500309197617
2061.4276248951132 104.988999393067445
2091.411780148677 105.157999520658151
2121.832064983222 105.327500184550487
2152.694823049581 105.494499994875724
2184.0064902691106 105.662499459374274
2215.7735961758003 105.829499550444922
2248.002765277899 105.990500384465264
2280.7007184393456 106.146500156288113
2313.874274281297 106.294500025848436
2347.530350604038 106.429000282839638
2381.6759658295764 106.547999803162625
2416.318240465218 106.652499659065171
2451.4643985884327 106.739500089559868
2487.1217693533167 106.808999895527094
2523.2977885189675 106.863499910828097
2560.0000000000887 106.904500000000070
2597.236057440151 106.931499982942839
2635.0137258074315 106.944000002817944
2673.340883014273 106.941999977230410
2712.225521559891 106.923500037978897
2751.6757501970797 106.885500032675736
2791.699795623158 106.826999840101422
2832.3060041955137 106.747999777370438
2873.502843672097 106.648000219235101
2915.2989049772345 106.531499768618147
2957.7029039931244 106.402499928122552
3000.723683377391 106.267499843617770
3044.370214407075 106.133499719622506
3088.6515988494466 106.011000032261919
3133.57707086003 105.918500140292167
3179.1559989082334 105.877500003875824
3225.3978877309914 105.905999936630792
3272.3123803148205 106.014999677172227
3319.9092599067053 106.188500332147214
3368.198452054235 106.390499857109916
3417.190026675413 106.581500280251262
3466.8942001585724 106.731499759759274
3517.3213374928373 106.831000059931029
3568.4819544295697 106.883000008690530
3620.386719675257 106.897499999909911
3673.0464571162966 106.885999964436664
3726.472148076138 106.856000012262285
3780.6749336052594 106.814500095457106
3835.6661168044484 106.763999894825076
3891.45716518188 106.703500123561554
3948.059713044477 106.634000127955744
4005.4855639240527 106.552500046750396
4063.746693038744 106.455999788840614
4122.855249790247 106.339000450818759
4182.823560297375 106.196000422948629
4243.664129966465 106.025499782296663
4305.389646099183 105.820500006535681
4368.012980538242 105.579500809319882
4431.5471923516225 105.301500768087578
4496.00553055582 104.987999162554331
4561.401436878714 104.637499603607026
4627.748548562617 104.255499918506203
4695.060701208099 103.846499036835667
4763.351931659176 103.416000759177876
4832.63648093046 102.966501554373025
4902.928797176889 102.505499436059708
4974.243538706657 102.039500739224778
5046.595577037959 101.574000804899413
5120.000000000202 101.115999999998792
5194.472114880326 100.672000313425158
5270.027451614888 100.243999416682755
5346.6817660285715 99.835499365896254
5424.451043119808 99.446500635733486
5503.351500394186 99.071000290191449
5583.399591246343 98.708499222410865
5664.612008391055 98.356999198533472
5747.005687344222 98.019000693337233
5830.597809954497 97.706499477113383
5915.405807986278 97.429999869655006
6001.447366754812 97.198999776431236
6088.740428814181 97.018499688714712
6177.303197698925 96.891000032450847
6267.154141720092 96.820000098152235
6358.3119978165005 96.814499998139610
6450.795775462017 96.879999889103942
6544.624760629676 97.021499593287899
6639.818519813445 97.236500446191201
6736.396904108505 97.519999786772516
6834.380053350861 97.871500694819645
6933.788400317181 98.294499230533532
7034.642674985712 98.793500527012782
7136.963908859177 99.364500246862320
7240.773439350552 99.977000007837717
7346.092914232631 100.582000811850875
7452.944296152315 101.215499756612360
7561.349867210557 101.992998256317392
7671.332233608935 102.924501780441489
7782.914330363799 103.895498098734080
7896.119426088994 104.786498467642659
8010.971127848146 105.498499640593053
8127.49338607753 105.949000409121382
8245.710499580537 106.084499800457294
8365.647120594791 105.907000709819158
8487.328259932974 105.472999363761005
8610.77929219841 104.856000025345665
8736.025961076528 104.111502493037960
8863.094384703289 103.291002219754375
8992.011061111683 102.533498386325235
9122.802873757471 101.887999311861591
9255.497097125279 101.215999853796248
9390.121402416245 100.497998429475331
9526.7038633184 99.810001189262380
9665.272961860968 99.123002369220302
9805.857594353829 98.424999165610672
9948.487077413367 97.745001068418162
10093.19115407597 97.106001085920099
10240.000000000457 96.530499999998426
10388.944229760706 96.041000330482149
10540.05490322983 95.679499682979667
10693.363532057198 95.507999993520201
10848.902086239672 95.557999828269431
11006.703000788428 95.788499793727226
11166.799182492743 96.079500543217279
11329.224016782166 96.294500243087455
11494.0113746885 96.356999956279964
11661.195619909053 96.271999726714256
11830.811615972614 96.118499927340963
12002.894733509682 96.008999979045541
12177.48085762842 96.029000288466094
12354.606395397908 96.192999945030920
12534.308283440243 96.469499485131337
12716.62399563306 96.811999947202892
12901.591550924093 97.155999554605870
13089.249521259411 97.429999369596345
13279.637039626952 97.581000076632904
13472.793808217073 97.593500014817579
13668.760106701786 97.475499649150422
13867.576800634426 97.247500438700257
14069.285349971487 96.939499670854730
14273.927817718419 96.586999853501268
14481.54687870117 96.227999994004165
14692.18582846533 95.897999612695685
14905.888592304698 95.620000097726546
15122.699734421185 95.407000412751131
15342.664467217943 95.269499856033889
15565.828660727671 95.195000137915642
15792.238852178061 94.983500544719007
16021.942255696367 94.108500596943188
16254.986772155136 92.658497526417733
16491.42099916115 91.436004181926506
16731.294241189662 90.239503631106302
16974.65651986603 88.547497781938546
17221.558584396902 86.491500080996929
17472.051922153143 84.547506016229534
17726.188769406665 83.064503588765547
17984.022122223458 82.276999733094726
18245.605747515034 82.433500966899018
18510.99419425065 83.556500312226405
18780.242804832582 85.169503589771239
19053.40772663689 86.649997607344915
19330.545923722028 87.468997971861057
19611.71518870775 87.189498462200646
19896.974154826825 85.573503115718466
20186.382308152035 82.680005509395500
