20 110.343999999999994
20.290906698750476 110.267000078418704
20.586044732869844 110.188499808401332
20.885475648548283 110.109499828591893
21.189261887185914 110.029000029972053
21.49746679841394 109.946500054092041
21.810154653305165 109.860999822254641
22.12739065777668 109.773999819500617
22.449240966187475 109.685500284846214
22.77577269513385 109.595499808361524
23.107053937445478 109.505000016933167
23.44315377638505 109.413499792056044
23.784142300054445 109.322499921656345
24.130090616010463 109.232500099536452
24.481070866093134 109.145500032692851
24.837156241469714 109.059999942979985
25.1984209978975 108.975000000492912
25.56494047120865 108.890000122191765
25.936791093020236 108.803999744120063
26.3140504066728 108.716500136335810
26.69679708340074 108.626999742390126
27.08511093873791 108.534500253253313
27.47907294916184 108.440000012215080
27.878765268980047 108.343499934093416
28.284271247461966 108.244499940839006
28.695675446220072 108.145499893778066
29.11306365684382 108.046000081919175
29.536522918790062 107.946500251863057
29.966141537533712 107.847499877466447
30.402009102982383 107.748500203009172
30.844216508158908 107.650000108606974
31.29285596815558 107.551000007001733
31.74802103936409 107.452499776370075
32.20980663898519 107.354000287794378
32.67830906482211 107.256500192923539
33.153626015361866 107.158999795022396
33.63585661014871 107.062000078135881
34.125101410453844 106.965500314016708
34.62146244024586 106.869500300582558
35.12504320746613 106.773999777038213
35.635948725613716 106.680499869338277
36.15428553564419 106.587999905952017
36.68016172818701 106.495999872608365
37.21368696608603 106.401500185367439
37.754972507267915 106.304000269286519
38.30413122794313 106.202499957707403
38.86127764614443 106.099000251808036
39.4265279456077 105.995000191440042
40.000000000000206 105.893499999999960
40.58181339750116 105.798000095959679
41.1720894657399 105.707999932874998
41.77095129709678 105.621499815736854
42.37852377437204 105.535000174870333
42.9949335968281 105.449500056047157
43.62030930661056 105.365499826387662
44.25478131555359 105.281999823602845
44.89848193237519 105.196500140471301
45.55154539026795 105.108999804149647
46.21410787489121 105.015500017685724
46.88630755277036 104.916999917839348
47.56828460010916 104.815499760935239
48.260181232021196 104.711999965831723
48.962141732186545 104.609000185358639
49.674312482939705 104.506000074512087
50.39684199579528 104.402500144022824
51.129880942417586 104.297000296462272
51.873582186040764 104.190499831196647
52.628100813345895 104.082500026867706
53.393594166801776 103.972999834138179
54.17022187747612 103.862000161299960
54.95814589832399 103.749499872554480
55.75753053796041 103.637499927436153
56.56854249492426 103.529999937820548
57.39135089244048 103.428499894850972
58.226127313687975 103.330000081099953
59.073045837580466 103.228500262039304
59.932283075067765 103.120499734820811
60.804018205965114 103.009000229666384
61.68843301631817 102.893500259242884
62.58571193631152 102.774000008557621
63.49604207872855 102.652499724415009
64.41961327797075 102.530500489892859
65.35661812964459 102.411500363220227
66.3072520307241 102.294499873436564
67.27171322029778 102.175999973111260
68.25020282090806 102.055500394948012
69.2429248804921 101.932500388252407
70.25008641493265 101.805999696392419
71.27189745122783 101.676499814544954
72.30857107128878 101.543499990748415
73.36032345637442 101.406499676550254
74.42737393217246 101.266000272258381
75.50994501453623 101.124000520885517
76.60826245588666 100.983499817731584
77.72255529228926 100.844500212258254
78.85305589121582 100.708000250916953
80.00000000000082 100.577999999999918
81.16362679500274 100.467000108341537
82.34417893148023 100.388999925550820
83.541902594194 100.356500010533438
84.75704754874454 100.377499931659997
85.98986719365665 100.450499943952977
87.24061861322157 100.564000258351328
88.50956263110764 100.685000207164137
89.79696386475084 100.775499805875029
91.10309078053635 100.817500004211837
92.42821574978288 100.806999973133159
93.77261510554118 100.748999930854779
95.13656920021877 100.657999751651147
96.52036246404286 100.547500043994376
97.92428346437356 100.430500208753372
99.34862496587989 100.326000002363003
100.79368399159105 100.248000099708094
102.25976188483567 100.192000148231131
103.74716437208203 100.148499955827148
105.25620162669229 100.128000011788188
106.78718833360406 100.135000033172361
108.34044375495276 100.159999959675019
109.9162917966485 100.186500019173252
111.51506107592134 100.200000003328611
113.13708498984903 100.203499999987542
114.78270178488147 100.202499990343455
116.45225462737648 100.188000004447701
118.14609167516147 100.143000107570458
119.86456615013608 100.057999813223944
121.60803641193078 99.952500221463978
123.3768660326369 99.843000183869933
125.17142387262359 99.729500071985228
126.99208415745765 99.616499811288577
128.83922655594208 99.509000364990158
130.71323625928977 99.404500317436117
132.61450406144883 99.296999885234698
134.5434264405962 99.190500030630346
136.50040564181674 99.086500336677304
138.48584976098482 98.982500273438603
140.50017282986593 98.882999779409857
142.5437949024563 98.789999911593156
144.61714214257822 98.693999993673515
146.7206469127495 98.602999801309409
148.8547478643456 98.516500167989193
151.01989002907314 98.425000298345395
153.216524911774 98.332999881984350
155.4451105845792 98.242000140487335
157.70611178243232 98.145000182146930
160.00000000000236 98.049499999999924
162.3272535900062 97.972500044672358
164.6883578629612 97.899999880233906
167.08380518838874 97.825999875466039
169.51409509748981 97.755000112000602
171.97973438731407 97.688000043664516
174.4812372264439 97.622999875991241
177.01912526221608 97.564499868190694
179.5939277295025 97.512000104018711
182.20618156107355 97.461999910184005
184.85643149956664 97.409499969215062
187.54523021108326 97.353499930298582
190.27313840043846 97.294499863059954
193.04072492808663 97.236500021997159
195.84856692874806 97.179000104376584
198.69724993176072 97.117500001503714
201.58736798318304 97.048000099708133
204.5195237696723 96.974500181817888
207.49432874416505 96.902499895878336
210.5124032533856 96.838000036328211
213.57437666720915 96.786999921271160
216.68088750990657 96.746000068676011
219.83258359329807 96.703499962557572
223.03012215184378 96.656499982182453
226.2741699796992 96.607500000299297
229.5654035697641 96.555999924456671
232.90450925475412 96.501000012231131
236.2921833503241 96.447500119247266
239.72913230027333 96.398999920212191
243.21607282386276 96.356500084074327
246.75373206527502 96.315000070204860
250.34284774524843 96.268000030671942
253.9841683149166 96.218999918523764
257.67845311188546 96.181000131103275
261.42647251858085 96.147000097525009
265.22900812289896 96.100999945298753
269.08685288119375 96.054000001319451
273.0008112836349 96.017500113304848
276.97169952197106 95.982000094651767
281.00034565973334 95.943999907494486
285.0875898049141 95.904499952319682
289.23428428515797 95.863499987123390
293.44129382550057 95.821999900654689
297.7094957286928 95.778000076385865
302.0397800581479 95.739500116895783
306.4330498235497 95.707999948859893
310.89022116916016 95.665000071770706
315.41222356486645 95.612500085191456
320.00000000000654 95.570999999999941
324.6545071800142 95.539000018110400
329.3767157259242 95.509999953503737
334.16761037677935 95.475499948212587
339.02819019498156 95.444500044800222
343.95946877463007 95.426000013660257
348.9624744528898 95.406999938857496
354.03825052443415 95.380499943849443
359.187855459007 95.355000053029144
364.4123631221491 95.330499953364779
369.71286299913527 95.302999990484651
375.0904604221685 95.288499990548956
380.54627680087896 95.280999985022092
386.08144985617537 95.271000002676743
391.6971338574982 95.248500044989896
397.3944998635236 95.221500005167655
403.1747359663683 95.198500031851211
409.0390475393468 95.165000093365904
414.9886574883323 95.116499912806574
421.0248065067734 95.066500037085547
427.1487533344206 95.023499936563951
433.3617750198154 94.984500070436894
439.6651671865984 94.934999946600385
446.06024430368984 94.879499979687978
452.54833995940066 94.818000000411516
459.13080713953053 94.727499859901400
465.8090185095106 94.633500031956345
472.58436670065066 94.590000058880833
479.45826460054917 94.590500010880163
486.432145647728 94.594999994276847
493.50746413055253 94.591500009061861
500.6856954904994 94.578500006820093
507.9683366298358 94.557999940755451
515.3569062237735 94.523000142340692
522.8529450371643 94.480500117030005
530.4580162458005 94.439999954951929
538.1737057623901 94.396000001411508
546.0016225672724 94.345500165101299
553.9433990439449 94.292500139348448
562.0006913194694 94.231999810401973
570.1751796098309 94.152999913520631
578.4685685703187 94.071999986513902
586.8825876510039 94.002499845206131
595.4189914573883 93.936000112032588
604.0795601162986 93.877500189096139
612.8660996471021 93.840999974827284
621.780442338323 93.822500026220979
630.8244471297356 93.814000010490815
640.0000000000159 93.827000000000055
649.3090143600314 93.870499965174929
658.7534314518515 93.916000054950132
668.3352207535618 93.953500061803169
678.0563803899662 93.995499926399646
687.9189375492632 94.054499951824823
697.9249489057827 94.127500160259956
708.0765010488715 94.203000203881729
718.3757109180171 94.295499800120979
728.8247262443015 94.401000180368456
739.425725998274 94.496500047576774
750.1809208443404 94.580500093329064
761.0925536017613 94.657500171737780
772.1628997123541 94.736999975735529
783.3942677149998 94.828999839177214
794.7889997270506 94.929499988646228
806.34947193274 95.043499844162625
818.0780950786972 95.177999646668724
829.9773149766683 95.311500190984574
842.0496130135506 95.420499923603813
854.2975066688449 95.519000187264680
866.7235500396347 95.628499802776759
879.3303343732008 95.744500114566506
892.1204886073838 95.863000052477105
905.0966799188055 95.985499999226903
918.2616142790653 96.113500167490344
931.6180370190256 96.241999952437098
945.1687334013056 96.368499735036281
958.9165292011028 96.492500224856684
972.8642912954606 96.618999744689091
987.0149282611097 96.760499739018684
1001.3713909810035 96.903499921526034
1015.9366732596762 97.035500231424081
1030.7138124475518 97.158999551237713
1045.7058900743334 97.274999666212040
1060.916032491606 97.405500154450607
1076.3474115247852 97.547999995673464
1092.0032451345498 97.680999579153564
1107.8867980878947 97.814499631203262
1124.0013826389438 97.960000360131986
1140.350359219667 98.107000145868838
1156.9371371406426 98.244000024911855
1173.765175302013 98.377000294955963
1190.837982914782 98.507999769986952
1208.1591202326028 98.639499542731244
1225.73219929421 98.778000165420735
1243.5608846766518 98.913499789471217
1261.648894259477 99.043999772698982
1280.0000000000375 99.175500000000255
1298.6180287200684 99.298499915424856
1317.5068629037087 99.403500150760664
1336.6704415071292 99.516500214684783
1356.112760779938 99.651999770475356
1375.8378750985323 99.785499895577374
1395.8498978115715 99.906500257715379
1416.153002097749 100.024500274185840
1436.7514218360407 100.143999745269639
1457.6494524886093 100.272000231381810
1478.8514519965543 100.397000066607518
1500.3618416886875 100.517000147672604
1522.1851072035295 100.643500281869109
1544.3257994247153 100.773499961236055
1566.788535430007 100.906499774163791
1589.5779994541087 101.035999980000724
1612.6989438654878 101.161999832282575
1636.156190157402 101.286999677172176
1659.9546299533442 101.422500244128159
1684.099226027109 101.570499895634157
1708.5950133376978 101.714500244494815
1733.4471000792773 101.859499741144532
1758.6606687464096 102.009000136955336
1784.2409772147755 102.157500060438622
1810.193359837619 102.312500004948788
1836.5232285581387 102.468000211079413
1863.2360740380593 102.627999939803246
1890.3374668026197 102.796499640406410
1917.833058402214 102.967000301017848
1945.7285825909298 103.133499669481239
1974.0298565222283 103.305499690773587
2002.7427819620161 103.482499900933618
2031.8733465193618 103.658500343133937
2061.4276248951132 103.843999304786365
2091.411780148677 104.036499455806023
2121.832064983222 104.228500211072713
2152.694823049581 104.419499994139301
2184.0064902691106 104.609499381679569
2215.7735961758003 104.806999461610687
2248.002765277899 105.011500496398185
2280.7007184393456 105.216000215677596
2313.874274281297 105.423000038959970
2347.530350604038 105.629500458473927
2381.6759658295764 105.831999647764690
2416.318240465218 106.037999294264893
2451.4643985884327 106.242000244142659
2487.1217693533167 106.440999684998360
2523.2977885189675 106.641499650306230
2560.0000000000887 106.839500000000470
2597.236057440151 107.028499867807014
2635.0137258074315 107.209500252207164
2673.340883014273 107.387000282993625
2712.225521559891 107.557499724240230
2751.6757501970797 107.715999879411001
2791.699795623158 107.861500289131683
2832.3060041955137 107.988000253094654
2873.502843672097 108.090999795380554
2915.2989049772345 108.165000072876168
2957.7029039931244 108.193499996781611
3000.723683377391 108.171999920071300
3044.370214407075 108.082499664430088
3088.6515988494466 107.909000053314202
3133.57707086003 107.647000487600792
3179.1559989082334 107.293500058292324
3225.3978877309914 106.872000571642957
3272.3123803148205 106.434001108290630
3319.9092599067053 106.022999388849129
3368.198452054235 105.676000228343952
3417.190026675413 105.416999660930571
3466.8942001585724 105.239500276799092
3517.3213374928373 105.120999914384242
3568.4819544295697 105.036999971558259
3620.386719675257 104.963999998983311
3673.0464571162966 104.879999861698138
3726.472148076138 104.767000044961719
3780.6749336052594 104.618000337281728
3835.6661168044484 104.433999621007573
3891.45716518188 104.218500435407364
3948.059713044477 103.990000408747477
4005.4855639240527 103.766500123554607
4063.746693038744 103.543999564483769
4122.855249790247 103.308500886856564
4182.823560297375 103.052000741569913
4243.664129966465 102.760999638634559
4305.389646099183 102.421500010800756
4368.012980538242 102.037501275488154
4431.5471923516225 101.635001078534117
4496.00553055582 101.248499123375581
4561.401436878714 100.901499668086956
4627.748548562617 100.597999944794523
4695.060701208099 100.333499451562901
4763.351931659176 100.097500400483753
4832.63648093046 99.881000725830575
4902.928797176889 99.681499779274986
4974.243538706657 99.505500269096814
5046.595577037959 99.350500258469850
5120.000000000202 99.222999999999729
5194.472114880326 99.138000052592872
5270.027451614888 99.097499985910218
5346.6817660285715 99.098500051631845
5424.451043119808 99.140499914134693
5503.351500394186 99.215999936204554
5583.399591246343 99.310500234371929
5664.612008391055 99.423500306994498
5747.005687344222 99.562999692772735
5830.597809954497 99.734500362559004
5915.405807986278 99.943500127663015
6001.447366754812 100.191000323190082
6088.740428814181 100.481000721916956
6177.303197698925 100.820999899516238
6267.154141720092 101.210499309490402
6358.3119978165005 101.636999932715923
6450.795775462017 102.084999404593759
6544.624760629676 102.538498848496374
6639.818519813445 102.965500619988532
6736.396904108505 103.306499778954176
6834.380053350861 103.500500079113124
6933.788400317181 103.486000130565571
7034.642674985712 103.203499516746405
7136.963908859177 102.617999667747597
7240.773439350552 101.720999985804596
7346.092914232631 100.580998453238379
7452.944296152315 99.467000394622403
7561.349867210557 98.700001406400929
7671.332233608935 98.302499628239431
7782.914330363799 98.147000210813957
7896.119426088994 98.163999901771973
8010.971127848146 98.308499905765260
8127.49338607753 98.544500539210674
8245.710499580537 98.845498832305651
8365.647120594791 99.207498931029335
8487.328259932974 99.635000519960840
8610.77929219841 100.120999980700077
8736.025961076528 100.653498236789233
8863.094384703289 101.243498373432715
8992.011061111683 101.894001667545552
9122.802873757471 102.580500734648538
9255.497097125279 103.274000137306160
9390.121402416245 103.943501425483433
9526.7038633184 104.548998986602200
9665.272961860968 105.037998449050889
9805.857594353829 105.364500230427296
9948.487077413367 105.507999845778926
10093.19115407597 105.475000128367554
10240.000000000457 105.311499999999313
10388.944229760706 105.079000172703573
10540.05490322983 104.834999692842530
10693.363532057198 104.632499758627688
10848.902086239672 104.506000171730562
11006.703000788428 104.479999998431381
11166.799182492743 104.569500392080215
11329.224016782166 104.778000677840012
11494.0113746885 105.090999300479524
11661.195619909053 105.466500699611487
11830.811615972614 105.842000180020932
12002.894733509682 106.152500284049239
12177.48085762842 106.381000433800168
12354.606395397908 106.578999944472855
12534.308283440243 106.776499667660033
12716.62399563306 106.880999991025988
12901.591550924093 106.726000315487511
13089.249521259411 106.216501515002363
13279.637039626952 105.413498459012345
13472.793808217073 104.474500672436250
13668.760106701786 103.543998503729725
13867.576800634426 102.701001420553226
14069.285349971487 101.974499409250825
14273.927817718419 101.405499851882496
14481.54687870117 101.143000001816375
14692.18582846533 101.391500904150661
14905.888592304698 102.205999648853265
15122.699734421185 103.429497261025915
15342.664467217943 104.717501866092533
15565.828660727671 105.574498640545841
15792.238852178061 105.639000258964771
16021.942255696367 104.988000427413539
16254.986772155136 104.166498825425492
16491.42099916115 103.625501694178524
16731.294241189662 103.286500913432491
16974.65651986603 103.011999847521992
17221.558584396902 102.956499998914879
17472.051922153143 103.315498456383409
17726.188769406665 104.063997877294767
17984.022122223458 104.456498464682525
18245.605747515034 103.300497305743278
18510.99419425065 100.529499473601760
18780.242804832582 98.220496945068419
19053.40772663689 97.539500024326202
19330.545923722028 99.966990348384286
19611.71518870775 102.201501720928434
19896.974154826825 103.361998569053938
20186.382308152035 103.585499975714242
