20 96.616500000000002
20.290906698750476 96.637999978331678
20.586044732869844 96.660500056497042
20.885475648548283 96.684000055707628
21.189261887185914 96.709999990379345
21.49746679841394 96.739999979796949
21.810154653305165 96.774000076471850
22.12739065777668 96.811500079994047
22.449240966187475 96.850999871979226
22.77577269513385 96.892500084236701
23.107053937445478 96.933499992097865
23.44315377638505 96.974000086833740
23.784142300054445 97.012000030466979
24.130090616010463 97.045999963503306
24.481070866093134 97.075499989355819
24.837156241469714 97.102000017441412
25.1984209978975 97.127999999849237
25.56494047120865 97.153499964061240
25.936791093020236 97.179000072693157
26.3140504066728 97.203499962390126
26.69679708340074 97.228000070002679
27.08511093873791 97.252499934644305
27.47907294916184 97.276999996785506
27.878765268980047 97.301500015977354
28.284271247461966 97.325500014488412
28.695675446220072 97.349500025750771
29.11306365684382 97.373499980339403
29.536522918790062 97.396999941486371
29.966141537533712 97.418500023516543
30.402009102982383 97.437999958988044
30.844216508158908 97.455999980051786
31.29285596815558 97.473999998726953
31.74802103936409 97.493500047436640
32.20980663898519 97.514999935393092
32.67830906482211 97.537999954255241
33.153626015361866 97.564000054942454
33.63585661014871 97.590499978250847
34.125101410453844 97.617499912593274
34.62146244024586 97.643999918592229
35.12504320746613 97.669000054554488
35.635948725613716 97.692000030909213
36.15428553564419 97.714000022489742
36.68016172818701 97.735000027396055
37.21368696608603 97.753999965243594
37.754972507267915 97.769499961530499
38.30413122794313 97.778500002053036
38.86127764614443 97.782499992736305
39.4265279456077 97.785999994424060
40.000000000000206 97.792000000000002
40.58181339750116 97.804499986586279
41.1720894657399 97.824000017171514
41.77095129709678 97.846000051422266
42.37852377437204 97.868499957789908
42.9949335968281 97.887499988269198
43.62030930661056 97.901000022734934
44.25478131555359 97.911500020511298
44.89848193237519 97.921999981821358
45.55154539026795 97.932500027376932
46.21410787489121 97.945999997365959
46.88630755277036 97.960000011388615
47.56828460010916 97.975000030173220
48.260181232021196 97.987500003980770
48.962141732186545 97.998499982004006
49.674312482939705 98.006499994212660
50.39684199579528 98.013499990306144
51.129880942417586 98.021499977625496
51.873582186040764 98.029000012620813
52.628100813345895 98.036999998028051
53.393594166801776 98.044000007539182
54.17022187747612 98.048499994239293
54.95814589832399 98.050000001127842
55.75753053796041 98.050500000665721
56.56854249492426 98.052000001811052
57.39135089244048 98.055500003218853
58.226127313687975 98.059499995904048
59.073045837580466 98.064499984735562
59.932283075067765 98.071500016723007
60.804018205965114 98.079499981544672
61.68843301631817 98.086999984356027
62.58571193631152 98.092999999575653
63.49604207872855 98.097500006776670
64.41961327797075 98.099499995984473
65.35661812964459 98.097000009156801
66.3072520307241 98.091499991419425
67.27171322029778 98.083499998418304
68.25020282090806 98.075500029135497
69.2429248804921 98.065500031310677
70.25008641493265 98.055999978652594
71.27189745122783 98.046999990165261
72.30857107128878 98.039499999523812
73.36032345637442 98.032999986137867
74.42737393217246 98.027000011585457
75.50994501453623 98.020000025677462
76.60826245588666 98.009499984264593
77.72255529228926 97.998000016797420
78.85305589121582 97.985500024162377
80.00000000000082 97.973999999999990
81.16362679500274 97.961000013413724
82.34417893148023 97.945999977341557
83.541902594194 97.931999981566491
84.75704754874454 97.919000024120010
85.98986719365665 97.907500007168807
87.24061861322157 97.896999979331895
88.50956263110764 97.886999977437569
89.79696386475084 97.876500024265624
91.10309078053635 97.863499966305312
92.42821574978288 97.846499989365213
93.77261510554118 97.825999982103582
95.13656920021877 97.803999944295583
96.52036246404286 97.780000009261968
97.92428346437356 97.755000044989941
99.34862496587989 97.730000000596718
100.79368399159105 97.705500033236035
102.25976188483567 97.681500067123523
103.74716437208203 97.654999957404755
105.25620162669229 97.628000024483157
106.78718833360406 97.600999966827629
108.34044375495276 97.579000031683904
109.9162917966485 97.556999963909178
111.51506107592134 97.521499970042385
113.13708498984903 97.475000000299318
114.78270178488147 97.428499956009077
116.45225462737648 97.389000008450608
118.14609167516147 97.352000072365570
119.86456615013608 97.311499916585461
121.60803641193078 97.265000096377847
123.3768660326369 97.221000070204880
125.17142387262359 97.185000021282590
126.99208415745765 97.148999929662097
128.83922655594208 97.107000149472157
130.71323625928977 97.065500125143089
132.61450406144883 97.021999950661652
134.5434264405962 96.976500013003459
136.50040564181674 96.928500165101369
138.48584976098482 96.866000176157570
140.50017282986593 96.793499833964418
142.5437949024563 96.726999943824822
144.61714214257822 96.665999995578261
146.7206469127495 96.597999826723324
148.8547478643456 96.520000156403725
151.01989002907314 96.437000266265244
153.216524911774 96.359999913455184
155.4451105845792 96.297500090095127
157.70611178243232 96.239000109659884
160.00000000000236 96.170999999999935
162.3272535900062 96.101000039842916
164.6883578629612 96.061499974104635
167.08380518838874 96.046499984433240
169.51409509748981 96.038500011200057
171.97973438731407 96.053999984358981
174.4812372264439 96.100500161211372
177.01912526221608 96.193500351491480
179.5939277295025 96.349499657350137
182.20618156107355 96.534500309174277
184.85643149956664 96.707000083958917
187.54523021108326 96.847500131133188
190.27313840043846 96.950000192644467
193.04072492808663 97.028499971442272
195.84856692874806 97.089999895623407
198.69724993176072 97.138499998902049
201.58736798318304 97.179999943221759
204.5195237696723 97.218499909091065
207.49432874416505 97.251500044172829
210.5124032533856 97.278999984430769
213.57437666720915 97.304500034787168
216.68088750990657 97.319499980629843
219.83258359329807 97.318999991046383
223.03012215184378 97.306999993585691
226.2741699796992 97.285500000155878
229.5654035697641 97.250999939565332
232.90450925475412 97.205000010674439
236.2921833503241 97.150000128247058
239.72913230027333 97.086999880318302
243.21607282386276 97.019500141490937
246.75373206527502 96.948500120351198
250.34284774524843 96.873000048198747
253.9841683149166 96.796999850958116
257.67845311188546 96.722000280935589
261.42647251858085 96.649000200622865
265.22900812289896 96.575999922774713
269.08685288119375 96.504500002178659
273.0008112836349 96.435000220135123
276.97169952197106 96.367500173528228
281.00034565973334 96.301999850568023
285.0875898049141 96.240499930223905
289.23428428515797 96.181999983444342
293.44129382550057 96.128999882171840
297.7094957286928 96.079000083175728
302.0397800581479 96.033000154715012
306.4330498235497 95.988999942303465
310.89022116916016 95.947000061081468
315.41222356486645 95.913000052425517
320.00000000000654 95.884999999999962
324.6545071800142 95.858000016903048
329.3767157259242 95.830999959139632
334.16761037677935 95.801999951258921
339.02819019498156 95.769000054400266
343.95946877463007 95.729500035004406
348.9624744528898 95.684499889037653
354.03825052443415 95.633999878714803
359.187855459007 95.580000110137433
364.4123631221491 95.521999896366140
369.71286299913527 95.460499964737238
375.0904604221685 95.397499927935826
380.54627680087896 95.336999878037005
386.08144985617537 95.282000010912839
391.6971338574982 95.233000086380613
397.3944998635236 95.185500009540277
403.1747359663683 95.138000066472074
409.0390475393468 95.087500125306860
414.9886574883323 95.033499900599494
421.0248065067734 94.977000041535803
427.1487533344206 94.920999906515291
433.3617750198154 94.863000105655331
439.6651671865984 94.798499935920461
446.06024430368984 94.733999978618925
452.54833995940066 94.675000000361621
459.13080713953053 94.618499921709599
465.8090185095106 94.561500021180365
472.58436670065066 94.503500124070342
479.45826460054917 94.446499911145366
486.432145647728 94.399500085847265
493.50746413055253 94.358000072494818
500.6856954904994 94.321500017050212
507.9683366298358 94.294499961120749
515.3569062237735 94.275000067424543
522.8529450371643 94.261500033437130
530.4580162458005 94.257000003217712
538.1737057623901 94.262999999723831
546.0016225672724 94.278999941728955
553.9433990439449 94.303999931640391
562.0006913194694 94.335000092304298
570.1751796098309 94.373500042718717
578.4685685703187 94.415500007866882
586.8825876510039 94.456500092414245
595.4189914573883 94.495999933798927
604.0795601162986 94.535999865913652
612.8660996471021 94.572500040755813
621.780442338323 94.606499944280444
630.8244471297356 94.641999937055090
640.0000000000159 94.678500000000071
649.3090143600314 94.716499972992807
658.7534314518515 94.758000061995034
668.3352207535618 94.803500076440770
678.0563803899662 94.850999923199623
687.9189375492632 94.897499965374095
697.9249489057827 94.938500077964306
708.0765010488715 94.973000070304039
718.3757109180171 95.001999942891700
728.8247262443015 95.028500043725700
739.425725998274 95.050000009515358
750.1809208443404 95.066000017720711
761.0925536017613 95.079500033455403
772.1628997123541 95.095999994673662
783.3942677149998 95.120999952095332
794.7889997270506 95.154999995992796
806.34947193274 95.195999945456919
818.0780950786972 95.243999875444359
829.9773149766683 95.293000081376036
842.0496130135506 95.340499965881321
854.2975066688449 95.387500077006038
866.7235500396347 95.430999924280371
879.3303343732008 95.470500037865193
892.1204886073838 95.509500016914103
905.0966799188055 95.547999999763078
918.2616142790653 95.588000057128482
931.6180370190256 95.632999982907080
945.1687334013056 95.684499890649903
958.9165292011028 95.739000103361533
972.8642912954606 95.798999875313285
987.0149282611097 95.866999873134091
1001.3713909810035 95.937499961041283
1015.9366732596762 96.010500142557234
1030.7138124475518 96.088999705729663
1045.7058900743334 96.168499768916035
1060.916032491606 96.250500093313917
1076.3474115247852 96.338499997269082
1092.0032451345498 96.431499692458374
1107.8867980878947 96.530499728113369
1124.0013826389438 96.639000279832288
1140.350359219667 96.755000121904672
1156.9371371406426 96.873000023600724
1173.765175302013 97.002500312968536
1190.837982914782 97.145499741893758
1208.1591202326028 97.296999470530920
1225.73219929421 97.459000203779169
1243.5608846766518 97.631499722988451
1261.648894259477 97.814499676533174
1280.0000000000375 98.006000000000398
1298.6180287200684 98.203499859278367
1317.5068629037087 98.405500290249506
1336.6704415071292 98.614000349675990
1356.112760779938 98.831499636723578
1375.8378750985323 99.052999821678284
1395.8498978115715 99.275000478614288
1416.153002097749 99.497000522593510
1436.7514218360407 99.720499532298348
1457.6494524886093 99.947000411750281
1478.8514519965543 100.170000120341328
1500.3618416886875 100.382500248089954
1522.1851072035295 100.592500456671672
1544.3257994247153 100.800499938747038
1566.788535430007 101.000499662956543
1589.5779994541087 101.191499970543703
1612.6989438654878 101.374499758486905
1636.156190157402 101.548999562784360
1659.9546299533442 101.716000269039199
1684.099226027109 101.875999889330188
1708.5950133376978 102.024000241075314
1733.4471000792773 102.163999755231885
1758.6606687464096 102.299000120185283
1784.2409772147755 102.426000047797856
1810.193359837619 102.544500003639769
1836.5232285581387 102.656500145618082
1863.2360740380593 102.763999960611997
1890.3374668026197 102.868999781299806
1917.833058402214 102.972000181336057
1945.7285825909298 103.072499800105419
1974.0298565222283 103.175999815175018
2002.7427819620161 103.282499939892304
2031.8733465193618 103.390000205503299
2061.4276248951132 103.500499588021555
2091.411780148677 103.615999672919685
2121.832064983222 103.735000131506041
2152.694823049581 103.854999996287205
2184.0064902691106 103.979999592102743
2215.7735961758003 104.109999647354982
2248.002765277899 104.243000326065470
2280.7007184393456 104.379000145868901
2313.874274281297 104.520000026972298
2347.530350604038 104.664000330739896
2381.6759658295764 104.809499747910024
2416.318240465218 104.960999481779055
2451.4643985884327 105.112500186480816
2487.1217693533167 105.263999760978663
2523.2977885189675 105.415499735981200
2560.0000000000887 105.565000000000353
2597.236057440151 105.710999897657047
2635.0137258074315 105.854000195848016
2673.340883014273 105.992000216311226
2712.225521559891 106.123999783685434
2751.6757501970797 106.247999905084782
2791.699795623158 106.365500249704638
2832.3060041955137 106.478000253094663
2873.502843672097 106.585499776588989
2915.2989049772345 106.687000178546626
2957.7029039931244 106.783500050421480
3000.723683377391 106.876000104254828
3044.370214407075 106.964500187654210
3088.6515988494466 107.048499977307301
3133.57707086003 107.124499873394882
3179.1559989082334 107.187499990698029
3225.3978877309914 107.233499947192342
3272.3123803148205 107.253999966954638
3319.9092599067053 107.240499928588349
3368.198452054235 107.186500045528703
3417.190026675413 107.088499773377066
3466.8942001585724 106.947000264612967
3517.3213374928373 106.769999813547898
3568.4819544295697 106.569499917044965
3620.386719675257 106.356999997155839
3673.0464571162966 106.133499690467232
3726.472148076138 105.894000090666623
3780.6749336052594 105.631000572742551
3835.6661168044484 105.334499397964194
3891.45716518188 104.989500702143403
3948.059713044477 104.590500733968298
4005.4855639240527 104.134500261579575
4063.746693038744 103.623998966827287
4122.855249790247 103.064002113674803
4182.823560297375 102.465001708712435
4243.664129966465 101.847499317052453
4305.389646099183 101.231500018839952
4368.012980538242 100.633001909994945
4431.5471923516225 100.082501431800893
4496.00553055582 99.602498974006622
4561.401436878714 99.207999660687619
4627.748548562617 98.912999956725386
4695.060701208099 98.726999768840557
4763.351931659176 98.653500078355506
4832.63648093046 98.694999756915223
4902.928797176889 98.853500297129841
4974.243538706657 99.127999518791569
5046.595577037959 99.511499290508937
5120.000000000202 99.985500000001423
5194.472114880326 100.522999609817660
5270.027451614888 101.083000759439599
5346.6817660285715 101.605500737367464
5424.451043119808 102.030999349405221
5503.351500394186 102.307999817171606
5583.399591246343 102.404499901432359
5664.612008391055 102.315999505527969
5747.005687344222 102.071000579164917
5830.597809954497 101.714499247553405
5915.405807986278 101.290499758620371
6001.447366754812 100.837999470616978
6088.740428814181 100.381998995497796
6177.303197698925 99.926500129803387
6267.154141720092 99.455000826545159
6358.3119978165005 98.908000089763789
6450.795775462017 98.110001184211541
6544.624760629676 96.631004372155061
6639.818519813445 95.229999859625224
6736.396904108505 95.588499430682617
6834.380053350861 98.306505144073043
6933.788400317181 100.996495841051143
7034.642674985712 102.243000521305049
7136.963908859177 102.678500071630538
7240.773439350552 102.816500000694987
7346.092914232631 102.858500023877966
7452.944296152315 102.867999999628410
7561.349867210557 102.834500101820879
7671.332233608935 102.729499686554817
7782.914330363799 102.533000435419439
7896.119426088994 102.234500578652415
8010.971127848146 101.832500233395365
8127.49338607753 101.339998974368513
8245.710499580537 100.785002091503173
8365.647120594791 100.198001671327162
8487.328259932974 99.606499363761003
8610.77929219841 99.031500022090256
8736.025961076528 98.480501759981465
8863.094384703289 97.943001438679971
8992.011061111683 97.413498873610934
9122.802873757471 96.994499694513053
9255.497097125279 96.733999956725313
9390.121402416245 96.512999458361620
9526.7038633184 96.278000402224905
9665.272961860968 96.078500636813544
9805.857594353829 95.926499845977546
9948.487077413367 95.808500173299961
10093.19115407597 95.725500124898161
10240.000000000457 95.681499999999957
10388.944229760706 95.678499994314279
10540.05490322983 95.727000121172210
10693.363532057198 95.823500199253658
10848.902086239672 95.952499777080519
11006.703000788428 96.101999880001017
11166.799182492743 96.254500297893344
11329.224016782166 96.376500165953928
11494.0113746885 96.422999954198076
11661.195619909053 96.370999779549507
11830.811615972614 96.232499903482761
12002.894733509682 96.048999782306538
12177.48085762842 95.868999669695299
12354.606395397908 95.735500032646613
12534.308283440243 95.697000012053792
12716.62399563306 95.805999977265827
12901.591550924093 96.104499537373357
13089.249521259411 96.609498594301499
13279.637039626952 97.278001211133017
13472.793808217073 98.001999491262822
13668.760106701786 98.615500650103627
13867.576800634426 98.861499801540361
14069.285349971487 98.494499195211290
14273.927817718419 97.517999481993428
14481.54687870117 96.186499975276007
14692.18582846533 94.829498506300780
14905.888592304698 93.825000326622202
15122.699734421185 93.333000781052107
15342.664467217943 93.292500481101982
15565.828660727671 93.633499176446605
15792.238852178061 94.084999257038987
16021.942255696367 94.084500081175435
16254.986772155136 93.510998239080919
16491.42099916115 92.470504233600792
16731.294241189662 90.797005361820524
16974.65651986603 88.357497003094011
17221.558584396902 85.618000106458652
17472.051922153143 82.958508057161936
17726.188769406665 81.671502385363198
17984.022122223458 81.827502446223534
18245.605747515034 83.007501189138338
18510.99419425065 83.763499916832245
18780.242804832582 82.968995843661332
19053.40772663689 80.866004121552550
19330.545923722028 77.993510195416889
19611.71518870775 75.133497337957749
19896.974154826825 73.348502181320214
20186.382308152035 72.917000346939261
