20 96.507499999999993
20.290906698750476 96.521499985554442
20.586044732869844 96.536000034389502
20.885475648548283 96.550000029996426
21.189261887185914 96.563999994819653
21.49746679841394 96.576999991527742
21.810154653305165 96.588500022734877
22.12739065777668 96.599000020511298
22.449240966187475 96.608499971195329
22.77577269513385 96.619000021059179
23.107053937445478 96.628999998118530
23.44315377638505 96.639000025136085
23.784142300054445 96.650500009575339
24.130090616010463 96.660999988940404
24.481070866093134 96.670999996198503
24.837156241469714 96.680500006037420
25.1984209978975 96.689999999942017
25.56494047120865 96.699499985624499
25.936791093020236 96.709500023261810
26.3140504066728 96.718499984329213
26.69679708340074 96.727500025200953
27.08511093873791 96.736499975491611
27.47907294916184 96.744999998971366
27.878765268980047 96.754000005991514
28.284271247461966 96.763000004829479
28.695675446220072 96.771500008583587
29.11306365684382 96.779999992627268
29.536522918790062 96.787999979647424
29.966141537533712 96.796000008663981
30.402009102982383 96.802999985645812
30.844216508158908 96.809999992242354
31.29285596815558 96.816999999504930
31.74802103936409 96.824000018071104
32.20980663898519 96.831999976506580
32.67830906482211 96.841499982099876
33.153626015361866 96.852500023244886
33.63585661014871 96.863999990333710
34.125101410453844 96.875999961152587
34.62146244024586 96.886999968689324
35.12504320746613 96.896000016603537
35.635948725613716 96.903000009834756
36.15428553564419 96.910000005111300
36.68016172818701 96.916000008218816
37.21368696608603 96.922499986483615
37.754972507267915 96.928999983513080
38.30413122794313 96.936000002874266
38.86127764614443 96.943499980630151
39.4265279456077 96.950499986989513
40.000000000000206 96.957500000000010
40.58181339750116 96.963999992777232
41.1720894657399 96.968500003122102
41.77095129709678 96.972500008570393
42.37852377437204 96.976999989949974
42.9949335968281 96.982499996089729
43.62030930661056 96.991000024801764
44.25478131555359 97.002500026664677
44.89848193237519 97.014999980168767
45.55154539026795 97.024000012635511
46.21410787489121 97.028499999435567
46.88630755277036 97.027499996746116
47.56828460010916 97.024499997678987
48.260181232021196 97.024500001326928
48.962141732186545 97.029499989202407
49.674312482939705 97.037999993489223
50.39684199579528 97.047499986151649
51.129880942417586 97.055499980422297
51.873582186040764 97.061000004732804
52.628100813345895 97.064999998767547
53.393594166801776 97.068000004523498
54.17022187747612 97.069999998559823
54.95814589832399 97.070500001127840
55.75753053796041 97.070999999334276
56.56854249492426 97.069999998792639
57.39135089244048 97.067999995708206
58.226127313687975 97.064500002457578
59.073045837580466 97.061500007632219
59.932283075067765 97.058499995222007
60.804018205965114 97.056500004101181
61.68843301631817 97.053500006704553
62.58571193631152 97.049500000282904
63.49604207872855 97.044499986446638
64.41961327797075 97.039500016062050
65.35661812964459 97.036500009156811
66.3072520307241 97.036000000000001
67.27171322029778 97.038000000903821
68.25020282090806 97.043499977339053
69.2429248804921 97.049499981213586
70.25008641493265 97.049999983396461
71.27189745122783 97.040999985950378
72.30857107128878 97.031999999863942
73.36032345637442 97.032000013862131
74.42737393217246 97.038499986483629
75.50994501453623 97.040999999999997
76.60826245588666 97.034499982953321
77.72255529228926 97.020500022905566
78.85305589121582 97.003000033455592
80.00000000000082 96.982999999999976
81.16362679500274 96.963000020636485
82.34417893148023 96.942499966012349
83.541902594194 96.921499968399687
84.75704754874454 96.897500048240005
85.98986719365665 96.870000018247879
87.24061861322157 96.840499937995673
88.50956263110764 96.811499946670608
89.79696386475084 96.787500053384363
91.10309078053635 96.769999972623069
92.42821574978288 96.757999994962475
93.77261510554118 96.748499988611371
95.13656920021877 96.733999958221688
96.52036246404286 96.715500007332395
97.92428346437356 96.696000035991958
99.34862496587989 96.680000000358035
100.79368399159105 96.674000002769674
102.25976188483567 96.686499946860550
103.74716437208203 96.726000093078511
105.25620162669229 96.790999935618345
106.78718833360406 96.868000107056304
108.34044375495276 96.932999915029512
109.9162917966485 96.971500022556768
111.51506107592134 96.985500000000002
113.13708498984903 96.981500000049891
114.78270178488147 96.964499975322155
116.45225462737648 96.940500005559613
118.14609167516147 96.915500048895666
119.86456615013608 96.893499960106084
121.60803641193078 96.870000051264810
123.3768660326369 96.842000050146339
125.17142387262359 96.811500018778759
126.99208415745765 96.792499994853330
128.83922655594208 96.794499975667321
130.71323625928977 96.811999935902321
132.61450406144883 96.838500030032037
134.5434264405962 96.865499992486889
136.50040564181674 96.882999957915331
138.48584976098482 96.881500018404523
140.50017282986593 96.864999947817395
142.5437949024563 96.841499975135577
144.61714214257822 96.812999997755114
146.7206469127495 96.779499912206489
148.8547478643456 96.739000083029140
151.01989002907314 96.688000173232808
153.216524911774 96.628499920011620
155.4451105845792 96.568000091622167
157.70611178243232 96.508500109659877
160.00000000000236 96.451999999999941
162.3272535900062 96.400000031391386
164.6883578629612 96.341999893181594
167.08380518838874 96.272499865088207
169.51409509748981 96.191500134400712
171.97973438731407 96.101500060608970
174.4812372264439 95.999999774717438
177.01912526221608 95.889999724176832
179.5939277295025 95.776500232512404
182.20618156107355 95.659999791005106
184.85643149956664 95.536999928914781
187.54523021108326 95.409499849964732
190.27313840043846 95.282999719156862
193.04072492808663 95.164500044766172
195.84856692874806 95.061500174560848
198.69724993176072 94.986500001575308
201.58736798318304 94.957000020772526
204.5195237696723 94.996999852580089
207.49432874416505 95.138000380201845
210.5124032533856 95.415999818358927
213.57437666720915 95.839000928267893
216.68088750990657 96.361999050862437
219.83258359329807 96.905000415122515
223.03012215184378 97.392500147529290
226.2741699796992 97.779499997755281
229.5654035697641 98.059500285691115
232.90450925475412 98.247499962639466
236.2921833503241 98.358999786254913
239.72913230027333 98.406500003626718
243.21607282386276 98.394500053315426
246.75373206527502 98.330500128708920
250.34284774524843 98.228000068855380
253.9841683149166 98.100999727750136
257.67845311188546 97.962500524413088
261.42647251858085 97.826000373381447
265.22900812289896 97.702999887379804
269.08685288119375 97.604500002823045
273.0008112836349 97.538000187762322
276.97169952197106 97.501500078876461
281.00034565973334 97.479999943073537
285.0875898049141 97.451999951156736
289.23428428515797 97.404499980071904
293.44129382550057 97.335499812861173
297.7094957286928 97.251000149376836
302.0397800581479 97.157500326620550
306.4330498235497 97.060999872805368
310.89022116916016 96.965000145068458
315.41222356486645 96.873000149085044
320.00000000000654 96.787999999999897
324.6545071800142 96.711000044672346
329.3767157259242 96.642999912643376
334.16761037677935 96.583999919272543
339.02819019498156 96.532500080000403
343.95946877463007 96.486000039273222
348.9624744528898 96.440499886773125
354.03825052443415 96.387499856254578
359.187855459007 96.319500146849919
364.4123631221491 96.239999854912611
369.71286299913527 96.155999952423258
375.0904604221685 96.071999904308228
380.54627680087896 95.990999826684174
386.08144985617537 95.909500016884010
391.6971338574982 95.823000158364451
397.3944998635236 95.729500018881794
403.1747359663683 95.632500135713812
409.0390475393468 95.533000243242739
414.9886574883323 95.433999830844769
421.0248065067734 95.338000070462527
427.1487533344206 95.249999858103564
433.3617750198154 95.163000156722077
439.6651671865984 95.071499912618805
446.06024430368984 94.983499972204612
452.54833995940066 94.907500000461383
459.13080713953053 94.839999913468503
465.8090185095106 94.777500023038300
472.58436670065066 94.717000128276112
479.45826460054917 94.660499912958727
486.432145647728 94.615000082031827
493.50746413055253 94.581000057995851
500.6856954904994 94.557500009742967
507.9683366298358 94.546500001851399
515.3569062237735 94.548499988762586
522.8529450371643 94.553999983281429
530.4580162458005 94.558000001072571
538.1737057623901 94.557000000092046
546.0016225672724 94.550000029135518
553.9433990439449 94.536500036809016
562.0006913194694 94.518999945116363
570.1751796098309 94.496499972910073
578.4685685703187 94.469499994755409
586.8825876510039 94.442499942241085
595.4189914573883 94.418500039041675
604.0795601162986 94.397000072200342
612.8660996471021 94.381499989211690
621.780442338323 94.374500008194047
630.8244471297356 94.373500000000007
640.0000000000159 94.379000000000019
649.3090143600314 94.388999992182121
658.7534314518515 94.399500012680804
668.3352207535618 94.408500013011192
678.0563803899662 94.416499987199941
687.9189375492632 94.420999997741788
697.9249489057827 94.420999993502974
708.0765010488715 94.418499999999995
718.3757109180171 94.419499995920830
728.8247262443015 94.428500027328553
739.425725998274 94.445500013433445
750.1809208443404 94.471000034260044
761.0925536017613 94.501500069141173
772.1628997123541 94.533999989939105
783.3942677149998 94.570499936697416
794.7889997270506 94.608999995658849
806.34947193274 94.648999948054211
818.0780950786972 94.688499903405841
829.9773149766683 94.723500051482802
842.0496130135506 94.752499979973834
854.2975066688449 94.777500038503035
866.7235500396347 94.798499964781556
879.3303343732008 94.817500018447149
892.1204886073838 94.837000008673897
905.0966799188055 94.858999999850369
918.2616142790653 94.884000038951243
931.6180370190256 94.914999988109287
945.1687334013056 94.948999926398955
958.9165292011028 94.985000068907681
972.8642912954606 95.022999924792146
987.0149282611097 95.061499931129930
1001.3713909810035 95.097499980520638
1015.9366732596762 95.129000053690390
1030.7138124475518 95.157499897005380
1045.7058900743334 95.181499934383567
1060.916032491606 95.202000020378904
1076.3474115247852 95.220999999416989
1092.0032451345498 95.238499941728946
1107.8867980878947 95.253999959620785
1124.0013826389438 95.268500031633209
1140.350359219667 95.282000013544973
1156.9371371406426 95.294500002060374
1173.765175302013 95.306500029270438
1190.837982914782 95.319999975418455
1208.1591202326028 95.333999951866446
1225.73219929421 95.349000019179215
1243.5608846766518 95.364499976256155
1261.648894259477 95.378999975521424
1280.0000000000375 95.392500000000041
1298.6180287200684 95.404499992182139
1317.5068629037087 95.415000011271815
1336.6704415071292 95.423500014637597
1356.112760779938 95.431999986789947
1375.8378750985323 95.440499993573980
1395.8498978115715 95.448000015159721
1416.153002097749 95.454500014060812
1436.7514218360407 95.459999989560231
1457.6494524886093 95.464000005465721
1478.8514519965543 95.467500002238907
1500.3618416886875 95.471500005906904
1522.1851072035295 95.478000017480255
1544.3257994247153 95.486999997040925
1566.788535430007 95.499999976047675
1589.5779994541087 95.516499997364434
1612.6989438654878 95.536999970481730
1636.156190157402 95.561999933909263
1659.9546299533442 95.592000056465025
1684.099226027109 95.625999976184971
1708.5950133376978 95.663500066680399
1733.4471000792773 95.702999929563134
1758.6606687464096 95.744000038198422
1784.2409772147755 95.786000016986009
1810.193359837619 95.830000001436744
1836.5232285581387 95.876000064125407
1863.2360740380593 95.924499981792337
1890.3374668026197 95.977499886444122
1917.833058402214 96.033000105174906
1945.7285825909298 96.092999877292442
1974.0298565222283 96.158999879152887
2002.7427819620161 96.232999958258546
2031.8733465193618 96.312500156484163
2061.4276248951132 96.397999676302646
2091.411780148677 96.491999729312852
2121.832064983222 96.593500119350011
2152.694823049581 96.703999996532673
2184.0064902691106 96.826999588865462
2215.7735961758003 96.967999609667743
2248.002765277899 97.126500413665156
2280.7007184393456 97.298500181294202
2313.874274281297 97.470500030343828
2347.530350604038 97.629500344425679
2381.6759658295764 97.780999737550161
2416.318240465218 97.937499457913617
2451.4643985884327 98.103500213471463
2487.1217693533167 98.280999713490985
2523.2977885189675 98.473499655551635
2560.0000000000887 98.680000000000518
2597.236057440151 98.899999841510549
2635.0137258074315 99.135500346608723
2673.340883014273 99.385000424490443
2712.225521559891 99.647999562417127
2751.6757501970797 99.923499782939814
2791.699795623158 100.211000652736672
2832.3060041955137 100.513000731162336
2873.502843672097 100.828499333942858
2915.2989049772345 101.152000590296979
2957.7029039931244 101.477000174329618
3000.723683377391 101.801000368367056
3044.370214407075 102.116500664516735
3088.6515988494466 102.409999921805849
3133.57707086003 102.662499589388787
3179.1559989082334 102.865999970233702
3225.3978877309914 103.036499782168391
3272.3123803148205 103.189999616165409
3319.9092599067053 103.327500186002439
3368.198452054235 103.427999937660701
3417.190026675413 103.469999977510696
3466.8942001585724 103.438000088784619
3517.3213374928373 103.328999843037764
3568.4819544295697 103.146999908354417
3620.386719675257 102.900999996280717
3673.0464571162966 102.597999552165362
3726.472148076138 102.247500134142015
3780.6749336052594 101.859500837901152
3835.6661168044484 101.445999223881557
3891.45716518188 101.015500849240496
3948.059713044477 100.580000774843057
4005.4855639240527 100.143500243213367
4063.746693038744 99.707499177986676
4122.855249790247 99.272001607427512
4182.823560297375 98.840501212452722
4243.664129966465 98.424499554647468
4305.389646099183 98.025500012120176
4368.012980538242 97.646001210742554
4431.5471923516225 97.290000936692167
4496.00553055582 96.958999233565805
4561.401436878714 96.651999695570197
4627.748548562617 96.370499946816707
4695.060701208099 96.114499465160520
4763.351931659176 95.884500390036351
4832.63648093046 95.680000681322099
4902.928797176889 95.502999809594343
4974.243538706657 95.353500224774990
5046.595577037959 95.231000201224845
5120.000000000202 95.135499999999794
5194.472114880326 95.066000044775024
5270.027451614888 95.021999967593487
5346.6817660285715 95.006000008067474
5424.451043119808 95.018999965323616
5503.351500394186 95.058999963434331
5583.399591246343 95.123500177421747
5664.612008391055 95.211000253094696
5747.005687344222 95.325499748820945
5830.597809954497 95.469000306079977
5915.405807986278 95.644500104597853
6001.447366754812 95.845500250211671
6088.740428814181 96.067500534262706
6177.303197698925 96.316999926843266
6267.154141720092 96.589499523014567
6358.3119978165005 96.881999953800332
6450.795775462017 97.193499582819570
6544.624760629676 97.522499153530447
6639.818519813445 97.867500598263860
6736.396904108505 98.229499739862462
6834.380053350861 98.606000651823365
6933.788400317181 98.981999350653865
7034.642674985712 99.324000277775696
7136.963908859177 99.595500081343147
7240.773439350552 99.770000001145405
7346.092914232631 99.829499958876823
7452.944296152315 99.769500033070997
7561.349867210557 99.598000420011132
7671.332233608935 99.320499353063738
7782.914330363799 98.939000803851286
7896.119426088994 98.454500910841773
8010.971127848146 97.884500322151354
8127.49338607753 97.257998765094428
8245.710499580537 96.595002479502881
8365.647120594791 95.898501990887169
8487.328259932974 95.172999184955898
8610.77929219841 94.425000029182399
8736.025961076528 93.661502473661997
8863.094384703289 92.896002047971692
8992.011061111683 92.143498183085484
9122.802873757471 91.406999242096390
9255.497097125279 90.698999863300514
9390.121402416245 90.037998601711791
9526.7038633184 89.435501023845205
9665.272961860968 88.892001807728775
9805.857594353829 88.429999529443222
9948.487077413367 88.062000553287987
10093.19115407597 87.759500501327324
10240.000000000457 87.509999999999351
10388.944229760706 87.311000132903573
10540.05490322983 87.158999830922482
10693.363532057198 87.048999862304385
10848.902086239672 86.978000094121569
11006.703000788428 86.986499974902173
11166.799182492743 87.091000383318658
11329.224016782166 87.284000563308425
11494.0113746885 87.540499433721521
11661.195619909053 87.873500752446745
11830.811615972614 88.318000298769675
12002.894733509682 88.903000788120210
12177.48085762842 89.600501629503171
12354.606395397908 90.338499794633293
12534.308283440243 91.007998903105900
12716.62399563306 91.474999940472387
12901.591550924093 91.614999936372271
13089.249521259411 91.382000826133833
13279.637039626952 90.819498757214276
13472.793808217073 90.028500589881105
13668.760106701786 89.111498354102707
13867.576800634426 88.146001695611318
14069.285349971487 87.138998998294880
14273.927817718419 86.070499553219321
14481.54687870117 84.958999980037419
14692.18582846533 83.828498527450506
14905.888592304698 82.725500405769566
15122.699734421185 81.672002205572625
15342.664467217943 80.673498305208909
15565.828660727671 79.778501694392148
15792.238852178061 79.050501214455494
16021.942255696367 78.531000254018380
16254.986772155136 78.310500154598884
16491.42099916115 78.502998881620712
16731.294241189662 79.126497944069882
16974.65651986603 80.034000912674145
17221.558584396902 80.725499978646269
17472.051922153143 80.525001566221860
17726.188769406665 79.100004636717244
17984.022122223458 76.669493177999243
18245.605747515034 73.877997124581356
18510.99419425065 71.203499507345242
18780.242804832582 68.804495229502237
19053.40772663689 66.792003336163958
19330.545923722028 65.019005940771265
19611.71518870775 63.352998048644196
19896.974154826825 61.751502528745029
20186.382308152035 60.067503011432805
