20 80.092675200000002
20.290906698750476 80.222288335748487
20.586044732869844 80.351988141962977
20.885475648548283 80.480112641865475
21.189261887185914 80.605388540233918
21.49746679841394 80.725938439027146
21.810154653305165 80.840340218784121
22.12739065777668 80.947790964205751
22.449240966187475 81.049650831195152
22.77577269513385 81.149072131642896
23.107053937445478 81.248714027828214
23.44315377638505 81.352545268342283
23.784142300054445 81.463998080169915
24.130090616010463 81.586362336848978
24.481070866093134 81.722322927565671
24.837156241469714 81.874241342216806
25.1984209978975 82.041877949941878
25.56494047120865 82.217407769072949
25.936791093020236 82.395284392666525
26.3140504066728 82.568450812589361
26.69679708340074 82.726745325101916
27.08511093873791 82.856835322170454
27.47907294916184 82.950286623652090
27.878765268980047 83.018287280440802
28.284271247461966 83.075910297188472
28.695675446220072 83.135695692180789
29.11306365684382 83.211677261774440
29.536522918790062 83.320262216107324
29.966141537533712 83.469359960855854
30.402009102982383 83.647651787633066
30.844216508158908 83.837640580959444
31.29285596815558 84.034396312517444
31.74802103936409 84.233439709804117
32.20980663898519 84.429477413753119
32.67830906482211 84.622035063219101
33.153626015361866 84.815705288083265
33.63585661014871 85.013704436130922
34.125101410453844 85.213274693121264
34.62146244024586 85.410429673546361
35.12504320746613 85.601499209175444
35.635948725613716 85.786487352599067
36.15428553564419 85.969706687769772
36.68016172818701 86.153997585155224
37.21368696608603 86.340990477251040
37.754972507267915 86.532745682152751
38.30413122794313 86.730633260175608
38.86127764614443 86.933451962310613
39.4265279456077 87.139542280577174
40.000000000000206 87.345126242544808
40.58181339750116 87.545907586535009
41.1720894657399 87.739461943102569
41.77095129709678 87.928980867287109
42.37852377437204 88.122462640620739
42.9949335968281 88.331389618160728
43.62030930661056 88.566349476254146
44.25478131555359 88.823866486673850
44.89848193237519 89.087043740231991
45.55154539026795 89.341013612366709
46.21410787489121 89.578946120066121
46.88630755277036 89.807206124102578
47.56828460010916 90.034032472840295
48.260181232021196 90.261732886016205
48.962141732186545 90.491632421068232
49.674312482939705 90.723276968941121
50.39684199579528 90.956613590553587
51.129880942417586 91.187961103024435
51.873582186040764 91.412653559185415
52.628100813345895 91.631649810722649
53.393594166801776 91.851175481657847
54.17022187747612 92.070937474921124
54.95814589832399 92.291103077971371
55.75753053796041 92.511501897320770
56.56854249492426 92.723977594128201
57.39135089244048 92.922646154550065
58.226127313687975 93.113958427154444
59.073045837580466 93.307998747885421
59.932283075067765 93.505981795741320
60.804018205965114 93.705466304525373
61.68843301631817 93.900484736241125
62.58571193631152 94.085867012678790
63.49604207872855 94.262659517532569
64.41961327797075 94.431599094567446
65.35661812964459 94.593063459157861
66.3072520307241 94.749287179385874
67.27171322029778 94.902423608468112
68.25020282090806 95.051906137047865
69.2429248804921 95.195418007819924
70.25008641493265 95.325148406250719
71.27189745122783 95.440769292630620
72.30857107128878 95.550211709856143
73.36032345637442 95.659109125527721
74.42737393217246 95.766681816385955
75.50994501453623 95.868781923422162
76.60826245588666 95.961625637893150
77.72255529228926 96.043834750118563
78.85305589121582 96.116996042875115
80.00000000000082 96.182176723276768
81.16362679500274 96.241099643307834
82.34417893148023 96.294835013147377
83.541902594194 96.343084313273977
84.75704754874454 96.384745555685399
85.98986719365665 96.420377749013198
87.24061861322157 96.450503275574277
88.50956263110764 96.476088830437547
89.79696386475084 96.497973438725239
91.10309078053635 96.512164768523064
92.42821574978288 96.512011345673727
93.77261510554118 96.503539920121369
95.13656920021877 96.499582499195299
96.52036246404286 96.498996027557581
97.92428346437356 96.494569973475222
99.34862496587989 96.482761808692374
100.79368399159105 96.463431521170975
102.25976188483567 96.438243090796220
103.74716437208203 96.409949105401580
105.25620162669229 96.378828311173962
106.78718833360406 96.345176877272309
108.34044375495276 96.308874397550341
109.9162917966485 96.269513870888332
111.51506107592134 96.227160577470357
113.13708498984903 96.184867502537514
114.78270178488147 96.143498848304347
116.45225462737648 96.097008097629640
118.14609167516147 96.048032163320030
119.86456615013608 96.004790870236036
121.60803641193078 95.957884789877255
123.3768660326369 95.894995249093114
125.17142387262359 95.826151467279502
126.99208415745765 95.759227129992382
128.83922655594208 95.697599785373143
130.71323625928977 95.638749857721137
132.61450406144883 95.564680042053723
134.5434264405962 95.472687416844025
136.50040564181674 95.413944367108513
138.48584976098482 95.419056953878027
140.50017282986593 95.403752398445278
142.5437949024563 95.346800356319022
144.61714214257822 95.313103876291208
146.7206469127495 95.281694675947449
148.8547478643456 95.238518840278260
151.01989002907314 95.221592021689503
153.216524911774 95.190260774100096
155.4451105845792 95.108788656526514
157.70611178243232 94.995341452626207
160.00000000000236 94.896055471887450
162.3272535900062 94.789890756577137
164.6883578629612 94.723485033434628
167.08380518838874 94.720972738416123
169.51409509748981 94.702118988858004
171.97973438731407 94.644957562939197
174.4812372264439 94.590689750730718
177.01912526221608 94.546604843459590
179.5939277295025 94.508802986974445
182.20618156107355 94.471374242338953
184.85643149956664 94.422972243128086
187.54523021108326 94.353798506037947
190.27313840043846 94.286292309745605
193.04072492808663 94.235723703362652
195.84856692874806 94.177258114336340
198.69724993176072 94.106211173966571
201.58736798318304 94.040044305537378
204.5195237696723 93.975512544206993
207.49432874416505 93.901043913411016
210.5124032533856 93.825393656240664
213.57437666720915 93.762101674434007
216.68088750990657 93.709098379174833
219.83258359329807 93.668242587292923
223.03012215184378 93.644257726175994
226.2741699796992 93.634234821288743
229.5654035697641 93.627464347778201
232.90450925475412 93.620881059874534
236.2921833503241 93.620787882618728
239.72913230027333 93.621691190192479
243.21607282386276 93.620092670032506
246.75373206527502 93.622809300705356
250.34284774524843 93.627343709743258
253.9841683149166 93.633023841674742
257.67845311188546 93.635376219417054
261.42647251858085 93.641081352091021
265.22900812289896 93.655824737107167
269.08685288119375 93.671659535273733
273.0008112836349 93.672414214081854
276.97169952197106 93.669703543551350
281.00034565973334 93.697096646067195
285.0875898049141 93.739454178769137
289.23428428515797 93.747050006587756
293.44129382550057 93.754932489336170
297.7094957286928 93.773071026133181
302.0397800581479 93.788207599202622
306.4330498235497 93.799901808071724
310.89022116916016 93.860713230220568
315.41222356486645 93.932439151608136
320.00000000000654 93.984008968609913
324.6545071800142 94.032424922440029
329.3767157259242 94.076376763942250
334.16761037677935 94.099097083482036
339.02819019498156 94.122580876469627
343.95946877463007 94.165987861044414
348.9624744528898 94.226183058934296
354.03825052443415 94.279822266450211
359.187855459007 94.322901313298388
364.4123631221491 94.375816433028120
369.71286299913527 94.424763147681205
375.0904604221685 94.442236744380708
380.54627680087896 94.463296329044141
386.08144985617537 94.525517163608043
391.6971338574982 94.576280085510120
397.3944998635236 94.617783201452099
403.1747359663683 94.670414460346620
409.0390475393468 94.733573648706468
414.9886574883323 94.798158773926019
421.0248065067734 94.854503726679155
427.1487533344206 94.905563232526504
433.3617750198154 94.959392586651859
439.6651671865984 95.022383902154900
446.06024430368984 95.089438776263904
452.54833995940066 95.155557766823335
459.13080713953053 95.220802644808714
465.8090185095106 95.272530503533872
472.58436670065066 95.309516405767980
479.45826460054917 95.367534029121032
486.432145647728 95.447331717090691
493.50746413055253 95.525422280946714
500.6856954904994 95.595159372935754
507.9683366298358 95.648339304019430
515.3569062237735 95.693025164617723
522.8529450371643 95.735214795321099
530.4580162458005 95.779281680651195
538.1737057623901 95.825010204141222
546.0016225672724 95.860594448229421
553.9433990439449 95.891625570127957
562.0006913194694 95.923437917018916
570.1751796098309 95.952711716651066
578.4685685703187 95.976031548459446
586.8825876510039 95.994212060940953
595.4189914573883 96.004868153027431
604.0795601162986 95.991385269767733
612.8660996471021 95.986742309219210
621.780442338323 96.007299144069194
630.8244471297356 96.016292136208392
640.0000000000159 95.996667870555783
649.3090143600314 95.967559829973453
658.7534314518515 95.935958639177329
668.3352207535618 95.899468937509852
678.0563803899662 95.861053981726656
687.9189375492632 95.821201209958559
697.9249489057827 95.784412712111845
708.0765010488715 95.755566203407213
718.3757109180171 95.732932528211748
728.8247262443015 95.725544669475426
739.425725998274 95.739157554192957
750.1809208443404 95.753613946106782
761.0925536017613 95.762077910302040
772.1628997123541 95.794760384213362
783.3942677149998 95.871183166536525
794.7889997270506 95.968506323159559
806.34947193274 96.073191565784796
818.0780950786972 96.197376431893815
829.9773149766683 96.330184971604609
842.0496130135506 96.470158570186641
854.2975066688449 96.617344171683840
866.7235500396347 96.763134862100316
879.3303343732008 96.904911474903514
892.1204886073838 97.049380499918442
905.0966799188055 97.198512517022337
918.2616142790653 97.341262175881184
931.6180370190256 97.476836750350628
945.1687334013056 97.614832981020569
958.9165292011028 97.749682732000622
972.8642912954606 97.880224331734581
987.0149282611097 98.018512401940029
1001.3713909810035 98.152138506199009
1015.9366732596762 98.276030314971166
1030.7138124475518 98.394419036240890
1045.7058900743334 98.509570899368470
1060.916032491606 98.623164540348952
1076.3474115247852 98.736987724233046
1092.0032451345498 98.847074935616675
1107.8867980878947 98.955400480739598
1124.0013826389438 99.064945150964945
1140.350359219667 99.171866955615741
1156.9371371406426 99.274800753521689
1173.765175302013 99.380692279083419
1190.837982914782 99.486382377584903
1208.1591202326028 99.587513252917802
1225.73219929421 99.684950953505592
1243.5608846766518 99.782579209400140
1261.648894259477 99.884761611194904
1280.0000000000375 99.988685157463394
1298.6180287200684 100.088235671748350
1317.5068629037087 100.181918394779558
1336.6704415071292 100.270953927960733
1356.112760779938 100.354121403393776
1375.8378750985323 100.428626372311697
1395.8498978115715 100.500696766278026
1416.153002097749 100.567846760176863
1436.7514218360407 100.619201656469698
1457.6494524886093 100.657620305156911
1478.8514519965543 100.688476537229633
1500.3618416886875 100.710183923751003
1522.1851072035295 100.718620877281083
1544.3257994247153 100.706100909353268
1566.788535430007 100.680850477841517
1589.5779994541087 100.651423912435774
1612.6989438654878 100.610172096846526
1636.156190157402 100.553896435807886
1659.9546299533442 100.487091335595892
1684.099226027109 100.413360280547892
1708.5950133376978 100.336380940251104
1733.4471000792773 100.256534512569900
1758.6606687464096 100.170688823313967
1784.2409772147755 100.082157267848260
1810.193359837619 99.999334201395072
1836.5232285581387 99.923915481218387
1863.2360740380593 99.849781446728088
1890.3374668026197 99.778264626334249
1917.833058402214 99.716508909212649
1945.7285825909298 99.662087234209707
1974.0298565222283 99.610228471068027
2002.7427819620161 99.561828788200870
2031.8733465193618 99.517657998210979
2061.4276248951132 99.485543891982601
2091.411780148677 99.459980366346230
2121.832064983222 99.433506753226055
2152.694823049581 99.407777950449997
2184.0064902691106 99.385342307031735
2215.7735961758003 99.372104264735469
2248.002765277899 99.376447474573126
2280.7007184393456 99.394081407387262
2313.874274281297 99.407934087308504
2347.530350604038 99.421134875050626
2381.6759658295764 99.440668324145747
2416.318240465218 99.469154096569468
2451.4643985884327 99.506294064627241
2487.1217693533167 99.560005891117726
2523.2977885189675 99.623354417434768
2560.0000000000887 99.689557984268845
2597.236057440151 99.765163940248158
2635.0137258074315 99.856449955618302
2673.340883014273 99.963799330150863
2712.225521559891 100.093403034881305
2751.6757501970797 100.235657833494287
2791.699795623158 100.388798499737788
2832.3060041955137 100.569999434400742
2873.502843672097 100.786560270360638
2915.2989049772345 101.029812399552583
2957.7029039931244 101.303067283348469
3000.723683377391 101.611276713484585
3044.370214407075 101.940085719150204
3088.6515988494466 102.279158015220361
3133.57707086003 102.617283035503178
3179.1559989082334 102.960540261222107
3225.3978877309914 103.306693741540244
3272.3123803148205 103.626338463012218
3319.9092599067053 103.915045428202689
3368.198452054235 104.178680074579717
3417.190026675413 104.403085015905731
3466.8942001585724 104.569667189089316
3517.3213374928373 104.671333224105865
3568.4819544295697 104.707999312792310
3620.386719675257 104.678237829720118
3673.0464571162966 104.594408977945392
3726.472148076138 104.457519092282240
3780.6749336052594 104.280029927468249
3835.6661168044484 104.071591773851026
3891.45716518188 103.832031744278666
3948.059713044477 103.567621633784199
4005.4855639240527 103.285507778581476
4063.746693038744 103.000744404778999
4122.855249790247 102.725797870692077
4182.823560297375 102.451266564591606
4243.664129966465 102.162891735784541
4305.389646099183 101.870871234797931
4368.012980538242 101.605085448849906
4431.5471923516225 101.367746574615580
4496.00553055582 101.171887286117681
4561.401436878714 101.019615130308154
4627.748548562617 100.883624353626828
4695.060701208099 100.749398505038272
4763.351931659176 100.617362562184951
4832.63648093046 100.504077989742086
4902.928797176889 100.421980503305889
4974.243538706657 100.374285386689280
5046.595577037959 100.374912708793033
5120.000000000202 100.432785507371591
5194.472114880326 100.539023629000852
5270.027451614888 100.695179141074647
5346.6817660285715 100.894305575316480
5424.451043119808 101.146731980473930
5503.351500394186 101.474533913705130
5583.399591246343 101.894777089409217
5664.612008391055 102.413310243417953
5747.005687344222 103.011905655824748
5830.597809954497 103.639431682511685
5915.405807986278 104.270942407733031
6001.447366754812 104.894635236761133
6088.740428814181 105.465047941394744
6177.303197698925 105.890472717698245
6267.154141720092 106.119705566340031
6358.3119978165005 106.165355332960942
6450.795775462017 106.082172380509832
6544.624760629676 105.936528585618959
6639.818519813445 105.759118740712410
6736.396904108505 105.546315781847682
6834.380053350861 105.317945691693723
6933.788400317181 105.118439915907629
7034.642674985712 104.983060354321708
7136.963908859177 104.904272033369423
7240.773439350552 104.856210773294947
7346.092914232631 104.807921107363711
7452.944296152315 104.709337411289965
7561.349867210557 104.469531551083463
7671.332233608935 104.000977955236010
7782.914330363799 103.311116810387006
7896.119426088994 102.425039875370459
8010.971127848146 101.382948552409630
8127.49338607753 100.235866939109513
8245.710499580537 99.040791934622760
8365.647120594791 97.845445666415031
8487.328259932974 96.674177555660563
8610.77929219841 95.550015589670608
8736.025961076528 94.474722972467077
8863.094384703289 93.449697488516122
8992.011061111683 92.485096924295050
9122.802873757471 91.583198586694394
9255.497097125279 90.732329562967507
9390.121402416245 89.935880951318239
9526.7038633184 89.219747997554109
9665.272961860968 88.626021895998647
9805.857594353829 88.205537275391350
9948.487077413367 88.007234861092257
10093.19115407597 88.059990980758982
10240.000000000457 88.256539823873936
10388.944229760706 88.474072941796280
10540.05490322983 88.641170028079031
10693.363532057198 88.744075135637686
10848.902086239672 88.816587838128370
11006.703000788428 88.916468993196943
11166.799182492743 89.099691906153851
11329.224016782166 89.388971059320568
11494.0113746885 89.796292055788797
11661.195619909053 90.299426082005326
11830.811615972614 90.851634479196449
12002.894733509682 91.376381523952261
12177.48085762842 91.716322590266643
12354.606395397908 91.743950283637929
12534.308283440243 91.402666198457553
12716.62399563306 90.726754916019644
12901.591550924093 89.780883971362258
13089.249521259411 88.627770737093300
13279.637039626952 87.353341619390960
13472.793808217073 86.017532852892259
13668.760106701786 84.672388666622993
13867.576800634426 83.403092872883803
14069.285349971487 82.265997294501886
14273.927817718419 81.216358685400664
14481.54687870117 80.181703203677188
14692.18582846533 79.152641895742335
14905.888592304698 78.174436803162820
15122.699734421185 77.349856063874967
15342.664467217943 76.763676773178759
15565.828660727671 76.425134895680941
15792.238852178061 76.377570328240495
16021.942255696367 76.694146335406543
16254.986772155136 77.406795439663469
16491.42099916115 78.550335750360588
16731.294241189662 80.226158718832664
16974.65651986603 82.063079828748727
17221.558584396902 83.209921813964229
17472.051922153143 83.099976028426056
17726.188769406665 81.681493923332397
17984.022122223458 79.541702252486573
18245.605747515034 76.863816980787590
18510.99419425065 73.796268004272207
18780.242804832582 71.061352654678416
19053.40772663689 68.841470488775911
19330.545923722028 67.450685369462121
19611.71518870775 66.744435521003567
19896.974154826825 65.779745166280392
20186.382308152035 64.172781699910615
