20 80.891999999999996
20.290906698750476 81.019514528000713
20.586044732869844 81.149836444229365
20.885475648548283 81.284464041846732
21.189261887185914 81.425988430725326
21.49746679841394 81.574015183014751
21.810154653305165 81.726527023250938
22.12739065777668 81.884513805532777
22.449240966187475 82.046612809046252
22.77577269513385 82.213017406751050
23.107053937445478 82.381597690089492
23.44315377638505 82.551577149602025
23.784142300054445 82.720690082776812
24.130090616010463 82.889877340662849
24.481070866093134 83.058461383752558
24.837156241469714 83.227920364030211
25.1984209978975 83.397761816517090
25.56494047120865 83.568078982542445
25.936791093020236 83.739253058907735
26.3140504066728 83.911322404077453
26.69679708340074 84.082574702113334
27.08511093873791 84.254448541549550
27.47907294916184 84.425350078951240
27.878765268980047 84.594929869557845
28.284271247461966 84.762835482706862
28.695675446220072 84.929574503041806
29.11306365684382 85.093964189600655
29.536522918790062 85.253783021576524
29.966141537533712 85.404149538136807
30.402009102982383 85.550159653280375
30.844216508158908 85.695591236670523
31.29285596815558 85.843401399531146
31.74802103936409 85.993842985068881
32.20980663898519 86.147575417421052
32.67830906482211 86.304233536715401
33.153626015361866 86.463771967176939
33.63585661014871 86.626147821009965
34.125101410453844 86.790408972502036
34.62146244024586 86.955961142840891
35.12504320746613 87.120763912804094
35.635948725613716 87.284459797293934
36.15428553564419 87.447945658192282
36.68016172818701 87.613250944378905
37.21368696608603 87.780029272520579
37.754972507267915 87.944445274028695
38.30413122794313 88.106885375419694
38.86127764614443 88.265556719337496
39.4265279456077 88.423473719146301
40.000000000000206 88.578000000000060
40.58181339750116 88.720544757536970
41.1720894657399 88.847522309634414
41.77095129709678 88.966263059553484
42.37852377437204 89.088944483755938
42.9949335968281 89.227335106720830
43.62030930661056 89.392416940955655
44.25478131555359 89.581622670167022
44.89848193237519 89.775875280850784
45.55154539026795 89.953266333492365
46.21410787489121 90.097468711335011
46.88630755277036 90.213932646472003
47.56828460010916 90.324803464013911
48.260181232021196 90.445494424316053
48.962141732186545 90.583238773328560
49.674312482939705 90.731748357590774
50.39684199579528 90.887317188862212
51.129880942417586 91.045660145921303
51.873582186040764 91.205820055255828
52.628100813345895 91.367506449485745
53.393594166801776 91.522028981832818
54.17022187747612 91.654240018683936
54.95814589832399 91.757322936054237
55.75753053796041 91.849419064216832
56.56854249492426 91.944372285648527
57.39135089244048 92.039918326291996
58.226127313687975 92.136135277642552
59.073045837580466 92.239226417261264
59.932283075067765 92.359519630509482
60.804018205965114 92.486542592030162
61.68843301631817 92.602169765919768
62.58571193631152 92.696678306206692
63.49604207872855 92.775675450455736
64.41961327797075 92.855604421573318
65.35661812964459 92.945909976418221
66.3072520307241 93.046451349395014
67.27171322029778 93.157235865757514
68.25020282090806 93.281401265307593
69.2429248804921 93.401334938766254
70.25008641493265 93.482503456597300
71.27189745122783 93.517666051573329
72.30857107128878 93.547391410171372
73.36032345637442 93.615789434530086
74.42737393217246 93.713959462658124
75.50994501453623 93.799796598328783
76.60826245588666 93.858260332419746
77.72255529228926 93.897604633320086
78.85305589121582 93.933989488394317
80.00000000000082 93.977000000000032
81.16362679500274 94.034696639493816
82.34417893148023 94.104710688505889
83.541902594194 94.172105972123973
84.75704754874454 94.228370803684584
85.98986719365665 94.262921850317994
87.24061861322157 94.268000000000001
88.50956263110764 94.278064195235345
89.79696386475084 94.354020868020299
91.10309078053635 94.448732015370268
92.42821574978288 94.498042775566944
93.77261510554118 94.505884128406223
95.13656920021877 94.511808791440743
96.52036246404286 94.525819733256512
97.92428346437356 94.541416453710099
99.34862496587989 94.549271406942736
100.79368399159105 94.545296141372575
102.25976188483567 94.550610634694806
103.74716437208203 94.576611706468071
105.25620162669229 94.597083691638105
106.78718833360406 94.597039266109590
108.34044375495276 94.599723550039613
109.9162917966485 94.621894151118397
111.51506107592134 94.649533157628497
113.13708498984903 94.679609949063817
114.78270178488147 94.714201319086087
116.45225462737648 94.744414490635222
118.14609167516147 94.765471905425471
119.86456615013608 94.765141429310688
121.60803641193078 94.749519432217596
123.3768660326369 94.716946129795460
125.17142387262359 94.692614282581758
126.99208415745765 94.700553206256899
128.83922655594208 94.732623757674787
130.71323625928977 94.771977961445089
132.61450406144883 94.803105918660577
134.5434264405962 94.821532271863873
136.50040564181674 94.832626318335898
138.48584976098482 94.835313676075572
140.50017282986593 94.823915082392887
142.5437949024563 94.805181880060815
144.61714214257822 94.796957144643557
146.7206469127495 94.792558706174503
148.8547478643456 94.788832403417047
151.01989002907314 94.793119340174428
153.216524911774 94.800566950176460
155.4451105845792 94.798691420221402
157.70611178243232 94.809468009667029
160.00000000000236 94.842500000000001
162.3272535900062 94.850878112924022
164.6883578629612 94.856314387298511
167.08380518838874 94.837412231229138
169.51409509748981 94.797649107264675
171.97973438731407 94.787812159367604
174.4812372264439 94.803746145256838
177.01912526221608 94.826979777464828
179.5939277295025 94.854951990570441
182.20618156107355 94.844497965384704
184.85643149956664 94.800084233007794
187.54523021108326 94.792934210026402
190.27313840043846 94.817155532161053
193.04072492808663 94.818066055589696
195.84856692874806 94.785707514968038
198.69724993176072 94.723110951760560
201.58736798318304 94.641878960504499
204.5195237696723 94.553154525024993
207.49432874416505 94.459185261023947
210.5124032533856 94.347487332193396
213.57437666720915 94.215153049975584
216.68088750990657 94.078376060502848
219.83258359329807 93.929328966233413
223.03012215184378 93.755100812186555
226.2741699796992 93.597009152603874
229.5654035697641 93.478841682197782
232.90450925475412 93.398664456892249
236.2921833503241 93.359716577183150
239.72913230027333 93.379908652264106
243.21607282386276 93.424106710032660
246.75373206527502 93.458598887636441
250.34284774524843 93.503099860210568
253.9841683149166 93.557264503684380
257.67845311188546 93.630149448959742
261.42647251858085 93.717022104186640
265.22900812289896 93.778248097474787
269.08685288119375 93.825034400901075
273.0008112836349 93.898642949650423
276.97169952197106 93.981518891873520
281.00034565973334 94.048805461423783
285.0875898049141 94.113305088093213
289.23428428515797 94.175090835848863
293.44129382550057 94.219192291342253
297.7094957286928 94.257843562412489
302.0397800581479 94.292533432914297
306.4330498235497 94.336913122794371
310.89022116916016 94.405757261060415
315.41222356486645 94.446107671902979
320.00000000000654 94.464000000000055
324.6545071800142 94.506821466056124
329.3767157259242 94.547639755242955
334.16761037677935 94.581756511599778
339.02819019498156 94.635032644300779
343.95946877463007 94.714998809801102
348.9624744528898 94.786097157668721
354.03825052443415 94.816960652202624
359.187855459007 94.814718216811485
364.4123631221491 94.813500000000005
369.71286299913527 94.850260331393258
375.0904604221685 94.884237547870299
380.54627680087896 94.838252809821157
386.08144985617537 94.768043412042303
391.6971338574982 94.700102248040480
397.3944998635236 94.643062351050872
403.1747359663683 94.622206316008402
409.0390475393468 94.637454999581564
414.9886574883323 94.661218808092912
421.0248065067734 94.666907308708488
427.1487533344206 94.664216251111469
433.3617750198154 94.671798066719504
439.6651671865984 94.687591810712235
446.06024430368984 94.700762053480844
452.54833995940066 94.713880517890374
459.13080713953053 94.736433113252474
465.8090185095106 94.762418655828924
472.58436670065066 94.796214016853583
479.45826460054917 94.841663194618235
486.432145647728 94.889252161275010
493.50746413055253 94.940876343246202
500.6856954904994 95.004428395223442
507.9683366298358 95.072703155904719
515.3569062237735 95.138839622522454
522.8529450371643 95.209582759436472
530.4580162458005 95.286080162458006
538.1737057623901 95.363299095396187
546.0016225672724 95.445089392709093
553.9433990439449 95.530448140678459
562.0006913194694 95.607906360139125
570.1751796098309 95.683076616488478
578.4685685703187 95.757717117132870
586.8825876510039 95.829313736268432
595.4189914573883 95.902374276106400
604.0795601162986 95.973871563408579
612.8660996471021 96.039953011714601
621.780442338323 96.107806269467062
630.8244471297356 96.183930687611934
640.0000000000159 96.255500000000126
649.3090143600314 96.325317607700242
658.7534314518515 96.400527451614806
668.3352207535618 96.468846545274928
678.0563803899662 96.530046739398301
687.9189375492632 96.597828509722305
697.9249489057827 96.667578394895187
708.0765010488715 96.736112557027440
718.3757109180171 96.816005687344131
728.8247262443015 96.899156573642188
739.425725998274 96.967882073789127
750.1809208443404 97.036819214489995
761.0925536017613 97.116383203346174
772.1628997123541 97.187495325097629
783.3942677149998 97.254897036938260
794.7889997270506 97.324148373305434
806.34947193274 97.392215779621665
818.0780950786972 97.459065933146320
829.9773149766683 97.530586806582704
842.0496130135506 97.606810081334686
854.2975066688449 97.681568788901586
866.7235500396347 97.758111450265261
879.3303343732008 97.842729757019100
892.1204886073838 97.920162687340607
905.0966799188055 97.994504802839401
918.2616142790653 98.078404649406053
931.6180370190256 98.165753620967621
945.1687334013056 98.253096767108474
958.9165292011028 98.343943528007344
972.8642912954606 98.437625037565596
987.0149282611097 98.540263511456615
1001.3713909810035 98.646962597768919
1015.9366732596762 98.747556712817726
1030.7138124475518 98.851404579960047
1045.7058900743334 98.965700429659478
1060.916032491606 99.088164138513093
1076.3474115247852 99.217452997960677
1092.0032451345498 99.350590185054131
1107.8867980878947 99.485970398101117
1124.0013826389438 99.622289453395524
1140.350359219667 99.761065643172088
1156.9371371406426 99.908880207512226
1173.765175302013 100.062055607348981
1190.837982914782 100.209956545769103
1208.1591202326028 100.360434530772835
1225.73219929421 100.528730145457502
1243.5608846766518 100.703397489911893
1261.648894259477 100.880159163742860
1280.0000000000375 101.057000000000329
1298.6180287200684 101.215519215959432
1317.5068629037087 101.376057648391139
1336.6704415071292 101.544533407338093
1356.112760779938 101.724654313292419
1375.8378750985323 101.909876025926195
1395.8498978115715 102.101951513881659
1416.153002097749 102.290607619299294
1436.7514218360407 102.482307292988281
1457.6494524886093 102.679639908144054
1478.8514519965543 102.872890022531465
1500.3618416886875 103.051068417520071
1522.1851072035295 103.236129709085930
1544.3257994247153 103.426974907029546
1566.788535430007 103.606950576354052
1589.5779994541087 103.772171316211512
1612.6989438654878 103.934916480322272
1636.156190157402 104.105725178574218
1659.9546299533442 104.280076057866879
1684.099226027109 104.449920690545966
1708.5950133376978 104.616242788829055
1733.4471000792773 104.782602396535907
1758.6606687464096 104.955471107974716
1784.2409772147755 105.131490449617516
1810.193359837619 105.296252424632200
1836.5232285581387 105.453639371348828
1863.2360740380593 105.621328645689672
1890.3374668026197 105.801567776913600
1917.833058402214 105.971715044573060
1945.7285825909298 106.132567492420122
1974.0298565222283 106.301179139133367
2002.7427819620161 106.467362422346994
2031.8733465193618 106.636333746442148
2061.4276248951132 106.814280555678366
2091.411780148677 106.977176549089108
2121.832064983222 107.131935134663593
2152.694823049581 107.284372241892427
2184.0064902691106 107.428227908157169
2215.7735961758003 107.560291554655393
2248.002765277899 107.679907742778113
2280.7007184393456 107.759512876039565
2313.874274281297 107.805874274281308
2347.530350604038 107.822000000000003
2381.6759658295764 107.784338009371112
2416.318240465218 107.671724709697173
2451.4643985884327 107.300547064956035
2487.1217693533167 106.515429946256177
2523.2977885189675 105.515092609080895
2560.0000000000887 105.428750000001543
2597.236057440151 106.272605749968335
2635.0137258074315 107.123930494367727
2673.340883014273 107.362138306312659
2712.225521559891 107.333713643944293
2751.6757501970797 107.193528096128560
2791.699795623158 107.022520899258097
2832.3060041955137 106.830931179861523
2873.502843672097 106.629895952259830
2915.2989049772345 106.422964442263151
2957.7029039931244 106.211138160595141
3000.723683377391 105.991390629155262
3044.370214407075 105.776052545888518
3088.6515988494466 105.588559329530312
3133.57707086003 105.408718149631127
3179.1559989082334 105.221002604530824
3225.3978877309914 105.036972111112988
3272.3123803148205 104.868199773551652
3319.9092599067053 104.718462238869620
3368.198452054235 104.582364179453563
3417.190026675413 104.456619138113041
3466.8942001585724 104.350090439714563
3517.3213374928373 104.264864420510605
3568.4819544295697 104.196354669671777
3620.386719675257 104.147117694637060
3673.0464571162966 104.113054913157200
3726.472148076138 104.089499469654115
3780.6749336052594 104.085443920034962
3835.6661168044484 104.102249587603325
3891.45716518188 104.153882705500649
3948.059713044477 104.222159528859891
4005.4855639240527 104.329485344646628
4063.746693038744 104.474989858652151
4122.855249790247 104.657826486741399
4182.823560297375 104.875895082628688
4243.664129966465 105.121430238793238
4305.389646099183 105.381021254769053
4368.012980538242 105.645121401269577
4431.5471923516225 105.924307646347131
4496.00553055582 106.230793259422569
4561.401436878714 106.561507184393577
4627.748548562617 106.890014180911976
4695.060701208099 107.193830709446019
4763.351931659176 107.483529032623892
4832.63648093046 107.764260438679912
4902.928797176889 108.001610363060053
4974.243538706657 108.171996918381751
5046.595577037959 108.228857671903000
5120.000000000202 108.178428571428270
5194.472114880326 107.996954101834419
5270.027451614888 107.691313109870038
5346.6817660285715 107.297875003729814
5424.451043119808 106.840308577362322
5503.351500394186 106.339644986748851
5583.399591246343 105.828327605804560
5664.612008391055 105.317382707388091
5747.005687344222 104.809235364073686
5830.597809954497 104.307196833666637
5915.405807986278 103.810376023280270
6001.447366754812 103.306544418204595
6088.740428814181 102.758942408494420
6177.303197698925 102.099713322054683
6267.154141720092 101.301724634759893
6358.3119978165005 100.587273815229906
6450.795775462017 100.448379368631436
6544.624760629676 101.064952481824193
6639.818519813445 101.849180802855102
6736.396904108505 102.088485572604696
6834.380053350861 102.120630927541413
6933.788400317181 102.730781613100447
7034.642674985712 103.567322218796917
7136.963908859177 103.971259344706851
7240.773439350552 104.009207224665687
7346.092914232631 103.763667413927152
7452.944296152315 103.153594436626776
7561.349867210557 102.194346943488512
7671.332233608935 101.077355043796160
7782.914330363799 100.010509554379894
7896.119426088994 99.245977562459416
8010.971127848146 99.027339894746845
8127.49338607753 99.055182183785561
8245.710499580537 98.892406312116037
8365.647120594791 98.432362653356606
8487.328259932974 97.863954759903109
8610.77929219841 97.273605718984271
8736.025961076528 96.718539517566825
8863.094384703289 96.241351692564422
8992.011061111683 95.865774441961292
9122.802873757471 95.634605236454348
9255.497097125279 95.599983378794064
9390.121402416245 95.751230346255255
9526.7038633184 95.944809549917807
9665.272961860968 95.996987969330632
9805.857594353829 95.813160468761694
9948.487077413367 95.378105194296865
10093.19115407597 94.766435541280416
10240.000000000457 94.131499999998056
10388.944229760706 93.538876610982456
10540.05490322983 92.936150926193250
10693.363532057198 92.216590833602396
10848.902086239672 91.310691634622842
11006.703000788428 90.217236350528964
11166.799182492743 88.986786458307336
11329.224016782166 87.670965307623177
11494.0113746885 86.385763078422059
11661.195619909053 85.395173855123971
11830.811615972614 84.630776189373833
12002.894733509682 84.118497985628878
12177.48085762842 83.643888919149163
12354.606395397908 83.151129651024917
12534.308283440243 82.595335895517550
12716.62399563306 81.926781937482332
12901.591550924093 81.099410193295938
13089.249521259411 80.187660540281058
13279.637039626952 79.213484671737064
13472.793808217073 78.226350804120074
13668.760106701786 77.245401959822203
13867.576800634426 76.234331012745400
14069.285349971487 75.197372118563834
14273.927817718419 74.141075914210091
14481.54687870117 73.088326660968818
14692.18582846533 71.726573532128825
14905.888592304698 69.984404366364600
15122.699734421185 68.853796669258614
15342.664467217943 68.483517174505621
15565.828660727671 68.194509550494033
15792.238852178061 67.487187316299895
16021.942255696367 66.787573021245265
16254.986772155136 66.332604710617076
16491.42099916115 65.175968472103662
16731.294241189662 64.174128899062907
16974.65651986603 64.181869477549100
17221.558584396902 63.758131408919660
17472.051922153143 62.571367508551887
17726.188769406665 60.824869247367928
17984.022122223458 58.658855208945013
18245.605747515034 56.625441206193884
18510.99419425065 55.794995210418094
18780.242804832582 55.856049207761956
19053.40772663689 56.093942404183025
19330.545923722028 56.171526344646978
19611.71518870775 55.903721850138858
19896.974154826825 55.093210020820187
20186.382308152035 53.442942800759084
