20 90.786000000000001
20.290906698750476 90.806848382905059
20.586044732869844 90.827046393258129
20.885475648548283 90.847031709903220
21.189261887185914 90.866319858455583
21.49746679841394 90.885104354919690
21.810154653305165 90.903083947145319
22.12739065777668 90.921324962822155
22.449240966187475 90.939708244112836
22.77577269513385 90.957793743703391
23.107053937445478 90.976209562362300
23.44315377638505 90.994134895957558
23.784142300054445 91.012167470752871
24.130090616010463 91.030221370898431
24.481070866093134 91.048506225438757
24.837156241469714 91.066857784932765
25.1984209978975 91.084921049894874
25.56494047120865 91.103040868073592
25.936791093020236 91.121168581191824
26.3140504066728 91.139322323385812
26.69679708340074 91.157101865107279
27.08511093873791 91.174829964476658
27.47907294916184 91.192907109916504
27.878765268980047 91.210695980517869
28.284271247461966 91.227939392393409
28.695675446220072 91.245218368741234
29.11306365684382 91.262522546273743
29.536522918790062 91.279460916751603
29.966141537533712 91.296645661501344
30.402009102982383 91.313573666863789
30.844216508158908 91.329727825240326
31.29285596815558 91.345991028845646
31.74802103936409 91.362428757417106
32.20980663898519 91.378633425725496
32.67830906482211 91.394919126333605
33.153626015361866 91.411876910537671
33.63585661014871 91.428754981355212
34.125101410453844 91.445753447955440
34.62146244024586 91.462629722968359
35.12504320746613 91.479626425846391
35.635948725613716 91.496214410494034
36.15428553564419 91.512437137140608
36.68016172818701 91.529085013573791
37.21368696608603 91.545410608982593
37.754972507267915 91.561467041331355
38.30413122794313 91.577623906838298
38.86127764614443 91.593935113312867
39.4265279456077 91.609479515978606
40.000000000000206 91.625000000000000
40.58181339750116 91.640515075650285
41.1720894657399 91.655778955636833
41.77095129709678 91.670773805006775
42.37852377437204 91.685549867306364
42.9949335968281 91.700460935126458
43.62030930661056 91.714706945864009
44.25478131555359 91.728784403723822
44.89848193237519 91.741969631879613
45.55154539026795 91.753883633999408
46.21410787489121 91.765223359596973
46.88630755277036 91.775856275320280
47.56828460010916 91.786524267538397
48.260181232021196 91.796842523248301
48.962141732186545 91.806932105365505
49.674312482939705 91.817614670959671
50.39684199579528 91.828948690492538
51.129880942417586 91.841155110934139
51.873582186040764 91.854704789009659
52.628100813345895 91.870097132405022
53.393594166801776 91.888577856455115
54.17022187747612 91.911400004061719
54.95814589832399 91.939344069945037
55.75753053796041 91.970452752998142
56.56854249492426 92.003025971044437
57.39135089244048 92.036936737482506
58.226127313687975 92.072110410831726
59.073045837580466 92.108104448097166
59.932283075067765 92.144622030690385
60.804018205965114 92.181672251438158
61.68843301631817 92.219171904704524
62.58571193631152 92.255910596011091
63.49604207872855 92.292593662109766
64.41961327797075 92.327186464728982
65.35661812964459 92.359090089213453
66.3072520307241 92.389985690998529
67.27171322029778 92.421194823049532
68.25020282090806 92.452631591679506
69.2429248804921 92.484773596175756
70.25008641493265 92.517002765277851
71.27189745122783 92.549700718439283
72.30857107128878 92.582719988745595
73.36032345637442 92.615489865419420
74.42737393217246 92.646325409202575
75.50994501453623 92.669361671961610
76.60826245588666 92.682512397007613
77.72255529228926 92.688855979918088
78.85305589121582 92.693132632559625
80.00000000000082 92.695999999999998
81.16362679500274 92.697454537130085
82.34417893148023 92.697940068958104
83.541902594194 92.696797807473303
84.75704754874454 92.694107382646592
85.98986719365665 92.687313314572933
87.24061861322157 92.673992855248542
88.50956263110764 92.656343810358564
89.79696386475084 92.635316256875740
91.10309078053635 92.612695863080262
92.42821574978288 92.587852853901353
93.77261510554118 92.562026689062620
95.13656920021877 92.534097897240088
96.52036246404286 92.504599836697906
97.92428346437356 92.474361608009787
99.34862496587989 92.443384567964898
100.79368399159105 92.410216145532345
102.25976188483567 92.374759206840707
103.74716437208203 92.337020385270165
105.25620162669229 92.296454480834058
106.78718833360406 92.252646746103068
108.34044375495276 92.203485208168246
109.9162917966485 92.147711697763214
111.51506107592134 92.086224337026920
113.13708498984903 92.018358112059602
114.78270178488147 91.944959526425095
116.45225462737648 91.864037461213371
118.14609167516147 91.776037830725926
119.86456615013608 91.670615950109692
121.60803641193078 91.549537213904927
123.3768660326369 91.405588880229828
125.17142387262359 91.256628937935361
126.99208415745765 91.127903707969665
128.83922655594208 91.149033152334994
130.71323625928977 91.311001133838616
132.61450406144883 91.591593560259042
134.5434264405962 91.990542662354443
136.50040564181674 92.443976309043734
138.48584976098482 92.950165285226888
140.50017282986593 93.514970042290258
142.5437949024563 94.146108659041928
144.61714214257822 94.844509753653853
146.7206469127495 95.565649502925424
148.8547478643456 96.186089192594210
151.01989002907314 96.587396958918944
153.216524911774 96.730124495723459
155.4451105845792 96.701523527644213
157.70611178243232 96.628508194563793
160.00000000000236 96.533999999999878
162.3272535900062 96.421826376961690
164.6883578629612 96.295766346972698
167.08380518838874 96.159806343224176
169.51409509748981 96.023613493560077
171.97973438731407 95.897513280634286
174.4812372264439 95.784721809481766
177.01912526221608 95.682042639616242
179.5939277295025 95.588037387283819
182.20618156107355 95.502460953733433
184.85643149956664 95.427019918012121
187.54523021108326 95.359477797229516
190.27313840043846 95.298318721270874
193.04072492808663 95.241726226366353
195.84856692874806 95.189565222054028
198.69724993176072 95.141822901064529
201.58736798318304 95.101922461540738
204.5195237696723 95.074623095497131
207.49432874416505 95.063007561674453
210.5124032533856 95.061504134417788
213.57437666720915 95.061212811666394
216.68088750990657 95.056308446857656
219.83258359329807 95.048960395118428
223.03012215184378 95.036758276661601
226.2741699796992 95.017838866802009
229.5654035697641 94.988628666087237
232.90450925475412 94.952066313321907
236.2921833503241 94.911420753958538
239.72913230027333 94.869318129321655
243.21607282386276 94.825799089701718
246.75373206527502 94.781578349184059
250.34284774524843 94.737885827057013
253.9841683149166 94.694189980221012
257.67845311188546 94.650318369296357
261.42647251858085 94.605382329777029
265.22900812289896 94.560809154555940
269.08685288119375 94.515486716386079
273.0008112836349 94.469865568827743
276.97169952197106 94.423703993057089
281.00034565973334 94.376695921215145
285.0875898049141 94.328466440302009
289.23428428515797 94.279535445435130
293.44129382550057 94.228860344711450
297.7094957286928 94.177215101682819
302.0397800581479 94.124257721780424
306.4330498235497 94.069586877205623
310.89022116916016 94.013872235385492
315.41222356486645 93.958012094865126
320.00000000000654 93.902499999999918
324.6545071800142 93.847111364557833
329.3767157259242 93.793980783869642
334.16761037677935 93.743656852081500
339.02819019498156 93.695523736089172
343.95946877463007 93.651156674783266
348.9624744528898 93.609111462041014
354.03825052443415 93.568597820856965
359.187855459007 93.527078370782050
364.4123631221491 93.480788731900660
369.71286299913527 93.424129793309419
375.0904604221685 93.355214169713463
380.54627680087896 93.277663636901792
386.08144985617537 93.199451557027928
391.6971338574982 93.128666539379552
397.3944998635236 93.064773351323822
403.1747359663683 93.017012286904887
409.0390475393468 92.985856825689069
414.9886574883323 92.975249054790709
421.0248065067734 92.986518937988961
427.1487533344206 93.014071582784396
433.3617750198154 93.054229239723696
439.6651671865984 93.098275432136674
446.06024430368984 93.139846404746223
452.54833995940066 93.175241699796999
459.13080713953053 93.206088632127887
465.8090185095106 93.235188328665430
472.58436670065066 93.265129650152929
479.45826460054917 93.296699085645400
486.432145647728 93.328887869979553
493.50746413055253 93.361713226320418
500.6856954904994 93.392157070025689
507.9683366298358 93.420377304440620
515.3569062237735 93.445621705274732
522.8529450371643 93.469431998565256
530.4580162458005 93.495946569044648
538.1737057623901 93.528856121257490
546.0016225672724 93.568080468589088
553.9433990439449 93.612796006942929
562.0006913194694 93.660004147916823
570.1751796098309 93.708981005815048
578.4685685703187 93.755423983993779
586.8825876510039 93.797380550107363
595.4189914573883 93.833634066683814
604.0795601162986 93.864503597870709
612.8660996471021 93.891945877487530
621.780442338323 93.922231548184129
630.8244471297356 93.965276461630310
640.0000000000159 94.024000000000143
649.3090143600314 94.105453875650269
658.7534314518515 94.205599388107402
668.3352207535618 94.318189126967383
678.0563803899662 94.435079383699104
687.9189375492632 94.548775888061613
697.9249489057827 94.653730726284280
708.0765010488715 94.747284684387395
718.3757109180171 94.831505687344134
728.8247262443015 94.906714320022331
739.425725998274 94.974853360089043
750.1809208443404 95.035889527484670
761.0925536017613 95.089538388541996
772.1628997123541 95.137778644914761
783.3942677149998 95.181962788607109
794.7889997270506 95.223544374033310
806.34947193274 95.263164906442469
818.0780950786972 95.302338241224874
829.9773149766683 95.341771991269880
842.0496130135506 95.380655040667349
854.2975066688449 95.418929708340130
866.7235500396347 95.457534000121953
879.3303343732008 95.496424036556931
892.1204886073838 95.537260262784116
905.0966799188055 95.581475464705676
918.2616142790653 95.631064794479414
931.6180370190256 95.686008467158871
945.1687334013056 95.746356694755974
958.9165292011028 95.810853513705240
972.8642912954606 95.878567884404760
987.0149282611097 95.948150416054688
1001.3713909810035 96.019174102774230
1015.9366732596762 96.090089698972406
1030.7138124475518 96.162543568936059
1045.7058900743334 96.237402613825424
1060.916032491606 96.317038178703825
1076.3474115247852 96.402359900561237
1092.0032451345498 96.494332477859572
1107.8867980878947 96.592427259341335
1124.0013826389438 96.694564389082132
1140.350359219667 96.798787676757087
1156.9371371406426 96.902226458298045
1173.765175302013 97.005591051812075
1190.837982914782 97.105943670005075
1208.1591202326028 97.206337829900590
1225.73219929421 97.306209500796044
1243.5608846766518 97.406369408463434
1261.648894259477 97.507733807853072
1280.0000000000375 97.610500000000215
1298.6180287200684 97.715558876348950
1317.5068629037087 97.822038432260769
1336.6704415071292 97.931855038665987
1356.112760779938 98.045662469582140
1375.8378750985323 98.162735356836265
1395.8498978115715 98.282203139424141
1416.153002097749 98.400956628868585
1436.7514218360407 98.518970391190038
1457.6494524886093 98.633042098189634
1478.8514519965543 98.745027550382076
1500.3618416886875 98.856852629446081
1522.1851072035295 98.968587748882072
1544.3257994247153 99.082334609043045
1566.788535430007 99.198464613527435
1589.5779994541087 99.316514037172283
1612.6989438654878 99.437042465855157
1636.156190157402 99.561074055440528
1659.9546299533442 99.689352279545261
1684.099226027109 99.821909712190177
1708.5950133376978 99.958303974957857
1733.4471000792773 100.098141644447111
1758.6606687464096 100.240519385104676
1784.2409772147755 100.386228028757102
1810.193359837619 100.536733088648447
1836.5232285581387 100.692639371348832
1863.2360740380593 100.853710608670639
1890.3374668026197 101.019785544840190
1917.833058402214 101.190421623261784
1945.7285825909298 101.366004641974683
1974.0298565222283 101.547752276003152
2002.7427819620161 101.732459535131795
2031.8733465193618 101.912521081094070
2061.4276248951132 102.095160261790269
2091.411780148677 102.298264812695010
2121.832064983222 102.508045827264681
2152.694823049581 102.706683958771762
2184.0064902691106 102.902541375465574
2215.7735961758003 103.106436865286113
2248.002765277899 103.313284041829462
2280.7007184393456 103.516952727787327
2313.874274281297 103.723564117495613
2347.530350604038 103.937525553825580
2381.6759658295764 104.149536240279019
2416.318240465218 104.358549589419198
2451.4643985884327 104.552188092589276
2487.1217693533167 104.723694333864373
2523.2977885189675 104.861042259816386
2560.0000000000887 104.969500000000210
2597.236057440151 105.043199578980193
2635.0137258074315 105.080505490322963
2673.340883014273 105.073078992266801
2712.225521559891 105.032013844456827
2751.6757501970797 104.950125508934036
2791.699795623158 104.832041891232336
2832.3060041955137 104.679037403511643
2873.502843672097 104.497391435684094
2915.2989049772345 104.287009011674982
2957.7029039931244 104.053594824758306
3000.723683377391 103.813983557255483
3044.370214407075 103.570944104066115
3088.6515988494466 103.312323551888937
3133.57707086003 103.041564007911063
3179.1559989082334 102.768230246506931
3225.3978877309914 102.497454187792187
3272.3123803148205 102.232112536859034
3319.9092599067053 101.971888181701928
3368.198452054235 101.713912173153645
3417.190026675413 101.459706066089439
3466.8942001585724 101.214245723242016
3517.3213374928373 100.979786115031516
3568.4819544295697 100.760408806383055
3620.386719675257 100.555253668414537
3673.0464571162966 100.364759258377617
3726.472148076138 100.186789126156356
3780.6749336052594 100.023419119219199
3835.6661168044484 99.870081418644531
3891.45716518188 99.732684949211233
3948.059713044477 99.603914152823819
4005.4855639240527 99.488671697969409
4063.746693038744 99.385504850209841
4122.855249790247 99.299835431482478
4182.823560297375 99.234563844367514
4243.664129966465 99.192844596594426
4305.389646099183 99.176037329627690
4368.012980538242 99.186119154603162
4431.5471923516225 99.225186806621025
4496.00553055582 99.290705945347511
4561.401436878714 99.388929780555927
4627.748548562617 99.514321661694026
4695.060701208099 99.676132081196670
4763.351931659176 99.870916923190208
4832.63648093046 100.099502249824098
4902.928797176889 100.374595331060576
4974.243538706657 100.684166649825073
5046.595577037959 101.028235882773032
5120.000000000202 101.406071428572517
5194.472114880326 101.821126370744722
5270.027451614888 102.262787307673037
5346.6817660285715 102.716589463719288
5424.451043119808 103.179436228915421
5503.351500394186 103.648679263054063
5583.399591246343 104.121161340908131
5664.612008391055 104.586319267703146
5747.005687344222 105.027229005455524
5830.597809954497 105.409946951582782
5915.405807986278 105.697891400050707
6001.447366754812 105.881458055805155
6088.740428814181 106.062165417906996
6177.303197698925 106.252840778698783
6267.154141720092 106.361534332275312
6358.3119978165005 106.361341440829733
6450.795775462017 106.300799717593435
6544.624760629676 106.214213982189221
6639.818519813445 106.126056980361369
6736.396904108505 106.047612244521332
6834.380053350861 105.977262062387638
6933.788400317181 105.900252555711361
7034.642674985712 105.791673468394919
7136.963908859177 105.619364220054109
7240.773439350552 105.346855384536696
7346.092914232631 104.946425602522467
7452.944296152315 104.408453055623994
7561.349867210557 103.730399645222164
7671.332233608935 102.946849341249361
7782.914330363799 102.094508661692430
7896.119426088994 101.211619226143824
8010.971127848146 100.336959323100942
8127.49338607753 99.497418321192171
8245.710499580537 98.723096227747490
8365.647120594791 98.032697836285990
8487.328259932974 97.421461118747047
8610.77929219841 96.886803267004282
8736.025961076528 96.408832616391436
8863.094384703289 95.958471286354310
8992.011061111683 95.500387362849807
9122.802873757471 94.989663248516536
9255.497097125279 94.431611030923932
9390.121402416245 93.930370935784850
9526.7038633184 93.559241736578443
9665.272961860968 93.161990041114407
9805.857594353829 92.516362150496064
9948.487077413367 91.529315557628394
10093.19115407597 90.236601045261068
10240.000000000457 88.789699999995378
10388.944229760706 87.308034652783903
10540.05490322983 85.879992145124078
10693.363532057198 84.517594235931711
10848.902086239672 83.234964615599438
11006.703000788428 82.048902222386715
11166.799182492743 80.976340955091160
11329.224016782166 80.039127594815525
11494.0113746885 79.193944074448211
11661.195619909053 78.505063373099318
11830.811615972614 77.923215275328900
12002.894733509682 77.499956992002154
12177.48085762842 77.187054883981148
12354.606395397908 77.059763720900321
12534.308283440243 77.069132792420987
12716.62399563306 77.273707512809096
12901.591550924093 77.713887952540830
13089.249521259411 78.273376786954842
13279.637039626952 79.028409512062538
13472.793808217073 79.978628858481883
13668.760106701786 81.025991368720526
13867.576800634426 82.027061472831122
14069.285349971487 82.783130084098715
14273.927817718419 83.270861298895568
14481.54687870117 83.358416563018153
14692.18582846533 83.126917660929223
14905.888592304698 82.744411038205996
15122.699734421185 82.251950058104299
15342.664467217943 81.644236270394600
15565.828660727671 80.867306590657208
15792.238852178061 79.849855268429380
16021.942255696367 78.574371662809128
16254.986772155136 77.157135239981585
16491.42099916115 75.812297356771381
16731.294241189662 74.615817975216885
16974.65651986603 73.669754537548826
17221.558584396902 73.164059736034517
17472.051922153143 73.242066530226055
17726.188769406665 73.862876391854613
17984.022122223458 74.671158392915032
18245.605747515034 75.267244759483376
18510.99419425065 75.360731495383718
18780.242804832582 74.740157054855658
19053.40772663689 73.242238186904871
19330.545923722028 70.787522135243790
19611.71518870775 67.765246569136266
19896.974154826825 65.783074593333822
20186.382308152035 65.406000000000006
