20 103.084770399999996
20.290906698750476 103.114412928134925
20.586044732869844 103.143023239828523
20.885475648548283 103.170445863107574
21.189261887185914 103.196634441797329
21.49746679841394 103.221505127980564
21.810154653305165 103.244981846086176
22.12739065777668 103.267057769442758
22.449240966187475 103.287878618909843
22.77577269513385 103.307443465112840
23.107053937445478 103.325539658520910
23.44315377638505 103.342245993585422
23.784142300054445 103.357561640440039
24.130090616010463 103.371237288906713
24.481070866093134 103.382984899959709
24.837156241469714 103.392998973150952
25.1984209978975 103.401536392701360
25.56494047120865 103.408665353721261
25.936791093020236 103.414391639674818
26.3140504066728 103.418651546446867
26.69679708340074 103.421102147710542
27.08511093873791 103.421497197468653
27.47907294916184 103.420053046536623
27.878765268980047 103.417646456602995
28.284271247461966 103.414671446147494
28.695675446220072 103.411105351051461
29.11306365684382 103.406866671455390
29.536522918790062 103.402059857595489
29.966141537533712 103.396984821476707
30.402009102982383 103.391406418204696
30.844216508158908 103.385078712600659
31.29285596815558 103.377951878079045
31.74802103936409 103.369967670365185
32.20980663898519 103.359578096860560
32.67830906482211 103.344643095365569
33.153626015361866 103.325841804642153
33.63585661014871 103.305914494056609
34.125101410453844 103.285670023940497
34.62146244024586 103.265516520876957
35.12504320746613 103.245639409023582
35.635948725613716 103.226158696868680
36.15428553564419 103.206793680104653
36.68016172818701 103.187202121134789
37.21368696608603 103.166765866860857
37.754972507267915 103.144731040739998
38.30413122794313 103.120603393384570
38.86127764614443 103.094820613262925
39.4265279456077 103.067968515245013
40.000000000000206 103.040855467196820
40.58181339750116 103.014260329835651
41.1720894657399 102.988402845608249
41.77095129709678 102.962756869874994
42.37852377437204 102.936115340479290
42.9949335968281 102.906453270603990
43.62030930661056 102.872188968909200
44.25478131555359 102.834759022638011
44.89848193237519 102.796609459588865
45.55154539026795 102.758120577940389
46.21410787489121 102.719220101273720
46.88630755277036 102.679913719949539
47.56828460010916 102.640347868608544
48.260181232021196 102.601436574800204
48.962141732186545 102.564760821975199
49.674312482939705 102.530128080593471
50.39684199579528 102.495392052109324
51.129880942417586 102.458056223464538
51.873582186040764 102.416956449917535
52.628100813345895 102.373311342303396
53.393594166801776 102.328644037622496
54.17022187747612 102.283010575147955
54.95814589832399 102.236204957665407
55.75753053796041 102.188656593077923
56.56854249492426 102.141329053764295
57.39135089244048 102.094727768318307
58.226127313687975 102.048378023077447
59.073045837580466 102.001877543348371
59.932283075067765 101.955610555256044
60.804018205965114 101.909282587236319
61.68843301631817 101.862441516561574
62.58571193631152 101.814892450555789
63.49604207872855 101.766607025979937
64.41961327797075 101.717525646951003
65.35661812964459 101.667641814310400
66.3072520307241 101.617442279458601
67.27171322029778 101.570792089267400
68.25020282090806 101.532745092124713
69.2429248804921 101.499042425700438
70.25008641493265 101.456106786179035
71.27189745122783 101.402012162847370
72.30857107128878 101.343184504856637
73.36032345637442 101.282606787858796
74.42737393217246 101.221398365548822
75.50994501453623 101.161520033778061
76.60826245588666 101.103455509949896
77.72255529228926 101.045289255640938
78.85305589121582 100.985689247432930
80.00000000000082 100.925198851148821
81.16362679500274 100.865803213820385
82.34417893148023 100.807954765314122
83.541902594194 100.749270950621849
84.75704754874454 100.688000656347285
85.98986719365665 100.626237351266752
87.24061861322157 100.565105477787654
88.50956263110764 100.503474790162926
89.79696386475084 100.439835280839418
91.10309078053635 100.375261600255470
92.42821574978288 100.312244130733760
93.77261510554118 100.250431357267018
95.13656920021877 100.187241607584127
96.52036246404286 100.123576919575541
97.92428346437356 100.061331116534831
99.34862496587989 100.000616812830756
100.79368399159105 99.940223147719138
102.25976188483567 99.880440986124484
103.74716437208203 99.821828270443035
105.25620162669229 99.762611726042479
106.78718833360406 99.701234060351084
108.34044375495276 99.637682810677006
109.9162917966485 99.572063374164856
111.51506107592134 99.504410621973079
113.13708498984903 99.436705275218657
114.78270178488147 99.370318942254883
116.45225462737648 99.303987693758600
118.14609167516147 99.237074358140262
119.86456615013608 99.170174444382269
121.60803641193078 99.103466224197632
123.3768660326369 99.036925035407393
125.17142387262359 98.969634767210152
126.99208415745765 98.898196709205109
128.83922655594208 98.822945394966624
130.71323625928977 98.747992567424376
132.61450406144883 98.673438514615640
134.5434264405962 98.601180320965554
136.50040564181674 98.531743792988010
138.48584976098482 98.454403292380874
140.50017282986593 98.371233304583114
142.5437949024563 98.290515881849160
144.61714214257822 98.208929432189592
146.7206469127495 98.124212286318013
148.8547478643456 98.041804346400596
151.01989002907314 97.960842647264172
153.216524911774 97.877277976944583
155.4451105845792 97.796147910876584
157.70611178243232 97.722551283720549
160.00000000000236 97.648184186746903
162.3272535900062 97.568306379184804
164.6883578629612 97.490805601897492
167.08380518838874 97.414970344040100
169.51409509748981 97.340880359331578
171.97973438731407 97.272469812203326
174.4812372264439 97.214587652232296
177.01912526221608 97.167855671989614
179.5939277295025 97.133650976559721
182.20618156107355 97.115248537378847
184.85643149956664 97.108329560696461
187.54523021108326 97.103584882273935
190.27313840043846 97.097905639106045
193.04072492808663 97.092093705934076
195.84856692874806 97.087203124041736
198.69724993176072 97.084438852739595
201.58736798318304 97.082851659211613
204.5195237696723 97.081360869740337
207.49432874416505 97.081989911058841
210.5124032533856 97.080518693172650
213.57437666720915 97.068974792934583
216.68088750990657 97.045929175680797
219.83258359329807 97.015606287906110
223.03012215184378 96.977896668967432
226.2741699796992 96.931502547346270
229.5654035697641 96.875827415265604
232.90450925475412 96.818662558345977
236.2921833503241 96.767786557104301
239.72913230027333 96.718082420399668
243.21607282386276 96.667426315720078
246.75373206527502 96.616725256210358
250.34284774524843 96.564951507474632
253.9841683149166 96.512412316984381
257.67845311188546 96.461272437709567
261.42647251858085 96.408027035243961
265.22900812289896 96.347800491153208
269.08685288119375 96.279225629687431
273.0008112836349 96.205971156882526
276.97169952197106 96.132588077666242
281.00034565973334 96.057582473943228
285.0875898049141 95.982677535529831
289.23428428515797 95.912412185463921
293.44129382550057 95.842865918165728
297.7094957286928 95.775538202042625
302.0397800581479 95.714702194132116
306.4330498235497 95.663428601998049
310.89022116916016 95.625313086971005
315.41222356486645 95.603432398268922
320.00000000000654 95.595473766816141
324.6545071800142 95.598272743344666
329.3767157259242 95.607876164246207
334.16761037677935 95.616023445466453
339.02819019498156 95.610982286638773
343.95946877463007 95.590335175445290
348.9624744528898 95.565957718535259
354.03825052443415 95.543480065629581
359.187855459007 95.512588052493385
364.4123631221491 95.468439181178709
369.71286299913527 95.412005548598785
375.0904604221685 95.342069163980369
380.54627680087896 95.260998829197291
386.08144985617537 95.185785747063022
391.6971338574982 95.116715502218469
397.3944998635236 95.049623057993173
403.1747359663683 94.984012890333744
409.0390475393468 94.922643117524103
414.9886574883323 94.866534681489696
421.0248065067734 94.812268197947901
427.1487533344206 94.763720483334893
433.3617750198154 94.720530527444879
439.6651671865984 94.677487620923444
446.06024430368984 94.636033926362956
452.54833995940066 94.598818098132369
459.13080713953053 94.562911826088850
465.8090185095106 94.528319975034293
472.58436670065066 94.500483928391318
479.45826460054917 94.479947749584667
486.432145647728 94.467110018893123
493.50746413055253 94.462794157462667
500.6856954904994 94.465894038142224
507.9683366298358 94.478655632128920
515.3569062237735 94.499398864696445
522.8529450371643 94.526235112666967
530.4580162458005 94.559296042075374
538.1737057623901 94.601613185685494
546.0016225672724 94.650944544501172
553.9433990439449 94.702821797057879
562.0006913194694 94.753015253753119
570.1751796098309 94.807600644561745
578.4685685703187 94.863940365377147
586.8825876510039 94.913327194768399
595.4189914573883 94.953257369580101
604.0795601162986 94.987952281995547
612.8660996471021 95.015108133656810
621.780442338323 95.035649358051899
630.8244471297356 95.055467576169676
640.0000000000159 95.080329337756680
649.3090143600314 95.112289940316302
658.7534314518515 95.145590968845482
668.3352207535618 95.179261044347783
678.0563803899662 95.219055144415435
687.9189375492632 95.260675028142884
697.9249489057827 95.300644984265659
708.0765010488715 95.340858172363838
718.3757109180171 95.389046803298967
728.8247262443015 95.452986598390794
739.425725998274 95.534087456206663
750.1809208443404 95.626717024546792
761.0925536017613 95.725868513972557
772.1628997123541 95.825883009430214
783.3942677149998 95.927272085954911
794.7889997270506 96.026680966148291
806.34947193274 96.118573333884285
818.0780950786972 96.209533390147726
829.9773149766683 96.295727685396599
842.0496130135506 96.375946936947059
854.2975066688449 96.453137089784832
866.7235500396347 96.528319606245333
879.3303343732008 96.603573143665756
892.1204886073838 96.679778190425992
905.0966799188055 96.755368855887554
918.2616142790653 96.832908310071076
931.6180370190256 96.913260131565295
945.1687334013056 96.995254553560329
958.9165292011028 97.076033330792555
972.8642912954606 97.158965666895455
987.0149282611097 97.247559242407107
1001.3713909810035 97.335306894251119
1015.9366732596762 97.422052498955750
1030.7138124475518 97.509656380982591
1045.7058900743334 97.595629341824818
1060.916032491606 97.681376052167252
1076.3474115247852 97.767892145524357
1092.0032451345498 97.854233886428744
1107.8867980878947 97.940854928308312
1124.0013826389438 98.024060391359740
1140.350359219667 98.092742461002146
1156.9371371406426 98.122268493917389
1173.765175302013 98.050411679149221
1190.837982914782 97.909551953343566
1208.1591202326028 97.835070605646891
1225.73219929421 97.910174662584964
1243.5608846766518 98.074372040400732
1261.648894259477 98.247974977277039
1280.0000000000375 98.403057025281356
1298.6180287200684 98.535171029901051
1317.5068629037087 98.648432954783516
1336.6704415071292 98.749545272554570
1356.112760779938 98.844199264809561
1375.8378750985323 98.933033294503673
1395.8498978115715 99.017165102885883
1416.153002097749 99.096812486794704
1436.7514218360407 99.172824414466859
1457.6494524886093 99.245560714326189
1478.8514519965543 99.314846797228654
1500.3618416886875 99.379905875962891
1522.1851072035295 99.443987247903905
1544.3257994247153 99.507309267851582
1566.788535430007 99.568145089652134
1589.5779994541087 99.627897397516037
1612.6989438654878 99.687750139165189
1636.156190157402 99.747008909699275
1659.9546299533442 99.806471595356584
1684.099226027109 99.866924120226884
1708.5950133376978 99.927878295192613
1733.4471000792773 99.989829362835067
1758.6606687464096 100.052615355807518
1784.2409772147755 100.115613598850899
1810.193359837619 100.179138591122182
1836.5232285581387 100.243307124633986
1863.2360740380593 100.309108711903463
1890.3374668026197 100.377248723741658
1917.833058402214 100.447514914734953
1945.7285825909298 100.520331996310603
1974.0298565222283 100.598216448426655
2002.7427819620161 100.682034002669781
2031.8733465193618 100.769224508339221
2061.4276248951132 100.860293576162235
2091.411780148677 100.956009634200157
2121.832064983222 101.053140471044657
2152.694823049581 101.150378515359677
2184.0064902691106 101.248586601824172
2215.7735961758003 101.347242367010807
2248.002765277899 101.445340388857318
2280.7007184393456 101.544781681170264
2313.874274281297 101.648581248240149
2347.530350604038 101.755977814367171
2381.6759658295764 101.868952593407215
2416.318240465218 101.990981141785483
2451.4643985884327 102.119803964490842
2487.1217693533167 102.254167757987986
2523.2977885189675 102.392664722183554
2560.0000000000887 102.533457706473911
2597.236057440151 102.673527067871845
2635.0137258074315 102.811348430477992
2673.340883014273 102.945408435443241
2712.225521559891 103.076700856301571
2751.6757501970797 103.206843361920590
2791.699795623158 103.337539119064104
2832.3060041955137 103.470605506362091
2873.502843672097 103.606354009508323
2915.2989049772345 103.741922326656777
2957.7029039931244 103.874732934111222
3000.723683377391 104.003683758913752
3044.370214407075 104.127492679152851
3088.6515988494466 104.245766950970562
3133.57707086003 104.356872656525638
3179.1559989082334 104.461704421880654
3225.3978877309914 104.561099402403130
3272.3123803148205 104.654499262840261
3319.9092599067053 104.743078978664570
3368.198452054235 104.828452825278603
3417.190026675413 104.910766846619538
3466.8942001585724 104.990559829192364
3517.3213374928373 105.069173978601498
3568.4819544295697 105.146439408817457
3620.386719675257 105.220512060160118
3673.0464571162966 105.289127889046171
3726.472148076138 105.350022105276224
3780.6749336052594 105.403045599783738
3835.6661168044484 105.448505387260212
3891.45716518188 105.483399140417646
3948.059713044477 105.502726994759342
4005.4855639240527 105.507008480206224
4063.746693038744 105.494544615301038
4122.855249790247 105.462223905913277
4182.823560297375 105.413897488617863
4243.664129966465 105.354680740388289
4305.389646099183 105.287468443955021
4368.012980538242 105.217542883797194
4431.5471923516225 105.152593037583159
4496.00553055582 105.095664437095053
4561.401436878714 105.049048068921607
4627.748548562617 105.013865485167770
4695.060701208099 104.990614969999655
4763.351931659176 104.978489962074661
4832.63648093046 104.973634037510237
4902.928797176889 104.973646739410384
4974.243538706657 104.977384582744349
5046.595577037959 104.983313068455104
5120.000000000202 104.989911280583456
5194.472114880326 104.995792558638769
5270.027451614888 105.000577734363134
5346.6817660285715 105.006098024322171
5424.451043119808 105.013666879781113
5503.351500394186 105.023464384391133
5583.399591246343 105.035177335870031
5664.612008391055 105.050632278309891
5747.005687344222 105.070559798310484
5830.597809954497 105.089160989433680
5915.405807986278 105.103281877734389
6001.447366754812 105.110112608681391
6088.740428814181 105.103539428554200
6177.303197698925 105.080347959950473
6267.154141720092 105.037822151131280
6358.3119978165005 104.982269277597879
6450.795775462017 104.931486792174610
6544.624760629676 104.905981958749067
6639.818519813445 104.921839206022128
6736.396904108505 104.981946026443666
6834.380053350861 105.079659368824878
6933.788400317181 105.209820650298894
7034.642674985712 105.358946285874907
7136.963908859177 105.514270081808931
7240.773439350552 105.666291244635516
7346.092914232631 105.810582574634054
7452.944296152315 105.940934751109907
7561.349867210557 106.047199576369451
7671.332233608935 106.116470278145329
7782.914330363799 106.139559848904469
7896.119426088994 106.102620368844640
8010.971127848146 105.991630419090541
8127.49338607753 105.795467619271392
8245.710499580537 105.509952598886784
8365.647120594791 105.128901778322813
8487.328259932974 104.666088395052626
8610.77929219841 104.135269938543914
8736.025961076528 103.551802592774919
8863.094384703289 102.935262920840955
8992.011061111683 102.302869968801929
9122.802873757471 101.668121760548715
9255.497097125279 101.046898997001918
9390.121402416245 100.453322138063527
9526.7038633184 99.897402594073782
9665.272961860968 99.382825358691278
9805.857594353829 98.913900639556672
9948.487077413367 98.493793355333551
10093.19115407597 98.130897813909627
10240.000000000457 97.824865854521420
10388.944229760706 97.577831625096906
10540.05490322983 97.399988205021543
10693.363532057198 97.297478569166060
10848.902086239672 97.261960669949417
11006.703000788428 97.290984022092886
11166.799182492743 97.391335621861458
11329.224016782166 97.553017901497867
11494.0113746885 97.764716422927762
11661.195619909053 98.007641206550474
11830.811615972614 98.250959428073543
12002.894733509682 98.447906155502494
12177.48085762842 98.525051594299441
12354.606395397908 98.428945159081223
12534.308283440243 98.129047074033608
12716.62399563306 97.628357357799189
12901.591550924093 96.961881444895511
13089.249521259411 96.186686700065479
13279.637039626952 95.372040052985426
13472.793808217073 94.584710089800168
13668.760106701786 93.867206778319556
13867.576800634426 93.249132083412064
14069.285349971487 92.752636945143166
14273.927817718419 92.393786186364963
14481.54687870117 92.191970503803077
14692.18582846533 92.199112319592075
14905.888592304698 92.427558129015651
15122.699734421185 92.886114158950647
15342.664467217943 93.588557329788131
15565.828660727671 94.540687811926205
15792.238852178061 95.642506401504761
16021.942255696367 96.503555500489483
16254.986772155136 96.526228448981357
16491.42099916115 95.533371320487674
16731.294241189662 93.713212558093204
16974.65651986603 91.527587703297641
17221.558584396902 89.424392977759936
17472.051922153143 87.600296307538784
17726.188769406665 85.824607351538489
17984.022122223458 83.802321254306946
18245.605747515034 81.915504939176060
18510.99419425065 80.732380405697342
18780.242804832582 80.159118899592798
19053.40772663689 79.855578490644746
19330.545923722028 79.344979613459799
19611.71518870775 78.604746766813989
19896.974154826825 77.900388166657606
20186.382308152035 77.219108876012811
