20 96.022500000000008
20.290906698750476 96.041408998448787
20.586044732869844 96.059639428062212
20.885475648548283 96.076201160670166
21.189261887185914 96.092427249225750
21.49746679841394 96.107020515485857
21.810154653305165 96.119855446088451
22.12739065777668 96.130640196377755
22.449240966187475 96.140977224061544
22.77577269513385 96.150520585272190
23.107053937445478 96.159176357357325
23.44315377638505 96.166863085984090
23.784142300054445 96.173452668126032
24.130090616010463 96.179668184160789
24.481070866093134 96.184989725710153
24.837156241469714 96.189600149817650
25.1984209978975 96.193732236226339
25.56494047120865 96.197030880522249
25.936791093020236 96.199354946306642
26.3140504066728 96.201190082978059
26.69679708340074 96.201745996354248
27.08511093873791 96.201382965594320
27.47907294916184 96.199604636765770
27.878765268980047 96.197257717068879
28.284271247461966 96.194225830020301
28.695675446220072 96.190543245537810
29.11306365684382 96.186143236117886
29.536522918790062 96.181061724974512
29.966141537533712 96.175906301549588
30.402009102982383 96.169969863555721
30.844216508158908 96.163156492133652
31.29285596815558 96.155866090517463
31.74802103936409 96.148035621291442
32.20980663898519 96.139723480498262
32.67830906482211 96.130755509638732
33.153626015361866 96.120620227662044
33.63585661014871 96.110011154576739
34.125101410453844 96.099247768970002
34.62146244024586 96.087963438993853
35.12504320746613 96.075373919813345
35.635948725613716 96.062465333134043
36.15428553564419 96.048988576073256
36.68016172818701 96.034955471610772
37.21368696608603 96.020016764949588
37.754972507267915 96.005079327546554
38.30413122794313 95.990084353617590
38.86127764614443 95.974363290627451
39.4265279456077 95.958112324204194
40.000000000000206 95.941000000000003
40.58181339750116 95.923060693779348
41.1720894657399 95.903430379823448
41.77095129709678 95.883944053491206
42.37852377437204 95.863578124605908
42.9949335968281 95.842589712407417
43.62030930661056 95.821222785910209
44.25478131555359 95.799082716694599
44.89848193237519 95.776553144210681
45.55154539026795 95.753732732001197
46.21410787489121 95.731029769269526
46.88630755277036 95.708602502724844
47.56828460010916 95.685658817055099
48.260181232021196 95.661893691879257
48.962141732186545 95.637137844367857
49.674312482939705 95.611441915431925
50.39684199579528 95.585362486227893
51.129880942417586 95.559454148509445
51.873582186040764 95.533958330242456
52.628100813345895 95.508551613239092
53.393594166801776 95.482716180265669
54.17022187747612 95.455513328730035
54.95814589832399 95.426483176657712
55.75753053796041 95.396592616192251
56.56854249492426 95.364758300203022
57.39135089244048 95.330671911625060
58.226127313687975 95.294889589168264
59.073045837580466 95.259114689415583
59.932283075067765 95.225174818534839
60.804018205965114 95.191844973705656
61.68843301631817 95.157597284934241
62.58571193631152 95.122071543261967
63.49604207872855 95.084666232693394
64.41961327797075 95.045246822408274
65.35661812964459 95.003773875101160
66.3072520307241 94.959905528540602
67.27171322029778 94.913278482374963
68.25020282090806 94.863489453312781
69.2429248804921 94.811503518893673
70.25008641493265 94.757495333593624
71.27189745122783 94.702181588908076
72.30857107128878 94.645991447686043
73.36032345637442 94.590443341996718
74.42737393217246 94.536986051255724
75.50994501453623 94.487614805079829
76.60826245588666 94.442297518702389
77.72255529228926 94.400467376720883
78.85305589121582 94.362275776724914
80.00000000000082 94.324999999999974
81.16362679500274 94.287666880327521
82.34417893148023 94.250414345435587
83.541902594194 94.216647379359131
84.75704754874454 94.191954139408367
85.98986719365665 94.184200434438907
87.24061861322157 94.199109288176885
88.50956263110764 94.231344254719872
89.79696386475084 94.277690699131028
91.10309078053635 94.324067896147071
92.42821574978288 94.361512133042908
93.77261510554118 94.390910108249869
95.13656920021877 94.419231390832849
96.52036246404286 94.445798339678390
97.92428346437356 94.466732381566374
99.34862496587989 94.478328744458139
100.79368399159105 94.475737896050447
102.25976188483567 94.461876349458748
103.74716437208203 94.441025706392026
105.25620162669229 94.416016487803489
106.78718833360406 94.388830609995125
108.34044375495276 94.360872012410852
109.9162917966485 94.330674141159705
111.51506107592134 94.295430686880877
113.13708498984903 94.252098502065067
114.78270178488147 94.203200045049613
116.45225462737648 94.147981426969139
118.14609167516147 94.088521557967255
119.86456615013608 94.024078715584295
121.60803641193078 93.959418639963062
123.3768660326369 93.898120945194449
125.17142387262359 93.839800142530407
126.99208415745765 93.785229559433731
128.83922655594208 93.730583424305763
130.71323625928977 93.673827701861512
132.61450406144883 93.614835870033630
134.5434264405962 93.552702784070476
136.50040564181674 93.487861106767781
138.48584976098482 93.419859645686273
140.50017282986593 93.351911107305980
142.5437949024563 93.286174597304324
144.61714214257822 93.223794306793934
146.7206469127495 93.160880592617517
148.8547478643456 93.092793320476602
151.01989002907314 93.015428266871965
153.216524911774 92.925326464023101
155.4451105845792 92.821299360186458
157.70611178243232 92.705411186105138
160.00000000000236 92.581999999999866
162.3272535900062 92.448415643933643
164.6883578629612 92.308073871367512
167.08380518838874 92.167389015960424
169.51409509748981 92.031821950618564
171.97973438731407 91.914724111938483
174.4812372264439 91.833940367878427
177.01912526221608 91.805673773269376
179.5939277295025 91.840609484676946
182.20618156107355 91.941100861877302
184.85643149956664 92.093472031074256
187.54523021108326 92.282073186675575
190.27313840043846 92.499872296198319
193.04072492808663 92.747707332923724
195.84856692874806 93.034860642476787
198.69724993176072 93.366240641579267
201.58736798318304 93.732564153822210
204.5195237696723 94.102401423669690
207.49432874416505 94.438664915439688
210.5124032533856 94.706926109586121
213.57437666720915 94.896325239193658
216.68088750990657 94.981171078360290
219.83258359329807 95.019372188474875
223.03012215184378 94.991971370095442
226.2741699796992 94.941306883705522
229.5654035697641 94.869423285157055
232.90450925475412 94.787855438382735
236.2921833503241 94.701085847485530
239.72913230027333 94.613873267880564
243.21607282386276 94.524517152094489
246.75373206527502 94.434749048843656
250.34284774524843 94.345771654114031
253.9841683149166 94.258379960441999
257.67845311188546 94.172935771787650
261.42647251858085 94.090117604591228
265.22900812289896 94.009862585511286
269.08685288119375 93.931835319777122
273.0008112836349 93.858110498305024
276.97169952197106 93.788466957887479
281.00034565973334 93.722994642274131
285.0875898049141 93.659694911906783
289.23428428515797 93.597909164151147
293.44129382550057 93.536945368912797
297.7094957286928 93.477921807662653
302.0397800581479 93.421502749273145
306.4330498235497 93.369425435333099
310.89022116916016 93.327501731831418
315.41222356486645 93.298474772810010
320.00000000000654 93.281499999999994
324.6545071800142 93.276845492819973
329.3767157259242 93.276937671572597
334.16761037677935 93.272832389623218
339.02819019498156 93.257095696278583
343.95946877463007 93.226575612332510
348.9624744528898 93.181856492697548
354.03825052443415 93.124348643811686
359.187855459007 93.058976664578807
364.4123631221491 92.990698043099854
369.71286299913527 92.925503071410546
375.0904604221685 92.865634164530661
380.54627680087896 92.813414207763003
386.08144985617537 92.765215821208130
391.6971338574982 92.721977925202665
397.3944998635236 92.680956850914384
403.1747359663683 92.642599654888073
409.0390475393468 92.603992937032643
414.9886574883323 92.562583178418905
421.0248065067734 92.517165778376324
427.1487533344206 92.468593722213157
433.3617750198154 92.414456766481720
439.6651671865984 92.354990542642554
446.06024430368984 92.295987923418636
452.54833995940066 92.243897118296374
459.13080713953053 92.200625041857165
465.8090185095106 92.166176834916328
472.58436670065066 92.147986176127361
479.45826460054917 92.151142739315219
486.432145647728 92.176774299109098
493.50746413055253 92.236672720575569
500.6856954904994 92.324942584612245
507.9683366298358 92.430540881132629
515.3569062237735 92.555500791933014
522.8529450371643 92.691213301891082
530.4580162458005 92.821370243686999
538.1737057623901 92.936621691812050
546.0016225672724 93.029658503327269
553.9433990439449 93.101589643068593
562.0006913194694 93.156103663993179
570.1751796098309 93.199235754361297
578.4685685703187 93.234067987995331
586.8825876510039 93.265277315543614
595.4189914573883 93.298446915402423
604.0795601162986 93.336122938045150
612.8660996471021 93.379525655327967
621.780442338323 93.427792432860784
630.8244471297356 93.483441351056257
640.0000000000159 93.544000000000096
649.3090143600314 93.603577691904206
658.7534314518515 93.644764412097771
668.3352207535618 93.644998867547855
678.0563803899662 93.620636496869110
687.9189375492632 93.654198740868850
697.9249489057827 93.773071800009220
708.0765010488715 93.909321289002435
718.3757109180171 94.020851036909676
728.8247262443015 94.120893663008644
739.425725998274 94.214475102484897
750.1809208443404 94.300841829595527
761.0925536017613 94.381769772546392
772.1628997123541 94.460812940260979
783.3942677149998 94.540405586906161
794.7889997270506 94.621371623055239
806.34947193274 94.706121039495542
818.0780950786972 94.797592306404852
829.9773149766683 94.896190047684499
842.0496130135506 95.003133855877593
854.2975066688449 95.121154129466319
866.7235500396347 95.247188900408545
879.3303343732008 95.377968510918606
892.1204886073838 95.512977179238277
905.0966799188055 95.649165692494321
918.2616142790653 95.783116142790647
931.6180370190256 95.915407670763528
945.1687334013056 96.042817297836805
958.9165292011028 96.155974623358588
972.8642912954606 96.248528606632902
987.0149282611097 96.328082105436096
1001.3713909810035 96.411282588997835
1015.9366732596762 96.516805169569139
1030.7138124475518 96.648128258441560
1045.7058900743334 96.787172865057940
1060.916032491606 96.926683223591681
1076.3474115247852 97.063863170525678
1092.0032451345498 97.194838156845037
1107.8867980878947 97.319785756951205
1124.0013826389438 97.439620827990353
1140.350359219667 97.552689745122919
1156.9371371406426 97.651469578689017
1173.765175302013 97.743936199966441
1190.837982914782 97.823854077619799
1208.1591202326028 97.899211143687864
1225.73219929421 97.957058826655711
1243.5608846766518 98.003764040724235
1261.648894259477 98.034085044913894
1280.0000000000375 98.049999999999983
1298.6180287200684 98.042020844834241
1317.5068629037087 98.031490391934810
1336.6704415071292 97.996326161136452
1356.112760779938 97.944481450796673
1375.8378750985323 97.876879596522741
1395.8498978115715 97.794637934300823
1416.153002097749 97.697042639616143
1436.7514218360407 97.590860823264080
1457.6494524886093 97.471409263167885
1478.8514519965543 97.345045346100534
1500.3618416886875 97.216828949867875
1522.1851072035295 97.085889356778821
1544.3257994247153 96.952658687463213
1566.788535430007 96.822133806631768
1589.5779994541087 96.694821003002403
1612.6989438654878 96.571719470776770
1636.156190157402 96.453111544425582
1659.9546299533442 96.339407794813695
1684.099226027109 96.232829204247764
1708.5950133376978 96.135370350917270
1733.4471000792773 96.047462453741559
1758.6606687464096 95.968903700760194
1784.2409772147755 95.901060932861725
1810.193359837619 95.845948085095529
1836.5232285581387 95.803789338303261
1863.2360740380593 95.774616976327266
1890.3374668026197 95.757751514606852
1917.833058402214 95.753143338831961
1945.7285825909298 95.762120576340010
1974.0298565222283 95.783223885217780
2002.7427819620161 95.819479877204628
2031.8733465193618 95.867902805248661
2061.4276248951132 95.930116649734288
2091.411780148677 96.006594162431156
2121.832064983222 96.095316806321733
2152.694823049581 96.197749251249775
2184.0064902691106 96.309525149792805
2215.7735961758003 96.437749103938359
2248.002765277899 96.575379064329240
2280.7007184393456 96.725006757894221
2313.874274281297 96.886371371406483
2347.530350604038 97.056696960590656
2381.6759658295764 97.236195467615360
2416.318240465218 97.424294263907541
2451.4643985884327 97.619932327112878
2487.1217693533167 97.819381908378574
2523.2977885189675 98.021676393349736
2560.0000000000887 98.224750000000483
2597.236057440151 98.426497456586816
2635.0137258074315 98.625821145435197
2673.340883014273 98.818162087807622
2712.225521559891 99.001866973816163
2751.6757501970797 99.171725991460121
2791.699795623158 99.327459223368010
2832.3060041955137 99.467548174096933
2873.502843672097 99.593748076028760
2915.2989049772345 99.704799437646727
2957.7029039931244 99.801020662786584
3000.723683377391 99.884748353825998
3044.370214407075 99.959638016864886
3088.6515988494466 100.032041993115968
3133.57707086003 100.107965160619301
3179.1559989082334 100.193645757860139
3225.3978877309914 100.293423099535900
3272.3123803148205 100.410966550653171
3319.9092599067053 100.546524150116369
3368.198452054235 100.695871077532473
3417.190026675413 100.847366778158971
3466.8942001585724 100.980836182350444
3517.3213374928373 101.069762417118483
3568.4819544295697 101.083790338734872
3620.386719675257 101.000324919302784
3673.0464571162966 100.811525368122716
3726.472148076138 100.527902390062408
3780.6749336052594 100.179882411501723
3835.6661168044484 99.810507000914328
3891.45716518188 99.456646120097929
3948.059713044477 99.127290044722443
4005.4855639240527 98.869894795690925
4063.746693038744 98.676788497756746
4122.855249790247 98.550335431482466
4182.823560297375 98.486697475682433
4243.664129966465 98.480178843217885
4305.389646099183 98.516888011116947
4368.012980538242 98.587681810627942
4431.5471923516225 98.679243428909857
4496.00553055582 98.775508295833731
4561.401436878714 98.862785897071134
4627.748548562617 98.934375982659986
4695.060701208099 98.979593974734428
4763.351931659176 99.000286112821271
4832.63648093046 98.998719974195296
4902.928797176889 98.979445332376329
4974.243538706657 98.956441575565449
5046.595577037959 98.943257997583231
5120.000000000202 98.948357142857191
5194.472114880326 98.981047953001337
5270.027451614888 99.051655539921569
5346.6817660285715 99.168151895738390
5424.451043119808 99.335452533290962
5503.351500394186 99.555649090454196
5583.399591246343 99.821747352573425
5664.612008391055 100.128225412431419
5747.005687344222 100.468299597763774
5830.597809954497 100.846358345428627
5915.405807986278 101.269117089124194
6001.447366754812 101.745374167415434
6088.740428814181 102.284874125076755
6177.303197698925 102.882792520936704
6267.154141720092 103.530672368414173
6358.3119978165005 104.211880903547325
6450.795775462017 104.906460358210495
6544.624760629676 105.596298276533659
6639.818519813445 106.259195878962203
6736.396904108505 106.872149827116914
6834.380053350861 107.416712665687285
6933.788400317181 107.878822543270303
7034.642674985712 108.247235171457419
7136.963908859177 108.513709983186800
7240.773439350552 108.674123165792764
7346.092914232631 108.729730464571162
7452.944296152315 108.685791512712825
7561.349867210557 108.545272719102584
7671.332233608935 108.320761710980833
7782.914330363799 108.018281613474301
7896.119426088994 107.640835731079051
8010.971127848146 107.188269907141148
8127.49338607753 106.667340049651472
8245.710499580537 106.088985555898290
8365.647120594791 105.461297413495018
8487.328259932974 104.797483374700846
8610.77929219841 104.111328606762186
8736.025961076528 103.418287184507506
8863.094384703289 102.729123536460705
8992.011061111683 102.051021818552556
9122.802873757471 101.392675569368322
9255.497097125279 100.763855058011274
9390.121402416245 100.176725252885348
9526.7038633184 99.644033688636711
9665.272961860968 99.167541916585165
9805.857594353829 98.748325147639207
9948.487077413367 98.388052907836482
10093.19115407597 98.087709161092619
10240.000000000457 97.834999999999269
10388.944229760706 97.621513579640208
10540.05490322983 97.440625562293860
10693.363532057198 97.274345867792903
10848.902086239672 97.098454885478787
11006.703000788428 96.886114776999023
11166.799182492743 96.625008558896496
11329.224016782166 96.297924342768312
11494.0113746885 95.915047368985853
11661.195619909053 95.462707350474275
11830.811615972614 94.998475026717728
12002.894733509682 94.548742417616040
12177.48085762842 94.148174879573489
12354.606395397908 93.883551046442932
12534.308283440243 93.753329775116811
12716.62399563306 93.816352476273551
12901.591550924093 94.097794510412868
13089.249521259411 94.486246509006975
13279.637039626952 95.041322379486871
13472.793808217073 95.766184381498135
13668.760106701786 96.560836316403709
13867.576800634426 97.227919815454413
14069.285349971487 97.437964777538483
14273.927817718419 97.161697446080126
14481.54687870117 96.189718105901960
14692.18582846533 94.723061928071417
14905.888592304698 93.168460172775781
15122.699734421185 91.731022418968450
15342.664467217943 90.555986804159545
15565.828660727671 89.726567451040538
15792.238852178061 89.285618191581051
16021.942255696367 89.235410549245785
16254.986772155136 89.537548041526804
16491.42099916115 90.108773133973330
16731.294241189662 90.598102132650240
16974.65651986603 90.737994060019190
17221.558584396902 90.417162123404651
17472.051922153143 89.578221807158826
17726.188769406665 88.176057443295235
17984.022122223458 86.143888854234433
18245.605747515034 83.812890079275235
18510.99419425065 82.029272787727507
18780.242804832582 80.775044033398416
19053.40772663689 79.326495253234015
19330.545923722028 77.530811547416249
19611.71518870775 76.059231143297040
19896.974154826825 75.355775077901839
20186.382308152035 75.158995892206548
