20 104.891500000000008
20.290906698750476 104.840106311908471
20.586044732869844 104.778907337627658
20.885475648548283 104.779806341980645
21.189261887185914 104.822907036909129
21.49746679841394 104.847974670420825
21.810154653305165 104.850974610993688
22.12739065777668 104.844767420400046
22.449240966187475 104.829627619880341
22.77577269513385 104.812347981830243
23.107053937445478 104.811280105305229
23.44315377638505 104.848790592859388
23.784142300054445 104.899517787506795
24.130090616010463 104.926066363167848
24.481070866093134 104.937948628550757
24.837156241469714 104.969915869500824
25.1984209978975 104.996200656184300
25.56494047120865 105.004149408835602
25.936791093020236 104.987007224208497
26.3140504066728 104.937714855359985
26.69679708340074 104.957121427617409
27.08511093873791 105.058086406162147
27.47907294916184 105.124256105492890
27.878765268980047 105.154619742483703
28.284271247461966 105.175576477383245
28.695675446220072 105.198805930342957
29.11306365684382 105.233067638821268
29.536522918790062 105.284905391980928
29.966141537533712 105.348488947554983
30.402009102982383 105.398543530419516
30.844216508158908 105.407704047538090
31.29285596815558 105.452999753312668
31.74802103936409 105.521798146015129
32.20980663898519 105.555892265559407
32.67830906482211 105.553948511073514
33.153626015361866 105.546706113720532
33.63585661014871 105.604112355590360
34.125101410453844 105.658628752186800
34.62146244024586 105.672257075119518
35.12504320746613 105.673500691319461
35.635948725613716 105.694590308543127
36.15428553564419 105.735925713213874
36.68016172818701 105.731153854328895
37.21368696608603 105.728829600439951
37.754972507267915 105.759483804092937
38.30413122794313 105.792915646382411
38.86127764614443 105.810955064058817
39.4265279456077 105.835331513693717
40.000000000000206 105.859999999999985
40.58181339750116 105.852727308288934
41.1720894657399 105.802918987540934
41.77095129709678 105.806209522002717
42.37852377437204 105.818483710349540
42.9949335968281 105.783879856504086
43.62030930661056 105.771664094124446
44.25478131555359 105.840743711464285
44.89848193237519 105.841968545539004
45.55154539026795 105.748411845173493
46.21410787489121 105.619795413602020
46.88630755277036 105.548260213461660
47.56828460010916 105.539878422740117
48.260181232021196 105.501852604732790
48.962141732186545 105.402419698400109
49.674312482939705 105.320340267437800
50.39684199579528 105.242607193109649
51.129880942417586 105.176500222863723
51.873582186040764 105.124147155886575
52.628100813345895 105.025187815324287
53.393594166801776 104.899262844578033
54.17022187747612 104.754079972380254
54.95814589832399 104.574990360905247
55.75753053796041 104.459262412544717
56.56854249492426 104.388869414148445
57.39135089244048 104.265576321077361
58.226127313687975 104.096877321906874
59.073045837580466 103.986150132789703
59.932283075067765 103.876167766391319
60.804018205965114 103.714799510818210
61.68843301631817 103.554736692019276
62.58571193631152 103.383929058863373
63.49604207872855 103.242565982741809
64.41961327797075 103.078604692124401
65.35661812964459 102.876075265580170
66.3072520307241 102.683772878377482
67.27171322029778 102.501978072889699
68.25020282090806 102.311590216214270
69.2429248804921 102.144617868882250
70.25008641493265 101.972606896071625
71.27189745122783 101.763839484266725
72.30857107128878 101.590322897873079
73.36032345637442 101.474747007449807
74.42737393217246 101.355437197580187
75.50994501453623 101.194609309836991
76.60826245588666 101.010776851492793
77.72255529228926 100.838315155080124
78.85305589121582 100.676708378229890
80.00000000000082 100.551499999999891
81.16362679500274 100.390046378559305
82.34417893148023 100.232736140496542
83.541902594194 100.154695489560510
84.75704754874454 100.082678413959371
85.98986719365665 99.991285100704374
87.24061861322157 99.896153082798790
88.50956263110764 99.797397554240220
89.79696386475084 99.716291276520707
91.10309078053635 99.653860790777841
92.42821574978288 99.612653522536846
93.77261510554118 99.564490175437726
95.13656920021877 99.513638890504510
96.52036246404286 99.452104980964833
97.92428346437356 99.372984298175510
99.34862496587989 99.270910587207524
100.79368399159105 99.172116856554993
102.25976188483567 99.079914286909855
103.74716437208203 99.012284568746651
105.25620162669229 98.987183871079708
106.78718833360406 98.957022784991068
108.34044375495276 98.867385091277043
109.9162917966485 98.770830719076798
111.51506107592134 98.754494004275671
113.13708498984903 98.707909270925256
114.78270178488147 98.629231149873050
116.45225462737648 98.586984342966034
118.14609167516147 98.513088317533487
119.86456615013608 98.402378819080710
121.60803641193078 98.361480237676361
123.3768660326369 98.326955711936876
125.17142387262359 98.248100285060829
126.99208415745765 98.138631062762485
128.83922655594208 98.051206076113942
130.71323625928977 97.988025177543946
132.61450406144883 97.934447512294796
134.5434264405962 97.873583659325405
136.50040564181674 97.781599140334180
138.48584976098482 97.681748814591387
140.50017282986593 97.670417329181163
142.5437949024563 97.678251213792748
144.61714214257822 97.682829998749497
146.7206469127495 97.704147762952999
148.8547478643456 97.770128460729637
151.01989002907314 97.773736772738232
153.216524911774 97.689580607452683
155.4451105845792 97.650237543445314
157.70611178243232 97.697211443504585
160.00000000000236 97.693999999999932
162.3272535900062 97.631629603787843
164.6883578629612 97.628313014717776
167.08380518838874 97.635168176602832
169.51409509748981 97.611525220791123
171.97973438731407 97.611835150039411
174.4812372264439 97.622217443796359
177.01912526221608 97.603904922325398
179.5939277295025 97.601512713275412
182.20618156107355 97.592734037443492
184.85643149956664 97.566993112404504
187.54523021108326 97.552092928100251
190.27313840043846 97.528579680317719
193.04072492808663 97.515485970201354
195.84856692874806 97.503211464570015
198.69724993176072 97.475872450805213
201.58736798318304 97.445949126820821
204.5195237696723 97.420084047957786
207.49432874416505 97.375122877209762
210.5124032533856 97.320318085617004
213.57437666720915 97.263470119154590
216.68088750990657 97.190999143517189
219.83258359329807 97.134801975592154
223.03012215184378 97.081366688687638
226.2741699796992 97.025960082015160
229.5654035697641 96.978867051808194
232.90450925475412 96.993815649659069
236.2921833503241 97.064013881192665
239.72913230027333 97.052414178486572
243.21607282386276 96.968259570831691
246.75373206527502 96.898833008218986
250.34284774524843 96.908371555439146
253.9841683149166 96.859213727748624
257.67845311188546 96.792787843986062
261.42647251858085 96.756590056397584
265.22900812289896 96.715583967508394
269.08685288119375 96.700514475480190
273.0008112836349 96.717138081948605
276.97169952197106 96.767321936603693
281.00034565973334 96.749091738732375
285.0875898049141 96.654717498288306
289.23428428515797 96.712356551563687
293.44129382550057 96.778404830590560
297.7094957286928 96.801603352989915
302.0397800581479 96.769658271635052
306.4330498235497 96.712519927029177
310.89022116916016 96.695788169430955
315.41222356486645 96.724308451963253
320.00000000000654 96.749999999999943
324.6545071800142 96.713229393277885
329.3767157259242 96.639159533667438
334.16761037677935 96.614413363681280
339.02819019498156 96.615125371175480
343.95946877463007 96.570466109091754
348.9624744528898 96.510554059120039
354.03825052443415 96.478212572430266
359.187855459007 96.431621445409945
364.4123631221491 96.378935132466296
369.71286299913527 96.377712862999132
375.0904604221685 96.420325540614385
380.54627680087896 96.409803609026881
386.08144985617537 96.376797271064305
391.6971338574982 96.308350118120330
397.3944998635236 96.194122804039694
403.1747359663683 96.043716511442994
409.0390475393468 95.912653969980823
414.9886574883323 95.766560973861559
421.0248065067734 95.596064553695953
427.1487533344206 95.432332112753414
433.3617750198154 95.284200220314830
439.6651671865984 95.121990082165524
446.06024430368984 94.959777022154668
452.54833995940066 94.787665817120541
459.13080713953053 94.636498684250910
465.8090185095106 94.541996905950526
472.58436670065066 94.477448516343827
479.45826460054917 94.383486213862682
486.432145647728 94.236628504454529
493.50746413055253 94.141656698368081
500.6856954904994 94.182014230503341
507.9683366298358 94.203406988850134
515.3569062237735 94.155582241138873
522.8529450371643 94.141218762305954
530.4580162458005 94.164572520307246
538.1737057623901 94.174310188861412
546.0016225672724 94.191722746243641
553.9433990439449 94.223364387320743
562.0006913194694 94.205593467031008
570.1751796098309 94.129851097331638
578.4685685703187 94.122801716715230
586.8825876510039 94.166236819731523
595.4189914573883 94.195983235050420
604.0795601162986 94.204509945014536
612.8660996471021 94.187621072688927
621.780442338323 94.146582105618251
630.8244471297356 94.135178021750846
640.0000000000159 94.209500000000162
649.3090143600314 94.302124692882302
658.7534314518515 94.328257549194063
668.3352207535618 94.418936578950081
678.0563803899662 94.511424337626693
687.9189375492632 94.632050241262959
697.9249489057827 94.815913988334501
708.0765010488715 94.987435491939266
718.3757109180171 95.135759952852240
728.8247262443015 95.272780204863707
739.425725998274 95.389326554481443
750.1809208443404 95.542736292436331
761.0925536017613 95.617299116278701
772.1628997123541 95.677050663868940
783.3942677149998 95.747854165949803
794.7889997270506 95.868737121372050
806.34947193274 95.988531214131399
818.0780950786972 96.044954871494468
829.9773149766683 96.090735417731167
842.0496130135506 96.154636435787268
854.2975066688449 96.189929708340145
866.7235500396347 96.243068000243909
879.3303343732008 96.323879307175076
892.1204886073838 96.382462668860185
905.0966799188055 96.404637084989858
918.2616142790653 96.409594132413233
931.6180370190256 96.483234848814419
945.1687334013056 96.571804897428976
958.9165292011028 96.615478719903592
972.8642912954606 96.675642882902110
987.0149282611097 96.706295068144243
1001.3713909810035 96.764194006292129
1015.9366732596762 96.872056712817738
1030.7138124475518 96.976490925899100
1045.7058900743334 97.099141594548001
1060.916032491606 97.199797725516461
1076.3474115247852 97.325653770117825
1092.0032451345498 97.479462548382315
1107.8867980878947 97.594777649767593
1124.0013826389438 97.670398874614591
1140.350359219667 97.795689113635746
1156.9371371406426 97.971308508547068
1173.765175302013 98.150349138221472
1190.837982914782 98.275241685138724
1208.1591202326028 98.400347624618277
1225.73219929421 98.534356304062328
1243.5608846766518 98.681807902410569
1261.648894259477 98.891792062835890
1280.0000000000375 99.065000000000396
1298.6180287200684 99.259957357883010
1317.5068629037087 99.459827550811909
1336.6704415071292 99.679710077331976
1356.112760779938 99.843679534083520
1375.8378750985323 100.062470713672539
1395.8498978115715 100.293085082497200
1416.153002097749 100.493953519928624
1436.7514218360407 100.698752926921046
1457.6494524886093 100.889008671130739
1478.8514519965543 101.026698138691188
1500.3618416886875 101.208565783641632
1522.1851072035295 101.514091500849418
1544.3257994247153 101.717769295110074
1566.788535430007 101.865052359037037
1589.5779994541087 101.999801756768321
1612.6989438654878 102.093755317418328
1636.156190157402 102.195060874188485
1659.9546299533442 102.392695485081191
1684.099226027109 102.640801127120739
1708.5950133376978 102.811910646415186
1733.4471000792773 102.916641644447111
1758.6606687464096 103.064042572977598
1784.2409772147755 103.218303931035621
1810.193359837619 103.403725316867110
1836.5232285581387 103.617018198200924
1863.2360740380593 103.755150131709954
1890.3374668026197 103.876960336668887
1917.833058402214 104.031498350413287
1945.7285825909298 104.205090070322854
1974.0298565222283 104.387713470264032
2002.7427819620161 104.525097112784806
2031.8733465193618 104.537311342563555
2061.4276248951132 104.566826818028034
2091.411780148677 104.771217731479439
2121.832064983222 104.929652676355289
2152.694823049581 104.962901396608970
2184.0064902691106 105.004425798819710
2215.7735961758003 105.134643443842748
2248.002765277899 105.254606083611378
2280.7007184393456 105.317802660507766
2313.874274281297 105.373867213895409
2347.530350604038 105.479874437476553
2381.6759658295764 105.623664753921446
2416.318240465218 105.724845536651316
2451.4643985884327 105.780757782582697
2487.1217693533167 105.839038742497650
2523.2977885189675 105.935009035043137
2560.0000000000887 105.971249999999927
2597.236057440151 105.908186250655604
2635.0137258074315 105.848249313709630
2673.340883014273 105.863255096034635
2712.225521559891 105.923025722072424
2751.6757501970797 105.947127043794353
2791.699795623158 105.843201932107718
2832.3060041955137 105.780286455426889
2873.502843672097 105.755829374392135
2915.2989049772345 105.720320124344170
2957.7029039931244 105.636438756414776
3000.723683377391 105.543211351319002
3044.370214407075 105.405962193685554
3088.6515988494466 105.299657441840878
3133.57707086003 105.218640571665688
3179.1559989082334 105.147222521452051
3225.3978877309914 105.124833556423511
3272.3123803148205 105.162576075259636
3319.9092599067053 105.270293298484660
3368.198452054235 105.449707390271584
3417.190026675413 105.647384096031487
3466.8942001585724 105.859600694883255
3517.3213374928373 106.169233270073207
3568.4819544295697 106.530807651032490
3620.386719675257 106.876198209102171
3673.0464571162966 107.189876687287537
3726.472148076138 107.444977186362067
3780.6749336052594 107.738409401718968
3835.6661168044484 108.087889792220651
3891.45716518188 108.388525618455347
3948.059713044477 108.598308811471099
4005.4855639240527 108.772365704261603
4063.746693038744 108.774969659414353
4122.855249790247 108.774180742671518
4182.823560297375 109.085869103024805
4243.664129966465 109.470902993930636
4305.389646099183 109.584391281081423
4368.012980538242 109.422745797943591
4431.5471923516225 109.148830090467925
4496.00553055582 108.864175527290499
4561.401436878714 108.573240871907899
4627.748548562617 108.285730950893281
4695.060701208099 108.012548112414009
4763.351931659176 107.754869189631066
4832.63648093046 107.539123312631943
4902.928797176889 107.365203086069698
4974.243538706657 107.201888692991247
5046.595577037959 107.012027052571568
5120.000000000202 106.821571428570934
5194.472114880326 106.661867665800514
5270.027451614888 106.540147523585816
5346.6817660285715 106.422976218504999
5424.451043119808 106.326366464331045
5503.351500394186 106.310908135787486
5583.399591246343 106.326679918249269
5664.612008391055 106.277987333245193
5747.005687344222 106.273942957418996
5830.597809954497 106.333168733302898
5915.405807986278 106.417093559269233
6001.447366754812 106.484142268997445
6088.740428814181 106.527990155351716
6177.303197698925 106.646971555282789
6267.154141720092 106.843249239341958
6358.3119978165005 106.985475677510806
6450.795775462017 107.089891268517448
6544.624760629676 107.202789065015423
6639.818519813445 107.310137575233028
6736.396904108505 107.359268402465901
6834.380053350861 107.327277763187908
6933.788400317181 107.239088731597178
7034.642674985712 107.063716551412639
7136.963908859177 106.742905086386116
7240.773439350552 106.293991358314116
7346.092914232631 105.726528577469310
7452.944296152315 105.046891252798531
7561.349867210557 104.314441540693878
7671.332233608935 103.535669557990218
7782.914330363799 102.719320110356136
7896.119426088994 101.878641612085659
8010.971127848146 100.990665141386785
8127.49338607753 100.112611341153070
8245.710499580537 99.325558173946490
8365.647120594791 98.648486531433832
8487.328259932974 98.000054624521340
8610.77929219841 97.417876291277395
8736.025961076528 96.863593263870385
8863.094384703289 96.309026642785085
8992.011061111683 95.881023277109222
9122.802873757471 95.476694048799459
9255.497097125279 94.994157837761747
9390.121402416245 94.643577001556849
9526.7038633184 94.456401823280999
9665.272961860968 94.313978137616772
9805.857594353829 94.258027008166692
9948.487077413367 94.317943414431454
10093.19115407597 94.365546761570641
10240.000000000457 94.310199999999668
10388.944229760706 94.105994438650143
10540.05490322983 93.704393157850490
10693.363532057198 93.169386754785506
10848.902086239672 92.576556641598060
11006.703000788428 92.015542562932012
11166.799182492743 91.649271410200015
11329.224016782166 91.801989027271020
11494.0113746885 92.232234692799921
11661.195619909053 92.730056969229423
11830.811615972614 93.403170858491791
12002.894733509682 94.373123969070917
12177.48085762842 95.281984713650559
12354.606395397908 95.645183226823747
12534.308283440243 95.477096498978398
12716.62399563306 94.824061137627893
12901.591550924093 94.144120557876562
13089.249521259411 93.509836618143197
13279.637039626952 92.924127177855723
13472.793808217073 92.404245247265465
13668.760106701786 91.877327968424197
13867.576800634426 91.170810541195834
14069.285349971487 90.142073760182484
14273.927817718419 88.832361966602122
14481.54687870117 87.276212510739299
14692.18582846533 85.664778412240224
14905.888592304698 84.275944467525875
15122.699734421185 83.211983266033371
15342.664467217943 82.508072579252243
15565.828660727671 82.161409688388972
15792.238852178061 82.151337062334690
16021.942255696367 82.404829865969930
16254.986772155136 82.841852644315395
16491.42099916115 83.688287176996909
16731.294241189662 85.238140576133702
16974.65651986603 87.084564820412169
17221.558584396902 88.909228063992401
17472.051922153143 90.308698302740851
17726.188769406665 90.841663775374883
17984.022122223458 90.558113382842748
18245.605747515034 89.860584194333654
18510.99419425065 88.798094123372465
18780.242804832582 87.014197113373044
19053.40772663689 84.263712895251047
19330.545923722028 81.495975155184624
19611.71518870775 80.072646964100215
19896.974154826825 79.372349861585121
20186.382308152035 79.054000000000002
