20 101.261499999999998
20.290906698750476 101.261015153885921
20.586044732869844 101.259569776103064
20.885475648548283 101.257121036262092
21.189261887185914 101.254589492308483
21.49746679841394 101.249916160566173
21.810154653305165 101.244771498943138
22.12739065777668 101.237952186844467
22.449240966187475 101.231433115955554
22.77577269513385 101.224105701307323
23.107053937445478 101.216002066466501
23.44315377638505 101.207921142519893
23.784142300054445 101.198705908873436
24.130090616010463 101.189247723758825
24.481070866093134 101.180020548579691
24.837156241469714 101.170113921871433
25.1984209978975 101.159795396310443
25.56494047120865 101.149051773493170
25.936791093020236 101.137725268466767
26.3140504066728 101.125698340438703
26.69679708340074 101.112120109372469
27.08511093873791 101.096478552726182
27.47907294916184 101.078244049274929
27.878765268980047 101.057864823378551
28.284271247461966 101.036149352637068
28.695675446220072 101.013933525904122
29.11306365684382 100.991620689844126
29.536522918790062 100.969637331141712
29.966141537533712 100.947726781585772
30.402009102982383 100.925402893679546
30.844216508158908 100.903789206565065
31.29285596815558 100.881598271552406
31.74802103936409 100.858850926992432
32.20980663898519 100.835090054772763
32.67830906482211 100.810371310499605
33.153626015361866 100.784704195170463
33.63585661014871 100.758527886441826
34.125101410453844 100.731494321014594
34.62146244024586 100.703455178465745
35.12504320746613 100.674247493966959
35.635948725613716 100.644343076463173
36.15428553564419 100.613088582325702
36.68016172818701 100.581010134580595
37.21368696608603 100.548037721136581
37.754972507267915 100.513244687744276
38.30413122794313 100.477023274727813
38.86127764614443 100.439513014747689
39.4265279456077 100.401005289962086
40.000000000000206 100.362499999999983
40.58181339750116 100.326136541444640
41.1720894657399 100.292581645699840
41.77095129709678 100.260073422485334
42.37852377437204 100.227094414256356
42.9949335968281 100.190391439164415
43.62030930661056 100.149746343583089
44.25478131555359 100.106061704477071
44.89848193237519 100.060690887093045
45.55154539026795 100.014281373585845
46.21410787489121 99.966453736624686
46.88630755277036 99.916465218911355
47.56828460010916 99.865122535531441
48.260181232021196 99.816028104686609
48.962141732186545 99.771084335425343
49.674312482939705 99.729412873147893
50.39684199579528 99.692401955079788
51.129880942417586 99.660747259642676
51.873582186040764 99.636859926579007
52.628100813345895 99.618100179441598
53.393594166801776 99.598184153559643
54.17022187747612 99.572219995125920
54.95814589832399 99.539210710630343
55.75753053796041 99.500971944653145
56.56854249492426 99.458014434026637
57.39135089244048 99.410823271007359
58.226127313687975 99.359301724610290
59.073045837580466 99.303850268450574
59.932283075067765 99.243274043207720
60.804018205965114 99.179710043412456
61.68843301631817 99.116578897339764
62.58571193631152 99.056910897073777
63.49604207872855 99.002225601512478
64.41961327797075 98.952938949379430
65.35661812964459 98.909343729490104
66.3072520307241 98.869249040724952
67.27171322029778 98.828272905086607
68.25020282090806 98.783490264596423
69.2429248804921 98.735961068176621
70.25008641493265 98.689246284157889
71.27189745122783 98.645716255774047
72.30857107128878 98.602540015005872
73.36032345637442 98.558006091375901
74.42737393217246 98.510840799120075
75.50994501453623 98.460065073632819
76.60826245588666 98.406429749500134
77.72255529228926 98.350029869097710
78.85305589121582 98.291825243380984
80.00000000000082 98.233999999999952
81.16362679500274 98.178242743346317
82.34417893148023 98.127652345650631
83.541902594194 98.081327646618803
84.75704754874454 98.038800896170130
85.98986719365665 97.998741681474385
87.24061861322157 97.959180471012701
88.50956263110764 97.915598369493466
89.79696386475084 97.861527517680457
91.10309078053635 97.800143434624545
92.42821574978288 97.735033985701492
93.77261510554118 97.668848324000294
95.13656920021877 97.600000810990821
96.52036246404286 97.528988894955717
97.92428346437356 97.456306762309467
99.34862496587989 97.381697274784500
100.79368399159105 97.305434748445663
102.25976188483567 97.227985874065325
103.74716437208203 97.149240238428149
105.25620162669229 97.068479212539302
106.78718833360406 96.985991829985380
108.34044375495276 96.902956480987513
109.9162917966485 96.820467303632995
111.51506107592134 96.739246911565488
113.13708498984903 96.663515404322823
114.78270178488147 96.595420326886668
116.45225462737648 96.541121893528640
118.14609167516147 96.493993880525636
119.86456615013608 96.458632936243689
121.60803641193078 96.423699273766687
123.3768660326369 96.382889618633840
125.17142387262359 96.333400153494296
126.99208415745765 96.273433166698936
128.83922655594208 96.211086186605968
130.71323625928977 96.147637572364047
132.61450406144883 96.084796748079725
134.5434264405962 96.026012346442997
136.50040564181674 95.971739656133678
138.48584976098482 95.921596680855870
140.50017282986593 95.871912317115033
142.5437949024563 95.820481161621515
144.61714214257822 95.767762875364241
146.7206469127495 95.715327956563812
148.8547478643456 95.669717891431702
151.01989002907314 95.639136901761603
153.216524911774 95.628719659788260
155.4451105845792 95.637629150079619
157.70611178243232 95.662215343805954
160.00000000000236 95.698000000000036
162.3272535900062 95.734305156004098
164.6883578629612 95.762822622782949
167.08380518838874 95.777752548017304
169.51409509748981 95.776374628824527
171.97973438731407 95.760058071778957
174.4812372264439 95.734998885399705
177.01912526221608 95.705270496853416
179.5939277295025 95.674372867245978
182.20618156107355 95.644349530203755
184.85643149956664 95.613194108305123
187.54523021108326 95.578857731002614
190.27313840043846 95.539957551673510
193.04072492808663 95.499105416049943
195.84856692874806 95.458620062997525
198.69724993176072 95.419696300900767
201.58736798318304 95.384774390854460
204.5195237696723 95.357097063804233
207.49432874416505 95.341017013767498
210.5124032533856 95.337508268835592
213.57437666720915 95.342042347501220
216.68088750990657 95.346015998448649
219.83258359329807 95.344751124610042
223.03012215184378 95.328970623971799
226.2741699796992 95.303532470182716
229.5654035697641 95.267070291686082
232.90450925475412 95.223273209936607
236.2921833503241 95.176445956014248
239.72913230027333 95.128758289333717
243.21607282386276 95.079974980465920
246.75373206527502 95.030447751086143
250.34284774524843 94.978985851725753
253.9841683149166 94.925731538394345
257.67845311188546 94.870783009960704
261.42647251858085 94.814602912221289
265.22900812289896 94.758093504171882
269.08685288119375 94.700682731301896
273.0008112836349 94.641112526514121
276.97169952197106 94.579574270088713
281.00034565973334 94.515394434878289
285.0875898049141 94.449624840062853
289.23428428515797 94.384521736723030
293.44129382550057 94.318471686939631
297.7094957286928 94.252273765778128
302.0397800581479 94.186913244142318
306.4330498235497 94.121909760950686
310.89022116916016 94.057091793047192
315.41222356486645 93.991022758309441
320.00000000000654 93.924499999999910
324.6545071800142 93.857475096607800
329.3767157259242 93.790788308264467
334.16761037677935 93.724486976800449
339.02819019498156 93.659827889426253
343.95946877463007 93.598694480949518
348.9624744528898 93.542412781018214
354.03825052443415 93.493040445070321
359.187855459007 93.452591084057445
364.4123631221491 93.417378403393826
369.71286299913527 93.378624813806397
375.0904604221685 93.324765861383270
380.54627680087896 93.250332937930864
386.08144985617537 93.166421237258049
391.6971338574982 93.080075137807057
397.3944998635236 92.997174251842438
403.1747359663683 92.924432291064633
409.0390475393468 92.861622540452970
414.9886574883323 92.815068055070014
421.0248065067734 92.793543078277963
427.1487533344206 92.798132201671280
433.3617750198154 92.839101823123073
439.6651671865984 92.919452305900819
446.06024430368984 93.027129580694179
452.54833995940066 93.151457131196139
459.13080713953053 93.283206258096271
465.8090185095106 93.416862951981074
472.58436670065066 93.548912786369698
479.45826460054917 93.669379813380530
486.432145647728 93.768674678855689
493.50746413055253 93.844793192237262
500.6856954904994 93.907628444560871
507.9683366298358 93.956786272251392
515.3569062237735 93.993453118196797
522.8529450371643 94.023325380435608
530.4580162458005 94.048374048737401
538.1737057623901 94.071558339950542
546.0016225672724 94.097363401330909
553.9433990439449 94.129609683018487
562.0006913194694 94.169904113350839
570.1751796098309 94.218761293190795
578.4685685703187 94.278473693706303
586.8825876510039 94.340775277999981
595.4189914573883 94.404913385503278
604.0795601162986 94.470351673379497
612.8660996471021 94.535453011714594
621.780442338323 94.600400365607783
630.8244471297356 94.669719244107341
640.0000000000159 94.744500000000130
649.3090143600314 94.824092072778257
658.7534314518515 94.907030196776290
668.3352207535618 94.993433747819736
678.0563803899662 95.086646889782671
687.9189375492632 95.187461003634866
697.9249489057827 95.293004458401299
708.0765010488715 95.400610911118036
718.3757109180171 95.511876463460496
728.8247262443015 95.626571988687317
739.425725998274 95.737998836681953
750.1809208443404 95.840007673702843
761.0925536017613 95.930937946681354
772.1628997123541 96.013939986326335
783.3942677149998 96.092145591752114
794.7889997270506 96.167062748248583
806.34947193274 96.240713322240680
818.0780950786972 96.314371207798047
829.9773149766683 96.386981019477190
842.0496130135506 96.458291476454605
854.2975066688449 96.530247851679462
866.7235500396347 96.602387900225608
879.3303343732008 96.674182905927239
892.1204886073838 96.747798833922829
905.0966799188055 96.823230632859691
918.2616142790653 96.899865529082263
931.6180370190256 96.978708222114165
945.1687334013056 97.060012400407828
958.9165292011028 97.141384609056473
972.8642912954606 97.225521462487791
987.0149282611097 97.316597033697207
1001.3713909810035 97.408731189245714
1015.9366732596762 97.501650821071877
1030.7138124475518 97.598716260814172
1045.7058900743334 97.698014758001747
1060.916032491606 97.800820624192085
1076.3474115247852 97.907386966956011
1092.0032451345498 98.016585317352309
1107.8867980878947 98.128611900491236
1124.0013826389438 98.245010024132341
1140.350359219667 98.362658719635206
1156.9371371406426 98.475668013491600
1173.765175302013 98.589025256744975
1190.837982914782 98.704447961926419
1208.1591202326028 98.820457170075045
1225.73219929421 98.933713371670052
1243.5608846766518 99.047718936285463
1261.648894259477 99.162276330310021
1280.0000000000375 99.277000000000214
1298.6180287200684 99.388708172320406
1317.5068629037087 99.501539804841514
1336.6704415071292 99.611855038665993
1356.112760779938 99.724051193504152
1375.8378750985323 99.835588047429241
1395.8498978115715 99.946174437963634
1416.153002097749 100.054072477714811
1436.7514218360407 100.162276179093311
1457.6494524886093 100.270818185791455
1478.8514519965543 100.378949143823036
1500.3618416886875 100.484765787440807
1522.1851072035295 100.591263323153228
1544.3257994247153 100.701242481135083
1566.788535430007 100.811763823607038
1589.5779994541087 100.924015317303287
1612.6989438654878 101.037978803818191
1636.156190157402 101.154504074590164
1659.9546299533442 101.274967705361121
1684.099226027109 101.398588037258804
1708.5950133376978 101.524178368555766
1733.4471000792773 101.652931746417011
1758.6606687464096 101.786247971105823
1784.2409772147755 101.922661998782615
1810.193359837619 102.060932541532878
1836.5232285581387 102.201303575929302
1863.2360740380593 102.344210078324764
1890.3374668026197 102.490322320734151
1917.833058402214 102.637371870699781
1945.7285825909298 102.784946916080116
1974.0298565222283 102.935819433828698
2002.7427819620161 103.089445318333276
2031.8733465193618 103.242678957016693
2061.4276248951132 103.395280886965082
2091.411780148677 103.548035371074235
2121.832064983222 103.699248110294889
2152.694823049581 103.844713556604319
2184.0064902691106 103.988828881697543
2215.7735961758003 104.126643443842767
2248.002765277899 104.260210784583805
2280.7007184393456 104.385235967610924
2313.874274281297 104.502247580937663
2347.530350604038 104.608591051812112
2381.6759658295764 104.702086561584025
2416.318240465218 104.785128158349067
2451.4643985884327 104.851757782582695
2487.1217693533167 104.904616848869097
2523.2977885189675 104.938847008458694
2560.0000000000887 104.957500000000039
2597.236057440151 104.958906436357964
2635.0137258074315 104.943490849461710
2673.340883014273 104.908992072835019
2712.225521559891 104.860384269816151
2751.6757501970797 104.794463384032582
2791.699795623158 104.715411666417808
2832.3060041955137 104.621288649972726
2873.502843672097 104.516247407395497
2915.2989049772345 104.401745131765111
2957.7029039931244 104.279622375140420
3000.723683377391 104.151783719656748
3044.370214407075 104.017879498431284
3088.6515988494466 103.879247463624239
3133.57707086003 103.738321653562409
3179.1559989082334 103.595741723417234
3225.3978877309914 103.451258590279309
3272.3123803148205 103.303769754402012
3319.9092599067053 103.150299442307869
3368.198452054235 102.987123433289639
3417.190026675413 102.809662197833177
3466.8942001585724 102.613382243337156
3517.3213374928373 102.398093261531812
3568.4819544295697 102.171309761421298
3620.386719675257 101.948414449331437
3673.0464571162966 101.747489722948785
3726.472148076138 101.588054908328886
3780.6749336052594 101.492409186342286
3835.6661168044484 101.446909950512406
3891.45716518188 101.476553241912569
3948.059713044477 101.546598894892540
4005.4855639240527 101.672542431118160
4063.746693038744 101.840050980751613
4122.855249790247 102.047635142895260
4182.823560297375 102.293105179899001
4243.664129966465 102.564714865921729
4305.389646099183 102.842253407446321
4368.012980538242 103.106654518260612
4431.5471923516225 103.336130269663329
4496.00553055582 103.530782889630402
4561.401436878714 103.682022586381692
4627.748548562617 103.796669115799091
4695.060701208099 103.866568232790058
4763.351931659176 103.893711097429858
4832.63648093046 103.873764450446330
4902.928797176889 103.796223655481754
4974.243538706657 103.671659294361120
5046.595577037959 103.492483164353999
5120.000000000202 103.274214285713640
5194.472114880326 103.018218044394246
5270.027451614888 102.734519654427856
5346.6817660285715 102.435690546262492
5424.451043119808 102.131140931832746
5503.351500394186 101.829145380647773
5583.399591246343 101.541327698520774
5664.612008391055 101.278649113526228
5747.005687344222 101.044550184468306
5830.597809954497 100.845916336290088
5915.405807986278 100.687856217298389
6001.447366754812 100.573441613060538
6088.740428814181 100.514251914237164
6177.303197698925 100.509020822265441
6267.154141720092 100.553597325975574
6358.3119978165005 100.648140637336127
6450.795775462017 100.782305071757719
6544.624760629676 100.943993940542867
6639.818519813445 101.109802372494045
6736.396904108505 101.248354609998813
6834.380053350861 101.328142115738501
6933.788400317181 101.328578495822384
7034.642674985712 101.245598455643943
7136.963908859177 101.090801588154818
7240.773439350552 100.891729918118386
7346.092914232631 100.688532754381271
7452.944296152315 100.530349337944074
7561.349867210557 100.468331266598682
7671.332233608935 100.518847478643920
7782.914330363799 100.678265810282170
7896.119426088994 100.928373193628417
8010.971127848146 101.219502185527517
8127.49338607753 101.470868055381402
8245.710499580537 101.594996024559563
8365.647120594791 101.508761489994853
8487.328259932974 101.217999323091206
8610.77929219841 100.744652313511324
8736.025961076528 100.155091670100703
8863.094384703289 99.532130983690593
8992.011061111683 98.927941493589913
9122.802873757471 98.378834192487332
9255.497097125279 97.900881852536656
9390.121402416245 97.500039944160733
9526.7038633184 97.185097852860963
9665.272961860968 96.950510867605743
9805.857594353829 96.771982461703985
9948.487077413367 96.608242321216736
10093.19115407597 96.400879250920468
10240.000000000457 96.099999999998929
10388.944229760706 95.659130882521055
10540.05490322983 95.049259798369491
10693.363532057198 94.318937492619909
10848.902086239672 93.523016866899297
11006.703000788428 92.732320827362059
11166.799182492743 92.015984900057603
11329.224016782166 91.483020482427435
11494.0113746885 91.144681610920259
11661.195619909053 91.146723317811563
11830.811615972614 91.350013603803148
12002.894733509682 91.813645233936654
12177.48085762842 92.426514493733890
12354.606395397908 93.242622500231107
12534.308283440243 94.109618630438717
12716.62399563306 94.877683984715702
12901.591550924093 95.220876298610193
13089.249521259411 95.315777615036893
13279.637039626952 95.013482529312611
13472.793808217073 94.363506751652253
13668.760106701786 93.578068670258574
13867.576800634426 92.820076761846124
14069.285349971487 92.202713977485715
14273.927817718419 91.707138134758566
14481.54687870117 91.296337727287266
14692.18582846533 90.747095094683715
14905.888592304698 89.917190618136047
15122.699734421185 89.299683454139767
15342.664467217943 89.653739762734716
15565.828660727671 91.252110451377604
15792.238852178061 93.348867537076956
16021.942255696367 95.161936945920019
16254.986772155136 96.601522908621575
16491.42099916115 97.621973032379515
16731.294241189662 98.206242174654733
16974.65651986603 98.530871336792799
17221.558584396902 98.849196808209598
17472.051922153143 99.263488267660335
17726.188769406665 99.529950728785650
17984.022122223458 99.168735675309080
18245.605747515034 97.855034671526198
18510.99419425065 95.716675546264966
18780.242804832582 93.495119771736853
19053.40772663689 92.045107825164905
19330.545923722028 91.421234755250026
19611.71518870775 90.510462639094101
19896.974154826825 88.203494698424009
20186.382308152035 83.985119719238725
