20 92.271999999999991
20.290906698750476 92.291393844562847
20.586044732869844 92.310592910660176
20.885475648548283 92.330055917155647
21.189261887185914 92.349319858455573
21.49746679841394 92.369091690130091
21.810154653305165 92.388660114164253
22.12739065777668 92.408961916111053
22.449240966187475 92.428954448123079
22.77577269513385 92.448798890021436
23.107053937445478 92.469601681481407
23.44315377638505 92.489850667453567
23.784142300054445 92.510278715878329
24.130090616010463 92.531088644562757
24.481070866093134 92.551411580242458
24.837156241469714 92.572000749088232
25.1984209978975 92.592909207379108
25.56494047120865 92.613777924700301
25.936791093020236 92.634694516759808
26.3140504066728 92.655772738276141
26.69679708340074 92.676823839587044
27.08511093873791 92.697872550490843
27.47907294916184 92.719000154767826
27.878765268980047 92.739786720035227
28.284271247461966 92.760497833620562
28.695675446220072 92.781479447757221
29.11306365684382 92.802540119185352
29.536522918790062 92.823289623020713
29.966141537533712 92.844340935339147
30.402009102982383 92.865593757826645
30.844216508158908 92.886169983927317
31.29285596815558 92.906678518567006
31.74802103936409 92.927408967810749
32.20980663898519 92.948021685476363
32.67830906482211 92.968345598852167
33.153626015361866 92.988952292645195
33.63585661014871 93.009070121016094
34.125101410453844 93.029004056418160
34.62146244024586 93.048615572729346
35.12504320746613 93.067251469053843
35.635948725613716 93.084078461768414
36.15428553564419 93.099628566069327
36.68016172818701 93.115224690117429
37.21368696608603 93.130696922016483
37.754972507267915 93.146102795412759
38.30413122794313 93.161311516154456
38.86127764614443 93.176334315283015
39.4265279456077 93.191525436070009
40.000000000000206 93.206500000000005
40.58181339750116 93.221530229536199
41.1720894657399 93.236302215132412
41.77095129709678 93.250798011506532
42.37852377437204 93.265549867306362
42.9949335968281 93.280048489087619
43.62030930661056 93.294206945864005
44.25478131555359 93.308284403723832
44.89848193237519 93.321885033207934
45.55154539026795 93.335567724415938
46.21410787489121 93.349293894206554
46.88630755277036 93.363287817467651
47.56828460010916 93.377414464695875
48.260181232021196 93.391823965104464
48.962141732186545 93.406555564041369
49.674312482939705 93.420486227946213
50.39684199579528 93.434688823279572
51.129880942417586 93.448626370178658
51.873582186040764 93.462437944972265
52.628100813345895 93.475991756098239
53.393594166801776 93.489387906528918
54.17022187747612 93.502582224298209
54.95814589832399 93.515526671862929
55.75753053796041 93.528211409919891
56.56854249492426 93.540528137423877
57.39135089244048 93.552478912494166
58.226127313687975 93.563826591421105
59.073045837580466 93.574340027132166
59.932283075067765 93.584221255363275
60.804018205965114 93.592034450287628
61.68843301631817 93.599480543013158
62.58571193631152 93.606151766001858
63.49604207872855 93.612224273511742
64.41961327797075 93.618017679667815
65.35661812964459 93.623639708777873
66.3072520307241 93.629497138199710
67.27171322029778 93.635766135931931
68.25020282090806 93.642251419746344
69.2429248804921 93.649443399043946
70.25008641493265 93.657875820941854
71.27189745122783 93.667854923237883
72.30857107128878 93.679202852855468
73.36032345637442 93.692004043204690
74.42737393217246 93.705769548084334
75.50994501453623 93.719874328617522
76.60826245588666 93.733838843641195
77.72255529228926 93.748153537746049
78.85305589121582 93.761530530238488
80.00000000000082 93.772999999999996
81.16362679500274 93.781727222780574
82.34417893148023 93.785080482706718
83.541902594194 93.782294153262129
84.75704754874454 93.776315995734294
85.98986719365665 93.768400868877791
87.24061861322157 93.760195951307509
88.50956263110764 93.750413936320030
89.79696386475084 93.738827325217244
91.10309078053635 93.726888309232521
92.42821574978288 93.712773059372211
93.77261510554118 93.698784412093815
95.13656920021877 93.684020496632201
96.52036246404286 93.668680266743493
97.92428346437356 93.651614876148614
99.34862496587989 93.633185022167481
100.79368399159105 93.613388424117716
102.25976188483567 93.592610079650683
103.74716437208203 93.571326238504199
105.25620162669229 93.549959677699235
106.78718833360406 93.529528947774338
108.34044375495276 93.510134527022245
109.9162917966485 93.491405362857961
111.51506107592134 93.473042151214969
113.13708498984903 93.454234030561707
114.78270178488147 93.434625693330247
116.45225462737648 93.410546209204043
118.14609167516147 93.380291516162458
119.86456615013608 93.336668669010905
121.60803641193078 93.288118904047906
123.3768660326369 93.236505281914148
125.17142387262359 93.188342957384037
126.99208415745765 93.154423046215484
128.83922655594208 93.157386740958998
130.71323625928977 93.189512621587824
132.61450406144883 93.245694666519398
134.5434264405962 93.326003193555778
136.50040564181674 93.408515820030857
138.48584976098482 93.480968180628309
140.50017282986593 93.532502765277854
142.5437949024563 93.565200718439314
144.61714214257822 93.586649993747557
146.7206469127495 93.597914975798645
148.8547478643456 93.600687151281392
151.01989002907314 93.593268725808116
153.216524911774 93.570745856570426
155.4451105845792 93.525646682462622
157.70611178243232 93.457198311179724
160.00000000000236 93.381499999999960
162.3272535900062 93.334954928199878
164.6883578629612 93.371328113105889
167.08380518838874 93.505362399604749
169.51409509748981 93.694544521916171
171.97973438731407 93.893170644740053
174.4812372264439 94.072894110960490
177.01912526221608 94.226109265208535
179.5939277295025 94.357440029837420
182.20618156107355 94.467070971379584
184.85643149956664 94.550164231286914
187.54523021108326 94.585656250395772
190.27313840043846 94.561646487351410
193.04072492808663 94.505455181668395
195.84856692874806 94.438106973238291
198.69724993176072 94.362695351869760
201.58736798318304 94.281760012479282
204.5195237696723 94.196927302756279
207.49432874416505 94.110164466419207
210.5124032533856 94.024152708905206
213.57437666720915 93.939598235818551
216.68088750990657 93.856621370048742
219.83258359329807 93.773394680675921
223.03012215184378 93.687944232438184
226.2741699796992 93.600976438878064
229.5654035697641 93.513944372662877
232.90450925475412 93.427950929127974
236.2921833503241 93.347035443374082
239.72913230027333 93.270992947856456
243.21607282386276 93.202123862127138
246.75373206527502 93.146847936480071
250.34284774524843 93.112157193369285
253.9841683149166 93.092585095307328
257.67845311188546 93.085143093776225
261.42647251858085 93.088783090648235
265.22900812289896 93.097671756092183
269.08685288119375 93.100282867797020
273.0008112836349 93.088496349223647
276.97169952197106 93.069898577509662
281.00034565973334 93.048698168003412
285.0875898049141 93.027035774033962
289.23428428515797 93.005058293288670
293.44129382550057 92.984137660255044
297.7094957286928 92.964307269220882
302.0397800581479 92.946095852274681
306.4330498235497 92.932822883745047
310.89022116916016 92.925178390600124
315.41222356486645 92.918881664652702
320.00000000000654 92.911999999999992
324.6545071800142 92.903156436357961
329.3767157259242 92.878428063507414
334.16761037677935 92.834157418307569
339.02819019498156 92.774439165504248
343.95946877463007 92.704983649645328
348.9624744528898 92.626996656199054
354.03825052443415 92.539830615822410
359.187855459007 92.445943459554286
364.4123631221491 92.348488809615816
369.71286299913527 92.250783320815913
375.0904604221685 92.155059094704029
380.54627680087896 92.068155733814564
386.08144985617537 91.991124861898484
391.6971338574982 91.938780791345167
397.3944998635236 91.903555950395784
403.1747359663683 91.904995085238042
409.0390475393468 91.943390475393471
414.9886574883323 92.021316629394704
421.0248065067734 92.135681512718506
427.1487533344206 92.280016340029363
433.3617750198154 92.456624581859330
439.6651671865984 92.654356457225418
446.06024430368984 92.858554321515612
452.54833995940066 93.057430862798270
459.13080713953053 93.240941677461677
465.8090185095106 93.406242262136999
472.58436670065066 93.543775512548038
479.45826460054917 93.653826389236499
486.432145647728 93.737480743865916
493.50746413055253 93.788587430047386
500.6856954904994 93.812214279840788
507.9683366298358 93.814490105196825
515.3569062237735 93.801684214345656
522.8529450371643 93.784687491796035
530.4580162458005 93.769013357738828
538.1737057623901 93.761074445326742
546.0016225672724 93.765860156196368
553.9433990439449 93.782465809811100
562.0006913194694 93.805502073958408
570.1751796098309 93.829929190044083
578.4685685703187 93.850247992997282
586.8825876510039 93.868453434067106
595.4189914573883 93.885296083769049
604.0795601162986 93.901394202710790
612.8660996471021 93.917537042201758
621.780442338323 93.938935423155698
630.8244471297356 93.973699348639499
640.0000000000159 94.026000000000124
649.3090143600314 94.097213959854258
658.7534314518515 94.184782255647406
668.3352207535618 94.284019817912395
678.0563803899662 94.390523003309127
687.9189375492632 94.498712366164426
697.9249489057827 94.603919468620148
708.0765010488715 94.703842060174054
718.3757109180171 94.798300183808053
728.8247262443015 94.886686464139913
739.425725998274 94.968606803886786
750.1809208443404 95.045160908751186
761.0925536017613 95.115177218944638
772.1628997123541 95.179241232966945
783.3942677149998 95.239085620827879
794.7889997270506 95.296379248657999
806.34947193274 95.351895430349970
818.0780950786972 95.406085200741785
829.9773149766683 95.460280787777833
842.0496130135506 95.515729460187671
854.2975066688449 95.572734093899143
866.7235500396347 95.631346025187497
879.3303343732008 95.691285604991364
892.1204886073838 95.752678345315445
905.0966799188055 95.815133952940897
918.2616142790653 95.878844746121615
931.6180370190256 95.944335645209776
945.1687334013056 96.012441061456641
958.9165292011028 96.084554822405877
972.8642912954606 96.160335744767508
987.0149282611097 96.240854781188673
1001.3713909810035 96.325365484984133
1015.9366732596762 96.414432263977943
1030.7138124475518 96.508165274210796
1045.7058900743334 96.606248212677627
1060.916032491606 96.706576348860978
1076.3474115247852 96.808848002346082
1092.0032451345498 96.911583694785037
1107.8867980878947 97.015062030633317
1124.0013826389438 97.117953239564400
1140.350359219667 97.221885608391233
1156.9371371406426 97.327145418167731
1173.765175302013 97.434252992550341
1190.837982914782 97.543613197952624
1208.1591202326028 97.654802947201290
1225.73219929421 97.766667447927745
1243.5608846766518 97.878792122172683
1261.648894259477 97.989558254982825
1280.0000000000375 98.099500000000205
1298.6180287200684 98.206686651059826
1317.5068629037087 98.315038432260764
1336.6704415071292 98.422354472439935
1356.112760779938 98.528814546250658
1375.8378750985323 98.632356950512360
1395.8498978115715 98.732853241612574
1416.153002097749 98.828342243052901
1436.7514218360407 98.922206256078567
1457.6494524886093 99.013545634750784
1478.8514519965543 99.104984214545254
1500.3618416886875 99.197055919261359
1522.1851072035295 99.290895960975178
1544.3257994247153 99.385714421537784
1566.788535430007 99.480847619514634
1589.5779994541087 99.576144477729088
1612.6989438654878 99.672327606480422
1636.156190157402 99.770132874857950
1659.9546299533442 99.870207631002188
1684.099226027109 99.972580718354948
1708.5950133376978 100.076442856551836
1733.4471000792773 100.181308878331379
1758.6606687464096 100.286528381985065
1784.2409772147755 100.393312104302055
1810.193359837619 100.502515978514751
1836.5232285581387 100.614549882799992
1863.2360740380593 100.728885675402125
1890.3374668026197 100.844030859243105
1917.833058402214 100.960255506457344
1945.7285825909298 101.077974618533716
1974.0298565222283 101.199328383045582
2002.7427819620161 101.322839675469368
2031.8733465193618 101.448586612475253
2061.4276248951132 101.576114993300735
2091.411780148677 101.704523595301026
2121.832064983222 101.834377879427848
2152.694823049581 101.965976942096361
2184.0064902691106 102.096925798819711
2215.7735961758003 102.220834005372438
2248.002765277899 102.345777819954193
2280.7007184393456 102.478372945601308
2313.874274281297 102.610453480173618
2347.530350604038 102.732771882093999
2381.6759658295764 102.849698283820572
2416.318240465218 102.965850193535218
2451.4643985884327 103.077271330641793
2487.1217693533167 103.182155591366737
2523.2977885189675 103.278865472505800
2560.0000000000887 103.368750000000205
2597.236057440151 103.449041213444303
2635.0137258074315 103.519773562636090
2673.340883014273 103.577301953106939
2712.225521559891 103.622595946919233
2751.6757501970797 103.652673025137972
2791.699795623158 103.671179918249265
2832.3060041955137 103.675146120083909
2873.502843672097 103.666098862531157
2915.2989049772345 103.643872832217298
2957.7029039931244 103.608795718487769
3000.723683377391 103.559950659102782
3044.370214407075 103.495789146228333
3088.6515988494466 103.419460832099759
3133.57707086003 103.332461718122687
3179.1559989082334 103.231649642521987
3225.3978877309914 103.123053027200243
3272.3123803148205 103.011173411047579
3319.9092599067053 102.893833202039772
3368.198452054235 102.766090287809774
3417.190026675413 102.629180324241830
3466.8942001585724 102.488358355552833
3517.3213374928373 102.347366321894697
3568.4819544295697 102.209077279394535
3620.386719675257 102.074921599221597
3673.0464571162966 101.943075250922760
3726.472148076138 101.814819894982605
3780.6749336052594 101.693172466074259
3835.6661168044484 101.576011105223046
3891.45716518188 101.467974780825458
3948.059713044477 101.365028896900355
4005.4855639240527 101.270908793212016
4063.746693038744 101.185660521491627
4122.855249790247 101.109787843985970
4182.823560297375 101.042938627444528
4243.664129966465 100.987747539244708
4305.389646099183 100.942765667346407
4368.012980538242 100.908076302208457
4431.5471923516225 100.885458482676938
4496.00553055582 100.875499308680531
4561.401436878714 100.879606042715125
4627.748548562617 100.896357704377124
4695.060701208099 100.929004608659653
4763.351931659176 100.977135254731564
4832.63648093046 101.039768304976974
4902.928797176889 101.119455379388739
4974.243538706657 101.213226317011873
5046.595577037959 101.322596811478292
5120.000000000202 101.445571428571782
5194.472114880326 101.582044044382329
5270.027451614888 101.731305589520147
5346.6817660285715 101.895866929413572
5424.451043119808 102.071919891724690
5503.351500394186 102.258162518800376
5583.399591246343 102.459272710232881
5664.612008391055 102.675629362613904
5747.005687344222 102.902145867690379
5830.597809954497 103.135979845972145
5915.405807986278 103.374213291401503
6001.447366754812 103.615561672955693
6088.740428814181 103.860348337410926
6177.303197698925 104.108229044919824
6267.154141720092 104.362799877130755
6358.3119978165005 104.617815793940792
6450.795775462017 104.864045142937385
6544.624760629676 105.095368187479750
6639.818519813445 105.306331595221295
6736.396904108505 105.482913371642212
6834.380053350861 105.603441239479622
6933.788400317181 105.645073377934978
7034.642674985712 105.585944882393790
7136.963908859177 105.407035769219164
7240.773439350552 105.095599602435428
7346.092914232631 104.650179830542896
7452.944296152315 104.084040854162680
7561.349867210557 103.409368998643885
7671.332233608935 102.657659119702473
7782.914330363799 101.858117917705812
7896.119426088994 101.038111774912949
8010.971127848146 100.219622052436392
8127.49338607753 99.426994735505843
8245.710499580537 98.661766266176755
8365.647120594791 97.926773377901085
8487.328259932974 97.236172940043133
8610.77929219841 96.592178743257392
8736.025961076528 95.997392968154514
8863.094384703289 95.467669653538493
8992.011061111683 95.016461286109106
9122.802873757471 94.634632959294194
9255.497097125279 94.312407516693213
9390.121402416245 94.058793934227992
9526.7038633184 93.889527038122566
9665.272961860968 93.811731436050025
9805.857594353829 93.828143634078288
9948.487077413367 93.940835785154704
10093.19115407597 94.159963245272451
10240.000000000457 94.486400000001154
10388.944229760706 94.925480456905149
10540.05490322983 95.483215495177078
10693.363532057198 96.139258317804433
10848.902086239672 96.868570666708820
11006.703000788428 97.600665887974671
11166.799182492743 98.228095631322120
11329.224016782166 98.570411428949228
11494.0113746885 98.614295639702746
11661.195619909053 98.192525034554848
11830.811615972614 97.560926484008533
12002.894733509682 96.733934732614046
12177.48085762842 95.925381672282214
12354.606395397908 95.246539011444938
12534.308283440243 94.704364859265866
12716.62399563306 94.361279685880817
12901.591550924093 94.244646076388960
13089.249521259411 94.236603591946022
13279.637039626952 94.410622893006860
13472.793808217073 94.758870656707785
13668.760106701786 95.170176412870063
13867.576800634426 95.491636526559887
14069.285349971487 95.513810021705638
14273.927817718419 95.234131982451501
14481.54687870117 94.569893932497195
14692.18582846533 93.677294707657495
14905.888592304698 92.822216930303938
15122.699734421185 92.144106476163657
15342.664467217943 91.730856782536335
15565.828660727671 91.602803345897598
15792.238852178061 91.679826878609845
16021.942255696367 91.694378795675618
16254.986772155136 91.213313440994682
16491.42099916115 89.900630612657295
16731.294241189662 87.834726451379012
16974.65651986603 85.380902123445978
17221.558584396902 83.006172401840786
17472.051922153143 80.992724722630740
17726.188769406665 79.386510465998327
17984.022122223458 78.137787760083071
18245.605747515034 77.106111219176455
18510.99419425065 75.883803557553875
18780.242804832582 73.815711503707888
19053.40772663689 70.254956456937748
19330.545923722028 64.806193669719249
19611.71518870775 58.535074163003827
19896.974154826825 54.021975891466013
20186.382308152035 52.834500000000006
