20 93.076500000000010
20.290906698750476 93.094999980395329
20.586044732869844 93.113500044215073
20.885475648548283 93.132500036424233
21.189261887185914 93.150999992599480
21.49746679841394 93.168499988269190
21.810154653305165 93.183500031002097
22.12739065777668 93.197000026664682
22.449240966187475 93.209999958393254
22.77577269513385 93.222500025271003
23.107053937445478 93.234999997554098
23.44315377638505 93.248000034276473
23.784142300054445 93.263000014798251
24.130090616010463 93.280999978986756
24.481070866093134 93.299999992397005
24.837156241469714 93.322500016770590
25.1984209978975 93.347499999855017
25.56494047120865 93.373499962623697
25.936791093020236 93.400000078508612
26.3140504066728 93.425999960823034
26.69679708340074 93.449500058802258
27.08511093873791 93.469499948260079
27.47907294916184 93.484499998199880
27.878765268980047 93.496000007322948
28.284271247461966 93.506000004829474
28.695675446220072 93.515000009656546
29.11306365684382 93.524999990988888
29.536522918790062 93.536999966927084
29.966141537533712 93.551500019803413
30.402009102982383 93.568499963089238
30.844216508158908 93.586999978943538
31.29285596815558 93.605999998656230
31.74802103936409 93.624000036142206
32.20980663898519 93.639499955949844
32.67830906482211 93.652499978122066
33.153626015361866 93.662500019018538
33.63585661014871 93.671999991944745
34.125101410453844 93.680999970864434
34.62146244024586 93.693499956165041
35.12504320746613 93.708000040322872
35.635948725613716 93.726000026694322
36.15428553564419 93.745000020445218
36.68016172818701 93.765500026026245
37.21368696608603 93.784999961381786
37.754972507267915 93.801499956034846
38.30413122794313 93.815000005337907
38.86127764614443 93.826999973366455
39.4265279456077 93.838499979554939
40.000000000000206 93.849500000000006
40.58181339750116 93.860499987618098
41.1720894657399 93.871500008585770
41.77095129709678 93.882500021425955
42.37852377437204 93.893499975879948
42.9949335968281 93.907499990224338
43.62030930661056 93.924500041336273
44.25478131555359 93.944500043073731
44.89848193237519 93.965499965295322
45.55154539026795 93.986500044224272
46.21410787489121 94.006499996425219
46.88630755277036 94.025000014642501
47.56828460010916 94.043000039457283
48.260181232021196 94.059500005307697
48.962141732186545 94.074499974805633
49.674312482939705 94.085999992042403
50.39684199579528 94.096499984766808
51.129880942417586 94.107499969235050
51.873582186040764 94.117500015776017
52.628100813345895 94.127499997535068
53.393594166801776 94.137000013570514
54.17022187747612 94.145999987038394
54.95814589832399 94.155000010150530
55.75753053796041 94.164000007988676
56.56854249492426 94.176500010262629
57.39135089244048 94.194500022531926
58.226127313687975 94.215499982796985
59.073045837580466 94.233499959294861
59.932283075067765 94.243500009556016
60.804018205965114 94.246999993848220
61.68843301631817 94.248999993295428
62.58571193631152 94.254499999575643
63.49604207872855 94.263000022588926
64.41961327797075 94.274499947798290
65.35661812964459 94.291999942006854
66.3072520307241 94.312000015015997
67.27171322029778 94.321499999096176
68.25020282090806 94.313500038847337
69.2429248804921 94.297500050097085
70.25008641493265 94.293500018975479
71.27189745122783 94.305500022479407
72.30857107128878 94.321000000680257
73.36032345637442 94.329000006931068
74.42737393217246 94.331499996138177
75.50994501453623 94.338999966986137
76.60826245588666 94.355000023603111
77.72255529228926 94.370999978621469
78.85305589121582 94.373999999999995
80.00000000000082 94.366500000000002
81.16362679500274 94.353500014445530
82.34417893148023 94.339999985433863
83.541902594194 94.335500011850115
84.75704754874454 94.348499965830001
85.98986719365665 94.370999984358974
87.24061861322157 94.393500037202585
88.50956263110764 94.407499995897737
89.79696386475084 94.400500029118746
91.10309078053635 94.383999974728994
92.42821574978288 94.374999999440277
93.77261510554118 94.375000000813486
95.13656920021877 94.373999990715930
96.52036246404286 94.368000003087332
97.92428346437356 94.359500017995970
99.34862496587989 94.347000000310288
100.79368399159105 94.329500024927029
102.25976188483567 94.315000036358583
103.74716437208203 94.310499999999990
105.25620162669229 94.309500001813575
106.78718833360406 94.302999984921655
108.34044375495276 94.292000017282135
109.9162917966485 94.278499987593790
111.51506107592134 94.268499994008479
113.13708498984903 94.259500000056136
114.78270178488147 94.250499992489353
116.45225462737648 94.246000000444781
118.14609167516147 94.242500009779121
119.86456615013608 94.229999980053051
121.60803641193078 94.221000014354146
123.3768660326369 94.215500010029274
125.17142387262359 94.197000014397048
126.99208415745765 94.167999953679924
128.83922655594208 94.141500090378514
130.71323625928977 94.116500070202221
132.61450406144883 94.106500006435425
134.5434264405962 94.114499997110343
136.50040564181674 94.116000012949129
138.48584976098482 94.095500068359655
140.50017282986593 94.057499902750607
142.5437949024563 94.017999968689253
144.61714214257822 93.986999998639462
146.7206469127495 93.968499951482528
148.8547478643456 93.944000054065484
151.01989002907314 93.905000137944654
153.216524911774 93.862999961972733
155.4451105845792 93.840500024432572
157.70611178243232 93.836500003717276
160.00000000000236 93.833500000000015
162.3272535900062 93.841999993359508
164.6883578629612 93.840499964393871
167.08380518838874 93.813499948110831
169.51409509748981 93.789500028800148
171.97973438731407 93.779500006517097
174.4812372264439 93.760999935928822
177.01912526221608 93.723999873072529
179.5939277295025 93.671500108097888
182.20618156107355 93.633499979273239
184.85643149956664 93.632000016791778
187.54523021108326 93.677000111049722
190.27313840043846 93.788000366720794
193.04072492808663 93.958499929377524
195.84856692874806 94.179499582493634
198.69724993176072 94.437999993674879
201.58736798318304 94.704999634403521
204.5195237696723 94.941999449632306
207.49432874416505 95.127000242950572
210.5124032533856 95.272999920423928
213.57437666720915 95.382500120839609
216.68088750990657 95.434499933084922
219.83258359329807 95.435999978836890
223.03012215184378 95.405499985033259
226.2741699796992 95.360000000305533
229.5654035697641 95.295999881877705
232.90450925475412 95.205000021348880
236.2921833503241 95.108500206995245
239.72913230027333 95.048499927465627
243.21607282386276 95.004500098428480
246.75373206527502 94.937500122022755
250.34284774524843 94.872000037557470
253.9841683149166 94.816499846983646
257.67845311188546 94.732000344614320
261.42647251858085 94.635000270283598
265.22900812289896 94.549999924919859
269.08685288119375 94.483500001933180
273.0008112836349 94.426500181287764
276.97169952197106 94.366000165640585
281.00034565973334 94.295499798385435
285.0875898049141 94.207999904639337
289.23428428515797 94.135999986510214
293.44129382550057 94.095499893723627
297.7094957286928 94.041500105242761
302.0397800581479 93.981500182219889
306.4330498235497 93.959499994754864
310.89022116916016 93.956500003054089
315.41222356486645 93.950000009829779
320.00000000000654 93.944999999999993
324.6545071800142 93.945999997585275
329.3767157259242 93.961500035224446
334.16761037677935 93.987000036555827
339.02819019498156 94.003999983999918
343.95946877463007 93.983000025612967
348.9624744528898 93.945499918476656
354.03825052443415 93.908999889944909
359.187855459007 93.850500138691586
364.4123631221491 93.791499951637533
369.71286299913527 93.774000002798630
375.0904604221685 93.777999984642065
380.54627680087896 93.760499950786851
386.08144985617537 93.737500004735764
391.6971338574982 93.716500037791519
397.3944998635236 93.690500005565156
403.1747359663683 93.668500027696695
409.0390475393468 93.640500078623916
414.9886574883323 93.609999980817449
421.0248065067734 93.605499998516578
427.1487533344206 93.600999954927019
433.3617750198154 93.570000061632271
439.6651671865984 93.535999978640149
446.06024430368984 93.516499996792845
452.54833995940066 93.511000000012473
459.13080713953053 93.515500019229222
465.8090185095106 93.530999993683054
472.58436670065066 93.572499884341227
479.45826460054917 93.662000179522636
486.432145647728 93.757999822582320
493.50746413055253 93.854999815138200
500.6856954904994 93.985499933747732
507.9683366298358 94.114500216612910
515.3569062237735 94.230499569232137
522.8529450371643 94.346499679560736
530.4580162458005 94.443500076152702
538.1737057623901 94.505999998343015
546.0016225672724 94.532999932017105
553.9433990439449 94.550499955303337
562.0006913194694 94.568500047399510
570.1751796098309 94.587000017712654
578.4685685703187 94.604500002434989
586.8825876510039 94.613999990758572
595.4189914573883 94.605500022067019
604.0795601162986 94.586000061886011
612.8660996471021 94.589000025172709
621.780442338323 94.611499960668539
630.8244471297356 94.635999954539784
640.0000000000159 94.658500000000032
649.3090143600314 94.675499988628559
658.7534314518515 94.693500035224446
668.3352207535618 94.719500045539178
678.0563803899662 94.749499948799752
687.9189375492632 94.789999967632298
697.9249489057827 94.841000129940511
708.0765010488715 94.904500178103575
718.3757109180171 94.982499836833455
728.8247262443015 95.063000149396089
739.425725998274 95.144000045897599
750.1809208443404 95.230000112231153
761.0925536017613 95.326500220805713
772.1628997123541 95.427499969521435
783.3942677149998 95.528499830622806
794.7889997270506 95.623999989648027
806.34947193274 95.713999884420602
818.0780950786972 95.796999799185812
829.9773149766683 95.863500106287063
842.0496130135506 95.933499943630011
854.2975066688449 96.022000152261938
866.7235500396347 96.105499859126240
879.3303343732008 96.180500076701293
892.1204886073838 96.261000034695599
905.0966799188055 96.342999999476291
918.2616142790653 96.437000133732596
931.6180370190256 96.541999960240389
945.1687334013056 96.648499779196896
958.9165292011028 96.743000155948991
972.8642912954606 96.829499827813564
987.0149282611097 96.924499820575349
1001.3713909810035 97.026999943231601
1015.9366732596762 97.123500162922554
1030.7138124475518 97.209999687337756
1045.7058900743334 97.306999709005382
1060.916032491606 97.415500112620236
1076.3474115247852 97.518499996900857
1092.0032451345498 97.621499653611011
1107.8867980878947 97.738999676966372
1124.0013826389438 97.841500194665940
1140.350359219667 97.920000091688991
1156.9371371406426 98.014000019854564
1173.765175302013 98.117500213899362
1190.837982914782 98.210999838464119
1208.1591202326028 98.302499687131913
1225.73219929421 98.396000123466223
1243.5608846766518 98.501499829044292
1261.648894259477 98.604999823404597
1280.0000000000375 98.693500000000171
1298.6180287200684 98.782499936746319
1317.5068629037087 98.867000115536214
1336.6704415071292 98.951000151255187
1356.112760779938 99.047999833223102
1375.8378750985323 99.145999922887910
1395.8498978115715 99.234000175419709
1416.153002097749 99.315500199194844
1436.7514218360407 99.403999807908264
1457.6494524886093 99.502000178546581
1478.8514519965543 99.598000050375447
1500.3618416886875 99.687500114593931
1522.1851072035295 99.787500235983444
1544.3257994247153 99.895499968041932
1566.788535430007 100.001499820357552
1589.5779994541087 100.104499983876551
1612.6989438654878 100.215999848383447
1636.156190157402 100.334499697507795
1659.9546299533442 100.448000181020205
1684.099226027109 100.555999925052731
1708.5950133376978 100.664000193202199
1733.4471000792773 100.779499792211254
1758.6606687464096 100.902500116458612
1784.2409772147755 101.028000046612789
1810.193359837619 101.141500003352405
1836.5232285581387 101.247000145618074
1863.2360740380593 101.358499957639324
1890.3374668026197 101.477999745550733
1917.833058402214 101.605000230296781
1945.7285825909298 101.730499754584883
1974.0298565222283 101.855499776077423
2002.7427819620161 101.986999925978495
2031.8733465193618 102.114500231898205
2061.4276248951132 102.239499532845855
2091.411780148677 102.375999605247898
2121.832064983222 102.514000146977338
2152.694823049581 102.645999995980361
2184.0064902691106 102.781999550018114
2215.7735961758003 102.925999612359703
2248.002765277899 103.069500350398712
2280.7007184393456 103.214000151078508
2313.874274281297 103.358000026972292
2347.530350604038 103.502000342144726
2381.6759658295764 103.654499732370226
2416.318240465218 103.807499485188416
2451.4643985884327 103.950500168078108
2487.1217693533167 104.088499779973731
2523.2977885189675 104.228499756962833
2560.0000000000887 104.360500000000286
2597.236057440151 104.482999914003500
2635.0137258074315 104.600500157805612
2673.340883014273 104.708000156134418
2712.225521559891 104.799499856340717
2751.6757501970797 104.869999947874433
2791.699795623158 104.925000102948388
2832.3060041955137 104.969000082021410
2873.502843672097 104.999999943625255
2915.2989049772345 105.019500018219048
2957.7029039931244 105.025499995172410
3000.723683377391 105.010999962931621
3044.370214407075 104.977499907276723
3088.6515988494466 104.934000012303272
3133.57707086003 104.879500099231038
3179.1559989082334 104.810000011472425
3225.3978877309914 104.727000113536462
3272.3123803148205 104.634000238943401
3319.9092599067053 104.537499832265652
3368.198452054235 104.436000071445051
3417.190026675413 104.328499799326266
3466.8942001585724 104.210500208904975
3517.3213374928373 104.090999890602092
3568.4819544295697 103.975999954967264
3620.386719675257 103.861499998545753
3673.0464571162966 103.748999852477993
3726.472148076138 103.638000040874289
3780.6749336052594 103.533000220611953
3835.6661168044484 103.434999829544068
3891.45716518188 103.342500178477792
3948.059713044477 103.257000149281680
4005.4855639240527 103.178000042854535
4063.746693038744 103.106499877452137
4122.855249790247 103.045500210628433
4182.823560297375 102.998000124064930
4243.664129966465 102.958999962426830
4305.389646099183 102.927500000889836
4368.012980538242 102.911000035610073
4431.5471923516225 102.910499991971207
4496.00553055582 102.923000051422108
4561.401436878714 102.947000032768486
4627.748548562617 102.980500008290932
4695.060701208099 103.024500120112251
4763.351931659176 103.080499897267217
4832.63648093046 103.148499756915228
4902.928797176889 103.227000106724176
4974.243538706657 103.317999851205286
5046.595577037959 103.420499817856808
5120.000000000202 103.530000000000300
5194.472114880326 103.641999919689255
5270.027451614888 103.761500167668487
5346.6817660285715 103.882500201686952
5424.451043119808 104.008999788639244
5503.351500394186 104.141499895748922
5583.399591246343 104.271000271608600
5664.612008391055 104.393000278872861
5747.005687344222 104.510999757124381
5830.597809954497 104.623000191299980
5915.405807986278 104.725000050421528
6001.447366754812 104.817000100779694
6088.740428814181 104.903000187654257
6177.303197698925 104.987499976088856
6267.154141720092 105.070499857076555
6358.3119978165005 105.151999987287340
6450.795775462017 105.236499885143360
6544.624760629676 105.330499750888833
6639.818519813445 105.438000193850868
6736.396904108505 105.555999914709005
6834.380053350861 105.681000230459972
6933.788400317181 105.818499754536717
7034.642674985712 105.969500146498135
7136.963908859177 106.121000055847531
7240.773439350552 106.252000001364195
7346.092914232631 106.345500067654228
7452.944296152315 106.378499994426221
7561.349867210557 106.331500144246249
7671.332233608935 106.196999635528869
7782.914330363799 105.974500482704826
7896.119426088994 105.659000607227853
8010.971127848146 105.246500238874120
8127.49338607753 104.746998966827107
8245.710499580537 104.187002113674595
8365.647120594791 103.598001676983088
8487.328259932974 103.008499365954933
8610.77929219841 102.438000021818979
8736.025961076528 101.904501688936335
8863.094384703289 101.427001237372153
8992.011061111683 101.019499147862177
9122.802873757471 100.691999724110403
9255.497097125279 100.453999966634001
9390.121402416245 100.315499875355187
9526.7038633184 100.289999993035067
9665.272961860968 100.385999565186438
9805.857594353829 100.610500406279698
9948.487077413367 100.984999341778092
10093.19115407597 101.519999006018821
10240.000000000457 102.172000000002015
10388.944229760706 102.786999589207142
10540.05490322983 103.128499994364077
10693.363532057198 102.981499032890810
10848.902086239672 102.233501484478637
11006.703000788428 100.930501113716076
11166.799182492743 99.287996201859812
11329.224016782166 97.559996089564322
11494.0113746885 95.922503335213676
11661.195619909053 94.443497533140729
11830.811615972614 93.127999348779753
12002.894733509682 91.963498773000424
12177.48085762842 90.945997993949476
12354.606395397908 90.073000232990751
12534.308283440243 89.348501184714507
12716.62399563306 88.768000081513946
12901.591550924093 88.317000559393819
13089.249521259411 87.971500810882134
13279.637039626952 87.752499853397921
13472.793808217073 87.712499994355198
13668.760106701786 87.859000474678851
13867.576800634426 88.179499364580977
14069.285349971487 88.685500628800639
14273.927817718419 89.399500356129522
14481.54687870117 90.337000019539346
14692.18582846533 91.497501717093172
14905.888592304698 92.826499495017558
15122.699734421185 94.183997161542322
15342.664467217943 95.356001645587469
15565.828660727671 96.147498660248061
15792.238852178061 96.484499599944087
16021.942255696367 96.412500086145371
16254.986772155136 96.089999079948058
16491.42099916115 95.492002613242676
16731.294241189662 94.193004355065185
16974.65651986603 91.871996757374063
17221.558584396902 88.796000123859429
17472.051922153143 85.502010643849999
17726.188769406665 82.310508447937991
17984.022122223458 79.254992666226741
18245.605747515034 76.272496886543038
18510.99419425065 73.315999403931400
18780.242804832582 70.266992666351172
19053.40772663689 66.947505913003084
19330.545923722028 63.310512582669830
19611.71518870775 59.905496643037395
19896.974154826825 57.297003885129598
20186.382308152035 55.199003446841587
