20 95.701499999999996
20.290906698750476 95.774499925708611
20.586044732869844 95.846500176860303
20.885475648548283 95.918000149982092
21.189261887185914 95.987499974468250
21.49746679841394 96.055499955683629
21.810154653305165 96.120000128142010
22.12739065777668 96.182000127170028
22.449240966187475 96.242999807968843
22.77577269513385 96.303500126355061
23.107053937445478 96.363499988711226
23.44315377638505 96.422000130250609
23.784142300054445 96.479500049617656
24.130090616010463 96.535999938066198
24.481070866093134 96.591999978711641
24.837156241469714 96.647000037566130
25.1984209978975 96.702499999681066
25.56494047120865 96.756499922372285
25.936791093020236 96.810000151201791
26.3140504066728 96.862999915377770
26.69679708340074 96.914500145605587
27.08511093873791 96.965999861119144
27.47907294916184 97.016999993442425
27.878765268980047 97.067000031954706
28.284271247461966 97.116000028976813
28.695675446220072 97.164000050428598
29.11306365684382 97.210999961497976
29.536522918790062 97.257499880428639
29.966141537533712 97.302000054459370
30.402009102982383 97.345999909773695
30.844216508158908 97.388499953454158
31.29285596815558 97.430499997029571
31.74802103936409 97.471000090355517
32.20980663898519 97.510499885469585
32.67830906482211 97.548999922432813
33.153626015361866 97.586000078187340
33.63585661014871 97.622999970195593
34.125101410453844 97.657999886694995
34.62146244024586 97.692499893543683
35.12504320746613 97.727000078273818
35.635948725613716 97.760000046363842
36.15428553564419 97.792500032712354
36.68016172818701 97.824500042463882
37.21368696608603 97.855499940141755
37.754972507267915 97.884999917565352
38.30413122794313 97.913500011086413
38.86127764614443 97.940499934626757
39.4265279456077 97.967499949816698
40.000000000000206 97.994000000000014
40.58181339750116 98.020499973172562
41.1720894657399 98.046500019513090
41.77095129709678 98.071500057850059
42.37852377437204 98.097499949749903
42.9949335968281 98.121499985010644
43.62030930661056 98.142000037202649
44.25478131555359 98.159000034869194
44.89848193237519 98.175999971905739
45.55154539026795 98.194000040012440
46.21410787489121 98.213999996048940
46.88630755277036 98.235000017082911
47.56828460010916 98.256500044099326
48.260181232021196 98.276000006302894
48.962141732186545 98.294499967607237
49.674312482939705 98.311999987701881
50.39684199579528 98.328999976457808
51.129880942417586 98.343999960844613
51.873582186040764 98.356500015776021
52.628100813345895 98.366499997535072
53.393594166801776 98.377000018094009
54.17022187747612 98.390499978397330
54.95814589832399 98.407500019173227
55.75753053796041 98.425000009985851
56.56854249492426 98.438500006036833
57.39135089244048 98.447000004291795
58.226127313687975 98.451499995904044
59.073045837580466 98.457499982191507
59.932283075067765 98.466500026279022
60.804018205965114 98.477499977443472
61.68843301631817 98.487499977651467
62.58571193631152 98.493999999575649
63.49604207872855 98.499000011294470
64.41961327797075 98.504499975906910
65.35661812964459 98.513999969477297
66.3072520307241 98.525500007508001
67.27171322029778 98.530999998870215
68.25020282090806 98.523500032372795
69.2429248804921 98.510500037572825
70.25008641493265 98.507000014231608
71.27189745122783 98.515500018264504
72.30857107128878 98.527500000680277
73.36032345637442 98.537000013862126
74.42737393217246 98.541999992276345
75.50994501453623 98.543499996331803
76.60826245588666 98.540999996066148
77.72255529228926 98.537000007635186
78.85305589121582 98.533500007434583
80.00000000000082 98.528999999999996
81.16362679500274 98.522000007222772
82.34417893148023 98.510999978960029
83.541902594194 98.498499981566482
84.75704754874454 98.484500028139990
85.98986719365665 98.469000010427351
87.24061861322157 98.452999968997844
88.50956263110764 98.438499977437573
89.79696386475084 98.429500016985926
91.10309078053635 98.422999983152664
92.42821574978288 98.413499992723558
93.77261510554118 98.399999986984426
95.13656920021877 98.382999960542705
96.52036246404286 98.366500006174647
97.92428346437356 98.356500012597195
99.34862496587989 98.354499999976127
100.79368399159105 98.358999991690979
102.25976188483567 98.363999988812736
103.74716437208203 98.361499982646379
105.25620162669229 98.347500015415321
106.78718833360406 98.322999953257124
108.34044375495276 98.291000047525870
109.9162917966485 98.252999952630802
111.51506107592134 98.209499968710958
113.13708498984903 98.162500000293079
114.78270178488147 98.120999966738566
116.45225462737648 98.093000005559617
118.14609167516147 98.079000021514091
119.86456615013608 98.073500003626719
121.60803641193078 98.079499979494074
123.3768660326369 98.097999964897554
125.17142387262359 98.122499984351037
126.99208415745765 98.144500025733379
128.83922655594208 98.155999972191225
130.71323625928977 98.153000021365898
132.61450406144883 98.134999971040529
134.5434264405962 98.106000008957920
136.50040564181674 98.069500123016724
138.48584976098482 98.025000126202428
140.50017282986593 97.971499864799597
142.5437949024563 97.915499953954765
144.61714214257822 97.870499998095255
146.7206469127495 97.848999981517153
148.8547478643456 97.844500001930925
151.01989002907314 97.842000012832045
153.216524911774 97.828499969840450
155.4451105845792 97.802000045811084
157.70611178243232 97.765500070628406
160.00000000000236 97.720499999999959
162.3272535900062 97.666000033806114
164.6883578629612 97.600499880233912
167.08380518838874 97.522999852980718
169.51409509748981 97.436000142400758
171.97973438731407 97.349500055395282
174.4812372264439 97.278499894592557
177.01912526221608 97.233999931654438
179.5939277295025 97.207000053029148
182.20618156107355 97.168999899820619
184.85643149956664 97.104499953542728
187.54523021108326 97.017499880680617
190.27313840043846 96.911999723798885
193.04072492808663 96.788500049397143
195.84856692874806 96.644500269939456
198.69724993176072 96.481500003986014
201.58736798318304 96.304000250655179
204.5195237696723 96.109500491399729
207.49432874416505 95.902499671858976
210.5124032533856 95.697000117057584
213.57437666720915 95.508499685084658
216.68088750990657 95.341500285269547
219.83258359329807 95.192999889300665
223.03012215184378 95.060499958663286
226.2741699796992 94.957000000567419
229.5654035697641 94.932000086531446
232.90450925475412 95.023999973091520
236.2921833503241 95.202499568009927
239.72913230027333 95.399500320964563
243.21607282386276 95.561999696512203
246.75373206527502 95.659999866276451
250.34284774524843 95.699499981847225
253.9841683149166 95.726500101348492
257.67845311188546 95.793499689097942
261.42647251858085 95.931999562530692
265.22900812289896 96.132500235966148
269.08685288119375 96.349999993402662
273.0008112836349 96.547999381679247
276.97169952197106 96.718499571437860
281.00034565973334 96.858500270400711
285.0875898049141 96.962500084894259
289.23428428515797 97.026500011037101
293.44129382550057 97.054000009241420
297.7094957286928 97.051000016974641
302.0397800581479 97.024500110019559
306.4330498235497 96.980999931813187
310.89022116916016 96.928000082459960
315.41222356486645 96.870000096659538
320.00000000000654 96.806499999999900
324.6545071800142 96.734000045276019
329.3767157259242 96.653999883054865
334.16761037677935 96.570499865961978
339.02819019498156 96.481000145600731
343.95946877463007 96.384000084522796
348.9624744528898 96.278999755429936
354.03825052443415 96.170499752937559
359.187855459007 96.062500216195716
364.4123631221491 95.958499827276910
369.71286299913527 95.860499946266259
375.0904604221685 95.763999886587527
380.54627680087896 95.667999794588638
386.08144985617537 95.572000019766648
391.6971338574982 95.477500170961633
397.3944998635236 95.379500019676811
403.1747359663683 95.276500144022819
409.0390475393468 95.170500262898713
414.9886574883323 95.063499811662211
421.0248065067734 94.955500080104770
427.1487533344206 94.848499816369326
433.3617750198154 94.734500207788827
439.6651671865984 94.603999868928213
446.06024430368984 94.469999954030683
452.54833995940066 94.342000000791842
459.13080713953053 94.213999822816476
465.8090185095106 94.083500049049292
472.58436670065066 93.944500298609952
479.45826460054917 93.805499773329998
486.432145647728 93.686000217479744
493.50746413055253 93.578000193923657
500.6856954904994 93.471500051150642
507.9683366298358 93.378499848185839
515.3569062237735 93.300000280935564
522.8529450371643 93.233500178331411
530.4580162458005 93.180499951734191
538.1737057623901 93.138500001196718
546.0016225672724 93.109000084169281
553.9433990439449 93.093500031550576
562.0006913194694 93.089500012473550
570.1751796098309 93.096000012503055
578.4685685703187 93.110000003371525
586.8825876510039 93.129500055448545
595.4189914573883 93.154999954168488
604.0795601162986 93.179999914047215
612.8660996471021 93.198000013185705
621.780442338323 93.207499986889516
630.8244471297356 93.214499989509179
640.0000000000159 93.219999999999999
649.3090143600314 93.216500004975003
658.7534314518515 93.197999967593518
668.3352207535618 93.177499991867990
678.0563803899662 93.178499988799956
687.9189375492632 93.194999985697990
697.9249489057827 93.215500049810530
708.0765010488715 93.240500082021384
718.3757109180171 93.279999910258397
728.8247262443015 93.336000114779921
739.425725998274 93.399500035262776
750.1809208443404 93.461000061431790
761.0925536017613 93.507500044607212
772.1628997123541 93.516500000591819
783.3942677149998 93.499500030795843
794.7889997270506 93.500999999109496
806.34947193274 93.513999987013563
818.0780950786972 93.502500045755127
829.9773149766683 93.474999960142355
842.0496130135506 93.454500012609074
854.2975066688449 93.447000003500264
866.7235500396347 93.451499987673543
879.3303343732008 93.465500020388959
892.1204886073838 93.488500013010849
905.0966799188055 93.519999999794265
918.2616142790653 93.557500053233369
931.6180370190256 93.598999984393430
945.1687334013056 93.643999903267229
958.9165292011028 93.691000088854651
972.8642912954606 93.741499897083969
987.0149282611097 93.799499893070163
1001.3713909810035 93.862499964380618
1015.9366732596762 93.931500135151666
1030.7138124475518 94.006499716764793
1045.7058900743334 94.084999774621821
1060.916032491606 94.166500090096193
1076.3474115247852 94.250999997391801
1092.0032451345498 94.335999721593893
1107.8867980878947 94.424999757724777
1124.0013826389438 94.521000248199073
1140.350359219667 94.623000107317779
1156.9371371406426 94.726500020041868
1173.765175302013 94.835500256679239
1190.837982914782 94.948999801591796
1208.1591202326028 95.062499611493479
1225.73219929421 95.178500141446733
1243.5608846766518 95.295999814797995
1261.648894259477 95.413499795429090
1280.0000000000375 95.532000000000238
1298.6180287200684 95.649999916135584
1317.5068629037087 95.766500164850441
1336.6704415071292 95.884000196794389
1356.112760779938 96.005999796895452
1375.8378750985323 96.129999900396882
1395.8498978115715 96.254000266378085
1416.153002097749 96.377500292933576
1436.7514218360407 96.502999736917815
1457.6494524886093 96.634000242313220
1478.8514519965543 96.766000071645067
1500.3618416886875 96.892500151216751
1522.1851072035295 97.022000290609242
1544.3257994247153 97.157499959164696
1566.788535430007 97.295999762187620
1589.5779994541087 97.433999978450402
1612.6989438654878 97.571499816181699
1636.156190157402 97.707499654294622
1659.9546299533442 97.846500234163742
1684.099226027109 97.986999901938134
1708.5950133376978 98.126000235946051
1733.4471000792773 98.264999753470974
1758.6606687464096 98.409000136955314
1784.2409772147755 98.556500058858518
1810.193359837619 98.706500004884944
1836.5232285581387 98.861500215087247
1863.2360740380593 99.024499938688479
1890.3374668026197 99.199499625686201
1917.833058402214 99.385500351791933
1945.7285825909298 99.581999606148315
1974.0298565222283 99.787499632127194
2002.7427819620161 99.999999881454272
2031.8733465193618 100.215500407235879
2061.4276248951132 100.432499198113362
2091.411780148677 100.652999374035943
2121.832064983222 100.872500242015320
2152.694823049581 101.091999993249459
2184.0064902691106 101.312999284561158
2215.7735961758003 101.535999397003962
2248.002765277899 101.759000540198016
2280.7007184393456 101.980500231306394
2313.874274281297 102.202000041020355
2347.530350604038 102.420000490407432
2381.6759658295764 102.633499633951544
2416.318240465218 102.841999290855568
2451.4643985884327 103.043000239235255
2487.1217693533167 103.235999697661754
2523.2977885189675 103.421999680030211
2560.0000000000887 103.600000000000406
2597.236057440151 103.765999884153473
2635.0137258074315 103.919500200074964
2673.340883014273 104.058000206552819
2712.225521559891 104.180999803500512
2751.6757501970797 104.286999921422648
2791.699795623158 104.376000166469765
2832.3060041955137 104.448500147638555
2873.502843672097 104.506499889338471
2915.2989049772345 104.543000038259990
2957.7029039931244 104.558500000536398
3000.723683377391 104.556499981465805
3044.370214407075 104.534999916107523
3088.6515988494466 104.491500013396902
3133.57707086003 104.427500116339843
3179.1559989082334 104.346000013177786
3225.3978877309914 104.247500135979735
3272.3123803148205 104.135500292324366
3319.9092599067053 104.011499782443579
3368.198452054235 103.879000093859176
3417.190026675413 103.739999754347650
3466.8942001585724 103.596500252426836
3517.3213374928373 103.453499866819925
3568.4819544295697 103.315999947856824
3620.386719675257 103.185999998404185
3673.0464571162966 103.063499845892196
3726.472148076138 102.948500041989064
3780.6749336052594 102.845500212126865
3835.6661168044484 102.755499854931131
3891.45716518188 102.679000143174505
3948.059713044477 102.618500099521128
4005.4855639240527 102.572500023375198
4063.746693038744 102.538999952866206
4122.855249790247 102.518000062819013
4182.823560297375 102.513499997180347
4243.664129966465 102.528500036468074
4305.389646099183 102.566499998680584
4368.012980538242 102.627999779864993
4431.5471923516225 102.717999740402462
4496.00553055582 102.839500364852057
4561.401436878714 102.998000197667963
4627.748548562617 103.194000045094583
4695.060701208099 103.425000584697415
4763.351931659176 103.692499517678272
4832.63648093046 103.999498914677858
4902.928797176889 104.346000457216107
4974.243538706657 104.731999374745641
5046.595577037959 105.155499252345606
5120.000000000202 105.603500000001247
5194.472114880326 106.064499670939114
5270.027451614888 106.523000615723760
5346.6817660285715 106.946000601833831
5424.451043119808 107.297499455085585
5503.351500394186 107.547999828841512
5583.399591246343 107.658999962763346
5664.612008391055 107.597499545366929
5747.005687344222 107.361000579164937
5830.597809954497 106.963499087225813
5915.405807986278 106.432999673332887
6001.447366754812 105.805999223880463
6088.740428814181 105.128498467858194
6177.303197698925 104.432000198974919
6267.154141720092 103.735501196768496
6358.3119978165005 103.052500105111989
6450.795775462017 102.391500864725259
6544.624760629676 101.752501611596699
6639.818519813445 101.128998967242808
6736.396904108505 100.512000437827098
6834.380053350861 99.892498918213988
6933.788400317181 99.260501105455219
7034.642674985712 98.628499429228043
7136.963908859177 98.054499808175848
7240.773439350552 97.626499996177671
7346.092914232631 97.354499663055350
7452.944296152315 97.075000113333175
7561.349867210557 96.651500973662181
7671.332233608935 96.142999063309190
7782.914330363799 95.626001024516356
7896.119426088994 95.080000992996133
8010.971127848146 94.496500324890718
8127.49338607753 93.892998870674148
8245.710499580537 93.299002176493588
8365.647120594791 92.731501578004327
8487.328259932974 92.202499455905965
8610.77929219841 91.717000018408555
8736.025961076528 91.275501388609229
8863.094384703289 90.890000990434544
8992.011061111683 90.588499493124914
9122.802873757471 90.423999976744938
9255.497097125279 90.454500037208135
9390.121402416245 90.678500707076040
9526.7038633184 90.996999434099166
9665.272961860968 91.271499154339011
9805.857594353829 91.396499974531721
9948.487077413367 91.324500195558670
10093.19115407597 91.053500551633533
10240.000000000457 90.610499999998311
10388.944229760706 90.037500425007153
10540.05490322983 89.399499089799434
10693.363532057198 88.756998979432510
10848.902086239672 88.133001020475859
11006.703000788428 87.540000455682417
11166.799182492743 87.007998957373275
11329.224016782166 86.551999079072530
11494.0113746885 86.178500734912873
11661.195619909053 85.895499615578075
11830.811615972614 85.709499940354505
12002.894733509682 85.625999996507588
12177.48085762842 85.651000246627518
12354.606395397908 85.792499952285723
12534.308283440243 86.054499495463162
12716.62399563306 86.434999938827161
12901.591550924093 86.926499316001866
13089.249521259411 87.501998500249343
13279.637039626952 88.105500952913445
13472.793808217073 88.648499637321891
13668.760106701786 89.025500338810616
13867.576800634426 89.156999885102323
14069.285349971487 89.044999754567982
14273.927817718419 88.749499840551110
14481.54687870117 88.330499991605848
14692.18582846533 87.850999391945450
14905.888592304698 87.420000149376705
15122.699734421185 87.156500444501205
15342.664467217943 87.101000136676703
15565.828660727671 87.206499732049622
15792.238852178061 87.383499699958065
16021.942255696367 87.307500114860488
16254.986772155136 86.426996776047503
16491.42099916115 84.431008422909343
16731.294241189662 81.383509287035110
16974.65651986603 77.576995846893823
17221.558584396902 74.093500123278119
17472.051922153143 72.519003387560275
17726.188769406665 72.467999539008460
17984.022122223458 73.026502380109378
18245.605747515034 74.141501328169554
18510.99419425065 75.253000098054571
18780.242804832582 75.503499175077820
19053.40772663689 75.049000946984037
19330.545923722028 74.572001528799518
19611.71518870775 74.085999182589319
19896.974154826825 73.331001326242685
20186.382308152035 72.345001762451460
