20 101.832999999999998
20.290906698750476 101.785969926935095
20.586044732869844 101.741116541792934
20.885475648548283 101.698557616455659
21.189261887185914 101.659378181550537
21.49746679841394 101.630042808462093
21.810154653305165 101.609669942917861
22.12739065777668 101.601748378455568
22.449240966187475 101.597917931996591
22.77577269513385 101.598384006056591
23.107053937445478 101.603319509709678
23.44315377638505 101.612510400472146
23.784142300054445 101.626976937127665
24.130090616010463 101.645522281394918
24.481070866093134 101.669353983354455
24.837156241469714 101.697158234385711
25.1984209978975 101.729105916058160
25.56494047120865 101.762963207833835
25.936791093020236 101.797995183861005
26.3140504066728 101.833264480815487
26.69679708340074 101.866727752089048
27.08511093873791 101.899117342939121
27.47907294916184 101.930128130130370
27.878765268980047 101.961104308345938
28.284271247461966 101.992957428549488
28.695675446220072 102.025262684805170
29.11306365684382 102.057592837920126
29.536522918790062 102.089775741828049
29.966141537533712 102.122426756852562
30.402009102982383 102.155650682221406
30.844216508158908 102.188816190152409
31.29285596815558 102.222705267571854
31.74802103936409 102.257101577952312
32.20980663898519 102.291525691284903
32.67830906482211 102.326194870796840
33.153626015361866 102.361214699121419
33.63585661014871 102.396553389150995
34.125101410453844 102.432507301552675
34.62146244024586 102.468002370817203
35.12504320746613 102.503127981315160
35.635948725613716 102.537972615890510
36.15428553564419 102.571874274281242
36.68016172818701 102.605170027147594
37.21368696608603 102.637821217965154
37.754972507267915 102.669205590825513
38.30413122794313 102.699623032308921
38.86127764614443 102.728862246327338
39.4265279456077 102.756418232871169
40.000000000000206 102.782000000000011
40.58181339750116 102.805272613475410
41.1720894657399 102.825546360680960
41.77095129709678 102.843628566008121
42.37852377437204 102.859376330089106
42.9949335968281 102.872398704932237
43.62030930661056 102.884472583513798
44.25478131555359 102.894321692845182
44.89848193237519 102.902315618596447
45.55154539026795 102.907831362749775
46.21410787489121 102.912023511536518
46.88630755277036 102.913000000000011
47.56828460010916 102.912707352131889
48.260181232021196 102.909398197679792
48.962141732186545 102.902004110197709
49.674312482939705 102.892885329040325
50.39684199579528 102.881551309507472
51.129880942417586 102.868873629821337
51.873582186040764 102.854795210990346
52.628100813345895 102.840205555748355
53.393594166801776 102.825128106824096
54.17022187747612 102.809595553028259
54.95814589832399 102.793509848520642
55.75753053796041 102.777349395302537
56.56854249492426 102.761129150101510
57.39135089244048 102.744672982151187
58.226127313687975 102.728316644696775
59.073045837580466 102.712758220761131
59.932283075067765 102.698151187723852
60.804018205965114 102.684942582853949
61.68843301631817 102.672173508793065
62.58571193631152 102.659196467996310
63.49604207872855 102.647051452976527
64.41961327797075 102.636303867220292
65.35661812964459 102.628181982157315
66.3072520307241 102.622310113831020
67.27171322029778 102.616733864068067
68.25020282090806 102.610748985895455
69.2429248804921 102.605785375597534
70.25008641493265 102.601374783962669
71.27189745122783 102.599092153823165
72.30857107128878 102.597228572321782
73.36032345637442 102.593878544446312
74.42737393217246 102.588863130339135
75.50994501453623 102.584300179035324
76.60826245588666 102.581214875935103
77.72255529228926 102.579585597991809
78.85305589121582 102.580088421706421
80.00000000000082 102.581999999999994
81.16362679500274 102.585393919970215
82.34417893148023 102.588580482706703
83.541902594194 102.591805115895653
84.75704754874454 102.594892617353409
85.98986719365665 102.597974674170828
87.24061861322157 102.602102143425441
88.50956263110764 102.607541438068125
89.79696386475084 102.613120176747259
91.10309078053635 102.619055845383741
92.42821574978288 102.626113470313896
93.77261510554118 102.632863060843732
95.13656920021877 102.637898327829788
96.52036246404286 102.642232172018225
97.92428346437356 102.647795041283800
99.34862496587989 102.654014523629925
100.79368399159105 102.659910174635826
102.25976188483567 102.664779285654504
103.74716437208203 102.668334220186978
105.25620162669229 102.670302688153384
106.78718833360406 102.672049584444807
108.34044375495276 102.675241183346543
109.9162917966485 102.679863415443805
111.51506107592134 102.683307231098127
113.13708498984903 102.684947569245594
114.78270178488147 102.685090541149322
116.45225462737648 102.682359533440504
118.14609167516147 102.678466203083985
119.86456615013608 102.672187156903078
121.60803641193078 102.665179841549104
123.3768660326369 102.656943488838380
125.17142387262359 102.648200021927750
126.99208415745765 102.640195691422662
128.83922655594208 102.632064088204302
130.71323625928977 102.622158608343753
132.61450406144883 102.604089691108982
134.5434264405962 102.575984460001209
136.50040564181674 102.548119828066831
138.48584976098482 102.522683953107190
140.50017282986593 102.495247321137072
142.5437949024563 102.463571179011922
144.61714214257822 102.426987155897947
146.7206469127495 102.387995967422853
148.8547478643456 102.351553084597597
151.01989002907314 102.319129495604614
153.216524911774 102.291548140917556
155.4451105845792 102.269795203791034
157.70611178243232 102.254010663444319
160.00000000000236 102.242999999999995
162.3272535900062 102.232760084203974
164.6883578629612 102.214930808668896
167.08380518838874 102.187077576701654
169.51409509748981 102.150982935498661
171.97973438731407 102.109844515415659
174.4812372264439 102.065337729924011
177.01912526221608 102.022886345699646
179.5939277295025 101.987778939516460
182.20618156107355 101.959996948077048
184.85643149956664 101.937677261703556
187.54523021108326 101.917692434564628
190.27313840043846 101.898814892796494
193.04072492808663 101.876025330661605
195.84856692874806 101.849344617326764
198.69724993176072 101.819090800764286
201.58736798318304 101.784922461540731
204.5195237696723 101.745720159301356
207.49432874416505 101.699345466139889
210.5124032533856 101.646020539812369
213.57437666720915 101.588980437489823
216.68088750990657 101.528387582618080
219.83258359329807 101.463099452744103
223.03012215184378 101.390943486314541
226.2741699796992 101.314798948817170
229.5654035697641 101.233792478017534
232.90450925475412 101.148450929127975
236.2921833503241 101.057184095378830
239.72913230027333 100.965245710967693
243.21607282386276 100.874409115682539
246.75373206527502 100.782872182811005
250.34284774524843 100.688414534750919
253.9841683149166 100.591919539654697
257.67845311188546 100.491721959340111
261.42647251858085 100.392198478257598
265.22900812289896 100.292874032712461
269.08685288119375 100.189611545767178
273.0008112836349 100.082227892520947
276.97169952197106 99.973656800705555
281.00034565973334 99.861390114131609
285.0875898049141 99.744494931579453
289.23428428515797 99.625899469444477
293.44129382550057 99.504546608443036
297.7094957286928 99.378757027284948
302.0397800581479 99.249306598255558
306.4330498235497 99.117914013597442
310.89022116916016 98.984293364925207
315.41222356486645 98.849215737766968
320.00000000000654 98.712499999999807
324.6545071800142 98.575192038189584
329.3767157259242 98.435449214512630
334.16761037677935 98.294472254922681
339.02819019498156 98.151974027287039
343.95946877463007 98.008675405535726
348.9624744528898 97.864380735756768
354.03825052443415 97.719813685106061
359.187855459007 97.574402476056008
364.4123631221491 97.427071359955391
369.71286299913527 97.275240831924805
375.0904604221685 97.120883109215839
380.54627680087896 96.963054135403141
386.08144985617537 96.802637954170905
391.6971338574982 96.640076688998647
397.3944998635236 96.476735653862278
403.1747359663683 96.315430199594346
409.0390475393468 96.154179446629570
414.9886574883323 95.994547740931267
421.0248065067734 95.841824355799304
427.1487533344206 95.693967108307504
433.3617750198154 95.544046068259576
439.6651671865984 95.389845618436880
446.06024430368984 95.242406556647822
452.54833995940066 95.114129880730786
459.13080713953053 95.006562604642923
465.8090185095106 94.908856322657726
472.58436670065066 94.814801230483880
479.45826460054917 94.725771692493140
486.432145647728 94.646576041569304
493.50746413055253 94.570312351163324
500.6856954904994 94.489000205572665
507.9683366298358 94.409346318111176
515.3569062237735 94.327268111918102
522.8529450371643 94.238051423294735
530.4580162458005 94.144746170912128
538.1737057623901 94.047828677970131
546.0016225672724 93.950051262378196
553.9433990439449 93.852786523673899
562.0006913194694 93.760392533749723
570.1751796098309 93.672291998804155
578.4685685703187 93.591431456439409
586.8825876510039 93.521783428174530
595.4189914573883 93.461776555526981
604.0795601162986 93.408542529331285
612.8660996471021 93.362017080310707
621.780442338323 93.322925278717065
630.8244471297356 93.292562549245119
640.0000000000159 93.270999999999987
649.3090143600314 93.260294633485955
658.7534314518515 93.253372597983713
668.3352207535618 93.248749150660899
678.0563803899662 93.245583085882998
687.9189375492632 93.248563521897168
697.9249489057827 93.261387423358670
708.0765010488715 93.282672127359959
718.3757109180171 93.313383489391754
728.8247262443015 93.353798904977197
739.425725998274 93.399973194392402
750.1809208443404 93.448336758905072
761.0925536017613 93.498803060408150
772.1628997123541 93.556159783110772
783.3942677149998 93.622334175641726
794.7889997270506 93.696042873168977
806.34947193274 93.776239987520768
818.0780950786972 93.862085713090238
829.9773149766683 93.952287038282066
842.0496130135506 94.045890702481699
854.2975066688449 94.143238178906500
866.7235500396347 94.243106725315556
879.3303343732008 94.342993124829633
892.1204886073838 94.442327762276861
905.0966799188055 94.541225099391042
918.2616142790653 94.637794625227158
931.6180370190256 94.733344418674562
945.1687334013056 94.829181133809129
958.9165292011028 94.923186572107454
972.8642912954606 95.019214324353186
987.0149282611097 95.119952948329484
1001.3713909810035 95.220825458670816
1015.9366732596762 95.319931823049785
1030.7138124475518 95.421190767512485
1045.7058900743334 95.519801521742451
1060.916032491606 95.620637417693757
1076.3474115247852 95.724027657216055
1092.0032451345498 95.829021904658219
1107.8867980878947 95.936303272739281
1124.0013826389438 96.045731631848369
1140.350359219667 96.156375266561980
1156.9371371406426 96.264591391414172
1173.765175302013 96.374414933288591
1190.837982914782 96.489239539178058
1208.1591202326028 96.605034281511919
1225.73219929421 96.718986333541210
1243.5608846766518 96.833718936285464
1261.648894259477 96.947499737359394
1280.0000000000375 97.061000000000234
1298.6180287200684 97.171910256803841
1317.5068629037087 97.283789118551141
1336.6704415071292 97.393438277628306
1356.112760779938 97.505148374484634
1375.8378750985323 97.618567781816552
1395.8498978115715 97.732844417525953
1416.153002097749 97.847764461852279
1436.7514218360407 97.964483104465444
1457.6494524886093 98.084213835384162
1478.8514519965543 98.205760015020985
1500.3618416886875 98.324497366121548
1522.1851072035295 98.444961791763490
1544.3257994247153 98.571043572709371
1566.788535430007 98.700873505494030
1589.5779994541087 98.835093316757408
1612.6989438654878 98.973701620947537
1636.156190157402 99.116499007566446
1659.9546299533442 99.264015076107000
1684.099226027109 99.417644969176209
1708.5950133376978 99.579446090696337
1733.4471000792773 99.751819120570786
1758.6606687464096 99.937340722597497
1784.2409772147755 100.136058178629611
1810.193359837619 100.345901019455482
1836.5232285581387 100.567830230171154
1863.2360740380593 100.804712995227106
1890.3374668026197 101.058319433296987
1917.833058402214 101.322410682997344
1945.7285825909298 101.592981822783841
1974.0298565222283 101.874317968091844
2002.7427819620161 102.166293523881762
2031.8733465193618 102.461545689613502
2061.4276248951132 102.762228330167915
2091.411780148677 103.071258979501636
2121.832064983222 103.377954236835578
2152.694823049581 103.678028986564101
2184.0064902691106 103.978461495299825
2215.7735961758003 104.277285954291528
2248.002765277899 104.577525578820570
2280.7007184393456 104.880873372100552
2313.874274281297 105.190493226625449
2347.530350604038 105.503447915597420
2381.6759658295764 105.824108826662368
2416.318240465218 106.155514961838193
2451.4643985884327 106.497546191219570
2487.1217693533167 106.849717693533165
2523.2977885189675 107.218467221745357
2560.0000000000887 107.603250000000941
2597.236057440151 108.004303927533641
2635.0137258074315 108.419902585225941
2673.340883014273 108.845583801458417
2712.225521559891 109.276462438596127
2751.6757501970797 109.708953517780557
2791.699795623158 110.135225338714889
2832.3060041955137 110.537014360780404
2873.502843672097 110.905718801535443
2915.2989049772345 111.228931739999069
2957.7029039931244 111.494510387408297
3000.723683377391 111.691481083245606
3044.370214407075 111.805263973983472
3088.6515988494466 111.846662899712356
3133.57707086003 111.831959489768977
3179.1559989082334 111.763478282041604
3225.3978877309914 111.653893872107858
3272.3123803148205 111.506067926079240
3319.9092599067053 111.325672941783438
3368.198452054235 111.121016888358668
3417.190026675413 110.899222575425824
3466.8942001585724 110.667948795267392
3517.3213374928373 110.434109353908440
3568.4819544295697 110.193341077370945
3620.386719675257 109.950648159871093
3673.0464571162966 109.723622777821333
3726.472148076138 109.518111938041329
3780.6749336052594 109.332306465782921
3835.6661168044484 109.161888162291902
3891.45716518188 109.021562451164641
3948.059713044477 108.897744377715199
4005.4855639240527 108.802234471160347
4063.746693038744 108.732377314872878
4122.855249790247 108.692286187552440
4182.823560297375 108.678342860893252
4243.664129966465 108.685730644353072
4305.389646099183 108.717887466122875
4368.012980538242 108.789632135141403
4431.5471923516225 108.899267963812832
4496.00553055582 109.022744071829209
4561.401436878714 109.163363448508917
4627.748548562617 109.324921081119058
4695.060701208099 109.509891186377885
4763.351931659176 109.711772471905135
4832.63648093046 109.930447657451907
4902.928797176889 110.162841059154346
4974.243538706657 110.398362226441748
5046.595577037959 110.621995508757379
5120.000000000202 110.820571428571924
5194.472114880326 110.971373227150281
5270.027451614888 111.049581201412650
5346.6817660285715 111.039365091043749
5424.451043119808 110.927327883956963
5503.351500394186 110.701726541573237
5583.399591246343 110.366164313844351
5664.612008391055 109.927119092548580
5747.005687344222 109.418642691021915
5830.597809954497 108.858345220816247
5915.405807986278 108.269160721615151
6001.447366754812 107.672965471502678
6088.740428814181 107.101621499524015
6177.303197698925 106.568566795956826
6267.154141720092 106.085898017384778
6358.3119978165005 105.673506489192533
6450.795775462017 105.333421687503062
6544.624760629676 105.061545603213219
6639.818519813445 104.844154793764716
6736.396904108505 104.675180365207012
6834.380053350861 104.554729852250972
6933.788400317181 104.481639929865196
7034.642674985712 104.454366066874641
7136.963908859177 104.467273992202053
7240.773439350552 104.503420977330478
7346.092914232631 104.539062299415832
7452.944296152315 104.537440318558112
7561.349867210557 104.448323914880220
7671.332233608935 104.241049034278120
7782.914330363799 103.895873657423778
7896.119426088994 103.394559571147923
8010.971127848146 102.735861991038718
8127.49338607753 101.960479930977016
8245.710499580537 101.116136931842078
8365.647120594791 100.247058375687772
8487.328259932974 99.385441365306420
8610.77929219841 98.557009804959790
8736.025961076528 97.780601578290003
8863.094384703289 97.062174990064221
8992.011061111683 96.404270218126712
9122.802873757471 95.810950209225354
9255.497097125279 95.290577300280290
9390.121402416245 94.830370617449233
9526.7038633184 94.411450320028365
9665.272961860968 94.037800130875354
9805.857594353829 93.727444755234529
9948.487077413367 93.498966799362620
10093.19115407597 93.373910847292649
10240.000000000457 93.352000000000061
10388.944229760706 93.439461516967484
10540.05490322983 93.645525859885510
10693.363532057198 93.963582782749086
10848.902086239672 94.404266793722186
11006.703000788428 94.976974468687544
11166.799182492743 95.692440393795806
11329.224016782166 96.589230629271384
11494.0113746885 97.608697750611867
11661.195619909053 98.657403453884470
11830.811615972614 99.496104559636223
12002.894733509682 99.848544021515025
12177.48085762842 99.696552750929229
12354.606395397908 98.788038836937318
12534.308283440243 97.540661401140454
12716.62399563306 96.060629956041822
12901.591550924093 94.562815339134971
13089.249521259411 93.067181315562493
13279.637039626952 91.626830555303670
13472.793808217073 90.268601330151029
13668.760106701786 89.009861664324120
13867.576800634426 87.887919750807242
14069.285349971487 86.974497727351647
14273.927817718419 86.244947329833849
14481.54687870117 85.838377767043724
14692.18582846533 85.826102954503455
14905.888592304698 86.095763498179551
15122.699734421185 86.471933130456648
15342.664467217943 86.698297302541050
15565.828660727671 86.500907500673705
15792.238852178061 85.672002390651699
16021.942255696367 84.157360590196078
16254.986772155136 82.204164341240286
16491.42099916115 80.339171158616850
16731.294241189662 78.757447897172483
16974.65651986603 77.278973246088654
17221.558584396902 76.020422663859463
17472.051922153143 75.008500569003985
17726.188769406665 73.998768697761477
17984.022122223458 72.533566452259436
18245.605747515034 70.248214309175836
18510.99419425065 67.772758564609418
18780.242804832582 66.287581222408832
19053.40772663689 66.731728745540408
19330.545923722028 68.140890541109357
19611.71518870775 68.945028061736139
19896.974154826825 69.125384723664851
20186.382308152035 69.069381042176673
