20 90.863500000000002
20.290906698750476 90.876499986586282
20.586044732869844 90.889500031933110
20.885475648548283 90.902500025711220
21.189261887185914 90.914499995559694
21.49746679841394 90.926499992179458
21.810154653305165 90.937500022734866
22.12739065777668 90.947500020511285
22.449240966187475 90.957499967994806
22.77577269513385 90.966500018953241
23.107053937445478 90.975499998306674
23.44315377638505 90.985000025136088
23.784142300054445 90.995500010445824
24.130090616010463 91.006999987834433
24.481070866093134 91.018999995438207
24.837156241469714 91.031500008720712
25.1984209978975 91.044499999924625
25.56494047120865 91.057999981311838
25.936791093020236 91.072000037800450
26.3140504066728 91.085499978060895
26.69679708340074 91.098500036401390
27.08511093873791 91.111499964599005
27.47907294916184 91.122499998457045
27.878765268980047 91.133500006657215
28.284271247461966 91.144000006036833
28.695675446220072 91.154500011802440
29.11306365684382 91.165499990988891
29.536522918790062 91.177999969471159
29.966141537533712 91.192000017327985
30.402009102982383 91.205999971291632
30.844216508158908 91.220499983376484
31.29285596815558 91.235999998868408
31.74802103936409 91.251000031624443
32.20980663898519 91.265499955949849
32.67830906482211 91.279999972155366
33.153626015361866 91.296000033810742
33.63585661014871 91.312499986306079
34.125101410453844 91.328999948203432
34.62146244024586 91.342999959296108
35.12504320746613 91.350500002371945
35.635948725613716 91.349999992975171
36.15428553564419 91.343999991821917
36.68016172818701 91.335999991781193
37.21368696608603 91.332000003861822
37.754972507267915 91.335999980765251
38.30413122794313 91.351000008212168
38.86127764614443 91.371499949154142
39.4265279456077 91.394499959109893
40.000000000000206 91.414000000000016
40.58181339750116 91.429499985554457
41.1720894657399 91.440500008585758
41.77095129709678 91.450500017140754
42.37852377437204 91.458999981909969
42.9949335968281 91.465999996089735
43.62030930661056 91.468500004133631
44.25478131555359 91.468999997948870
44.89848193237519 91.468000001652598
45.55154539026795 91.470000010529589
46.21410787489121 91.476499998494830
46.88630755277036 91.488000010575149
47.56828460010916 91.501000027852200
48.260181232021196 91.512000002985587
48.962141732186545 91.520499985603209
49.674312482939705 91.526499995659492
50.39684199579528 91.532499991690997
51.129880942417586 91.540499974828677
51.873582186040764 91.551000018931219
52.628100813345895 91.562999997042084
53.393594166801776 91.573500010554852
54.17022187747612 91.579999991358932
54.95814589832399 91.583500001127845
55.75753053796041 91.585000001331451
56.56854249492426 91.587000001207372
57.39135089244048 91.590000002145899
58.226127313687975 91.592499997542419
59.073045837580466 91.595999989823724
59.932283075067765 91.601000016723020
60.804018205965114 91.607499987696443
61.68843301631817 91.610499995530290
62.58571193631152 91.605000000565795
63.49604207872855 91.591499968375487
64.41961327797075 91.577500056217218
65.35661812964459 91.563000045784065
66.3072520307241 91.548999984983993
67.27171322029778 91.534499997062568
68.25020282090806 91.521500042084625
69.2429248804921 91.511500028179626
70.25008641493265 91.508000011859679
71.27189745122783 91.517000030909173
72.30857107128878 91.544500003061188
73.36032345637442 91.597500173276643
74.42737393217246 91.679999826218051
75.50994501453623 91.791499563483271
76.60826245588666 91.929000180957132
77.72255529228926 92.058999813701391
78.85305589121582 92.147499858743046
80.00000000000082 92.192500000000010
81.16362679500274 92.210999984522630
82.34417893148023 92.217500004855367
83.541902594194 92.220000001316677
84.75704754874454 92.220000002009996
85.98986719365665 92.218500001955135
87.24061861322157 92.213999985532325
88.50956263110764 92.206999985642085
89.79696386475084 92.199500019412497
91.10309078053635 92.191499983152653
92.42821574978288 92.182999995522195
93.77261510554118 92.173999992678745
95.13656920021877 92.164499976789813
96.52036246404286 92.155000003473248
97.92428346437356 92.145500016196394
99.34862496587989 92.137000000214812
100.79368399159105 92.127000012463526
102.25976188483567 92.118500025171315
103.74716437208203 92.111999985801589
105.25620162669229 92.102000009974631
106.78718833360406 92.087999977382481
108.34044375495276 92.073500020162498
109.9162917966485 92.059499984210277
111.51506107592134 92.044499988682674
113.13708498984903 92.026000000124711
114.78270178488147 92.001999975322164
116.45225462737648 91.979500004892458
118.14609167516147 91.957000043028174
119.86456615013608 91.930999952852645
121.60803641193078 91.905000053315405
123.3768660326369 91.880000040117068
125.17142387262359 91.854500015648966
126.99208415745765 91.826499948533240
128.83922655594208 91.797500097330712
130.71323625928977 91.770500079359024
132.61450406144883 91.741499965677662
134.5434264405962 91.708000010113807
136.50040564181674 91.674000106830306
138.48584976098482 91.643500078876514
140.50017282986593 91.612499912238334
142.5437949024563 91.572999954875669
144.61714214257822 91.520999996054456
146.7206469127495 91.461999865999374
148.8547478643456 91.404000111992787
151.01989002907314 91.344000202104951
153.216524911774 91.265499875427921
155.4451105845792 91.167500154230652
157.70611178243232 91.065500189581513
160.00000000000236 90.969499999999911
162.3272535900062 90.881000051916530
164.6883578629612 90.799999883470832
167.08380518838874 90.734499934273742
169.51409509748981 90.712500009600049
171.97973438731407 90.762499954380360
174.4812372264439 90.904000477433698
177.01912526221608 91.170000915342385
179.5939277295025 91.581999084227448
182.20618156107355 92.121001041520032
184.85643149956664 92.734500350948252
187.54523021108326 93.357000707646677
190.27313840043846 93.940501225497357
193.04072492808663 94.444999814374796
195.84856692874806 94.842999334149312
198.69724993176072 95.135499993579401
201.58736798318304 95.344999734111639
204.5195237696723 95.494499660934196
207.49432874416505 95.602000127785686
210.5124032533856 95.675499961941881
213.57437666720915 95.719000038448968
216.68088750990657 95.731499992956316
219.83258359329807 95.712499969883268
223.03012215184378 95.671999982182456
226.2741699796992 95.619500000342953
229.5654035697641 95.561499923083161
232.90450925475412 95.506000012231127
236.2921833503241 95.455500110247471
239.72913230027333 95.409499914772113
243.21607282386276 95.364000090226114
246.75373206527502 95.317500076891051
250.34284774524843 95.269000031297907
253.9841683149166 95.216499890702607
257.67845311188546 95.160500213511057
261.42647251858085 95.103000161612869
265.22900812289896 95.044499936718168
269.08685288119375 94.986000001779757
273.0008112836349 94.929500181287750
276.97169952197106 94.875000141977637
281.00034565973334 94.820999871915461
285.0875898049141 94.768499940690333
289.23428428515797 94.717999985283853
293.44129382550057 94.670499893723630
297.7094957286928 94.624500078083344
302.0397800581479 94.581500147838767
306.4330498235497 94.544499958038884
310.89022116916016 94.513000047338124
315.41222356486645 94.487000039319128
320.00000000000654 94.471000000000004
324.6545071800142 94.470499998188956
329.3767157259242 94.483000033815472
334.16761037677935 94.510000053310577
339.02819019498156 94.547499935999681
343.95946877463007 94.593499959019255
348.9624744528898 94.642000099639660
354.03825052443415 94.683500069626689
359.187855459007 94.709499957168774
364.4123631221491 94.715999982727681
369.71286299913527 94.699999980409586
375.0904604221685 94.660499939749613
380.54627680087896 94.607499880176704
386.08144985617537 94.551500011530550
391.6971338574982 94.500000089979807
397.3944998635236 94.455000008546477
403.1747359663683 94.416000051238882
409.0390475393468 94.382000081080918
414.9886574883323 94.351999952915548
421.0248065067734 94.326500017801067
427.1487533344206 94.307499976628819
433.3617750198154 94.295000019370150
439.6651671865984 94.289500001941803
446.06024430368984 94.294000005345268
452.54833995940066 94.312499999862837
459.13080713953053 94.348000064555237
465.8090185095106 94.399499979191205
472.58436670065066 94.471499835974811
479.45826460054917 94.559000165015760
486.432145647728 94.649499828305466
493.50746413055253 94.743999824200046
500.6856954904994 94.845999950797946
507.9683366298358 94.945500192544813
515.3569062237735 95.052499587961179
522.8529450371643 95.174499648910029
530.4580162458005 95.303500142652268
538.1737057623901 95.437999995826843
546.0016225672724 95.566499588865412
553.9433990439449 95.684499700269384
562.0006913194694 95.786000224523974
570.1751796098309 95.873500081269754
578.4685685703187 95.949000012174949
586.8825876510039 96.009500113207451
595.4189914573883 96.055999925311596
604.0795601162986 96.093499876227980
612.8660996471021 96.124000033563618
621.780442338323 96.150499959029730
630.8244471297356 96.177999951042850
640.0000000000159 96.211000000000070
649.3090143600314 96.251499969439223
658.7534314518515 96.300500074675824
668.3352207535618 96.356000097583973
678.0563803899662 96.416499902399536
687.9189375492632 96.479499952577555
697.9249489057827 96.543000136437541
708.0765010488715 96.605500159355827
718.3757109180171 96.675999851110532
728.8247262443015 96.758500167615125
739.425725998274 96.851500053733773
750.1809208443404 96.950000119319441
761.0925536017613 97.051000220805705
772.1628997123541 97.150499970409172
783.3942677149998 97.246499835755458
794.7889997270506 97.340499989536710
806.34947193274 97.431999880524671
818.0780950786972 97.525999761056553
829.9773149766683 97.620500157769868
842.0496130135506 97.716999927312372
854.2975066688449 97.821500194265241
866.7235500396347 97.933499801015842
879.3303343732008 98.052000121362823
892.1204886073838 98.180000058548842
905.0966799188055 98.317499999127151
918.2616142790653 98.460500190861097
931.6180370190256 98.611499942404294
945.1687334013056 98.770999661435269
958.9165292011028 98.929500293764377
972.8642912954606 99.096499659585447
987.0149282611097 99.281499659274402
1001.3713909810035 99.468499895924595
1015.9366732596762 99.660500370278527
1030.7138124475518 99.862499249610607
1045.7058900743334 100.065999420863633
1060.916032491606 100.273500228458204
1076.3474115247852 100.487499993402793
1092.0032451345498 100.701999303984735
1107.8867980878947 100.918999410463613
1124.0013826389438 101.144000554797913
1140.350359219667 101.371000228180549
1156.9371371406426 101.589000041020284
1173.765175302013 101.811500522364753
1190.837982914782 102.044499589137018
1208.1591202326028 102.279499192043943
1225.73219929421 102.516000286489543
1243.5608846766518 102.755499620098448
1261.648894259477 102.998999571625006
1280.0000000000375 103.247500000000500
1298.6180287200684 103.495499823742591
1317.5068629037087 103.743000349426580
1336.6704415071292 103.992000413105586
1356.112760779938 104.247499575627103
1375.8378750985323 104.502499795170991
1395.8498978115715 104.756000543584548
1416.153002097749 105.006500585867173
1436.7514218360407 105.255999480099518
1457.6494524886093 105.506500450010265
1478.8514519965543 105.750000129296964
1500.3618416886875 105.978000261085157
1522.1851072035295 106.197000467596837
1544.3257994247153 106.407999938451127
1566.788535430007 106.601499676643584
1589.5779994541087 106.774499973799394
1612.6989438654878 106.927999802764305
1636.156190157402 107.057499687339998
1659.9546299533442 107.161000134519611
1684.099226027109 107.234999953070400
1708.5950133376978 107.275500027356060
1733.4471000792773 107.282500003521847
1758.6606687464096 107.254999947826548
1784.2409772147755 107.190999964842888
1810.193359837619 107.093999996136745
1836.5232285581387 106.966499798272196
1863.2360740380593 106.809000060939923
1890.3374668026197 106.625500399548429
1917.833058402214 106.420499606500783
1945.7285825909298 106.199500445309695
1974.0298565222283 105.960500435405010
2002.7427819620161 105.702500145816799
2031.8733465193618 105.429999458904177
2061.4276248951132 105.133501125583990
2091.411780148677 104.800000961503358
2121.832064983222 104.469999691679121
2152.694823049581 104.215000007088065
2184.0064902691106 104.027000589184922
2215.7735961758003 103.824500576076574
2248.002765277899 103.574499347869050
2280.7007184393456 103.302499707220278
2313.874274281297 103.020499946617349
2347.530350604038 102.736999349925014
2381.6759658295764 102.450000499000026
2416.318240465218 102.149001043260569
2451.4643985884327 101.835499600047712
2487.1217693533167 101.503000536610813
2523.2977885189675 101.136500659172754
2560.0000000000887 100.719499999998874
2597.236057440151 100.229000364596772
2635.0137258074315 99.618998965809737
2673.340883014273 98.835998469557438
2712.225521559891 97.850501700793814
2751.6757501970797 96.844000741427834
2791.699795623158 96.431000992247363
2832.3060041955137 97.189003414434382
2873.502843672097 98.716496663450471
2915.2989049772345 100.130501923930922
2957.7029039931244 101.067500330958097
3000.723683377391 101.601500369525439
3044.370214407075 101.872500333362211
3088.6515988494466 101.997499972932786
3133.57707086003 102.045499940119200
3179.1559989082334 102.055499999379862
3225.3978877309914 102.048500013201917
3272.3123803148205 102.034500038129266
3319.9092599067053 102.017999970106743
3368.198452054235 102.000000012607956
3417.190026675413 101.979999960211245
3466.8942001585724 101.955500045262738
3517.3213374928373 101.924499963851133
3568.4819544295697 101.882499979063724
3620.386719675257 101.825499999137747
3673.0464571162966 101.753999889358511
3726.472148076138 101.665000034928937
3780.6749336052594 101.554500246067164
3835.6661168044484 101.421499718929070
3891.45716518188 101.260000329497458
3948.059713044477 101.069000353655440
4005.4855639240527 100.846500128563576
4063.746693038744 100.592999475872233
4122.855249790247 100.307001086399282
4182.823560297375 99.992000907929707
4243.664129966465 99.653999608797022
4305.389646099183 99.295500011138273
4368.012980538242 98.920501223691673
4431.5471923516225 98.536501030361393
4496.00553055582 98.146999042569433
4561.401436878714 97.755999587751305
4627.748548562617 97.367499922752785
4695.060701208099 96.988499163746724
4763.351931659176 96.622500632067826
4832.63648093046 96.270001194881473
4902.928797176889 95.935499613124833
4974.243538706657 95.621500489123036
5046.595577037959 95.330000496123333
5120.000000000202 95.063999999999339
5194.472114880326 94.824500165596504
5270.027451614888 94.611499732294021
5346.6817660285715 94.428999740227226
5424.451043119808 94.276000239432079
5503.351500394186 94.152500089469214
5583.399591246343 94.063499862005301
5664.612008391055 94.008999936726326
5747.005687344222 93.990500020758589
5830.597809954497 94.009500083807609
5915.405807986278 94.063000042375535
6001.447366754812 94.149000122789062
6088.740428814181 94.262000284792933
6177.303197698925 94.394499961286698
6267.154141720092 94.534499758924341
6358.3119978165005 94.664499980620946
6450.795775462017 94.761499886463554
6544.624760629676 94.800999941535139
6639.818519813445 94.756999797793497
6736.396904108505 94.607500126514978
6834.380053350861 94.343999399772144
6933.788400317181 93.970000694608871
7034.642674985712 93.503999511038700
7136.963908859177 92.977999776205138
7240.773439350552 92.418999992651322
7346.092914232631 91.844499230598842
7452.944296152315 91.263000216633571
7561.349867210557 90.679501236699451
7671.332233608935 90.090498910231304
7782.914330363799 89.490501186074709
7896.119426088994 88.888501071578560
8010.971127848146 88.301000319411955
8127.49338607753 87.744499021502307
8245.710499580537 87.241001803274827
8365.647120594791 86.811001159465548
8487.328259932974 86.469499702722800
8610.77929219841 86.223500008564827
8736.025961076528 86.073000413353441
8863.094384703289 86.004500136889334
8992.011061111683 85.997000071011485
9122.802873757471 86.040000095134332
9255.497097125279 86.147500031141590
9390.121402416245 86.309500387532069
9526.7038633184 86.472999728367597
9665.272961860968 86.614999520677969
9805.857594353829 86.771000237703930
9948.487077413367 86.984499632731257
10093.19115407597 87.278499450101165
10240.000000000457 87.671500000001458
10388.944229760706 88.173499624032132
10540.05490322983 88.799501039826666
10693.363532057198 89.579501475772986
10848.902086239672 90.534498350395836
11006.703000788428 91.668999075301940
11166.799182492743 92.986003149784068
11329.224016782166 94.454003529442844
11494.0113746885 95.944996935434119
11661.195619909053 97.210501661577297
11830.811615972614 97.969500142064703
12002.894733509682 98.067999575090283
12177.48085762842 97.588498350678549
12354.606395397908 96.802000229921418
12534.308283440243 95.987001365521223
12716.62399563306 95.304500095573246
12901.591550924093 94.795500619044816
13089.249521259411 94.430500851553347
13279.637039626952 94.147999540202591
13472.793808217073 93.857000215913416
13668.760106701786 93.466499138354706
13867.576800634426 92.926001009706937
14069.285349971487 92.242499280827104
14273.927817718419 91.477499691219521
14481.54687870117 90.730999988219963
14692.18582846533 90.103499353611568
14905.888592304698 89.672000138972351
15122.699734421185 89.481000268817382
15342.664467217943 89.522500300688733
15565.828660727671 89.702499615806431
15792.238852178061 89.819499885698320
16021.942255696367 89.577500193274858
16254.986772155136 88.931998369170230
16491.42099916115 88.014503580290125
16731.294241189662 86.826003602826660
16974.65651986603 85.309998074827973
17221.558584396902 83.437500077121484
17472.051922153143 80.800509484522891
17726.188769406665 76.377513454520539
17984.022122223458 70.738989216047599
18245.605747515034 66.136995123374248
18510.99419425065 62.345999678047527
18780.242804832582 60.810496235725985
19053.40772663689 59.086503105065091
19330.545923722028 57.492505188341973
19611.71518870775 56.167498428242936
19896.974154826825 54.823502208289256
20186.382308152035 53.067003325412841
