20 102.843000000000004
20.290906698750476 102.894999947376931
20.586044732869844 102.946000122819669
20.885475648548283 102.996000104987459
21.189261887185914 103.044499982238776
21.49746679841394 103.092499969369555
21.810154653305165 103.140500097139920
22.12739065777668 103.187500096403085
22.449240966187475 103.233999852776108
22.77577269513385 103.280000094766280
23.107053937445478 103.324499991721567
23.44315377638505 103.368000100544322
23.784142300054445 103.411500036560369
24.130090616010463 103.452999954655610
24.481070866093134 103.493499984794028
24.837156241469714 103.533000025491305
25.1984209978975 103.570999999779644
25.56494047120865 103.607999946810651
25.936791093020236 103.643000101770440
26.3140504066728 103.677499946719337
26.69679708340074 103.709500084003224
27.08511093873791 103.737999926474842
27.47907294916184 103.763499996785498
27.878765268980047 103.786000013980185
28.284271247461966 103.806500012677361
28.695675446220072 103.827500022531922
29.11306365684382 103.848999981977784
29.536522918790062 103.871999941486365
29.966141537533712 103.896000030942815
30.402009102982383 103.920499950785654
30.844216508158908 103.946499971185915
31.29285596815558 103.972999998161157
31.74802103936409 103.999000056472198
32.20980663898519 104.023999926583059
32.67830906482211 104.047999952266338
33.153626015361866 104.071000046489758
33.63585661014871 104.092999982278457
34.125101410453844 104.113999932016995
34.62146244024586 104.132499940509703
35.12504320746613 104.147500026091279
35.635948725613716 104.157500011239719
36.15428553564419 104.164500005111307
36.68016172818701 104.169500006849006
37.21368696608603 104.174999988414527
37.754972507267915 104.180499986260884
38.30413122794313 104.186500002053037
38.86127764614443 104.191999985472620
39.4265279456077 104.197999986989515
40.000000000000206 104.204999999999998
40.58181339750116 104.213499990713586
41.1720894657399 104.224000009366279
41.77095129709678 104.235500025711133
42.37852377437204 104.246999977889956
42.9949335968281 104.254499996089734
43.62030930661056 104.252999985532313
44.25478131555359 104.244999983590958
44.89848193237519 104.237000013220836
45.55154539026795 104.229999991576335
46.21410787489121 104.227000000376279
46.88630755277036 104.225999999999999
47.56828460010916 104.225999997678983
48.260181232021196 104.224499999004806
48.962141732186545 104.220000010797591
49.674312482939705 104.214000004340505
50.39684199579528 104.205500012463517
51.129880942417586 104.194000033561764
51.873582186040764 104.177999968447963
52.628100813345895 104.157000005422830
53.393594166801776 104.137999978890321
54.17022187747612 104.126000014401782
54.95814589832399 104.122000000000000
55.75753053796041 104.120999997337108
56.56854249492426 104.113999991548411
57.39135089244048 104.097499976395113
58.226127313687975 104.076000017203029
59.073045837580466 104.055000048337348
59.932283075067765 104.035999959386970
60.804018205965114 104.019000034860085
61.68843301631817 104.001500037992486
62.58571193631152 103.981000001485199
63.49604207872855 103.958999954822133
64.41961327797075 103.939500076294792
65.35661812964459 103.924000042731791
66.3072520307241 103.912499986056559
67.27171322029778 103.897999995706840
68.25020282090806 103.878000067982853
69.2429248804921 103.855000075145625
70.25008641493265 103.832999947817441
71.27189745122783 103.810999967685859
72.30857107128878 103.786999998163296
73.36032345637442 103.757999923758277
74.42737393217246 103.723000071443693
75.50994501453623 103.681500157732941
76.60826245588666 103.635499939680955
77.72255529228926 103.592000062608548
78.85305589121582 103.558000057617960
80.00000000000082 103.532999999999987
81.16362679500274 103.508000025795610
82.34417893148023 103.477999938498499
83.541902594194 103.436499930215973
84.75704754874454 103.381000116580012
85.98986719365665 103.325500034540610
87.24061861322157 103.282999931795246
88.50956263110764 103.250999936414971
89.79696386475084 103.220000075223425
91.10309078053635 103.182499896810015
92.42821574978288 103.129999965297003
93.77261510554118 103.068499953632028
95.13656920021877 103.012999881628105
96.52036246404286 102.961500020067604
97.92428346437356 102.904500107975892
99.34862496587989 102.842500001503737
100.79368399159105 102.781000084474897
102.25976188483567 102.723000159418376
103.74716437208203 102.669499917964714
105.25620162669229 102.616000049873108
106.78718833360406 102.560499918576909
108.34044375495276 102.507500074889251
109.9162917966485 102.450499919923487
111.51506107592134 102.374999944744872
113.13708498984903 102.293500000498852
114.78270178488147 102.221499916309938
116.45225462737648 102.137500020014613
118.14609167516147 102.038500193626817
119.86456615013608 101.949499854931219
121.60803641193078 101.868500168148586
123.3768660326369 101.774000167154483
125.17142387262359 101.662000071985233
126.99208415745765 101.547999818150814
128.83922655594208 101.443000361514081
130.71323625928977 101.333000347958830
132.61450406144883 101.204999851984937
134.5434264405962 101.064000041611038
136.50040564181674 100.916000488829539
138.48584976098482 100.759500415416341
140.50017282986593 100.599499632349790
142.5437949024563 100.447999865547928
144.61714214257822 100.304499990476259
146.7206469127495 100.167999718136599
148.8547478643456 100.053000208538293
151.01989002907314 99.973000227769063
153.216524911774 99.944000024914402
155.4451105845792 99.978999922121162
157.70611178243232 100.062999827146285
160.00000000000236 100.178000000000154
162.3272535900062 100.335999897977985
164.6883578629612 100.526500320455199
167.08380518838874 100.725000333820219
169.51409509748981 100.914999700798418
171.97973438731407 101.080499898333358
174.4812372264439 101.202000175679061
177.01912526221608 101.277500119604738
179.5939277295025 101.321999918416708
182.20618156107355 101.345500003454461
184.85643149956664 101.336999977610958
187.54523021108326 101.289499929117198
190.27313840043846 101.228999863059954
193.04072492808663 101.169500023154910
195.84856692874806 101.103500124172143
198.69724993176072 101.025500001909478
201.58736798318304 100.946500106632300
204.5195237696723 100.874000174446905
207.49432874416505 100.797499854860703
210.5124032533856 100.700500058817113
213.57437666720915 100.589499798600656
216.68088750990657 100.482000184896933
219.83258359329807 100.386999927557042
223.03012215184378 100.296499965433952
226.2741699796992 100.197500000629773
229.5654035697641 100.088999846166317
232.90450925475412 99.977500024684645
236.2921833503241 99.868000240744465
239.72913230027333 99.766999815037366
243.21607282386276 99.662000221464069
246.75373206527502 99.543500202256865
250.34284774524843 99.426500071359200
253.9841683149166 99.316999779417998
257.67845311188546 99.205000423276289
261.42647251858085 99.089500317652877
265.22900812289896 98.978999886307221
269.08685288119375 98.872000003314014
273.0008112836349 98.770000317253590
276.97169952197106 98.685000210337250
281.00034565973334 98.611999824476726
285.0875898049141 98.539499924409228
289.23428428515797 98.476999983137759
293.44129382550057 98.420499852137212
297.7094957286928 98.355000113730071
302.0397800581479 98.279500268172669
306.4330498235497 98.193999878050505
310.89022116916016 98.099500146595489
315.41222356486645 98.007000150723343
320.00000000000654 97.911499999999847
324.6545071800142 97.802000068215861
329.3767157259242 97.684499835149609
334.16761037677935 97.567499824836673
339.02819019498156 97.453500180800916
343.95946877463007 97.340500096475523
348.9624744528898 97.225499730520028
354.03825052443415 97.105999721493248
359.187855459007 96.981500254947775
364.4123631221491 96.854999777187217
369.71286299913527 96.726499928914734
375.0904604221685 96.601499858234405
380.54627680087896 96.480999734676985
386.08144985617537 96.355000026355526
391.6971338574982 96.229000221350319
397.3944998635236 96.109500023453165
403.1747359663683 95.985500174489175
409.0390475393468 95.855000324323655
414.9886574883323 95.722999776784846
421.0248065067734 95.598000090488725
427.1487533344206 95.483499813030591
433.3617750198154 95.367500211310670
439.6651671865984 95.239999875724521
446.06024430368984 95.115999959732306
452.54833995940066 95.006500000660907
459.13080713953053 94.904999868142482
465.8090185095106 94.811500033814269
472.58436670065066 94.729000166128060
479.45826460054917 94.659999896638482
486.432145647728 94.607500091570415
493.50746413055253 94.574000052558745
500.6856954904994 94.558000006332946
507.9683366298358 94.545499970377719
515.3569062237735 94.529500059932914
522.8529450371643 94.516000036223573
530.4580162458005 94.501999978548540
538.1737057623901 94.478000000859183
546.0016225672724 94.447500097118393
553.9433990439449 94.425000049955102
562.0006913194694 94.410999960084638
570.1751796098309 94.394499984371208
578.4685685703187 94.380999998501551
586.8825876510039 94.373999995379279
595.4189914573883 94.372000003394930
604.0795601162986 94.372999993123770
612.8660996471021 94.379000011987003
621.780442338323 94.390999977056651
630.8244471297356 94.410499963282149
640.0000000000159 94.429000000000002
649.3090143600314 94.430000002842860
658.7534314518515 94.407999947867822
668.3352207535618 94.364999905668839
678.0563803899662 94.301500110400525
687.9189375492632 94.231500050433397
697.9249489057827 94.185999961017842
708.0765010488715 94.177500037495491
718.3757109180171 94.198999944931288
728.8247262443015 94.233000065588527
739.425725998274 94.269500021829344
750.1809208443404 94.311000060250407
761.0925536017613 94.365500140512722
772.1628997123541 94.431499979582327
783.3942677149998 94.501499880238342
794.7889997270506 94.568499992653443
806.34947193274 94.631499918185369
818.0780950786972 94.690999850024852
829.9773149766683 94.748000086358246
842.0496130135506 94.800999959947632
854.2975066688449 94.854000091007137
866.7235500396347 94.905999908432065
879.3303343732008 94.959000049516035
892.1204886073838 95.010000022552148
905.0966799188055 95.061999999675805
918.2616142790653 95.112500058426861
931.6180370190256 95.157999982907086
945.1687334013056 95.203499901164321
958.9165292011028 95.247000076161129
972.8642912954606 95.288999916875525
987.0149282611097 95.330999922068088
1001.3713909810035 95.370499979407541
1015.9366732596762 95.404500057393165
1030.7138124475518 95.435499885970245
1045.7058900743334 95.464999914413340
1060.916032491606 95.497500036467500
1076.3474115247852 95.531999998926040
1092.0032451345498 95.568499880220628
1107.8867980878947 95.594999946161067
1124.0013826389438 95.596999970800113
1140.350359219667 95.582499974993908
1156.9371371406426 95.554499991571177
1173.765175302013 95.507499898679256
1190.837982914782 95.470000052674749
1208.1591202326028 95.469499962180777
1225.73219929421 95.509000081511672
1243.5608846766518 95.586999860702761
1261.648894259477 95.701499790183675
1280.0000000000375 95.832000000000264
1298.6180287200684 95.961499909028433
1317.5068629037087 96.081000154987606
1336.6704415071292 96.191000185409592
1356.112760779938 96.307499803500491
1375.8378750985323 96.429499902003386
1395.8498978115715 96.556000298863211
1416.153002097749 96.700000384328860
1436.7514218360407 96.867499642959899
1457.6494524886093 97.050000349805558
1478.8514519965543 97.244000112505148
1500.3618416886875 97.448000250452722
1522.1851072035295 97.662500480707024
1544.3257994247153 97.882499934900238
1566.788535430007 98.100999628738947
1589.5779994541087 98.319499966047744
1612.6989438654878 98.538999706159075
1636.156190157402 98.758499438228753
1659.9546299533442 98.980500368683352
1684.099226027109 99.200999846603224
1708.5950133376978 99.415000365887352
1733.4471000792773 99.631499614358177
1758.6606687464096 99.859500221737193
1784.2409772147755 100.102500101126054
1810.193359837619 100.364000008875905
1836.5232285581387 100.647000394103969
1863.2360740380593 100.943999888896116
1890.3374668026197 101.245999364928281
1917.833058402214 101.541500518621106
1945.7285825909298 101.826999435941048
1974.0298565222283 102.112499491731285
2002.7427819620161 102.399499840825939
2031.8733465193618 102.683000527898372
2061.4276248951132 102.962498973732238
2091.411780148677 103.242999207676121
2121.832064983222 103.520000298375038
2152.694823049581 103.788499991807285
2184.0064902691106 104.052499151832691
2215.7735961758003 104.309499316245564
2248.002765277899 104.553000562097935
2280.7007184393456 104.781500229222559
2313.874274281297 104.999500039334578
2347.530350604038 105.205500442507173
2381.6759658295764 105.394999680570919
2416.318240465218 105.570499413592103
2451.4643985884327 105.730000179119742
2487.1217693533167 105.870999784722500
2523.2977885189675 105.992499793680679
2560.0000000000887 106.100000000000222
2597.236057440151 106.189999940299941
2635.0137258074315 106.258500081720754
2673.340883014273 106.312500069935197
2712.225521559891 106.351499942206033
2751.6757501970797 106.372999986774118
2791.699795623158 106.379999995619215
2832.3060041955137 106.373999960161029
2873.502843672097 106.353000052198837
2915.2989049772345 106.319999928945734
2957.7029039931244 106.279999975325666
3000.723683377391 106.231999936288716
3044.370214407075 106.173999849876623
3088.6515988494466 106.105000019138430
3133.57707086003 106.032000126605126
3179.1559989082334 105.957000011782497
3225.3978877309914 105.880000101654758
3272.3123803148205 105.804500190646323
3319.9092599067053 105.730499880427004
3368.198452054235 105.659500049030910
3417.190026675413 105.594499897933190
3466.8942001585724 105.537000097488985
3517.3213374928373 105.487499961948544
3568.4819544295697 105.450999990124402
3620.386719675257 105.430499999922773
3673.0464571162966 105.429500018440251
3726.472148076138 105.449499990338808
3780.6749336052594 105.491999898179103
3835.6661168044484 105.561000157762393
3891.45716518188 105.654999801909270
3948.059713044477 105.775499774300300
4005.4855639240527 105.923999913734391
4063.746693038744 106.102500378955682
4122.855249790247 106.311999194438627
4182.823560297375 106.553999297905278
4243.664129966465 106.826000326002472
4305.389646099183 107.128499990487967
4368.012980538242 107.458498912274067
4431.5471923516225 107.806999055279050
4496.00553055582 108.165000876624418
4561.401436878714 108.520500361510386
4627.748548562617 108.855500061676452
4695.060701208099 109.146500552969627
4763.351931659176 109.369499648270804
4832.63648093046 109.500999640508439
4902.928797176889 109.515499901765253
4974.243538706657 109.399500239021293
5046.595577037959 109.152500482245756
5120.000000000202 108.789999999998813
5194.472114880326 108.333500339010882
5270.027451614888 107.810499220834686
5346.6817660285715 107.251499078694053
5424.451043119808 106.679500946169583
5503.351500394186 106.110500441122127
5583.399591246343 105.563998854425023
5664.612008391055 105.049498854043478
5747.005687344222 104.570500973578305
5830.597809954497 104.134999273060089
5915.405807986278 103.747499810114675
6001.447366754812 103.405999649008635
6088.740428814181 103.114999445868023
6177.303197698925 102.876500064332390
6267.154141720092 102.690500296178683
6358.3119978165005 102.559000018138789
6450.795775462017 102.481500085812428
6544.624760629676 102.455500033045354
6639.818519813445 102.479500098596560
6736.396904108505 102.548999943139336
6834.380053350861 102.657000228740117
6933.788400317181 102.799499735387087
7034.642674985712 103.005500263506377
7136.963908859177 103.302500133953160
7240.773439350552 103.624500003474850
7346.092914232631 103.865000193676835
7452.944296152315 103.976999971016426
7561.349867210557 103.951500129397374
7671.332233608935 103.785499509786320
7782.914330363799 103.482000665935630
7896.119426088994 103.056000810827783
8010.971127848146 102.534000296949017
8127.49338607753 101.947998846164566
8245.710499580537 101.332002291045882
8365.647120594791 100.717501725058497
8487.328259932974 100.133999397766871
8610.77929219841 99.599500020152533
8736.025961076528 99.125501475800959
8863.094384703289 98.720501038748424
8992.011061111683 98.393999365793974
9122.802873757471 98.158999837214566
9255.497097125279 98.034499993731231
9390.121402416245 98.037000231159482
9526.7038633184 98.173499702249103
9665.272961860968 98.448998931796638
9805.857594353829 98.878000681579664
9948.487077413367 99.489498949070821
10093.19115407597 100.310998478671038
10240.000000000457 101.354000000003637
10388.944229760706 102.565999118003560
10540.05490322983 103.770501392071466
10693.363532057198 104.614500515143590
10848.902086239672 104.713500198150655
11006.703000788428 103.910000799208916
11166.799182492743 102.386496022247655
11329.224016782166 100.547495745969570
11494.0113746885 98.787003541322392
11661.195619909053 97.332997813714087
11830.811615972614 96.199999476746427
12002.894733509682 95.277499066362736
12177.48085762842 94.515998603912152
12354.606395397908 93.929000150676657
12534.308283440243 93.536500588913299
12716.62399563306 93.349000020191539
12901.591550924093 93.376999889977043
13089.249521259411 93.633999194201778
13279.637039626952 94.144001206135215
13472.793808217073 94.943999381894912
13668.760106701786 96.058002311479598
13867.576800634426 97.467497432210791
14069.285349971487 99.031001397440463
14273.927817718419 100.393500375554765
14481.54687870117 101.123500001745839
14692.18582846533 101.017499134183197
14905.888592304698 100.243000332195962
15122.699734421185 99.250002076455615
15342.664467217943 98.502499318438851
15565.828660727671 98.275000159588103
15792.238852178061 98.602499215961814
16021.942255696367 99.123499730519626
16254.986772155136 99.171998812228026
16491.42099916115 98.268004348022444
16731.294241189662 96.271006399683458
16974.65651986603 93.395996562114448
17221.558584396902 90.288500119402670
17472.051922153143 87.393509116380017
17726.188769406665 84.871506408318453
17984.022122223458 82.980996615934998
18245.605747515034 81.794999414383597
18510.99419425065 81.447500016077768
18780.242804832582 81.556000231159516
19053.40772663689 81.666499793227331
19330.545923722028 82.041498320714624
19611.71518870775 83.002501788843873
19896.974154826825 84.649997112725259
20186.382308152035 86.694496436933775
