20 104.315500000000000
20.290906698750476 104.330045383422132
20.586044732869844 104.342895273773451
20.885475648548283 104.353967440446766
21.189261887185914 104.364142030766089
21.49746679841394 104.373058509854644
21.810154653305165 104.381253890063178
22.12739065777668 104.388388574833314
22.449240966187475 104.394238612030762
22.77577269513385 104.398884006056576
23.107053937445478 104.402213695295288
23.44315377638505 104.403977180997344
23.784142300054445 104.404039644249877
24.130090616010463 104.402849544751774
24.481070866093134 104.400868306495383
24.837156241469714 104.398128443013434
25.1984209978975 104.394763816268409
25.56494047120865 104.390938238955499
25.936791093020236 104.385948128864044
26.3140504066728 104.379909087241288
26.69679708340074 104.372564058331989
27.08511093873791 104.364489276363088
27.47907294916184 104.355372024637461
27.878765268980047 104.346227781447951
28.284271247461966 104.336393218813441
28.695675446220072 104.326108113844498
29.11306365684382 104.314995026637845
29.536522918790062 104.301794743679920
29.966141537533712 104.287617329261394
30.402009102982383 104.271429681630025
30.844216508158908 104.255411635087938
31.29285596815558 104.238026831233981
31.74802103936409 104.219831137386080
32.20980663898519 104.200268507884658
32.67830906482211 104.178941164888542
33.153626015361866 104.155972325247262
33.63585661014871 104.132207169492560
34.125101410453844 104.107744929477306
34.62146244024586 104.082805415547455
35.12504320746613 104.057497926041620
35.635948725613716 104.032974461170539
36.15428553564419 104.008094294289066
36.68016172818701 103.983032398775208
37.21368696608603 103.957529338661786
37.754972507267915 103.930205023970998
38.30413122794313 103.901168707235200
38.86127764614443 103.869424187165407
39.4265279456077 103.835862408682544
40.000000000000206 103.801499999999990
40.58181339750116 103.767075925900940
41.1720894657399 103.731674683682201
41.77095129709678 103.695742867983739
42.37852377437204 103.659288563125443
42.9949335968281 103.621891439164415
43.62030930661056 103.582980705933309
44.25478131555359 103.543128144267854
44.89848193237519 103.502014097719581
45.55154539026795 103.459575918252312
46.21410787489121 103.415536027002531
46.88630755277036 103.369458409936925
47.56828460010916 103.321524986242054
48.260181232021196 103.270986482598403
48.962141732186545 103.219462931848341
49.674312482939705 103.171126944836971
50.39684199579528 103.128921689505745
51.129880942417586 103.090977185686597
51.873582186040764 103.056188825644128
52.628100813345895 103.021967921601004
53.393594166801776 102.987780233677711
54.17022187747612 102.953868883382995
54.95814589832399 102.918228970822142
55.75753053796041 102.877729662669154
56.56854249492426 102.831740264046928
57.39135089244048 102.782431920114917
58.226127313687975 102.731206233865038
59.073045837580466 102.679690295582759
59.932283075067765 102.628995298570999
60.804018205965114 102.577267460558502
61.68843301631817 102.525694035172293
62.58571193631152 102.472098384529488
63.49604207872855 102.417489454236915
64.41961327797075 102.360354556848847
65.35661812964459 102.300319821573098
66.3072520307241 102.238682244018293
67.27171322029778 102.176610353900941
68.25020282090806 102.114487425103704
69.2429248804921 102.053303044730228
70.25008641493265 101.993370117556310
71.27189745122783 101.936861332536154
72.30857107128878 101.883108589828623
73.36032345637442 101.828222695083966
74.42737393217246 101.770921807662688
75.50994501453623 101.711103043600559
76.60826245588666 101.648132228427642
77.72255529228926 101.583245899220572
78.85305589121582 101.518670505394752
80.00000000000082 101.457499999999953
81.16362679500274 101.397379131956015
82.34417893148023 101.336970828572362
83.541902594194 101.275302067140615
84.75704754874454 101.212951344255202
85.98986719365665 101.151006516583465
87.24061861322157 101.090470230202271
88.50956263110764 101.032579244231272
89.79696386475084 100.975933589950955
91.10309078053635 100.917360790777849
92.42821574978288 100.853478767174906
93.77261510554118 100.785390459125324
95.13656920021877 100.714500810990813
96.52036246404286 100.644228198166672
97.92428346437356 100.575275432450752
99.34862496587989 100.504383053956289
100.79368399159105 100.427347380462493
102.25976188483567 100.345446826525972
103.74716437208203 100.261338642091602
105.25620162669229 100.175000897207980
106.78718833360406 100.085555888317359
108.34044375495276 99.994754262212751
109.9162917966485 99.906390229733574
111.51506107592134 99.822593296016422
113.13708498984903 99.743988553001259
114.78270178488147 99.667868985275760
116.45225462737648 99.591988336012435
118.14609167516147 99.513948261793757
119.86456615013608 99.430998756982859
121.60803641193078 99.344738138201862
123.3768660326369 99.252550551664157
125.17142387262359 99.156514545714828
126.99208415745765 99.055443287182385
128.83922655594208 98.949605522707415
130.71323625928977 98.839306665881793
132.61450406144883 98.724554374205539
134.5434264405962 98.607752979665719
136.50040564181674 98.495101574185085
138.48584976098482 98.378134389938452
140.50017282986593 98.253322905931412
142.5437949024563 98.130024374218465
144.61714214257822 98.021238607335448
146.7206469127495 97.921473724483320
148.8547478643456 97.829726287134690
151.01989002907314 97.758930595313871
153.216524911774 97.717264665829333
155.4451105845792 97.701212176935329
157.70611178243232 97.708003900301350
160.00000000000236 97.747000000000057
162.3272535900062 97.798665029698128
164.6883578629612 97.850643872985160
167.08380518838874 97.925015288103793
169.51409509748981 98.021480718016576
171.97973438731407 98.123065056757341
174.4812372264439 98.222956994167177
177.01912526221608 98.319419109859325
179.5939277295025 98.405762043981781
182.20618156107355 98.469300939592486
184.85643149956664 98.500035601295579
187.54523021108326 98.499601974142479
190.27313840043846 98.473684413273077
193.04072492808663 98.427144776510190
195.84856692874806 98.367501240953288
198.69724993176072 98.310188951214656
201.58736798318304 98.263983164243839
204.5195237696723 98.221720159301356
207.49432874416505 98.176590740093360
210.5124032533856 98.125528808647942
213.57437666720915 98.067512466655813
216.68088750990657 97.999015141965828
219.83258359329807 97.924143556065872
223.03012215184378 97.836671640824292
226.2741699796992 97.743670042258771
229.5654035697641 97.644682758383823
232.90450925475412 97.540976128226831
236.2921833503241 97.434661453652694
239.72913230027333 97.330693747916740
243.21607282386276 97.231030988240789
246.75373206527502 97.133303151696779
250.34284774524843 97.036000246687223
253.9841683149166 96.940415581733447
257.67845311188546 96.852636738592722
261.42647251858085 96.773044077109802
265.22900812289896 96.702164113941450
269.08685288119375 96.637740633222691
273.0008112836349 96.583114960365009
276.97169952197106 96.536283004780287
281.00034565973334 96.496796819930452
285.0875898049141 96.459097825009394
289.23428428515797 96.416386871862869
293.44129382550057 96.367548603476536
297.7094957286928 96.310525160652560
302.0397800581479 96.246638381605976
306.4330498235497 96.177976711127130
310.89022116916016 96.104811350708843
315.41222356486645 96.029739533536187
320.00000000000654 95.954499999999911
324.6545071800142 95.879562434401777
329.3767157259242 95.803534876812620
334.16761037677935 95.730152322272957
339.02819019498156 95.661910975309254
343.95946877463007 95.595443118419951
348.9624744528898 95.528799089776555
354.03825052443415 95.464118043392133
359.187855459007 95.400070592308310
364.4123631221491 95.331315570475425
369.71286299913527 95.257048631712195
375.0904604221685 95.181188323878558
380.54627680087896 95.102078986387255
386.08144985617537 95.022635267056685
391.6971338574982 94.944914409459386
397.3944998635236 94.866934801856075
403.1747359663683 94.788376503123487
409.0390475393468 94.709226112180431
414.9886574883323 94.630398397860986
421.0248065067734 94.553838091488217
427.1487533344206 94.479214959986962
433.3617750198154 94.406430031027071
439.6651671865984 94.338848328134020
446.06024430368984 94.275927679114943
452.54833995940066 94.214800438377580
459.13080713953053 94.159838715842227
465.8090185095106 94.113693634315553
472.58436670065066 94.074131073617764
479.45826460054917 94.039164019411658
486.432145647728 94.012373919362489
493.50746413055253 93.997949890605355
500.6856954904994 93.989200008222895
507.9683366298358 93.986013852724454
515.3569062237735 93.993637332542448
522.8529450371643 94.007898907917024
530.4580162458005 94.030719471459449
538.1737057623901 94.077001314089244
546.0016225672724 94.146588581425448
553.9433990439449 94.235507112451771
562.0006913194694 94.345310473489960
570.1751796098309 94.469101417205991
578.4685685703187 94.592258243269228
586.8825876510039 94.706882545140900
595.4189914573883 94.807567006885535
604.0795601162986 94.891666315973993
612.8660996471021 94.958910276075940
621.780442338323 95.019041509818862
630.8244471297356 95.076116903926518
640.0000000000159 95.127500000000083
649.3090143600314 95.176372325390162
658.7534314518515 95.228581544557784
668.3352207535618 95.280093431031560
678.0563803899662 95.334921368222808
687.9189375492632 95.400244722212449
697.9249489057827 95.476710848910386
708.0765010488715 95.564477034282504
718.3757109180171 95.664000752542478
728.8247262443015 95.767806026130799
739.425725998274 95.869986969583437
750.1809208443404 95.969022750439848
761.0925536017613 96.060862326148168
772.1628997123541 96.145112628600828
783.3942677149998 96.231071290115381
794.7889997270506 96.318266122918757
806.34947193274 96.404033671512366
818.0780950786972 96.489183075764373
829.9773149766683 96.575872686367973
842.0496130135506 96.664028428223816
854.2975066688449 96.752440672237654
866.7235500396347 96.839519825272873
879.3303343732008 96.926379307175083
892.1204886073838 97.012495224808731
905.0966799188055 97.096354249492535
918.2616142790653 97.178273842266520
931.6180370190256 97.260726381655545
945.1687334013056 97.343311097632892
958.9165292011028 97.425999175206613
972.8642912954606 97.511357177202839
987.0149282611097 97.598900132693785
1001.3713909810035 97.688322615311122
1015.9366732596762 97.782088376187900
1030.7138124475518 97.878012314400593
1045.7058900743334 97.973088285483158
1060.916032491606 98.072351158608470
1076.3474115247852 98.179297139521026
1092.0032451345498 98.287272310300025
1107.8867980878947 98.396707586615264
1124.0013826389438 98.509176229919348
1140.350359219667 98.622060788001065
1156.9371371406426 98.735929311153541
1173.765175302013 98.852025256744966
1190.837982914782 98.967864807423140
1208.1591202326028 99.085305395880710
1225.73219929421 99.205942990381587
1243.5608846766518 99.327788021769152
1261.648894259477 99.445717812686610
1280.0000000000375 99.567000000000249
1298.6180287200684 99.691740792424454
1317.5068629037087 99.818045295164467
1336.6704415071292 99.944108152909365
1356.112760779938 100.070330126050095
1375.8378750985323 100.197654294385529
1395.8498978115715 100.325939345994058
1416.153002097749 100.453456263110922
1436.7514218360407 100.581521244291650
1457.6494524886093 100.710426605429376
1478.8514519965543 100.841570886218918
1500.3618416886875 100.973199997467219
1522.1851072035295 101.105885451797462
1544.3257994247153 101.239727828525275
1566.788535430007 101.376074295414440
1589.5779994541087 101.515508916648230
1612.6989438654878 101.655185705438299
1636.156190157402 101.794098398125527
1659.9546299533442 101.935028687120990
1684.099226027109 102.079231387121567
1708.5950133376978 102.224366778158910
1733.4471000792773 102.370337890467738
1758.6606687464096 102.518578305479039
1784.2409772147755 102.668521765567178
1810.193359837619 102.822252424632211
1836.5232285581387 102.978487048493008
1863.2360740380593 103.136092836824560
1890.3374668026197 103.297218051479661
1917.833058402214 103.463068333917420
1945.7285825909298 103.630871495545591
1974.0298565222283 103.800198542002931
2002.7427819620161 103.970182413575884
2031.8733465193618 104.142083966906227
2061.4276248951132 104.316780224391664
2091.411780148677 104.490476557840026
2121.832064983222 104.662305365530628
2152.694823049581 104.835749694365774
2184.0064902691106 105.010935534223393
2215.7735961758003 105.182888739540530
2248.002765277899 105.354381138287664
2280.7007184393456 105.523716973426019
2313.874274281297 105.688790230264289
2347.530350604038 105.848223957798709
2381.6759658295764 106.002728997514481
2416.318240465218 106.153580551302753
2451.4643985884327 106.295479459477235
2487.1217693533167 106.430494458139606
2523.2977885189675 106.555256369182047
2560.0000000000887 106.669500000000255
2597.236057440151 106.773029200062396
2635.0137258074315 106.867281798120558
2673.340883014273 106.948098243953183
2712.225521559891 107.017672110573812
2751.6757501970797 107.072866315888604
2791.699795623158 107.116888537959028
2832.3060041955137 107.148437262978817
2873.502843672097 107.170401137468843
2915.2989049772345 107.182988857647032
2957.7029039931244 107.186729709600684
3000.723683377391 107.182328125197870
3044.370214407075 107.171543261864315
3088.6515988494466 107.155073070488982
3133.57707086003 107.134506177955728
3179.1559989082334 107.111047320578635
3225.3978877309914 107.085269225116022
3272.3123803148205 107.057389448007967
3319.9092599067053 107.028753536655046
3368.198452054235 107.000626882329101
3417.190026675413 106.973733086395541
3466.8942001585724 106.949566551930232
3517.3213374928373 106.929283958627366
3568.4819544295697 106.915173248202677
3620.386719675257 106.908072929622733
3673.0464571162966 106.907843716569303
3726.472148076138 106.915823872576752
3780.6749336052594 106.930859800087404
3835.6661168044484 106.948199835041336
3891.45716518188 106.961718574777279
3948.059713044477 106.970208956956668
4005.4855639240527 106.968540026313292
4063.746693038744 106.957844769646385
4122.855249790247 106.939429281328657
4182.823560297375 106.916729397866192
4243.664129966465 106.889351141515078
4305.389646099183 106.858343596566243
4368.012980538242 106.821192211677044
4431.5471923516225 106.774279228538802
4496.00553055582 106.714328033217328
4561.401436878714 106.634386477691010
4627.748548562617 106.535181755063334
4695.060701208099 106.409619492402584
4763.351931659176 106.257738687090367
4832.63648093046 106.078612394157489
4902.928797176889 105.868303877504559
4974.243538706657 105.631718340171801
5046.595577037959 105.367557808464142
5120.000000000202 105.084499999999196
5194.472114880326 104.784617302880946
5270.027451614888 104.472260732653027
5346.6817660285715 104.152603626830711
5424.451043119808 103.829663185954502
5503.351500394186 103.509450751986236
5583.399591246343 103.199600316037447
5664.612008391055 102.903719829834159
5747.005687344222 102.622791402384394
5830.597809954497 102.360766351131957
5915.405807986278 102.120446276754791
6001.447366754812 101.902842931266065
6088.740428814181 101.715392638328154
6177.303197698925 101.561155157770202
6267.154141720092 101.441388596864641
6358.3119978165005 101.359849121615795
6450.795775462017 101.314523203993332
6544.624760629676 101.306970590291300
6639.818519813445 101.336701093298331
6736.396904108505 101.401165306574399
6834.380053350861 101.495693260819991
6933.788400317181 101.615438572421851
7034.642674985712 101.752346171729855
7136.963908859177 101.892737901061224
7240.773439350552 102.013327032989523
7346.092914232631 102.081445086842820
7452.944296152315 102.062380371943291
7561.349867210557 101.920025243447327
7671.332233608935 101.644683082432323
7782.914330363799 101.233562208760077
7896.119426088994 100.686141657234572
8010.971127848146 100.012410547431131
8127.49338607753 99.243142807437721
8245.710499580537 98.409257476035748
8365.647120594791 97.526769680539928
8487.328259932974 96.616038050502695
8610.77929219841 95.710926425799130
8736.025961076528 94.846937151839995
8863.094384703289 94.040750935905095
8992.011061111683 93.299909768811517
9122.802873757471 92.626639121566683
9255.497097125279 92.020631043236364
9390.121402416245 91.477520778791444
9526.7038633184 90.997049032255561
9665.272961860968 90.579414749422611
9805.857594353829 90.222172043690279
9948.487077413367 89.922659915737157
10093.19115407597 89.687698366328078
10240.000000000457 89.515199999999552
10388.944229760706 89.411845543083075
10540.05490322983 89.389001372580736
10693.363532057198 89.440293883763829
10848.902086239672 89.570391107102068
11006.703000788428 89.787389651222057
11166.799182492743 90.097329688448838
11329.224016782166 90.528391424581372
11494.0113746885 91.062389147886250
11661.195619909053 91.772111275111200
11830.811615972614 92.618484135401701
12002.894733509682 93.671169514027497
12177.48085762842 94.894893240348665
12354.606395397908 96.389906337630606
12534.308283440243 98.017208012374240
12716.62399563306 99.619823164846139
12901.591550924093 100.602015276614765
13089.249521259411 101.176516748655601
13279.637039626952 100.981971990210113
13472.793808217073 100.124450240559582
13668.760106701786 99.061212741682908
13867.576800634426 98.104023855460696
14069.285349971487 97.349630941675670
14273.927817718419 96.686930416955192
14481.54687870117 96.143640264082791
14692.18582846533 95.980919759606934
14905.888592304698 95.966577294184219
15122.699734421185 95.867588641145574
15342.664467217943 95.524230739578300
15565.828660727671 94.873922042446409
15792.238852178061 93.923278274205146
16021.942255696367 92.765578642723227
16254.986772155136 91.614370742012895
16491.42099916115 90.707409047217823
16731.294241189662 90.025950947704189
16974.65651986603 89.568219638161679
17221.558584396902 89.492368032522023
17472.051922153143 89.951700309611454
17726.188769406665 91.028301839868803
17984.022122223458 92.408112300651169
18245.605747515034 93.170907017161369
18510.99419425065 92.387283601500229
18780.242804832582 89.871718591076046
19053.40772663689 86.313904617598382
19330.545923722028 82.725325691402759
19611.71518870775 79.531351619888085
19896.974154826825 76.587973139629753
20186.382308152035 74.772270872448047
