20 105.306500000000000
20.290906698750476 105.301500005159127
20.586044732869844 105.294499982805249
20.885475648548283 105.286499980716599
21.189261887185914 105.277000003700252
21.49746679841394 105.266500007168830
21.810154653305165 105.254499973131516
22.12739065777668 105.241499973335323
22.449240966187475 105.227500048007784
22.77577269513385 105.212499966305330
23.107053937445478 105.196000003198492
23.44315377638505 105.178999956583127
23.784142300054445 105.160499982590295
24.130090616010463 105.140500022119227
24.481070866093134 105.119500008363289
24.837156241469714 105.097999984571061
25.1984209978975 105.075000000133372
25.56494047120865 105.051000035938756
25.936791093020236 105.026499927306844
26.3140504066728 105.001000040744032
26.69679708340074 104.974999921597004
27.08511093873791 104.946500078971468
27.47907294916184 104.918500003728809
27.878765268980047 104.888999980028302
28.284271247461966 104.858499981889508
28.695675446220072 104.827999965665640
29.11306365684382 104.795500027033327
29.536522918790062 104.762500083954350
29.966141537533712 104.728499955442331
30.402009102982383 104.692000075872130
30.844216508158908 104.655500041004672
31.29285596815558 104.618000002687523
31.74802103936409 104.579999909644471
32.20980663898519 104.540500114530417
32.67830906482211 104.500000081544997
33.153626015361866 104.457999909133633
33.63585661014871 104.415000034637558
34.125101410453844 104.371500142440567
34.62146244024586 104.327500140898067
35.12504320746613 104.283999893262973
35.635948725613716 104.240499938181557
36.15428553564419 104.196499956042786
36.68016172818701 104.152999938358903
37.21368696608603 104.108000086890996
37.754972507267915 104.061500129147618
38.30413122794313 104.013499980290831
38.86127764614443 103.965000118640319
39.4265279456077 103.914500094790696
40.000000000000206 103.863999999999990
40.58181339750116 103.812000054686706
41.1720894657399 103.758999957851728
41.77095129709678 103.705499882157298
42.37852377437204 103.650500110550212
42.9949335968281 103.595000036495819
43.62030930661056 103.538499884258442
44.25478131555359 103.481499883085604
44.89848193237519 103.423500097503620
45.55154539026795 103.364999871539013
46.21410787489121 103.305000011100617
46.88630755277036 103.243999949564753
47.56828460010916 103.182499856096939
48.260181232021196 103.121999980427887
48.962141732186545 103.064500100777508
49.674312482939705 103.009500039064591
50.39684199579528 102.955000074781083
51.129880942417586 102.900000153824777
51.873582186040764 102.843999913231926
52.628100813345895 102.788500013803585
53.393594166801776 102.731499909529902
54.17022187747612 102.670500089291053
54.95814589832399 102.606999925562803
55.75753053796041 102.541999956062256
56.56854249492426 102.476499960156858
57.39135089244048 102.411499931331264
58.226127313687975 102.347000053247442
59.073045837580466 102.280000172996807
59.932283075067765 102.209999827991879
60.804018205965114 102.137500149693267
61.68843301631817 102.065000163144234
62.58571193631152 101.996000004809233
63.49604207872855 101.928999848654144
64.41961327797075 101.861000277070559
65.35661812964459 101.790500216711223
66.3072520307241 101.717999920629694
67.27171322029778 101.643499982601412
68.25020282090806 101.567000246033189
69.2429248804921 101.488500244223289
70.25008641493265 101.408499807873326
71.27189745122783 101.326999884793082
72.30857107128878 101.245999994761974
73.36032345637442 101.169999833654430
74.42737393217246 101.099500133232823
75.50994501453623 101.036500227428888
76.60826245588666 100.979499926568110
77.72255529228926 100.922500088568185
78.85305589121582 100.861500115235941
80.00000000000082 100.792999999999950
81.16362679500274 100.718500079450450
82.34417893148023 100.637499862430872
83.541902594194 100.551999884132158
84.75704754874454 100.463500178890001
85.98986719365665 100.374000058653863
87.24061861322157 100.282999816053859
88.50956263110764 100.193999819500561
89.79696386475084 100.107500206257782
91.10309078053635 100.023499827314723
92.42821574978288 99.941499954662220
93.77261510554118 99.859999934922129
95.13656920021877 99.779999811997598
96.52036246404286 99.699500030873224
97.92428346437356 99.618500145767442
99.34862496587989 99.535500001981106
100.79368399159105 99.451500116326116
102.25976188483567 99.366000240525963
103.74716437208203 99.280499865903849
105.25620162669229 99.195000077983408
106.78718833360406 99.108499864294828
108.34044375495276 99.017000133936534
109.9162917966485 98.918499884960511
111.51506107592134 98.815499928767480
113.13708498984903 98.707000000685923
114.78270178488147 98.591499870173109
116.45225462737648 98.467500028242839
118.14609167516147 98.336000260124919
119.86456615013608 98.199999747942996
121.60803641193078 98.060500287082931
123.3768660326369 97.920000234016271
125.17142387262359 97.781500085130361
126.99208415745765 97.652499800995230
128.83922655594208 97.541500368466274
130.71323625928977 97.454500244181631
132.61450406144883 97.394999960314792
134.5434264405962 97.366500005779315
136.50040564181674 97.375999935254356
138.48584976098482 97.434999808067133
140.50017282986593 97.545500329699223
142.5437949024563 97.689500139056605
144.61714214257822 97.838000009047562
146.7206469127495 97.961000203311301
148.8547478643456 98.033499889938128
151.01989002907314 98.047499993583969
153.216524911774 98.023999946237311
155.4451105845792 97.975500085514028
157.70611178243232 97.898000154267294
160.00000000000236 97.808999999999912
162.3272535900062 97.720500052520208
164.6883578629612 97.644999915840046
167.08380518838874 97.598499925625546
169.51409509748981 97.548500091200481
171.97973438731407 97.492500031933758
174.4812372264439 97.496500111607872
177.01912526221608 97.558500175745735
179.5939277295025 97.632999842952159
182.20618156107355 97.724000179631986
184.85643149956664 97.826000050375342
187.54523021108326 97.907000060250397
190.27313840043846 97.945000004642026
193.04072492808663 97.937500006560555
195.84856692874806 97.895500086380622
198.69724993176072 97.833000001599174
201.58736798318304 97.756000109401981
204.5195237696723 97.673000208844883
207.49432874416505 97.583999854860707
210.5124032533856 97.490000055357285
213.57437666720915 97.391499816909686
216.68088750990657 97.291000177853235
219.83258359329807 97.192999921045327
223.03012215184378 97.096999966503006
226.2741699796992 97.003000000586127
229.5654035697641 96.909999873636622
232.90450925475412 96.818500020236968
236.2921833503241 96.730000197995452
239.72913230027333 96.644999847677838
243.21607282386276 96.561000172249834
246.75373206527502 96.479000137066649
250.34284774524843 96.400000049450668
253.9841683149166 96.323499846983651
257.67845311188546 96.248000277189789
261.42647251858085 96.178000189477160
265.22900812289896 96.114499937790754
269.08685288119375 96.058500001657009
273.0008112836349 96.010500148914943
276.97169952197106 95.969000105168618
281.00034565973334 95.930999914610297
285.0875898049141 95.893999955808482
289.23428428515797 95.855999987736567
293.44129382550057 95.815999900654674
297.7094957286928 95.772500074688409
302.0397800581479 95.724500165029326
306.4330498235497 95.675499937058333
310.89022116916016 95.626500076351817
315.41222356486645 95.573500090106350
320.00000000000654 95.515999999999920
324.6545071800142 95.463500030787685
329.3767157259242 95.416499930960086
334.16761037677935 95.366999920795706
339.02819019498156 95.315500081600405
343.95946877463007 95.262000045249579
348.9624744528898 95.208999873185903
354.03825052443415 95.151499867484688
359.187855459007 95.090500128493673
364.4123631221491 95.028499892911682
369.71286299913527 94.965999965856696
375.0904604221685 94.904499929117193
380.54627680087896 94.844499871617884
386.08144985617537 94.784000012560057
391.6971338574982 94.722000111574957
397.3944998635236 94.659000012322849
403.1747359663683 94.596000085859757
409.0390475393468 94.533500152333843
414.9886574883323 94.468999890136303
421.0248065067734 94.407500044502655
427.1487533344206 94.351999908184666
433.3617750198154 94.296000100372567
439.6651671865984 94.233999940774964
446.06024430368984 94.173999980757031
452.54833995940066 94.122500000305507
459.13080713953053 94.079499945059382
465.8090185095106 94.040500014120255
472.58436670065066 94.008000063086612
479.45826460054917 93.989499994559921
486.432145647728 93.991499986645977
493.50746413055253 94.020499936567035
500.6856954904994 94.064999977591128
507.9683366298358 94.109000087015446
515.3569062237735 94.158999801472191
522.8529450371643 94.219499827241435
530.4580162458005 94.282000067572113
538.1737057623901 94.345499998036161
546.0016225672724 94.408999792814058
553.9433990439449 94.475499823842540
562.0006913194694 94.545000197082146
570.1751796098309 94.627500096898558
578.4685685703187 94.722000017794159
586.8825876510039 94.815500203311359
595.4189914573883 94.902999852320676
604.0795601162986 94.991999694008072
612.8660996471021 95.078500101889560
621.780442338323 95.164499857423451
630.8244471297356 95.252499846134668
640.0000000000159 95.340500000000148
649.3090143600314 95.428499937457019
658.7534314518515 95.514000115536163
668.3352207535618 95.596000134991158
678.0563803899662 95.680499862399330
687.9189375492632 95.767499933759126
697.9249489057827 95.861500242555621
708.0765010488715 95.985000384328771
718.3757109180171 96.158999624716941
728.8247262443015 96.338500265997936
739.425725998274 96.469500053733768
750.1809208443404 96.561000098054592
761.0925536017613 96.643000176198484
772.1628997123541 96.722999976031417
783.3942677149998 96.803499861418658
794.7889997270506 96.883999990983767
806.34947193274 96.965499892212478
818.0780950786972 97.051499778850200
829.9773149766683 97.140000149466204
842.0496130135506 97.230999931762625
854.2975066688449 97.328000175013727
866.7235500396347 97.428499822146890
879.3303343732008 97.531000101944755
892.1204886073838 97.636500046839075
905.0966799188055 97.744499999326649
918.2616142790653 97.851500137627724
931.6180370190256 97.958999959497220
945.1687334013056 98.067499772888240
958.9165292011028 98.171500188589476
972.8642912954606 98.276499790209641
987.0149282611097 98.387999798826911
1001.3713909810035 98.498999938779178
1015.9366732596762 98.610500214761558
1030.7138124475518 98.727499565951234
1045.7058900743334 98.845999660506266
1060.916032491606 98.968000134071701
1076.3474115247852 99.093499996133744
1092.0032451345498 99.220499588865380
1107.8867980878947 99.349999647354963
1124.0013826389438 99.484500330932093
1140.350359219667 99.620000137533481
1156.9371371406426 99.751500024724550
1173.765175302013 99.885000310716975
1190.837982914782 100.022999757696184
1208.1591202326028 100.161499522102588
1225.73219929421 100.299000166619436
1243.5608846766518 100.437999779973680
1261.648894259477 100.578499755214295
1280.0000000000375 100.719500000000295
1298.6180287200684 100.860499899789133
1317.5068629037087 100.998500193030011
1336.6704415071292 101.136000227695988
1356.112760779938 101.275999768824107
1375.8378750985323 101.416499887544859
1395.8498978115715 101.556500303194554
1416.153002097749 101.697000330429091
1436.7514218360407 101.839499699334652
1457.6494524886093 101.987000273285588
1478.8514519965543 102.137000083399343
1500.3618416886875 102.286000180751259
1522.1851072035295 102.440500349605102
1544.3257994247153 102.601499952062909
1566.788535430007 102.765499717704728
1589.5779994541087 102.931499974109471
1612.6989438654878 103.102499770562559
1636.156190157402 103.275499557700471
1659.9546299533442 103.453000300593175
1684.099226027109 103.633499873920456
1708.5950133376978 103.813500311175233
1733.4471000792773 103.996999674229500
1758.6606687464096 104.187500178880413
1784.2409772147755 104.381000076634592
1810.193359837619 104.575500006225894
1836.5232285581387 104.771000264517241
1863.2360740380593 104.969499926054596
1890.3374668026197 105.171499573114048
1917.833058402214 105.374500366298818
1945.7285825909298 105.576499600210838
1974.0298565222283 105.781499633904360
2002.7427819620161 105.990499883123931
2031.8733465193618 106.197000388382378
2061.4276248951132 106.403499238575534
2091.411780148677 106.610499416330811
2121.832064983222 106.813500219913465
2152.694823049581 107.010999993985877
2184.0064902691106 107.204999375204991
2215.7735961758003 107.396499488530154
2248.002765277899 107.578500428265102
2280.7007184393456 107.752000175042681
2313.874274281297 107.918000029219968
2347.530350604038 108.070000321616050
2381.6759658295764 108.207999766903100
2416.318240465218 108.331999590878212
2451.4643985884327 108.438500111643123
2487.1217693533167 108.523999873366179
2523.2977885189675 108.588499896840332
2560.0000000000887 108.632000000000062
2597.236057440151 108.653499988628568
2635.0137258074315 108.652999974638391
2673.340883014273 108.629999938196789
2712.225521559891 108.587000079260292
2751.6757501970797 108.524000052125558
2791.699795623158 108.442999791912811
2832.3060041955137 108.343999739874931
2873.502843672097 108.229500246378507
2915.2989049772345 108.103499759508637
2957.7029039931244 107.968499924904165
3000.723683377391 107.826499829717108
3044.370214407075 107.678499662222393
3088.6515988494466 107.525500041831151
3133.57707086003 107.372500261764628
3179.1559989082334 107.221000023409943
3225.3978877309914 107.071000196708553
3272.3123803148205 106.925500366040950
3319.9092599067053 106.785999779122108
3368.198452054235 106.655000090356964
3417.190026675413 106.532999802786151
3466.8942001585724 106.421000191496219
3517.3213374928373 106.319499911530386
3568.4819544295697 106.229499968003054
3620.386719675257 106.150499999047668
3673.0464571162966 106.077499906481592
3726.472148076138 106.007000026010914
3780.6749336052594 105.938000144246274
3835.6661168044484 105.870999880318180
3891.45716518188 105.806500123561548
3948.059713044477 105.750000095966797
4005.4855639240527 105.703500024488307
4063.746693038744 105.666499941554108
4122.855249790247 105.638000096076127
4182.823560297375 105.617500050753833
4243.664129966465 105.604999991159247
4305.389646099183 105.599000000122743
4368.012980538242 105.597499999999997
4431.5471923516225 105.599499991971214
4496.00553055582 105.602000002448676
4561.401436878714 105.602499997885914
4627.748548562617 105.598499998382252
4695.060701208099 105.587499959207150
4763.351931659176 105.566500041789595
4832.63648093046 105.532500130101710
4902.928797176889 105.482499923595185
4974.243538706657 105.413500118719185
5046.595577037959 105.324500164796220
5120.000000000202 105.213999999999658
5194.472114880326 105.081500098078607
5270.027451614888 104.926499760473604
5346.6817660285715 104.752499696662838
5424.451043119808 104.561000321994882
5503.351500394186 104.355500162600578
5583.399591246343 104.142499526875355
5664.612008391055 103.926499493810610
5747.005687344222 103.712500440082309
5830.597809954497 103.509499650194314
5915.405807986278 103.321499906666531
6001.447366754812 103.152999823925114
6088.740428814181 103.006999721830169
6177.303197698925 102.887500032166201
6267.154141720092 102.795000148089343
6358.3119978165005 102.731000008681818
6450.795775462017 102.698000033004774
6544.624760629676 102.696999982206336
6639.818519813445 102.729000096925432
6736.396904108505 102.796499945271606
6834.380053350861 102.902000233899670
6933.788400317181 103.046499733646215
7034.642674985712 103.227000192159892
7136.963908859177 103.434500089032312
7240.773439350552 103.655500002831360
7346.092914232631 103.871500258677969
7452.944296152315 104.054999936087512
7561.349867210557 104.175999785751898
7671.332233608935 104.202499888836314
7782.914330363799 104.108500250218412
7896.119426088994 103.880000469708591
8010.971127848146 103.516500216959059
8127.49338607753 103.031498946088220
8245.710499580537 102.453502206055475
8365.647120594791 101.816001835349113
8487.328259932974 101.152499271616051
8610.77929219841 100.493000025384418
8736.025961076528 99.857502028015318
8863.094384703289 99.257501583621632
8992.011061111683 98.700998741382648
9122.802873757471 98.203499533841722
9255.497097125279 97.780499925583712
9390.121402416245 97.428499311054111
9526.7038633184 97.137500484062855
9665.272961860968 96.901500760067776
9805.857594353829 96.726499858105299
9948.487077413367 96.631500116063279
10093.19115407597 96.636999941020321
10240.000000000457 96.757000000000659
10388.944229760706 97.000999803842859
10540.05490322983 97.376500673492075
10693.363532057198 97.887500981688731
10848.902086239672 98.522498903566401
11006.703000788428 99.258499406279540
11166.799182492743 100.045001686602035
11329.224016782166 100.793501549682517
11494.0113746885 101.411998804985870
11661.195619909053 101.759500131177163
11830.811615972614 101.745499870406633
12002.894733509682 101.447499454020118
12177.48085762842 100.910998355082626
12354.606395397908 100.113500236618151
12534.308283440243 99.222001525664311
12716.62399563306 98.421000114269106
12901.591550924093 97.793500767509528
13089.249521259411 97.363000963399145
13279.637039626952 97.142999911705573
13472.793808217073 97.145999958369629
13668.760106701786 97.354000546912573
13867.576800634426 97.690499381989724
14069.285349971487 98.021000205477975
14273.927817718419 98.166999955888514
14481.54687870117 97.951499990283224
14692.18582846533 97.288498711188737
14905.888592304698 96.231500423233996
15122.699734421185 94.950002774957511
15342.664467217943 93.658497867843479
15565.828660727671 92.559002027359909
15792.238852178061 91.804001178736200
16021.942255696367 91.420500162350891
16254.986772155136 91.405000492076965
16491.42099916115 91.738498501445576
16731.294241189662 92.247498523802591
16974.65651986603 92.731000424525121
17221.558584396902 93.067499988916211
17472.051922153143 93.120000142090234
17726.188769406665 92.672501602749662
17984.022122223458 91.540495800527168
18245.605747515034 89.626997425815702
18510.99419425065 87.062999440453751
18780.242804832582 84.252994234609815
19053.40772663689 81.899003760134789
19330.545923722028 80.205505533775423
19611.71518870775 78.908999987872249
19896.974154826825 79.410998391375486
20186.382308152035 80.493998535916305
