20 92.306094377510036
20.290906698750476 92.313398301911789
20.586044732869844 92.325664454614980
20.885475648548283 92.341132358747387
21.189261887185914 92.357758202086472
21.49746679841394 92.374869136702557
21.810154653305165 92.392464242383198
22.12739065777668 92.410760449412919
22.449240966187475 92.429964868126461
22.77577269513385 92.450326672583131
23.107053937445478 92.471959134770060
23.44315377638505 92.495488535515562
23.784142300054445 92.521747286367940
24.130090616010463 92.551153823182233
24.481070866093134 92.583251349826668
24.837156241469714 92.617019410242932
25.1984209978975 92.651371980181480
25.56494047120865 92.685280030150253
25.936791093020236 92.717547488870693
26.3140504066728 92.745779526087844
26.69679708340074 92.767749309092679
27.08511093873791 92.784043702939812
27.47907294916184 92.797692128126045
27.878765268980047 92.809718144903300
28.284271247461966 92.821108639054032
28.695675446220072 92.832922090539114
29.11306365684382 92.845796462216413
29.536522918790062 92.859711226206713
29.966141537533712 92.874505044156791
30.402009102982383 92.890289971817197
30.844216508158908 92.906862435735007
31.29285596815558 92.923559297285749
31.74802103936409 92.939567142018404
32.20980663898519 92.954825478608655
32.67830906482211 92.969397968172075
33.153626015361866 92.983475449474213
33.63585661014871 92.996772568178528
34.125101410453844 93.009200257603851
34.62146244024586 93.020627575343468
35.12504320746613 93.029927878026285
35.635948725613716 93.034600165988408
36.15428553564419 93.034643707363372
36.68016172818701 93.032676940687935
37.21368696608603 93.031521969143427
37.754972507267915 93.035148746893981
38.30413122794313 93.049001719073772
38.86127764614443 93.075828337485632
39.4265279456077 93.111966736687293
40.000000000000206 93.149421756487044
40.58181339750116 93.181394670928455
41.1720894657399 93.202139438146588
41.77095129709678 93.212373366008734
42.37852377437204 93.217738994027243
42.9949335968281 93.222120421193281
43.62030930661056 93.227713391058501
44.25478131555359 93.234931875814993
44.89848193237519 93.243259248822511
45.55154539026795 93.252519941442301
46.21410787489121 93.262973095896683
46.88630755277036 93.275251026983369
47.56828460010916 93.290270899417408
48.260181232021196 93.307813906022403
48.962141732186545 93.326838414772723
49.674312482939705 93.344770173711865
50.39684199579528 93.359809484949494
51.129880942417586 93.372826705053001
51.873582186040764 93.384061887641948
52.628100813345895 93.391357352798053
53.393594166801776 93.393908655580447
54.17022187747612 93.391863623971688
54.95814589832399 93.384936597321527
55.75753053796041 93.371363328462138
56.56854249492426 93.350093963993245
57.39135089244048 93.324652983962892
58.226127313687975 93.305194873806443
59.073045837580466 93.307630112135058
59.932283075067765 93.335196806381475
60.804018205965114 93.368212469095425
61.68843301631817 93.384409843263057
62.58571193631152 93.380380205326162
63.49604207872855 93.376672655818368
64.41961327797075 93.394205216439801
65.35661812964459 93.441791754735988
66.3072520307241 93.508970184167964
67.27171322029778 93.575190251298295
68.25020282090806 93.627978677129391
69.2429248804921 93.663199756032526
70.25008641493265 93.674491888464203
71.27189745122783 93.655682458973814
72.30857107128878 93.616076197838595
73.36032345637442 93.571449434140234
74.42737393217246 93.527875381128155
75.50994501453623 93.482464076252171
76.60826245588666 93.430214149263719
77.72255529228926 93.374328874881087
78.85305589121582 93.345782331875967
80.00000000000082 93.386423346693434
81.16362679500274 93.484973256213166
82.34417893148023 93.577686277954058
83.541902594194 93.635699288298341
84.75704754874454 93.696152112137185
85.98986719365665 93.785547299174084
87.24061861322157 93.891203810926484
88.50956263110764 93.993905314082127
89.79696386475084 94.084465425454923
91.10309078053635 94.150629972015636
92.42821574978288 94.188792657442406
93.77261510554118 94.206557185956271
95.13656920021877 94.210740154634067
96.52036246404286 94.204625488830914
97.92428346437356 94.189688653086961
99.34862496587989 94.163992475847550
100.79368399159105 94.127349569586755
102.25976188483567 94.089146785593101
103.74716437208203 94.064679490156692
105.25620162669229 94.062421377167027
106.78718833360406 94.080220257767536
108.34044375495276 94.084865462726242
109.9162917966485 94.041607413474509
111.51506107592134 93.986834949263738
113.13708498984903 93.949618243489482
114.78270178488147 93.914428508357162
116.45225462737648 93.872435220292616
118.14609167516147 93.829097462110951
119.86456615013608 93.796516235641718
121.60803641193078 93.781322580236065
123.3768660326369 93.748951595645281
125.17142387262359 93.685787479007274
126.99208415745765 93.628239115022794
128.83922655594208 93.584050381770311
130.71323625928977 93.524982758686519
132.61450406144883 93.442630122907190
134.5434264405962 93.369157544061835
136.50040564181674 93.328773297156005
138.48584976098482 93.299765018391582
140.50017282986593 93.259100524130545
142.5437949024563 93.216713038741659
144.61714214257822 93.173112158740082
146.7206469127495 93.112474383380686
148.8547478643456 93.043565072774101
151.01989002907314 92.981682200592843
153.216524911774 92.906871468863756
155.4451105845792 92.841633318202753
157.70611178243232 92.832354272799506
160.00000000000236 92.855575832918987
162.3272535900062 92.931388073258887
164.6883578629612 93.132114282965730
167.08380518838874 93.431033577618223
169.51409509748981 93.776548590756732
171.97973438731407 94.180001288841197
174.4812372264439 94.646839162943053
177.01912526221608 95.123308072027640
179.5939277295025 95.598492704354413
182.20618156107355 96.045156762609253
184.85643149956664 96.393615694589556
187.54523021108326 96.600384399454100
190.27313840043846 96.702760751612090
193.04072492808663 96.760149084437117
195.84856692874806 96.782233937265943
198.69724993176072 96.760321398604503
201.58736798318304 96.714108046046874
204.5195237696723 96.638938221428731
207.49432874416505 96.541664730379125
210.5124032533856 96.440394739680727
213.57437666720915 96.348769621228882
216.68088750990657 96.296469614248849
219.83258359329807 96.259579238019029
223.03012215184378 96.174645158604790
226.2741699796992 96.070923388934972
229.5654035697641 96.008400944968429
232.90450925475412 95.970031134315576
236.2921833503241 95.926801244427963
239.72913230027333 95.880580520059652
243.21607282386276 95.833585683490043
246.75373206527502 95.784371649830035
250.34284774524843 95.709921732584888
253.9841683149166 95.588399135105021
257.67845311188546 95.512093221307282
261.42647251858085 95.506054420432520
265.22900812289896 95.486705219082864
269.08685288119375 95.450042990285937
273.0008112836349 95.416587632450174
276.97169952197106 95.359392971097577
281.00034565973334 95.291445914284452
285.0875898049141 95.212308695051732
289.23428428515797 95.157011975194649
293.44129382550057 95.132691446780029
297.7094957286928 95.088536363649865
302.0397800581479 95.036258789470608
306.4330498235497 94.995751756545701
310.89022116916016 94.948375306081630
315.41222356486645 94.940942938629775
320.00000000000654 94.953323070197371
324.6545071800142 94.929514123303335
329.3767157259242 94.880393941761895
334.16761037677935 94.838188415230917
339.02819019498156 94.785340442997011
343.95946877463007 94.732416943707079
348.9624744528898 94.717235844444247
354.03825052443415 94.676823721702590
359.187855459007 94.604431824175151
364.4123631221491 94.558432060447217
369.71286299913527 94.533685715832718
375.0904604221685 94.485180015419346
380.54627680087896 94.435587306778274
386.08144985617537 94.353885059362682
391.6971338574982 94.281080723322390
397.3944998635236 94.241290982402731
403.1747359663683 94.175690379830812
409.0390475393468 94.124757915637375
414.9886574883323 94.095636654901227
421.0248065067734 94.039283989142035
427.1487533344206 93.991995400768175
433.3617750198154 93.955768954554287
439.6651671865984 93.932724639068965
446.06024430368984 93.934664538700275
452.54833995940066 93.914338784278655
459.13080713953053 93.895449770033593
465.8090185095106 93.903784794041002
472.58436670065066 93.907377872301410
479.45826460054917 93.919719638007805
486.432145647728 93.980576502576696
493.50746413055253 94.041046459217569
500.6856954904994 94.089570459222273
507.9683366298358 94.157918162664203
515.3569062237735 94.252837774550954
522.8529450371643 94.345227682203188
530.4580162458005 94.439220344847712
538.1737057623901 94.559686702316611
546.0016225672724 94.655515727017502
553.9433990439449 94.730236391525352
562.0006913194694 94.829378362020265
570.1751796098309 94.937961116495629
578.4685685703187 95.016893183972769
586.8825876510039 95.098440018879842
595.4189914573883 95.174774249821468
604.0795601162986 95.247026059023597
612.8660996471021 95.296991459739885
621.780442338323 95.340483165850245
630.8244471297356 95.399466945405663
640.0000000000159 95.454604161436194
649.3090143600314 95.495239221476410
658.7534314518515 95.547278147780872
668.3352207535618 95.606849175133405
678.0563803899662 95.652001600388900
687.9189375492632 95.691089844580205
697.9249489057827 95.723299020736420
708.0765010488715 95.753785295604217
718.3757109180171 95.786127339014456
728.8247262443015 95.821255201862655
739.425725998274 95.860260184340873
750.1809208443404 95.889392417337532
761.0925536017613 95.912898652832936
772.1628997123541 95.949926756840071
783.3942677149998 95.999149867840998
794.7889997270506 96.045725199536889
806.34947193274 96.081157073461128
818.0780950786972 96.110222363958400
829.9773149766683 96.142810441345347
842.0496130135506 96.174597475906239
854.2975066688449 96.196266529321207
866.7235500396347 96.222451333213684
879.3303343732008 96.261334026935145
892.1204886073838 96.294911599177553
905.0966799188055 96.322315508150410
918.2616142790653 96.352296160581261
931.6180370190256 96.385566651768315
945.1687334013056 96.412267971926155
958.9165292011028 96.440795587071591
972.8642912954606 96.479395846728991
987.0149282611097 96.520917086377793
1001.3713909810035 96.561018141942469
1015.9366732596762 96.603322796506475
1030.7138124475518 96.649948126824711
1045.7058900743334 96.694174459016665
1060.916032491606 96.749049448515379
1076.3474115247852 96.806119436731876
1092.0032451345498 96.849570725352393
1107.8867980878947 96.892134841306927
1124.0013826389438 96.950772270688091
1140.350359219667 97.009194801240966
1156.9371371406426 97.050056692404695
1173.765175302013 97.097704790340899
1190.837982914782 97.155252221553724
1208.1591202326028 97.217532257483612
1225.73219929421 97.276048107734027
1243.5608846766518 97.319168350079821
1261.648894259477 97.344428056560915
1280.0000000000375 97.360765071949203
1298.6180287200684 97.386435237953492
1317.5068629037087 97.423110340783154
1336.6704415071292 97.453373598146783
1356.112760779938 97.467201462900420
1375.8378750985323 97.468695182760328
1395.8498978115715 97.470715731693446
1416.153002097749 97.473907738341140
1436.7514218360407 97.474418215230969
1457.6494524886093 97.461224453055337
1478.8514519965543 97.441976294998256
1500.3618416886875 97.436234734734086
1522.1851072035295 97.440147508302033
1544.3257994247153 97.449894649035031
1566.788535430007 97.478576372808959
1589.5779994541087 97.512453453742310
1612.6989438654878 97.545726254471163
1636.156190157402 97.586027405467007
1659.9546299533442 97.640459476517535
1684.099226027109 97.709456623935750
1708.5950133376978 97.783267227021184
1733.4471000792773 97.862520013877059
1758.6606687464096 97.939741838541579
1784.2409772147755 98.002106197484494
1810.193359837619 98.071662057920591
1836.5232285581387 98.157308105039561
1863.2360740380593 98.238404214317939
1890.3374668026197 98.316496561700319
1917.833058402214 98.400133510309743
1945.7285825909298 98.482267535493264
1974.0298565222283 98.561651027570392
2002.7427819620161 98.654088856916843
2031.8733465193618 98.746594973310721
2061.4276248951132 98.837946963961656
2091.411780148677 98.941872261653316
2121.832064983222 99.054100991526809
2152.694823049581 99.159566191050331
2184.0064902691106 99.270668236671270
2215.7735961758003 99.384459085936754
2248.002765277899 99.491289425399970
2280.7007184393456 99.599675155537625
2313.874274281297 99.712802295604035
2347.530350604038 99.819656075642129
2381.6759658295764 99.921433242340782
2416.318240465218 100.020333579245900
2451.4643985884327 100.112176274279079
2487.1217693533167 100.189339621121718
2523.2977885189675 100.251722968911309
2560.0000000000887 100.298768936050436
2597.236057440151 100.331164048368592
2635.0137258074315 100.342510099669767
2673.340883014273 100.308181406102136
2712.225521559891 100.203664079941746
2751.6757501970797 100.019908667000919
2791.699795623158 99.779440023560227
2832.3060041955137 99.565311470596441
2873.502843672097 99.464442533537266
2915.2989049772345 99.456850792296507
2957.7029039931244 99.423417821159376
3000.723683377391 99.322813244149089
3044.370214407075 99.176060457312985
3088.6515988494466 98.992015967788092
3133.57707086003 98.773448840677219
3179.1559989082334 98.536553546768076
3225.3978877309914 98.290947349580549
3272.3123803148205 98.034852159486675
3319.9092599067053 97.772254045548593
3368.198452054235 97.508884162408833
3417.190026675413 97.249952636026890
3466.8942001585724 97.000451838699632
3517.3213374928373 96.765660397357294
3568.4819544295697 96.549644544247087
3620.386719675257 96.353306278085498
3673.0464571162966 96.179783637647603
3726.472148076138 96.022562737207636
3780.6749336052594 95.855508752345457
3835.6661168044484 95.651651643246907
3891.45716518188 95.464237184513081
3948.059713044477 95.465025747568902
4005.4855639240527 95.763364446697508
4063.746693038744 96.264003532400125
4122.855249790247 96.787740260067920
4182.823560297375 97.256725842019506
4243.664129966465 97.664570428926325
4305.389646099183 98.001816705609343
4368.012980538242 98.285938141498349
4431.5471923516225 98.580521846437350
4496.00553055582 98.918678427012537
4561.401436878714 99.261043418921162
4627.748548562617 99.556390074621078
4695.060701208099 99.802474874756200
4763.351931659176 100.021813433623294
4832.63648093046 100.204185219824367
4902.928797176889 100.347783513249041
4974.243538706657 100.470435470160453
5046.595577037959 100.586640520787469
5120.000000000202 100.702073475046546
5194.472114880326 100.831582716097444
5270.027451614888 100.983145843400507
5346.6817660285715 101.157531581725863
5424.451043119808 101.343554281344154
5503.351500394186 101.541091989398865
5583.399591246343 101.758209504227239
5664.612008391055 101.998613148069097
5747.005687344222 102.255592239796485
5830.597809954497 102.533933656809040
5915.405807986278 102.834337654996915
6001.447366754812 103.160220595165697
6088.740428814181 103.510348853801830
6177.303197698925 103.883905464698813
6267.154141720092 104.276856111160555
6358.3119978165005 104.689952255691480
6450.795775462017 105.127585495815225
6544.624760629676 105.579504612682030
6639.818519813445 106.033919459297834
6736.396904108505 106.493652184496597
6834.380053350861 106.950960968375341
6933.788400317181 107.388297283693973
7034.642674985712 107.786198798243817
7136.963908859177 108.129619721936152
7240.773439350552 108.401251067475243
7346.092914232631 108.580363233558558
7452.944296152315 108.634104316588761
7561.349867210557 108.552120540795784
7671.332233608935 108.344113346596629
7782.914330363799 108.018389399077194
7896.119426088994 107.582651107831936
8010.971127848146 107.059985871910655
8127.49338607753 106.478493095986153
8245.710499580537 105.853842544184573
8365.647120594791 105.196932080656211
8487.328259932974 104.519745729995563
8610.77929219841 103.841177628292911
8736.025961076528 103.168374486040193
8863.094384703289 102.498945665089025
8992.011061111683 101.844374966487550
9122.802873757471 101.210839028816764
9255.497097125279 100.598048698132601
9390.121402416245 100.010508399153451
9526.7038633184 99.450557683366014
9665.272961860968 98.918019598662454
9805.857594353829 98.419829752506672
9948.487077413367 97.959157868364031
10093.19115407597 97.531697651580146
10240.000000000457 97.141831158191820
10388.944229760706 96.792222485773920
10540.05490322983 96.490453409340262
10693.363532057198 96.248478730066140
10848.902086239672 96.073400838327444
11006.703000788428 95.955552604042694
11166.799182492743 95.887806323042895
11329.224016782166 95.871424086672022
11494.0113746885 95.946669356823548
11661.195619909053 96.130357212617525
11830.811615972614 96.380568775338091
12002.894733509682 96.675368223644057
12177.48085762842 97.022005731989680
12354.606395397908 97.418342984305937
12534.308283440243 97.842856492388080
12716.62399563306 98.258596879588367
12901.591550924093 98.624261667450682
13089.249521259411 98.889562959661973
13279.637039626952 99.033999650160055
13472.793808217073 99.070603989990758
13668.760106701786 99.029468803502354
13867.576800634426 98.947504170155909
14069.285349971487 98.867585682453068
14273.927817718419 98.828379004291065
14481.54687870117 98.812543017275061
14692.18582846533 98.731721513398639
14905.888592304698 98.472293883380303
15122.699734421185 97.929829966946826
15342.664467217943 97.058545284973860
15565.828660727671 95.911085275561220
15792.238852178061 94.607037478199871
16021.942255696367 93.279982504072535
16254.986772155136 92.027327591319946
16491.42099916115 90.928184492672841
16731.294241189662 89.975917556800596
16974.65651986603 89.287380042871689
17221.558584396902 89.508258829248376
17472.051922153143 90.243644137142411
17726.188769406665 90.663921905881494
17984.022122223458 90.554301378819787
18245.605747515034 89.765456106723846
18510.99419425065 88.076387180851384
18780.242804832582 85.477590303250338
19053.40772663689 82.062185575693320
19330.545923722028 78.664376881025987
19611.71518870775 77.549997074748120
19896.974154826825 77.655373124839940
20186.382308152035 77.123802379699598
