20 103.042499999999990
20.290906698750476 103.077408920213117
20.586044732869844 103.112825373526476
20.885475648548283 103.147805492330633
21.189261887185914 103.183247107681325
21.49746679841394 103.217965042234169
21.810154653305165 103.253142505284302
22.12739065777668 103.288512972355448
22.449240966187475 103.323752352218833
22.77577269513385 103.358329767929732
23.107053937445478 103.392205429429310
23.44315377638505 103.425576839421723
23.784142300054445 103.458493518505179
24.130090616010463 103.490057739220020
24.481070866093134 103.518759338158134
24.837156241469714 103.546058084568060
25.1984209978975 103.571889469852835
25.56494047120865 103.596927333535902
25.936791093020236 103.620878473805107
26.3140504066728 103.643842987210320
26.69679708340074 103.666069835941300
27.08511093873791 103.687681067693688
27.47907294916184 103.709000154767836
27.878765268980047 103.729786720035221
28.284271247461966 103.749076477383255
28.695675446220072 103.767414044187461
29.11306365684382 103.784570291646375
29.536522918790062 103.799559164644904
29.966141537533712 103.812018104588475
30.402009102982383 103.822540181925703
30.844216508158908 103.831204047538108
31.29285596815558 103.838651769562148
31.74802103936409 103.843980210393639
32.20980663898519 103.847758839833915
32.67830906482211 103.850213236259293
33.153626015361866 103.851500000000001
33.63585661014871 103.851228286779701
34.125101410453844 103.849874492947734
34.62146244024586 103.847149762918278
35.12504320746613 103.843249567925341
35.635948725613716 103.838004564018249
36.15428553564419 103.831685716965339
36.68016172818701 103.823617412349009
37.21368696608603 103.814439947644360
37.754972507267915 103.802807819383759
38.30413122794313 103.789188483845550
38.86127764614443 103.773460098508110
39.4265279456077 103.755796004569760
40.000000000000206 103.736499999999978
40.58181339750116 103.714197078752719
41.1720894657399 103.690616455788131
41.77095129709678 103.664758737988265
42.37852377437204 103.637466422344090
42.9949335968281 103.608078129747071
43.62030930661056 103.576984564746652
44.25478131555359 103.543279668410108
44.89848193237519 103.508914314987706
45.55154539026795 103.473054553335317
46.21410787489121 103.435188851989921
46.88630755277036 103.396506440866233
47.56828460010916 103.356951704491095
48.260181232021196 103.315949366310747
48.962141732186545 103.274084335425329
49.674312482939705 103.230812723330246
50.39684199579528 103.186197344259483
51.129880942417586 103.140028963619216
51.873582186040764 103.091950348559678
52.628100813345895 103.041603226478173
53.393594166801776 102.989194370546087
54.17022187747612 102.934555546529481
54.95814589832399 102.877620846520898
55.75753053796041 102.819230601574901
56.56854249492426 102.758859312880674
57.39135089244048 102.696561656728306
58.226127313687975 102.632927387816565
59.073045837580466 102.569058085100252
59.932283075067765 102.505044910907458
60.804018205965114 102.439701430840543
61.68843301631817 102.373463759507217
62.58571193631152 102.303384156160462
63.49604207872855 102.230816633701721
64.41961327797075 102.156930937762340
65.35661812964459 102.081792240563615
66.3072520307241 102.005266211526703
67.27171322029778 101.927219515935576
68.25020282090806 101.846858267275081
69.2429248804921 101.764594310038660
70.25008641493265 101.679742654730717
71.27189745122783 101.592616819194404
72.30857107128878 101.503308602333519
73.36032345637442 101.412151859295420
74.42737393217246 101.319104780934907
75.50994501453623 101.224379699677328
76.60826245588666 101.128041317828476
77.72255529228926 101.029812461884120
78.85305589121582 100.929813649560060
80.00000000000082 100.828499999999934
81.16362679500274 100.728136938023354
82.34417893148023 100.630825242966068
83.541902594194 100.541059678291035
84.75704754874454 100.458196870575875
85.98986719365665 100.378070917253638
87.24061861322157 100.295258798599946
88.50956263110764 100.206770052492118
89.79696386475084 100.108498424990685
91.10309078053635 100.001994783092712
92.42821574978288 99.887712084240889
93.77261510554118 99.768433303469294
95.13656920021877 99.647879453179229
96.52036246404286 99.525776129589843
97.92428346437356 99.405425545466656
99.34862496587989 99.288110133004935
100.79368399159105 99.176738261961191
102.25976188483567 99.071576429946333
103.74716437208203 98.971400697119321
105.25620162669229 98.873382080134292
106.78718833360406 98.774595154426947
108.34044375495276 98.672190268418177
109.9162917966485 98.563573152514579
111.51506107592134 98.446870367348225
113.13708498984903 98.320165065253548
114.78270178488147 98.186427147565155
116.45225462737648 98.048688829862570
118.14609167516147 97.908531711251555
119.86456615013608 97.767748886353374
121.60803641193078 97.623616923411589
123.3768660326369 97.475605403555591
125.17142387262359 97.323986112117865
126.99208415745765 97.169508818563614
128.83922655594208 97.011925963728942
130.71323625928977 96.852099707600573
132.61450406144883 96.690688910869028
134.5434264405962 96.530303175260968
136.50040564181674 96.368716128908304
138.48584976098482 96.202445695196786
140.50017282986593 96.031818585184780
142.5437949024563 95.857429501657066
144.61714214257822 95.683468631094712
146.7206469127495 95.517633670188090
148.8547478643456 95.364606195651632
151.01989002907314 95.225918532273056
153.216524911774 95.100024179675984
155.4451105845792 94.980840873614312
157.70611178243232 94.853685178854874
160.00000000000236 94.705499999999830
162.3272535900062 94.545384953007570
164.6883578629612 94.386442351609006
167.08380518838874 94.246306343224163
169.51409509748981 94.154826404724332
171.97973438731407 94.139291893754930
174.4812372264439 94.217956994167182
177.01912526221608 94.385896144141782
179.5939277295025 94.617410421027330
182.20618156107355 94.884501646039439
184.85643149956664 95.155356012955792
187.54523021108326 95.399365127704598
190.27313840043846 95.597896654905526
193.04072492808663 95.750426736950885
195.84856692874806 95.856411307076201
198.69724993176072 95.915127549194779
201.58736798318304 95.926267018711513
204.5195237696723 95.898694127608465
207.49432874416505 95.838888945767962
210.5124032533856 95.757636171234026
213.57437666720915 95.665194323316513
216.68088750990657 95.566881821560457
219.83258359329807 95.466357325014457
223.03012215184378 95.361384734258138
226.2741699796992 95.255968503989735
229.5654035697641 95.152117354814067
232.90450925475412 95.051364722357377
236.2921833503241 94.952891912028505
239.72913230027333 94.857516578667415
243.21607282386276 94.765652197609398
246.75373206527502 94.678095131384453
250.34284774524843 94.595928765254257
253.9841683149166 94.520826528504841
257.67845311188546 94.453828037347080
261.42647251858085 94.397887839415745
265.22900812289896 94.353282439078242
269.08685288119375 94.324840769717810
273.0008112836349 94.324754259239086
276.97169952197106 94.353132093785632
281.00034565973334 94.410306152743260
285.0875898049141 94.482953990761573
289.23428428515797 94.551789119133630
293.44129382550057 94.601321843932851
297.7094957286928 94.628025134196164
302.0397800581479 94.634205247434579
306.4330498235497 94.623078817313655
310.89022116916016 94.601062616508045
315.41222356486645 94.572031990332960
320.00000000000654 94.538999999999945
324.6545071800142 94.502694843995883
329.3767157259242 94.465861617337794
334.16761037677935 94.430159683211826
339.02819019498156 94.395802668635127
343.95946877463007 94.360095877945213
348.9624744528898 94.322385194158045
354.03825052443415 94.282193995804533
359.187855459007 94.239740799690239
364.4123631221491 94.195936149773942
369.71286299913527 94.151411950807258
375.0904604221685 94.105756932246479
380.54627680087896 94.060941297707060
386.08144985617537 94.016348401150594
391.6971338574982 93.972890783470490
397.3944998635236 93.930020150996285
403.1747359663683 93.888776848235423
409.0390475393468 93.847979921186180
414.9886574883323 93.807326561953758
421.0248065067734 93.768419045744110
427.1487533344206 93.732539982216423
433.3617750198154 93.699207051976003
439.6651671865984 93.665793425897490
446.06024430368984 93.635945770886480
452.54833995940066 93.617167822069007
459.13080713953053 93.615950576528235
465.8090185095106 93.633870910456295
472.58436670065066 93.682949481248528
479.45826460054917 93.765460361993291
486.432145647728 93.878062548835246
493.50746413055253 94.035347580670361
500.6856954904994 94.226470922275325
507.9683366298358 94.422647067966210
515.3569062237735 94.618397162292638
522.8529450371643 94.801058900743286
530.4580162458005 94.950555357518027
538.1737057623901 95.060150204742712
546.0016225672724 95.131295913279999
553.9433990439449 95.175680434213561
562.0006913194694 95.201801831996590
570.1751796098309 95.223691959458819
578.4685685703187 95.256450845852754
586.8825876510039 95.303107267140916
595.4189914573883 95.348865906859814
604.0795601162986 95.384748625363443
612.8660996471021 95.417854712773305
621.780442338323 95.471072875199098
630.8244471297356 95.544590245315732
640.0000000000159 95.623500000000135
649.3090143600314 95.704488424932265
658.7534314518515 95.786654853631106
668.3352207535618 95.868766137442947
678.0563803899662 95.949465138217221
687.9189375492632 96.027267712884253
697.9249489057827 96.101352127012206
708.0765010488715 96.175458457656759
718.3757109180171 96.252736617431026
728.8247262443015 96.329420501583400
739.425725998274 96.402094936788274
750.1809208443404 96.474266445910388
761.0925536017613 96.550647875212320
772.1628997123541 96.629703821019149
783.3942677149998 96.708437017554417
794.7889997270506 96.788871623055229
806.34947193274 96.874943846148199
818.0780950786972 96.964085713090228
829.9773149766683 97.048926852922577
842.0496130135506 97.128659952339206
854.2975066688449 97.209829107236828
866.7235500396347 97.292384750259146
879.3303343732008 97.374430656707148
892.1204886073838 97.456333777467009
905.0966799188055 97.537292441176106
918.2616142790653 97.615606360400690
931.6180370190256 97.695217301884853
945.1687334013056 97.777609794857938
958.9165292011028 97.858641564956386
972.8642912954606 97.939178603627653
987.0149282611097 98.026362245319234
1001.3713909810035 98.114865484984122
1015.9366732596762 98.203869819093967
1030.7138124475518 98.296410341193805
1045.7058900743334 98.388948576705303
1060.916032491606 98.482148867031583
1076.3474115247852 98.577084469148701
1092.0032451345498 98.670956869396846
1107.8867980878947 98.765686017235367
1124.0013826389438 98.861063697762660
1140.350359219667 98.956329044074010
1156.9371371406426 99.043528023495469
1173.765175302013 99.126443288859065
1190.837982914782 99.190973980963207
1208.1591202326028 99.245701348970186
1225.73219929421 99.272960527714403
1243.5608846766518 99.296337226611456
1261.648894259477 99.344223275729064
1280.0000000000375 99.433500000000322
1298.6180287200684 99.589891441248568
1317.5068629037087 99.751064511294857
1336.6704415071292 99.920783124225068
1356.112760779938 100.066414696635050
1375.8378750985323 100.186755622448942
1395.8498978115715 100.290645736503137
1416.153002097749 100.386342243052894
1436.7514218360407 100.482400468175285
1457.6494524886093 100.582329328144425
1478.8514519965543 100.685409940543536
1500.3618416886875 100.788244076939478
1522.1851072035295 100.893432216721010
1544.3257994247153 101.000536869215622
1566.788535430007 101.110935365024233
1589.5779994541087 101.226139357205028
1612.6989438654878 101.341470846063572
1636.156190157402 101.456165331771274
1659.9546299533442 101.574171334964859
1684.099226027109 101.695496130135538
1708.5950133376978 101.818662667755504
1733.4471000792773 101.948627992437608
1758.6606687464096 102.087806891480170
1784.2409772147755 102.226237901061126
1810.193359837619 102.362524807139380
1836.5232285581387 102.504377757069761
1863.2360740380593 102.653680900536187
1890.3374668026197 102.812831550151770
1917.833058402214 102.980851639757645
1945.7285825909298 103.152688068760128
1974.0298565222283 103.324620930524702
2002.7427819620161 103.496365265706686
2031.8733465193618 103.670364968884115
2061.4276248951132 103.849637130615434
2091.411780148677 104.030853032546332
2121.832064983222 104.210488572028950
2152.694823049581 104.387177861958847
2184.0064902691106 104.566236832277212
2215.7735961758003 104.744543458775695
2248.002765277899 104.922881829607149
2280.7007184393456 105.101283879572463
2313.874274281297 105.279264891595560
2347.530350604038 105.458203030711459
2381.6759658295764 105.639924518042491
2416.318240465218 105.821538938395861
2451.4643985884327 105.998785382977445
2487.1217693533167 106.175182032653794
2523.2977885189675 106.354988942594844
2560.0000000000887 106.538000000000437
2597.236057440151 106.718940371404713
2635.0137258074315 106.892310164789251
2673.340883014273 107.053989381396207
2712.225521559891 107.207697832646261
2751.6757501970797 107.347573231934859
2791.699795623158 107.464863180299560
2832.3060041955137 107.549381407971481
2873.502843672097 107.605562729925211
2915.2989049772345 107.629623098552059
2957.7029039931244 107.617487602328055
3000.723683377391 107.566543587203000
3044.370214407075 107.476137442541614
3088.6515988494466 107.349348593710531
3133.57707086003 107.189138850417379
3179.1559989082334 106.997796724781935
3225.3978877309914 106.786367991032421
3272.3123803148205 106.557991850819604
3319.9092599067053 106.314078200291675
3368.198452054235 106.057592327948214
3417.190026675413 105.794533357286539
3466.8942001585724 105.530136507165906
3517.3213374928373 105.267487965411604
3568.4819544295697 105.011601799193770
3620.386719675257 104.768055894264592
3673.0464571162966 104.536322092684571
3726.472148076138 104.314552521772399
3780.6749336052594 104.106440958997752
3835.6661168044484 103.909331831041186
3891.45716518188 103.728348680653795
3948.059713044477 103.552527016355597
4005.4855639240527 103.388237533797465
4063.746693038744 103.238007495778845
4122.855249790247 103.104599150433472
4182.823560297375 102.981135235434991
4243.664129966465 102.865538153063710
4305.389646099183 102.767184468162100
4368.012980538242 102.684099683795807
4431.5471923516225 102.605445255165492
4496.00553055582 102.539927894953451
4561.401436878714 102.494880720395486
4627.748548562617 102.463804577907254
4695.060701208099 102.447063624130394
4763.351931659176 102.440095370940426
4832.63648093046 102.442774566567493
4902.928797176889 102.462436313176639
4974.243538706657 102.497260760401446
5046.595577037959 102.547446682778471
5120.000000000202 102.615928571428782
5194.472114880326 102.722196647515972
5270.027451614888 102.866430932665338
5346.6817660285715 103.016487116491959
5424.451043119808 103.161599414869926
5503.351500394186 103.311011097185968
5583.399591246343 103.473365409500303
5664.612008391055 103.649323358418371
5747.005687344222 103.830412512157295
5830.597809954497 104.011561379003979
5915.405807986278 104.186654802854477
6001.447366754812 104.346125819921127
6088.740428814181 104.470365292082960
6177.303197698925 104.544591416123808
6267.154141720092 104.546701337012223
6358.3119978165005 104.441992363482683
6450.795775462017 104.214477391785408
6544.624760629676 103.844524272780717
6639.818519813445 103.332125177156641
6736.396904108505 102.699854042747447
6834.380053350861 101.992071904403360
6933.788400317181 101.266953893760700
7034.642674985712 100.589738602961518
7136.963908859177 100.021563365171943
7240.773439350552 99.599267533242511
7346.092914232631 99.333720187519873
7452.944296152315 99.211615915635463
7561.349867210557 99.209017449097374
7671.332233608935 99.285201413621650
7782.914330363799 99.412187533147772
7896.119426088994 99.567708989205897
8010.971127848146 99.736956691772221
8127.49338607753 99.911423051243787
8245.710499580537 100.083747228234699
8365.647120594791 100.242120443243920
8487.328259932974 100.376825080510997
8610.77929219841 100.466660763386415
8736.025961076528 100.493081416340175
8863.094384703289 100.453107885308142
8992.011061111683 100.340950376832836
9122.802873757471 100.149157086244045
9255.497097125279 99.868988696311732
9390.121402416245 99.495472854496199
9526.7038633184 99.032250641333277
9665.272961860968 98.510154336176953
9805.857594353829 97.972963694975874
9948.487077413367 97.460361034214102
10093.19115407597 97.005169086493098
10240.000000000457 96.617099999998885
10388.944229760706 96.299964699747221
10540.05490322983 96.059859777615273
10693.363532057198 95.885059797451561
10848.902086239672 95.762916907736226
11006.703000788428 95.677316074625494
11166.799182492743 95.628733035242661
11329.224016782166 95.638729868904292
11494.0113746885 95.697755213398892
11661.195619909053 95.836050862196245
11830.811615972614 96.040190618351389
12002.894733509682 96.345638151979699
12177.48085762842 96.733988952206573
12354.606395397908 97.270120378059687
12534.308283440243 97.924538926510621
12716.62399563306 98.743457578601991
12901.591550924093 99.701755421286379
13089.249521259411 100.717253123615222
13279.637039626952 101.621525473484496
13472.793808217073 102.214595145750408
13668.760106701786 102.247118668190367
13867.576800634426 101.591510190521760
14069.285349971487 100.352788410210991
14273.927817718419 98.838434148883692
14481.54687870117 97.353793958041166
14692.18582846533 96.070538144178812
14905.888592304698 94.950169027799475
15122.699734421185 94.006188832039271
15342.664467217943 93.259637978101622
15565.828660727671 92.731545463729560
15792.238852178061 92.436392223372536
16021.942255696367 92.389863830435615
16254.986772155136 92.641083967350596
16491.42099916115 93.285130801714971
16731.294241189662 94.393269991179523
16974.65651986603 96.052247699942995
17221.558584396902 98.030771291146806
17472.051922153143 99.419334618262184
17726.188769406665 99.342430250903845
17984.022122223458 97.574599100946344
18245.605747515034 94.728293779593059
18510.99419425065 92.038649638834357
18780.242804832582 90.169717324866838
19053.40772663689 88.684070583387893
19330.545923722028 86.346742851305322
19611.71518870775 82.315957716116827
19896.974154826825 78.422323255014135
20186.382308152035 76.733938383098291
