20 102.357500000000002
20.290906698750476 102.372530229536210
20.586044732869844 102.388255721567319
20.885475648548283 102.403273782427419
21.189261887185914 102.417016741534212
21.49746679841394 102.429533180275456
21.810154653305165 102.440855446088449
22.12739065777668 102.451162481411089
22.449240966187475 102.460148952047874
22.77577269513385 102.467262865795107
23.107053937445478 102.472605814414408
23.44315377638505 102.476692952493366
23.784142300054445 102.478690533625212
24.130090616010463 102.477982271087456
24.481070866093134 102.469888855075084
24.837156241469714 102.454499250911766
25.1984209978975 102.431110530147180
25.56494047120865 102.404835609837392
25.936791093020236 102.378266579888233
26.3140504066728 102.354607427680008
26.69679708340074 102.340572065623476
27.08511093873791 102.338159620419873
27.47907294916184 102.350314065065191
27.878765268980047 102.369983633207681
28.284271247461966 102.393272003600259
28.695675446220072 102.416370798649666
29.11306365684382 102.436457227989536
29.536522918790062 102.450547843781862
29.966141537533712 102.456992123063003
30.402009102982383 102.459006696987615
30.844216508158908 102.460180269835874
31.29285596815558 102.460258930039799
31.74802103936409 102.459503957921271
32.20980663898519 102.458580386722019
32.67830906482211 102.457465072805533
33.153626015361866 102.456039121953921
33.63585661014871 102.454456573559412
34.125101410453844 102.452499594358187
34.62146244024586 102.450635612679264
35.12504320746613 102.448999827170141
35.635948725613716 102.447092153823164
36.15428553564419 102.445845714464355
36.68016172818701 102.444959514815437
37.21368696608603 102.442504191237404
37.754972507267915 102.437221786732579
38.30413122794313 102.429625655897027
38.86127764614443 102.419476059104866
39.4265279456077 102.408877602741853
40.000000000000206 102.398499999999999
40.58181339750116 102.388803077718563
41.1720894657399 102.379918670920546
41.77095129709678 102.370935716995945
42.37852377437204 102.361408909389993
42.9949335968281 102.349601295067757
43.62030930661056 102.331457148260426
44.25478131555359 102.307997632343145
44.89848193237519 102.283391538897405
45.55154539026795 102.263763638333842
46.21410787489121 102.254500000000007
46.88630755277036 102.254931542147361
47.56828460010916 102.258048774644678
48.260181232021196 102.258078738375843
48.962141732186545 102.251816867085068
49.674312482939705 102.242156736209239
50.39684199579528 102.229063150163029
51.129880942417586 102.212517333598782
51.873582186040764 102.191792550429426
52.628100813345895 102.167551613239084
53.393594166801776 102.139010216986435
54.17022187747612 102.103195548966525
54.95814589832399 102.058184038767422
55.75753053796041 102.011442011494793
56.56854249492426 101.977316741430201
57.39135089244048 101.958477841968033
58.226127313687975 101.950060344922065
59.073045837580466 101.937333826928310
59.932283075067765 101.905971667760028
60.804018205965114 101.862301910846128
61.68843301631817 101.820328095295480
62.58571193631152 101.786964378900336
63.49604207872855 101.758618737638130
64.41961327797075 101.726925275520159
65.35661812964459 101.687238947906707
66.3072520307241 101.641330146433063
67.27171322029778 101.592006769154665
68.25020282090806 101.541739656133700
69.2429248804921 101.492082530616869
70.25008641493265 101.446371500195227
71.27189745122783 101.405939794304572
72.30857107128878 101.366502871612795
73.36032345637442 101.322105282734952
74.42737393217246 101.272913425187895
75.50994501453623 101.221777551253410
76.60826245588666 101.169685948003945
77.72255529228926 101.116372261064924
78.85305589121582 101.059626294541545
80.00000000000082 100.997499999999945
81.16362679500274 100.927197372045356
82.34417893148023 100.848868070248272
83.541902594194 100.769975025977942
84.75704754874454 100.693184566164888
85.98986719365665 100.613246025863361
87.24061861322157 100.526656655174520
88.50956263110764 100.432734989511374
89.79696386475084 100.329742890819944
91.10309078053635 100.222494783092714
92.42821574978288 100.112935991607969
93.77261510554118 100.001275296750521
95.13656920021877 99.889858956547016
96.52036246404286 99.785067338075521
97.92428346437356 99.691400751885610
99.34862496587989 99.599010738608385
100.79368399159105 99.499735804580212
102.25976188483567 99.425421349877183
103.74716437208203 99.415443266094115
105.25620162669229 99.476661289203051
106.78718833360406 99.550774721677769
108.34044375495276 99.579439704163377
109.9162917966485 99.602193665094745
111.51506107592134 99.711332984643548
113.13708498984903 99.908136658727571
114.78270178488147 100.101778218878451
116.45225462737648 100.230128487420288
118.14609167516147 100.327652711821372
119.86456615013608 100.400026980959183
121.60803641193078 100.485361993840570
123.3768660326369 100.601569411843414
125.17142387262359 100.727456856230049
126.99208415745765 100.830971843190568
128.83922655594208 100.916563537637273
130.71323625928977 101.004909709366515
132.61450406144883 101.006934146543500
134.5434264405962 100.879412337295605
136.50040564181674 100.712222213535554
138.48584976098482 100.583628500227562
140.50017282986593 100.475573856495686
142.5437949024563 100.363515246181976
144.61714214257822 100.254004323050282
146.7206469127495 100.148655913127627
148.8547478643456 100.035488867460998
151.01989002907314 99.919057762476569
153.216524911774 99.811979173634910
155.4451105845792 99.722921129539728
157.70611178243232 99.642095970998923
160.00000000000236 99.542999999999878
162.3272535900062 99.424775517627680
164.6883578629612 99.310521151005275
167.08380518838874 99.205479615861606
169.51409509748981 99.115395395509864
171.97973438731407 99.029897137076404
174.4812372264439 98.934731748168687
177.01912526221608 98.829696738986925
179.5939277295025 98.719879893177307
182.20618156107355 98.616458919118131
184.85643149956664 98.532893196113264
187.54523021108326 98.458670231794144
190.27313840043846 98.378633614067382
193.04072492808663 98.298927122071106
195.84856692874806 98.215685285051563
198.69724993176072 98.125666902156354
201.58736798318304 98.035291592521332
204.5195237696723 97.942875239370480
207.49432874416505 97.850670137675053
210.5124032533856 97.762648574487400
213.57437666720915 97.674843076650930
216.68088750990657 97.586429816906403
219.83258359329807 97.503185410167561
223.03012215184378 97.424383242010848
226.2741699796992 97.341750608857780
229.5654035697641 97.257154641709377
232.90450925475412 97.173871353506939
236.2921833503241 97.096218057968031
239.72913230027333 97.022323655544113
243.21607282386276 96.941854434286938
246.75373206527502 96.865794760596600
250.34284774524843 96.812328699470982
253.9841683149166 96.762715706709258
257.67845311188546 96.713300689628539
261.42647251858085 96.665312475388092
265.22900812289896 96.605463731833908
269.08685288119375 96.537509025539507
273.0008112836349 96.466858267275029
276.97169952197106 96.382407986114174
281.00034565973334 96.289392188090034
285.0875898049141 96.197055506330912
289.23428428515797 96.104998888869488
293.44129382550057 96.021583029167843
297.7094957286928 95.937581034999013
302.0397800581479 95.843300251111714
306.4330498235497 95.740539854058369
310.89022116916016 95.646291633093782
315.41222356486645 95.561079975832399
320.00000000000654 95.478499999999897
324.6545071800142 95.404958786555767
329.3767157259242 95.332536249393371
334.16761037677935 95.255484711896173
339.02819019498156 95.166672843353851
343.95946877463007 95.075645774546814
348.9624744528898 95.001817852550118
354.03825052443415 94.932983617920144
359.187855459007 94.859694881390311
364.4123631221491 94.798140296719723
369.71286299913527 94.746256515208302
375.0904604221685 94.680798168676887
380.54627680087896 94.608313751074036
386.08144985617537 94.541247036682762
391.6971338574982 94.460630133869728
397.3944998635236 94.372469652224567
403.1747359663683 94.281585276512885
409.0390475393468 94.192914286909797
414.9886574883323 94.104168247256410
421.0248065067734 94.022338091488209
427.1487533344206 93.957563412769701
433.3617750198154 93.913451647786218
439.6651671865984 93.874270473219440
446.06024430368984 93.844177702215461
452.54833995940066 93.836548339959393
459.13080713953053 93.853752882641174
465.8090185095106 93.880505746874547
472.58436670065066 93.909974740624264
479.45826460054917 93.943746665417152
486.432145647728 93.984036088451148
493.50746413055253 94.027474422516249
500.6856954904994 94.065271325197742
507.9683366298358 94.105325851464102
515.3569062237735 94.155125810074907
522.8529450371643 94.210450396843555
530.4580162458005 94.267734739735971
538.1737057623901 94.322091864792156
546.0016225672724 94.371796724563637
553.9433990439449 94.425860868427122
562.0006913194694 94.478403767691105
570.1751796098309 94.522919692951618
578.4685685703187 94.566459984994168
586.8825876510039 94.600309703691266
595.4189914573883 94.619857537613214
604.0795601162986 94.631599450145359
612.8660996471021 94.643451570924441
621.780442338323 94.658607932747003
630.8244471297356 94.682127567370841
640.0000000000159 94.722500000000139
649.3090143600314 94.796041213444255
658.7534314518515 94.875466495768151
668.3352207535618 94.945596828387977
678.0563803899662 95.015103119788265
687.9189375492632 95.092747447271563
697.9249489057827 95.175673323363299
708.0765010488715 95.252362282709214
718.3757109180171 95.318429407691696
728.8247262443015 95.379683412216963
739.425725998274 95.446824646388961
750.1809208443404 95.515623216908608
761.0925536017613 95.583366270277594
772.1628997123541 95.651150040548629
783.3942677149998 95.717897036938268
794.7889997270506 95.778096373669371
806.34947193274 95.832601746358392
818.0780950786972 95.889825566944054
829.9773149766683 95.948855093352051
842.0496130135506 96.002360984303067
854.2975066688449 96.052838780009807
866.7235500396347 96.114206225224081
879.3303343732008 96.188714139988491
892.1204886073838 96.272944623289717
905.0966799188055 96.362738567748053
918.2616142790653 96.462352082914094
931.6180370190256 96.575816873056567
945.1687334013056 96.705187334013061
958.9165292011028 96.848238122761714
972.8642912954606 97.003014348395169
987.0149282611097 97.167020125504465
1001.3713909810035 97.325762466202434
1015.9366732596762 97.476741842828801
1030.7138124475518 97.621541912502494
1045.7058900743334 97.746101157714804
1060.916032491606 97.852965660533258
1076.3474115247852 97.943018438144037
1092.0032451345498 98.010197539635016
1107.8867980878947 98.057745295697771
1124.0013826389438 98.090446326369673
1140.350359219667 98.109989658170775
1156.9371371406426 98.104747538443874
1173.765175302013 98.086131590134229
1190.837982914782 98.052865074931901
1208.1591202326028 98.014485307923465
1225.73219929421 97.961437302470273
1243.5608846766518 97.897187375809693
1261.648894259477 97.816415086406408
1280.0000000000375 97.729499999999817
1298.6180287200684 97.636941800077381
1317.5068629037087 97.541962940319962
1336.6704415071292 97.430561156145615
1356.112760779938 97.306669873949900
1375.8378750985323 97.178157864982083
1395.8498978115715 97.045598179553053
1416.153002097749 96.908698019138569
1436.7514218360407 96.770946972519837
1457.6494524886093 96.631106821629515
1478.8514519965543 96.483810126423435
1500.3618416886875 96.337546713350690
1522.1851072035295 96.189584973160066
1544.3257994247153 96.034059856061504
1566.788535430007 95.882524124744748
1589.5779994541087 95.738782643340855
1612.6989438654878 95.602108062212096
1636.156190157402 95.472595315968903
1659.9546299533442 95.351120498426752
1684.099226027109 95.238691343562891
1708.5950133376978 95.136307547716228
1733.4471000792773 95.039901019698746
1758.6606687464096 94.948419793136850
1784.2409772147755 94.870843098330170
1810.193359837619 94.808890077144241
1836.5232285581387 94.756988653166516
1863.2360740380593 94.715528382269753
1890.3374668026197 94.684969282533430
1917.833058402214 94.662660197950402
1945.7285825909298 94.645062850445441
1974.0298565222283 94.626640294695321
2002.7427819620161 94.605354330822792
2031.8733465193618 94.588219438950262
2061.4276248951132 94.576071712531459
2091.411780148677 94.567499999999995
2121.832064983222 94.568095421119551
2152.694823049581 94.583362431999063
2184.0064902691106 94.608608275093104
2215.7735961758003 94.656603793307653
2248.002765277899 94.717806498403064
2280.7007184393456 94.802315536547326
2313.874274281297 94.913759766459549
2347.530350604038 95.050464852617495
2381.6759658295764 95.214505526585100
2416.318240465218 95.404321560093621
2451.4643985884327 95.628774860577792
2487.1217693533167 95.878345004746876
2523.2977885189675 96.156178862230377
2560.0000000000887 96.454500000000735
2597.236057440151 96.768652840395291
2635.0137258074315 97.085612094094017
2673.340883014273 97.377221401853490
2712.225521559891 97.628019301125363
2751.6757501970797 97.800598947665776
2791.699795623158 97.882738435770605
2832.3060041955137 97.861901755636666
2873.502843672097 97.768760957122737
2915.2989049772345 97.620856555294708
2957.7029039931244 97.444532948428531
3000.723683377391 97.266295233377008
3044.370214407075 97.104568434109154
3088.6515988494466 96.956382303739304
3133.57707086003 96.810079806319152
3179.1559989082334 96.652704643886693
3225.3978877309914 96.474876618057550
3272.3123803148205 96.272532421961273
3319.9092599067053 96.045657330070213
3368.198452054235 95.795182405345500
3417.190026675413 95.524344947683389
3466.8942001585724 95.236817393059667
3517.3213374928373 94.935532694793409
3568.4819544295697 94.624020799802452
3620.386719675257 94.304102338013394
3673.0464571162966 93.975768249309652
3726.472148076138 93.640519631562611
3780.6749336052594 93.305663798339310
3835.6661168044484 92.973383233189850
3891.45716518188 92.653753806064429
3948.059713044477 92.343147324668422
4005.4855639240527 92.060406388407159
4063.746693038744 91.801356674706909
4122.855249790247 91.572149056936937
4182.823560297375 91.377981435832240
4243.664129966465 91.226749162654784
4305.389646099183 91.119145503552190
4368.012980538242 91.062188966542493
4431.5471923516225 91.064896228025106
4496.00553055582 91.122438956065082
4561.401436878714 91.248283879572540
4627.748548562617 91.434782202253558
4695.060701208099 91.694133766934044
4763.351931659176 92.017840253185057
4832.63648093046 92.407219816959554
4902.928797176889 92.859828558167521
4974.243538706657 93.352985213284938
5046.595577037959 93.869658375821402
5120.000000000202 94.375928571429910
5194.472114880326 94.833802950379038
5270.027451614888 95.201620787105512
5346.6817660285715 95.456623157900353
5424.451043119808 95.591491102726650
5503.351500394186 95.613545932106263
5583.399591246343 95.559695337221768
5664.612008391055 95.484941652070461
5747.005687344222 95.435518066302961
5830.597809954497 95.433257872126575
5915.405807986278 95.492185741019341
6001.447366754812 95.623109370844816
6088.740428814181 95.849903659021564
6177.303197698925 96.197750371795550
6267.154141720092 96.702428799922586
6358.3119978165005 97.385368102237237
6450.795775462017 98.223822472791625
6544.624760629676 99.199711109745323
6639.818519813445 100.257661977504995
6736.396904108505 101.299834839852096
6834.380053350861 102.199225602265500
6933.788400317181 102.832532441300444
7034.642674985712 103.124785604991416
7136.963908859177 103.084342776408477
7240.773439350552 102.792541594484135
7346.092914232631 102.352820271674076
7452.944296152315 101.844072948853665
7561.349867210557 101.304705668373529
7671.332233608935 100.740795500224010
7782.914330363799 100.151642396770455
7896.119426088994 99.543537191655929
8010.971127848146 98.942972882067295
8127.49338607753 98.385161834219389
8245.710499580537 97.898652944033955
8365.647120594791 97.497585315566496
8487.328259932974 97.160660899264030
8610.77929219841 96.856937055650533
8736.025961076528 96.519891144004021
8863.094384703289 96.066599402647952
8992.011061111683 95.437486021774987
9122.802873757471 94.592637584691715
9255.497097125279 93.553668961028876
9390.121402416245 92.406546354361240
9526.7038633184 91.252811368092566
9665.272961860968 90.176079435259354
9805.857594353829 89.236506661200167
9948.487077413367 88.483742346478962
10093.19115407597 87.969237174952340
10240.000000000457 87.685899999999435
10388.944229760706 87.630194793732727
10540.05490322983 87.765005271174317
10693.363532057198 87.968152886012462
10848.902086239672 88.100566473811028
11006.703000788428 88.016795296049608
11166.799182492743 87.657766606850956
11329.224016782166 86.990965814534576
11494.0113746885 86.171240662041654
11661.195619909053 85.334021900454729
11830.811615972614 84.627897101301073
12002.894733509682 84.186106789931870
12177.48085762842 83.999220848813110
12354.606395397908 84.233348575658155
12534.308283440243 84.727318246202572
12716.62399563306 85.513901738572883
12901.591550924093 86.443293871518392
13089.249521259411 87.404370762449986
13279.637039626952 88.220896972260761
13472.793808217073 88.819879805337635
13668.760106701786 89.200028637378551
13867.576800634426 89.418668948466291
14069.285349971487 89.539095116657165
14273.927817718419 89.607309272572806
14481.54687870117 89.512064411943584
14692.18582846533 89.131734466032711
14905.888592304698 88.583388387177621
15122.699734421185 88.019376449605772
15342.664467217943 87.566223365156546
15565.828660727671 87.258618080700685
15792.238852178061 87.000961116862641
16021.942255696367 86.593702681346386
16254.986772155136 85.949396694292375
16491.42099916115 85.114783872961141
16731.294241189662 84.220384714915411
16974.65651986603 83.612222978401007
17221.558584396902 83.705704774740241
17472.051922153143 84.661670903797642
17726.188769406665 86.280488673782628
17984.022122223458 88.045763935430699
18245.605747515034 89.484227094056337
18510.99419425065 90.406757038745212
18780.242804832582 90.874573057048252
19053.40772663689 90.968937029401189
19330.545923722028 90.762007717111032
19611.71518870775 90.255691509175676
19896.974154826825 89.306587515920398
20186.382308152035 87.659370341865952
