20 102.641999999999996
20.290906698750476 102.698999942217796
20.586044732869844 102.755500137558016
20.885475648548283 102.811000115700466
21.189261887185914 102.864499980388644
21.49746679841394 102.917499966110995
21.810154653305165 102.970000103340325
22.12739065777668 103.021000104607594
22.449240966187475 103.071499839974038
22.77577269513385 103.121500103189959
23.107053937445478 103.169999990968975
23.44315377638505 103.217500107399616
23.784142300054445 103.264500040042321
24.130090616010463 103.309499951337727
24.481070866093134 103.352999984033715
24.837156241469714 103.395000027503770
25.1984209978975 103.435999999762245
25.56494047120865 103.475999942497992
25.936791093020236 103.515500113401345
26.3140504066728 103.553999940451035
26.69679708340074 103.591500106404084
27.08511093873791 103.628499901966450
27.47907294916184 103.665499995242556
27.878765268980047 103.701000023300310
28.284271247461966 103.736000019921562
28.695675446220072 103.769500033261409
29.11306365684382 103.801499972966667
29.536522918790062 103.830999926221921
29.966141537533712 103.857000030942814
30.402009102982383 103.881499950785653
30.844216508158908 103.904499974510600
31.29285596815558 103.927499998373335
31.74802103936409 103.950000047436646
32.20980663898519 103.971999932456413
32.67830906482211 103.993499956244150
33.153626015361866 104.014500044376604
33.63585661014871 104.034999983889506
34.125101410453844 104.055499935254289
34.62146244024586 104.073999943640771
35.12504320746613 104.092500037950941
35.635948725613716 104.108000022479445
36.15428553564419 104.123000014311657
36.68016172818701 104.136500019177234
37.21368696608603 104.148999978759974
37.754972507267915 104.158499978017431
38.30413122794313 104.165000001642426
38.86127764614443 104.168499992736315
39.4265279456077 104.171499994424082
40.000000000000206 104.176000000000002
40.58181339750116 104.182499992777224
41.1720894657399 104.190500006244193
41.77095129709678 104.199000021425945
42.37852377437204 104.208999979899971
42.9949335968281 104.218999992831186
43.62030930661056 104.229000022734937
44.25478131555359 104.239500022562424
44.89848193237519 104.249499985126562
45.55154539026795 104.256500004211830
46.21410787489121 104.256500000376292
46.88630755277036 104.249499991865278
47.56828460010916 104.239999979110848
48.260181232021196 104.230999998009622
48.962141732186545 104.224500012597190
49.674312482939705 104.219000004340501
50.39684199579528 104.213000009693843
51.129880942417586 104.206000022374511
51.873582186040764 104.196499982646387
52.628100813345895 104.185500002711422
53.393594166801776 104.173499981905991
54.17022187747612 104.161500017282123
54.95814589832399 104.148499985338134
55.75753053796041 104.134999991345595
56.56854249492426 104.122499992152100
57.39135089244048 104.110499987124612
58.226127313687975 104.098500009830303
59.073045837580466 104.082500043249212
59.932283075067765 104.058499933107953
60.804018205965114 104.030000059467199
61.68843301631817 103.998000071515278
62.58571193631152 103.964500002404620
63.49604207872855 103.929999920938741
64.41961327797075 103.895500136527517
65.35661812964459 103.863000097672654
66.3072520307241 103.830499962459996
67.27171322029778 103.792999990057950
68.25020282090806 103.746000161863947
69.2429248804921 103.694000162815527
70.25008641493265 103.647499905122629
71.27189745122783 103.608999945206463
72.30857107128878 103.565999996326582
73.36032345637442 103.506999835964763
74.42737393217246 103.434000144818299
75.50994501453623 103.359000271447371
76.60826245588666 103.285499902965029
77.72255529228926 103.209000120635977
78.85305589121582 103.123000167277979
80.00000000000082 103.028999999999940
81.16362679500274 102.931500101118758
82.34417893148023 102.831499833298594
83.541902594194 102.725499849898483
84.75704754874454 102.607500245220024
85.98986719365665 102.475000088632513
87.24061861322157 102.329999692045220
88.50956263110764 102.181499708739523
89.79696386475084 102.044000322732757
91.10309078053635 101.925499787302272
92.42821574978288 101.833499963617840
93.77261510554118 101.780499990238312
95.13656920021877 101.782000102124769
96.52036246404286 101.838999972985917
97.92428346437356 101.935999814641406
99.34862496587989 102.041999997517649
100.79368399159105 102.130999885058742
102.25976188483567 102.197499826597564
103.74716437208203 102.247000064681671
105.25620162669229 102.285999966448998
106.78718833360406 102.329000094993617
108.34044375495276 102.403999874704525
109.9162917966485 102.527000175942760
111.51506107592134 102.690500119830418
113.13708498984903 102.873499998840174
114.78270178488147 103.058000188839102
116.45225462737648 103.229999962639397
118.14609167516147 103.375999728140116
119.86456615013608 103.487500150508865
121.60803641193078 103.560999868762082
123.3768660326369 103.599499948182114
125.17142387262359 103.609499997496172
126.99208415745765 103.596499951964361
128.83922655594208 103.565000121663388
130.71323625928977 103.522500137352168
132.61450406144883 103.469999941008496
134.5434264405962 103.415000015893099
136.50040564181674 103.360500178050501
138.48584976098482 103.300000163011475
140.50017282986593 103.233999845824115
142.5437949024563 103.169999940141196
144.61714214257822 103.103499995034056
146.7206469127495 103.028999824412963
148.8547478643456 102.954500140956441
151.01989002907314 102.881500234185097
153.216524911774 102.807999902964895
155.4451105845792 102.734000113000675
157.70611178243232 102.660500137539515
160.00000000000236 102.584499999999920
162.3272535900062 102.505500048898128
164.6883578629612 102.422999868904697
167.08380518838874 102.344499877195673
169.51409509748981 102.276000105600559
171.97973438731407 102.204500048226492
174.4812372264439 102.120499813986868
177.01912526221608 102.029499780317821
179.5939277295025 101.942500171324923
182.20618156107355 101.871499905002324
184.85643149956664 101.818499970334514
187.54523021108326 101.760499910215117
190.27313840043846 101.679499786466366
193.04072492808663 101.586500036276021
195.84856692874806 101.494000165562881
198.69724993176072 101.404000002124292
201.58736798318304 101.315500121865497
204.5195237696723 101.228000216215875
207.49432874416505 101.139999862748709
210.5124032533856 101.053500049590895
213.57437666720915 100.967499837049616
216.68088750990657 100.878500156722154
219.83258359329807 100.789499926743076
223.03012215184378 100.700499967572057
226.2741699796992 100.610000000561186
229.5654035697641 100.521999879130675
232.90450925475412 100.434000019569808
236.2921833503241 100.342500209245202
239.72913230027333 100.246499825917525
243.21607282386276 100.150000198907549
246.75373206527502 100.054000160468263
250.34284774524843 99.959500058840035
253.9841683149166 99.866499815188064
257.67845311188546 99.774500340868514
261.42647251858085 99.684500250778584
265.22900812289896 99.596999908831265
269.08685288119375 99.512000002608261
273.0008112836349 99.426500281643484
276.97169952197106 99.334000247146264
281.00034565973334 99.239499781781888
285.0875898049141 99.147499890684131
289.23428428515797 99.052999969341386
293.44129382550057 98.952499766654029
297.7094957286928 98.851500171443845
302.0397800581479 98.749500350687327
306.4330498235497 98.644999861003811
310.89022116916016 98.539000161865857
315.41222356486645 98.431500176936112
320.00000000000654 98.321999999999832
324.6545071800142 98.212500065197460
329.3767157259242 98.104499849239389
334.16761037677935 97.996999832452474
339.02819019498156 97.886500177600880
343.95946877463007 97.777500091352920
348.9624744528898 97.675499775810778
354.03825052443415 97.575999770905725
359.187855459007 97.473000212116546
364.4123631221491 97.363999801368450
369.71286299913527 97.248499935071735
375.0904604221685 97.134499871229579
380.54627680087896 97.026999771051905
386.08144985617537 96.918500022649283
391.6971338574982 96.805000206953537
397.3944998635236 96.694000021863118
403.1747359663683 96.585000152331830
409.0390475393468 96.474500272726715
414.9886574883323 96.364999811662216
421.0248065067734 96.258500077879646
427.1487533344206 96.156499831393660
433.3617750198154 96.052000190179598
439.6651671865984 95.937499891258966
446.06024430368984 95.830999967572041
452.54833995940066 95.743500000523738
459.13080713953053 95.658999884624677
465.8090185095106 95.574500031584762
472.58436670065066 95.488500182951157
479.45826460054917 95.401999854931205
486.432145647728 95.326500135447915
493.50746413055253 95.267500099680376
500.6856954904994 95.220000021921706
507.9683366298358 95.169499890767838
515.3569062237735 95.109000232240078
522.8529450371643 95.044500183904262
530.4580162458005 94.981499931355302
538.1737057623901 94.916500002025202
546.0016225672724 94.852500210423216
553.9433990439449 94.784000181415905
562.0006913194694 94.711499807907273
570.1751796098309 94.633999915604477
578.4685685703187 94.551499984266215
586.8825876510039 94.469499817481847
595.4189914573883 94.391000132402155
604.0795601162986 94.313500268172703
612.8660996471021 94.240499919687039
621.780442338323 94.177000098328648
630.8244471297356 94.124000089171943
640.0000000000159 94.081999999999937
649.3090143600314 94.053000018478613
658.7534314518515 94.035999984501245
668.3352207535618 94.027499993494402
678.0563803899662 94.025000001600006
687.9189375492632 94.024500000000003
697.9249489057827 94.026000010828369
708.0765010488715 94.031500021091219
718.3757109180171 94.041999975525016
728.8247262443015 94.059500043725677
739.425725998274 94.084000015112622
750.1809208443404 94.111000033078653
761.0925536017613 94.138500057989376
772.1628997123541 94.163999992602299
783.3942677149998 94.187999958938860
794.7889997270506 94.212499997328521
806.34947193274 94.234499972728457
818.0780950786972 94.250999961870718
829.9773149766683 94.262000011625148
842.0496130135506 94.267999996291451
854.2975066688449 94.271500000000003
866.7235500396347 94.271000001760925
879.3303343732008 94.268999999029091
892.1204886073838 94.267999998698912
905.0966799188055 94.265000000018702
918.2616142790653 94.260999996104871
931.6180370190256 94.258500000743169
945.1687334013056 94.261499991588451
958.9165292011028 94.268000016320244
972.8642912954606 94.278999974270988
987.0149282611097 94.295499965564971
1001.3713909810035 94.316499988312387
1015.9366732596762 94.338000038879244
1030.7138124475518 94.357999930110793
1045.7058900743334 94.375499951500899
1060.916032491606 94.392500023596625
1076.3474115247852 94.414999999294253
1092.0032451345498 94.440999912593441
1107.8867980878947 94.469999919241587
1124.0013826389438 94.505000090032979
1140.350359219667 94.542500037509129
1156.9371371406426 94.578500007117668
1173.765175302013 94.617500096817594
1190.837982914782 94.660999922743713
1208.1591202326028 94.705999845285021
1225.73219929421 94.753000053941548
1243.5608846766518 94.799499924019685
1261.648894259477 94.847999914325001
1280.0000000000375 94.899500000000103
1298.6180287200684 94.951499962332079
1317.5068629037087 95.006500077493797
1336.6704415071292 95.062000094331196
1356.112760779938 95.119499905878385
1375.8378750985323 95.178999952608194
1395.8498978115715 95.237500123443496
1416.153002097749 95.295000135921185
1436.7514218360407 95.352999878898686
1457.6494524886093 95.413000112958045
1478.8514519965543 95.474500034703084
1500.3618416886875 95.536500076789736
1522.1851072035295 95.602500152952231
1544.3257994247153 95.673499978694622
1566.788535430007 95.748499871683961
1589.5779994541087 95.827999987442311
1612.6989438654878 95.914499881926929
1636.156190157402 96.006499758514622
1659.9546299533442 96.105500174377255
1684.099226027109 96.211999924352270
1708.5950133376978 96.323000200041207
1733.4471000792773 96.443499781645727
1758.6606687464096 96.577500133228654
1784.2409772147755 96.722500060043600
1810.193359837619 96.877500005204212
1836.5232285581387 97.042000225774814
1863.2360740380593 97.211999936458994
1890.3374668026197 97.388499625686208
1917.833058402214 97.571000339098418
1945.7285825909298 97.760499620002392
1974.0298565222283 97.961499635681520
2002.7427819620161 98.176499878114953
2031.8733465193618 98.406000460025723
2061.4276248951132 98.655999058334970
2091.411780148677 98.930999207676123
2121.832064983222 99.222500328212547
2152.694823049581 99.520999990794706
2184.0064902691106 99.822999019104230
2215.7735961758003 100.124499189724077
2248.002765277899 100.422000720264023
2280.7007184393456 100.720000316743892
2313.874274281297 101.025500057690735
2347.530350604038 101.334000711661020
2381.6759658295764 101.649499449200675
2416.318240465218 101.977498871505716
2451.4643985884327 102.310500409767087
2487.1217693533167 102.643999472886719
2523.2977885189675 102.973999426502218
2560.0000000000887 103.293000000000731
2597.236057440151 103.596999786785517
2635.0137258074315 103.887500394514007
2673.340883014273 104.164500434248851
2712.225521559891 104.427499572324663
2751.6757501970797 104.673999811725565
2791.699795623158 104.904000473124569
2832.3060041955137 105.115000456976460
2873.502843672097 105.303999617904537
2915.2989049772345 105.464000251422789
2957.7029039931244 105.594500057931072
3000.723683377391 105.695500091512571
3044.370214407075 105.768500114800247
3088.6515988494466 105.814999988790348
3133.57707086003 105.835999976047674
3179.1559989082334 105.833000001395291
3225.3978877309914 105.808000039605759
3272.3123803148205 105.764500122013644
3319.9092599067053 105.704999880427010
3368.198452054235 105.630000054634451
3417.190026675413 105.544999837385063
3466.8942001585724 105.448500172346598
3517.3213374928373 105.340999893455944
3568.4819544295697 105.227499954967257
3620.386719675257 105.112499998532883
3673.0464571162966 104.997499848526530
3726.472148076138 104.882000043103815
3780.6749336052594 104.772500226975751
3835.6661168044484 104.672999836797516
3891.45716518188 104.585500166710034
3948.059713044477 104.511000127955725
4005.4855639240527 104.449000032280026
4063.746693038744 104.400999932127334
4122.855249790247 104.368500107161822
4182.823560297375 104.352000036655539
4243.664129966465 104.352000014366212
4305.389646099183 104.369499999324944
4368.012980538242 104.402499883457949
4431.5471923516225 104.447999871539366
4496.00553055582 104.506000166509665
4561.401436878714 104.576500082449741
4627.748548562617 104.656500018199608
4695.060701208099 104.749000228893181
4763.351931659176 104.851999817170451
4832.63648093046 104.963499609694878
4902.928797176889 105.087500157660727
4974.243538706657 105.219499787888395
5046.595577037959 105.358999753673032
5120.000000000202 105.497500000000358
5194.472114880326 105.626999910449953
5270.027451614888 105.744500150760729
5346.6817660285715 105.847500145214610
5424.451043119808 105.931999869550793
5503.351500394186 105.986999963434329
5583.399591246343 106.003999964953721
5664.612008391055 105.975999852361426
5747.005687344222 105.900000184751548
5830.597809954497 105.775999713960985
5915.405807986278 105.608499893256550
6001.447366754812 105.399499727778959
6088.740428814181 105.156999419375666
6177.303197698925 104.888000078280555
6267.154141720092 104.600000504536936
6358.3119978165005 104.299000047284892
6450.795775462017 103.984000422461207
6544.624760629676 103.655500836301755
6639.818519813445 103.403499811162519
6736.396904108505 103.330500023455016
6834.380053350861 103.321999883050154
6933.788400317181 103.234500186273550
7034.642674985712 103.105499888699455
7136.963908859177 102.995999965601143
7240.773439350552 102.918499999227805
7346.092914232631 102.861499932345765
7452.944296152315 102.808000020808720
7561.349867210557 102.737500165458940
7671.332233608935 102.623499704778382
7782.914330363799 102.442500394044743
7896.119426088994 102.175000519715610
8010.971127848146 101.806500216411195
8127.49338607753 101.327998944202875
8245.710499580537 100.742502257788772
8365.647120594791 100.059501993715145
8487.328259932974 99.293999105974507
8610.77929219841 98.466000032592831
8736.025961076528 97.595502838575584
8863.094384703289 96.707002388852956
8992.011061111683 95.818997847617425
9122.802873757471 94.945499097280788
9255.497097125279 94.098999834181086
9390.121402416245 93.290498243641238
9526.7038633184 92.529501300701298
9665.272961860968 91.828502345254179
9805.857594353829 91.189999262632682
9948.487077413367 90.592000934865894
10093.19115407597 90.043500922858613
10240.000000000457 89.570499999998717
10388.944229760706 89.172000269360723
10540.05490322983 88.852499630847433
10693.363532057198 88.606999680870160
10848.902086239672 88.427000269154632
11006.703000788428 88.332000054117174
11166.799182492743 88.340500137994724
11329.224016782166 88.418500308534078
11494.0113746885 88.576499616929254
11661.195619909053 88.868500737871500
11830.811615972614 89.310000302565285
12002.894733509682 89.909500853311854
12177.48085762842 90.691502056697232
12354.606395397908 91.677999710086965
12534.308283440243 92.852997907807975
12716.62399563306 94.102999813938794
12901.591550924093 95.157998724794197
13089.249521259411 95.652499196743719
13279.637039626952 95.350498510656251
13472.793808217073 94.295500858008893
13668.760106701786 92.763497096891712
13867.576800634426 91.061002989080734
14069.285349971487 89.336998393276417
14273.927817718419 87.689499414814449
14481.54687870117 86.350499982823720
14692.18582846533 85.498499325852563
14905.888592304698 85.083500118906827
15122.699734421185 85.015999970366579
15342.664467217943 85.277000920289780
15565.828660727671 85.850498735116560
15792.238852178061 86.585998685530527
16021.942255696367 87.130499749294898
16254.986772155136 87.221999475872053
16491.42099916115 86.841501782763032
16731.294241189662 85.988002813824579
16974.65651986603 84.423997696375352
17221.558584396902 82.198500091111853
17472.051922153143 79.566008780530382
17726.188769406665 76.639507965504990
17984.022122223458 74.692501366359096
18245.605747515034 75.854502261364033
18510.99419425065 77.920000338030235
18780.242804832582 79.441501942193156
19053.40772663689 79.989499584717095
19330.545923722028 79.386502144423474
19611.71518870775 80.401502407359374
19896.974154826825 82.090497790124317
20186.382308152035 82.303000275816714
