20 103.906999999999996
20.290906698750476 103.915727230053278
20.586044732869844 103.924104602082650
20.885475648548283 103.930685305718555
21.189261887185914 103.935821015383041
21.49746679841394 103.939609169013011
21.810154653305165 103.941525389006330
22.12739065777668 103.942000000000007
22.449240966187475 103.941835863993163
22.77577269513385 103.940494853681955
23.107053937445478 103.937929457057066
23.44315377638505 103.934329866509273
23.784142300054445 103.929737865499192
24.130090616010463 103.924548634255288
24.481070866093134 103.918152242084318
24.837156241469714 103.910528293195796
25.1984209978975 103.902535527547300
25.56494047120865 103.893670301806537
25.936791093020236 103.883738236250764
26.3140504066728 103.872888423416782
26.69679708340074 103.860604094789466
27.08511093873791 103.847212621537537
27.47907294916184 103.831837094126257
27.878765268980047 103.815849389240796
28.284271247461966 103.799344878854043
28.695675446220072 103.781694604920091
29.11306365684382 103.762799071785196
29.536522918790062 103.743283422816859
29.966141537533712 103.723091347735902
30.402009102982383 103.701899545185739
30.844216508158908 103.679789206565061
31.29285596815558 103.656875061671826
31.74802103936409 103.632606863874344
32.20980663898519 103.606831214938865
32.67830906482211 103.579479765175506
33.153626015361866 103.551282439078292
33.63585661014871 103.522076890170780
34.125101410453844 103.491743712551852
34.62146244024586 103.460847866264515
35.12504320746613 103.429122277929636
35.635948725613716 103.396663332835118
36.15428553564419 103.362971440183131
36.68016172818701 103.328789487667848
37.21368696608603 103.293896660238318
37.754972507267915 103.257516195907073
38.30413122794313 103.219815014271916
38.86127764614443 103.181009024598481
39.4265279456077 103.140734890419054
40.000000000000206 103.098999999999990
40.58181339750116 103.055848695847658
41.1720894657399 103.011116614098313
41.77095129709678 102.965226997979244
42.37852377437204 102.918784241124087
42.9949335968281 102.871554964426394
43.62030930661056 102.824043256532420
44.25478131555359 102.776787806862004
44.89848193237519 102.729029281779788
45.55154539026795 102.681318191669149
46.21410787489121 102.634000759697727
46.88630755277036 102.586458409936910
47.56828460010916 102.538622535531431
48.260181232021196 102.489046662830432
48.962141732186545 102.436277743834552
49.674312482939705 102.380783681046211
50.39684199579528 102.323004574094739
51.129880942417586 102.263402593440560
51.873582186040764 102.201512403587415
52.628100813345895 102.137343907662142
53.393594166801776 102.071306464017169
54.17022187747612 102.003208877696579
54.95814589832399 101.933094174657953
55.75753053796041 101.861322278861422
56.56854249492426 101.789468260446654
57.39135089244048 101.717843823250121
58.226127313687975 101.646053051022847
59.073045837580466 101.573327626724449
59.932283075067765 101.500722080156777
60.804018205965114 101.427155497123721
61.68843301631817 101.350675647577816
62.58571193631152 101.268839554520241
63.49604207872855 101.181883918363326
64.41961327797075 101.091877898758867
65.35661812964459 101.000408041424464
66.3072520307241 100.908657431065848
67.27171322029778 100.818045810173203
68.25020282090806 100.731107658812363
69.2429248804921 100.645986997837440
70.25008641493265 100.557867179448593
71.27189745122783 100.464441639584578
72.30857107128878 100.366222891620623
73.36032345637442 100.263827977818934
74.42737393217246 100.157335232850585
75.50994501453623 100.046593072474536
76.60826245588666 99.931818176431591
77.72255529228926 99.813789356269140
78.85305589121582 99.693208378229883
80.00000000000082 99.567999999999913
81.16362679500274 99.440000732551525
82.34417893148023 99.312780691731291
83.541902594194 99.198221674494846
84.75704754874454 99.111791948811472
85.98986719365665 99.070428366901467
87.24061861322157 99.075806430276316
88.50956263110764 99.107341067176179
89.79696386475084 99.153258377842775
91.10309078053635 99.212896943067832
92.42821574978288 99.303002723343980
93.77261510554118 99.426450824936921
95.13656920021877 99.575091689337540
96.52036246404286 99.731740119721366
97.92428346437356 99.880296392813477
99.34862496587989 100.005418157250602
100.79368399159105 100.088392972968947
102.25976188483567 100.125331349040295
103.74716437208203 100.114688825644123
105.25620162669229 100.059062904177409
106.78718833360406 99.972070362204533
108.34044375495276 99.864707901725083
109.9162917966485 99.754004860236492
111.51506107592134 99.658959257143749
113.13708498984903 99.611074194520995
114.78270178488147 99.617244565982006
116.45225462737648 99.705334813264201
118.14609167516147 99.819204032894731
119.86456615013608 99.945115432627617
121.60803641193078 100.055882086270259
123.3768660326369 100.121600799224737
125.17142387262359 100.154485728382127
126.99208415745765 100.142134569323218
128.83922655594208 100.098024860701855
130.71323625928977 100.037788834522829
132.61450406144883 99.967037203403777
134.5434264405962 99.883230670512276
136.50040564181674 99.790855022140533
138.48584976098482 99.691978737309284
140.50017282986593 99.587740926432033
142.5437949024563 99.480450767621051
144.61714214257822 99.371195751979002
146.7206469127495 99.262558748684683
148.8547478643456 99.155033556355590
151.01989002907314 99.048841300598681
153.216524911774 98.944109939111343
155.4451105845792 98.841148067927776
157.70611178243232 98.740637193355411
160.00000000000236 98.641999999999911
162.3272535900062 98.546582602809750
164.6883578629612 98.451090342336371
167.08380518838874 98.354731031426780
169.51409509748981 98.257436196100400
171.97973438731407 98.159602518262361
174.4812372264439 98.061731748168683
177.01912526221608 97.963965589930893
179.5939277295025 97.866768317370713
182.20618156107355 97.769871282240274
184.85643149956664 97.672283320815950
187.54523021108326 97.575398850527648
190.27313840043846 97.478940155984660
193.04072492808663 97.382507207459440
195.84856692874806 97.287497291351315
198.69724993176072 97.194927452170020
201.58736798318304 97.105085276512909
204.5195237696723 97.019706588410784
207.49432874416505 96.943134219721429
210.5124032533856 96.882041211901338
213.57437666720915 96.841649827494706
216.68088750990657 96.838840443754947
219.83258359329807 96.858283981831306
223.03012215184378 96.909239484967458
226.2741699796992 96.965177002974684
229.5654035697641 97.012632948191822
232.90450925475412 97.036895225280119
236.2921833503241 97.030406872765866
239.72913230027333 96.999903950835062
243.21607282386276 96.949583680067491
246.75373206527502 96.885463606316890
250.34284774524843 96.813843053317939
253.9841683149166 96.737830486426105
257.67845311188546 96.660252484650414
261.42647251858085 96.582400695239443
265.22900812289896 96.505448463557371
269.08685288119375 96.428806368816723
273.0008112836349 96.353109687021401
276.97169952197106 96.278766483724027
281.00034565973334 96.205793881822729
285.0875898049141 96.133510973316476
289.23428428515797 96.063017167152310
293.44129382550057 95.993906910644341
297.7094957286928 95.925689967486647
302.0397800581479 95.858138381605983
306.4330498235497 95.791504252646760
310.89022116916016 95.725619237754898
315.41222356486645 95.661270092448362
320.00000000000654 95.597499999999911
324.6545071800142 95.535595054505819
329.3767157259242 95.475415710280771
334.16761037677935 95.415821631327930
339.02819019498156 95.357161717660233
343.95946877463007 95.298778268459358
348.9624744528898 95.240931543791760
354.03825052443415 95.183771594126341
359.187855459007 95.126096018859130
364.4123631221491 95.068022769344140
369.71286299913527 95.007773361809853
375.0904604221685 94.944920936392691
380.54627680087896 94.879840841018080
386.08144985617537 94.814338891697133
391.6971338574982 94.749189389772681
397.3944998635236 94.683702701555831
403.1747359663683 94.619077904369945
409.0390475393468 94.554823731028790
414.9886574883323 94.490620986791129
421.0248065067734 94.428684050147524
427.1487533344206 94.369624031656613
433.3617750198154 94.310579064386829
439.6651671865984 94.248800173557811
446.06024430368984 94.190346358545170
452.54833995940066 94.141935790263886
459.13080713953053 94.105050906649524
465.8090185095106 94.078120689844098
472.58436670065066 94.066743088063674
479.45826460054917 94.071505844372297
486.432145647728 94.091012509767040
493.50746413055253 94.128326233851567
500.6856954904994 94.178228428115062
507.9683366298358 94.233758566802493
515.3569062237735 94.294110182807174
522.8529450371643 94.359143414686258
530.4580162458005 94.422664129966407
538.1737057623901 94.484277978109006
546.0016225672724 94.541225180094543
553.9433990439449 94.593524781584406
562.0006913194694 94.642904113350852
570.1751796098309 94.691568595619970
578.4685685703187 94.742158268278956
586.8825876510039 94.791074878993271
595.4189914573883 94.840972049598591
604.0795601162986 94.893752223234145
612.8660996471021 94.950129647706163
621.780442338323 95.011463096368260
630.8244471297356 95.085373470088967
640.0000000000159 95.173000000000172
649.3090143600314 95.274933707242340
658.7534314518515 95.384915147986675
668.3352207535618 95.498272365929708
678.0563803899662 95.613065288601604
687.9189375492632 95.724296153674288
697.9249489057827 95.827938231393688
708.0765010488715 95.923303809649610
718.3757109180171 96.017637754899852
728.8247262443015 96.115452426696436
739.425725998274 96.214159251783954
750.1809208443404 96.311060442282439
761.0925536017613 96.405173274815184
772.1628997123541 96.497821124522332
783.3942677149998 96.588654141719999
794.7889997270506 96.676417497952883
806.34947193274 96.762062794173431
818.0780950786972 96.846280438438527
829.9773149766683 96.927926852922567
842.0496130135506 97.006985016836950
854.2975066688449 97.085575667791744
866.7235500396347 97.164613025248485
879.3303343732008 97.243564589832516
892.1204886073838 97.324571127087268
905.0966799188055 97.407916057808961
918.2616142790653 97.492718830177068
931.6180370190256 97.579526320394365
945.1687334013056 97.668395464333543
958.9165292011028 97.756842873657035
972.8642912954606 97.848789322850564
987.0149282611097 97.948490835704050
1001.3713909810035 98.051328302030527
1015.9366732596762 98.156056271889568
1030.7138124475518 98.267404579960044
1045.7058900743334 98.381114029946445
1060.916032491606 98.498206122267305
1076.3474115247852 98.619554723610833
1092.0032451345498 98.742338156845037
1107.8867980878947 98.868161770349161
1124.0013826389438 98.997622210629302
1140.350359219667 99.127921489049953
1156.9371371406426 99.252740217516106
1173.765175302013 99.377128491308724
1190.837982914782 99.501658530635439
1208.1591202326028 99.625728284443824
1225.73219929421 99.746761875995048
1243.5608846766518 99.873206635074894
1261.648894259477 100.013526264649869
1280.0000000000375 100.160000000000267
1298.6180287200684 100.290858144718186
1317.5068629037087 100.421291863712625
1336.6704415071292 100.528187428289215
1356.112760779938 100.621827156646205
1375.8378750985323 100.709290703556078
1395.8498978115715 100.806353241612570
1416.153002097749 100.919341328658788
1436.7514218360407 101.038670959924445
1457.6494524886093 101.163396714931650
1478.8514519965543 101.289299218300499
1500.3618416886875 101.411040787124193
1522.1851072035295 101.534124004627898
1544.3257994247153 101.659384024743886
1566.788535430007 101.785180027699425
1589.5779994541087 101.912053676964845
1612.6989438654878 102.039844191260187
1636.156190157402 102.169082169668854
1659.9546299533442 102.300648649941536
1684.099226027109 102.433499789587472
1708.5950133376978 102.565897371223315
1733.4471000792773 102.699283282429690
1758.6606687464096 102.835940824605530
1784.2409772147755 102.973477179238316
1810.193359837619 103.110209338352377
1836.5232285581387 103.246959859360004
1863.2360740380593 103.384268699074866
1890.3374668026197 103.522721080693373
1917.833058402214 103.660808630843036
1945.7285825909298 103.797655483043741
1974.0298565222283 103.935765699828480
2002.7427819620161 104.075528214319576
2031.8733465193618 104.213648616431058
2061.4276248951132 104.350019487021029
2091.411780148677 104.486735362323316
2121.832064983222 104.620877879427852
2152.694823049581 104.751524830367643
2184.0064902691106 104.880726285589901
2215.7735961758003 105.006622685181227
2248.002765277899 105.129843472685636
2280.7007184393456 105.248309205152353
2313.874274281297 105.362747580937651
2347.530350604038 105.471136259382590
2381.6759658295764 105.572860300905774
2416.318240465218 105.670331219930503
2451.4643985884327 105.759282861594585
2487.1217693533167 105.841097166932187
2523.2977885189675 105.913848242899007
2560.0000000000887 105.979000000000156
2597.236057440151 106.035484128262198
2635.0137258074315 106.083515555915085
2673.340883014273 106.121506794712843
2712.225521559891 106.151687439732598
2751.6757501970797 106.172045981343615
2791.699795623158 106.183528701460517
2832.3060041955137 106.186469180125869
2873.502843672097 106.182299431265591
2915.2989049772345 106.170880438009107
2957.7029039931244 106.152686373763856
3000.723683377391 106.128493421635824
3044.370214407075 106.097649502287908
3088.6515988494466 106.062146140977973
3133.57707086003 106.022780636225974
3179.1559989082334 105.980010241048092
3225.3978877309914 105.934856091146315
3272.3123803148205 105.887964495882045
3319.9092599067053 105.840488925291439
3368.198452054235 105.793711470548473
3417.190026675413 105.748200876258878
3466.8942001585724 105.704808871866788
3517.3213374928373 105.664355423630226
3568.4819544295697 105.628856368709364
3620.386719675257 105.598806640162366
3673.0464571162966 105.575242346295809
3726.472148076138 105.558381962980974
3780.6749336052594 105.549651613308072
3835.6661168044484 105.547096628176320
3891.45716518188 105.554596076730689
3948.059713044477 105.568039181848064
4005.4855639240527 105.589014216798518
4063.746693038744 105.615998236287339
4122.855249790247 105.647546593636378
4182.823560297375 105.679992453300045
4243.664129966465 105.712151040125121
4305.389646099183 105.744117983817915
4368.012980538242 105.775506490269123
4431.5471923516225 105.803316990953221
4496.00553055582 105.826135222939911
4561.401436878714 105.841791654366659
4627.748548562617 105.851322856190109
4695.060701208099 105.851671200567580
4763.351931659176 105.840708307680984
4832.63648093046 105.816055394725467
4902.928797176889 105.774185047670301
4974.243538706657 105.717395452341464
5046.595577037959 105.642162420545276
5120.000000000202 105.551571428571151
5194.472114880326 105.443203537862360
5270.027451614888 105.317389974391716
5346.6817660285715 105.176221122470366
5424.451043119808 105.021375361604385
5503.351500394186 104.855056438443853
5583.399591246343 104.680417146703348
5664.612008391055 104.503145821707506
5747.005687344222 104.327053028140412
5830.597809954497 104.155834270588727
5915.405807986278 103.993231719864283
6001.447366754812 103.841265627572255
6088.740428814181 103.708262852735245
6177.303197698925 103.594406299805541
6267.154141720092 103.500498278751664
6358.3119978165005 103.428973161517533
6450.795775462017 103.380443626447118
6544.624760629676 103.361723123803145
6639.818519813445 103.378723778321643
6736.396904108505 103.426384096026737
6834.380053350861 103.484924730143234
6933.788400317181 103.536529012136384
7034.642674985712 103.572794601871777
7136.963908859177 103.582325052759714
7240.773439350552 103.544143123667595
7346.092914232631 103.433052022364535
7452.944296152315 103.227522018119004
7561.349867210557 102.909199822611072
7671.332233608935 102.482874128772508
7782.914330363799 101.953876460987232
7896.119426088994 101.328335679480276
8010.971127848146 100.620319121365725
8127.49338607753 99.851958512525755
8245.710499580537 99.046718097087961
8365.647120594791 98.229320393484727
8487.328259932974 97.415083864947405
8610.77929219841 96.614127243783628
8736.025961076528 95.834692787629081
8863.094384703289 95.084631700539830
8992.011061111683 94.372152202256103
9122.802873757471 93.720411195041223
9255.497097125279 93.179869264574251
9390.121402416245 92.843818851382480
9526.7038633184 92.856978005867006
9665.272961860968 93.335595727408929
9805.857594353829 94.273610316517733
9948.487077413367 95.515081112202978
10093.19115407597 96.772116331418403
10240.000000000457 97.815000000002868
10388.944229760706 98.559212605726344
10540.05490322983 99.034832821986456
10693.363532057198 99.386762511358398
10848.902086239672 99.729496756626446
11006.703000788428 100.166775896120214
11166.799182492743 100.752671027363931
11329.224016782166 101.556605931665104
11494.0113746885 102.540671850115700
11661.195619909053 103.742039292798069
11830.811615972614 104.911868120592374
12002.894733509682 105.829865366838192
12177.48085762842 106.274218305679511
12354.606395397908 105.825769389384050
12534.308283440243 104.864235696555028
12716.62399563306 103.510771873508986
12901.591550924093 102.209203611123058
13089.249521259411 100.986745975795827
13279.637039626952 99.989866174009705
13472.793808217073 99.241199504116224
13668.760106701786 98.686993061788257
13867.576800634426 98.287904423003951
14069.285349971487 97.995933775367916
14273.927817718419 97.747634247834981
14481.54687870117 97.481804526475486
14692.18582846533 97.142046498002998
14905.888592304698 96.707162868775754
15122.699734421185 96.162121735653329
15342.664467217943 95.508155152607259
15565.828660727671 94.771365980311373
15792.238852178061 94.004815074351797
16021.942255696367 93.279663048283140
16254.986772155136 92.724884894553313
16491.42099916115 92.458659954944551
16731.294241189662 92.387013143361173
16974.65651986603 92.409408095423657
17221.558584396902 92.485614332850972
17472.051922153143 92.548292461316748
17726.188769406665 92.412501075273795
17984.022122223458 91.792318791930143
18245.605747515034 90.558829701562018
18510.99419425065 88.880256677902182
18780.242804832582 87.104486660275896
19053.40772663689 85.512399787624162
19330.545923722028 84.301142125615073
19611.71518870775 83.601333039583309
19896.974154826825 83.465468333905235
20186.382308152035 83.503999999999991
