20 95.570500000000010
20.290906698750476 95.570500000000010
20.586044732869844 95.570500000000010
20.885475648548283 95.570500000000010
21.189261887185914 95.552662243082722
21.49746679841394 95.521156791568430
21.810154653305165 95.486585995772558
22.12739065777668 95.460582653955640
22.449240966187475 95.438463483873491
22.77577269513385 95.417443390501489
23.107053937445478 95.391186689689789
23.44315377638505 95.362047656063680
23.784142300054445 95.342824841623013
24.130090616010463 95.333915907919604
24.481070866093134 95.332500000000010
24.837156241469714 95.329071107533622
25.1984209978975 95.311110530147175
25.56494047120865 95.280712087748370
25.936791093020236 95.242794923525707
26.3140504066728 95.204045436206457
26.69679708340074 95.174208189578962
27.08511093873791 95.150818932306308
27.47907294916184 95.128104481997951
27.878765268980047 95.101137974585171
28.284271247461966 95.067768401470801
28.695675446220072 95.029628130824221
29.11306365684382 94.987402188717709
29.536522918790062 94.943041643577999
29.966141537533712 94.908242535459777
30.402009102982383 94.894436378617627
30.844216508158908 94.875265428862846
31.29285596815558 94.841125102786378
31.74802103936409 94.804398422047683
32.20980663898519 94.770813535271031
32.67830906482211 94.737126820138343
33.153626015361866 94.701478048847861
33.63585661014871 94.666261750509889
34.125101410453844 94.632367597036875
34.62146244024586 94.594432767698606
35.12504320746613 94.551246456987784
35.635948725613716 94.512207127737554
36.15428553564419 94.480742867861352
36.68016172818701 94.446307708657798
37.21368696608603 94.403409233950526
37.754972507267915 94.356098876005930
38.30413122794313 94.308773711992501
38.86127764614443 94.267117802926705
39.4265279456077 94.230729769413713
40.000000000000206 94.194499999999977
40.58181339750116 94.152318388075798
41.1720894657399 94.107139873593908
41.77095129709678 94.063130171980134
42.37852377437204 94.020090092254975
42.9949335968281 93.976029640659448
43.62030930661056 93.932078390645302
44.25478131555359 93.888457975564933
44.89848193237519 93.844437091078007
45.55154539026795 93.798744555502537
46.21410787489121 93.750465492392948
46.88630755277036 93.701211814424141
47.56828460010916 93.651866408754870
48.260181232021196 93.604967924454584
48.962141732186545 93.557524661186250
49.674312482939705 93.508526795019321
50.39684199579528 93.458717078685424
51.129880942417586 93.409322074752453
51.873582186040764 93.361250880671861
52.628100813345895 93.310800538324798
53.393594166801776 93.254004420619879
54.17022187747612 93.193968879321261
54.95814589832399 93.140856792164669
55.75753053796041 93.095335837081976
56.56854249492426 93.047887450304543
57.39135089244048 92.998323271007351
58.226127313687975 92.948836870433468
59.073045837580466 92.901519001851852
59.932283075067765 92.854690572408799
60.804018205965114 92.805755977129280
61.68843301631817 92.752059440352923
62.58571193631152 92.698580523802548
63.49604207872855 92.649945917102940
64.41961327797075 92.605487982574360
65.35661812964459 92.560134166323309
66.3072520307241 92.511176520417706
67.27171322029778 92.463272905086598
68.25020282090806 92.418990670238230
69.2429248804921 92.371989368654653
70.25008641493265 92.319745420008559
71.27189745122783 92.266405127438617
72.30857107128878 92.214262875364284
73.36032345637442 92.159182209899399
74.42737393217246 92.101135494628778
75.50994501453623 92.047127461735741
76.60826245588666 91.997128096881795
77.72255529228926 91.945701065081323
78.85305589121582 91.888369454234180
80.00000000000082 91.831499999999963
81.16362679500274 91.781076046156670
82.34417893148023 91.731532483566838
83.541902594194 91.677313029774126
84.75704754874454 91.622432887638709
85.98986719365665 91.569430539095947
87.24061861322157 91.516073564419628
88.50956263110764 91.458056931425347
89.79696386475084 91.398407340933204
91.10309078053635 91.342118524623515
92.42821574978288 91.286509409698937
93.77261510554118 91.225742986187782
95.13656920021877 91.166037218334296
96.52036246404286 91.111301497019525
97.92428346437356 91.056375958304585
99.34862496587989 90.996912101216139
100.79368399159105 90.935900711022640
102.25976188483567 90.871557461220789
103.74716437208203 90.799841302652510
105.25620162669229 90.725295341459599
106.78718833360406 90.659849239434251
108.34044375495276 90.601623433148433
109.9162917966485 90.533762426798688
111.51506107592134 90.455420103790942
113.13708498984903 90.378567835077234
114.78270178488147 90.307054114931901
116.45225462737648 90.241229968970686
118.14609167516147 90.172678720731454
119.86456615013608 90.098321594904945
121.60803641193078 90.029418639963069
123.3768660326369 89.978611363053034
125.17142387262359 89.924357338640675
126.99208415745765 89.845051904337055
128.83922655594208 89.760992263666424
130.71323625928977 89.682819287469627
132.61450406144883 89.616754764325520
134.5434264405962 89.573701592204188
136.50040564181674 89.565254664880882
138.48584976098482 89.593431619622152
140.50017282986593 89.638670526533673
142.5437949024563 89.684311419488182
144.61714214257822 89.736141410171385
146.7206469127495 89.801404830590542
148.8547478643456 89.877438519699396
151.01989002907314 89.961907535180373
153.216524911774 90.046935066929734
155.4451105845792 90.119326565562233
157.70611178243232 90.170132899092962
160.00000000000236 90.205000000000027
162.3272535900062 90.235254296670092
164.6883578629612 90.259383578629610
167.08380518838874 90.274169309054969
169.51409509748981 90.274485904902519
171.97973438731407 90.254994549881786
174.4812372264439 90.220281441603333
177.01912526221608 90.178578695594766
179.5939277295025 90.126946303226347
182.20618156107355 90.063345460973153
184.85643149956664 89.998974357710495
187.54523021108326 89.950240132453800
190.27313840043846 89.903427976631065
193.04072492808663 89.845887761610868
195.84856692874806 89.783840667724789
198.69724993176072 89.724794451351130
201.58736798318304 89.669369130980584
204.5195237696723 89.617168095915574
207.49432874416505 89.568090740093368
210.5124032533856 89.517532943065760
213.57437666720915 89.458044495821810
216.68088750990657 89.392701362291973
219.83258359329807 89.334762370710592
223.03012215184378 89.290714585681130
226.2741699796992 89.242629393644606
229.5654035697641 89.189170841098900
232.90450925475412 89.133107427544971
236.2921833503241 89.074058085100205
239.72913230027333 89.010044910907396
243.21607282386276 88.952853107907686
246.75373206527502 88.909516782200370
250.34284774524843 88.875671506101696
253.9841683149166 88.845630611401930
257.67845311188546 88.806416435686216
261.42647251858085 88.750317985026825
265.22900812289896 88.690723276509857
269.08685288119375 88.644232799549457
273.0008112836349 88.612244929477285
276.97169952197106 88.591678063396301
281.00034565973334 88.589101071545173
285.0875898049141 88.601806564317201
289.23428428515797 88.616319994998065
293.44129382550057 88.620032388147649
297.7094957286928 88.622667596582957
302.0397800581479 88.635208845305272
306.4330498235497 88.661314823853075
310.89022116916016 88.682505995261224
315.41222356486645 88.690711443504597
320.00000000000654 88.687499999999972
324.6545071800142 88.661900210509913
329.3767157259242 88.610105440724453
334.16761037677935 88.556322763780074
339.02819019498156 88.526859049025092
343.95946877463007 88.513289168695820
348.9624744528898 88.497527586860173
354.03825052443415 88.468155196643622
359.187855459007 88.421377802047630
364.4123631221491 88.370258841402944
369.71286299913527 88.331038672706143
375.0904604221685 88.294160010365573
380.54627680087896 88.243498858277547
386.08144985617537 88.189593646423859
391.6971338574982 88.142335787407831
397.3944998635236 88.098259600982630
403.1747359663683 88.056483164243815
409.0390475393468 88.014979921186182
414.9886574883323 87.975073726325832
421.0248065067734 87.937135103351721
427.1487533344206 87.900823731104950
433.3617750198154 87.868372012410831
439.6651671865984 87.845146712948747
446.06024430368984 87.834000000000003
452.54833995940066 87.840116015902566
459.13080713953053 87.852786326014936
465.8090185095106 87.849881962980973
472.58436670065066 87.836331266598705
479.45826460054917 87.841053424144036
486.432145647728 87.861126080637490
493.50746413055253 87.875550109394638
500.6856954904994 87.885871390980995
507.9683366298358 87.900436673259676
515.3569062237735 87.923902131593394
522.8529450371643 87.953091925759722
530.4580162458005 87.980030536553045
538.1737057623901 87.997335003970321
546.0016225672724 88.013433323232732
553.9433990439449 88.039016521056269
562.0006913194694 88.074403594861238
570.1751796098309 88.116954728873566
578.4685685703187 88.162153698708238
586.8825876510039 88.203192291342276
595.4189914573883 88.242385461558243
604.0795601162986 88.285692553146902
612.8660996471021 88.348861847000364
621.780442338323 88.445459404200591
630.8244471297356 88.538405460421927
640.0000000000159 88.593000000000117
649.3090143600314 88.661886706264227
658.7534314518515 88.796988457059996
668.3352207535618 88.963033407338045
678.0563803899662 89.116165438985973
687.9189375492632 89.244194825610862
697.9249489057827 89.348853241612545
708.0765010488715 89.447034410069165
718.3757109180171 89.558889176735889
728.8247262443015 89.674954461311756
739.425725998274 89.776601824383775
750.1809208443404 89.866500135334320
761.0925536017613 89.956975756947941
772.1628997123541 90.050493766796848
783.3942677149998 90.149079840083260
794.7889997270506 90.249403747611694
806.34947193274 90.347647704775625
818.0780950786972 90.442657214854293
829.9773149766683 90.535404167899244
842.0496130135506 90.627040831477188
854.2975066688449 90.719768488349928
866.7235500396347 90.813744950295742
879.3303343732008 90.906245374049718
892.1204886073838 90.994444623289723
905.0966799188055 91.079778972819099
918.2616142790653 91.161792179629657
931.6180370190256 91.243217301884840
945.1687334013056 91.325012400407829
958.9165292011028 91.407870697256669
972.8642912954606 91.489596460985183
987.0149282611097 91.567157880185249
1001.3713909810035 91.643085520068510
1015.9366732596762 91.718339478508341
1030.7138124475518 91.794722022047949
1045.7058900743334 91.872582759436483
1060.916032491606 91.948835887126933
1076.3474115247852 92.021743006731498
1092.0032451345498 92.094390211568196
1107.8867980878947 92.168355820103528
1124.0013826389438 92.237560932484769
1140.350359219667 92.301303505244505
1156.9371371406426 92.369613481678698
1173.765175302013 92.442501995033552
1190.837982914782 92.511518240665680
1208.1591202326028 92.579173812309136
1225.73219929421 92.646382873434533
1243.5608846766518 92.715816724593822
1261.648894259477 92.783600908760064
1280.0000000000375 92.849000000000132
1298.6180287200684 92.916822818908827
1317.5068629037087 92.986527451614833
1336.6704415071292 93.066932615367620
1356.112760779938 93.146256681158746
1375.8378750985323 93.215056881580082
1395.8498978115715 93.282097157668773
1416.153002097749 93.361419658495890
1436.7514218360407 93.447375041624483
1457.6494524886093 93.540575525248514
1478.8514519965543 93.637332911503592
1500.3618416886875 93.739830918944762
1522.1851072035295 93.850256642449864
1544.3257994247153 93.963834609043033
1566.788535430007 94.077614218567234
1589.5779994541087 94.194222477183203
1612.6989438654878 94.318098170137489
1636.156190157402 94.448251541078307
1659.9546299533442 94.579454094347128
1684.099226027109 94.710863758628562
1708.5950133376978 94.847163476291627
1733.4471000792773 94.991344716472497
1758.6606687464096 95.141964012478454
1784.2409772147755 95.296554780554430
1810.193359837619 95.455791096599739
1836.5232285581387 95.617752623346973
1863.2360740380593 95.780710608670631
1890.3374668026197 95.945865296832025
1917.833058402214 96.115208300925673
1945.7285825909298 96.288431783715581
1974.0298565222283 96.462543319046489
2002.7427819620161 96.637502404804792
2031.8733465193618 96.812583966906232
2061.4276248951132 96.987137461902151
2091.411780148677 97.157623612802851
2121.832064983222 97.321343531414428
2152.694823049581 97.472554871316191
2184.0064902691106 97.614626123333167
2215.7735961758003 97.733616076758707
2248.002765277899 97.839907742778109
2280.7007184393456 97.925041580566557
2313.874274281297 97.989005125136003
2347.530350604038 98.030653833073842
2381.6759658295764 98.050357537613223
2416.318240465218 98.052648469209274
2451.4643985884327 98.028608821340981
2487.1217693533167 97.985031983147465
2523.2977885189675 97.919778090031528
2560.0000000000887 97.838749999999791
2597.236057440151 97.741161785577575
2635.0137258074315 97.627956077416215
2673.340883014273 97.499765714638443
2712.225521559891 97.361376846306399
2751.6757501970797 97.212632149251107
2791.699795623158 97.057767044514975
2832.3060041955137 96.900152703721403
2873.502843672097 96.742894279356193
2915.2989049772345 96.588229920181504
2957.7029039931244 96.437656068343514
3000.723683377391 96.290602798812387
3044.370214407075 96.146660987710931
3088.6515988494466 96.009778348437280
3133.57707086003 95.881163055134920
3179.1559989082334 95.763693122707579
3225.3978877309914 95.657648520255691
3272.3123803148205 95.565507086842757
3319.9092599067053 95.487034295338077
3368.198452054235 95.418842012329492
3417.190026675413 95.360138073057840
3466.8942001585724 95.316356653900101
3517.3213374928373 95.290303598752160
3568.4819544295697 95.281054458632894
3620.386719675257 95.293416563018155
3673.0464571162966 95.340190858822353
3726.472148076138 95.423149866537045
3780.6749336052594 95.529698253902438
3835.6661168044484 95.650851969675031
3891.45716518188 95.800907924675187
3948.059713044477 95.972130631959544
4005.4855639240527 96.174347986271101
4063.746693038744 96.402298555646695
4122.855249790247 96.652110686573593
4182.823560297375 96.917024506747637
4243.664129966465 97.186895890779823
4305.389646099183 97.448559674384896
4368.012980538242 97.681197703478034
4431.5471923516225 97.861711384189562
4496.00553055582 97.991910508056066
4561.401436878714 98.054943165045444
4627.748548562617 98.063884010670790
4695.060701208099 98.026913556847518
4763.351931659176 97.968792519625893
4832.63648093046 97.905753531971897
4902.928797176889 97.841923259764314
4974.243538706657 97.760415134278347
5046.595577037959 97.617538950456208
5120.000000000202 97.393642857142112
5194.472114880326 97.050339054841714
5270.027451614888 96.577876686881723
5346.6817660285715 95.999211783470003
5424.451043119808 95.343005895054247
5503.351500394186 94.646314892928757
5583.399591246343 93.951678525500284
5664.612008391055 93.291603932871567
5747.005687344222 92.667943795191121
5830.597809954497 92.086491136743717
5915.405807986278 91.544832687443431
6001.447366754812 91.021472049866858
6088.740428814181 90.472814263676213
6177.303197698925 89.885199352001223
6267.154141720092 89.558514584265154
6358.3119978165005 89.962380903547327
6450.795775462017 90.661277999124792
6544.624760629676 91.097813407700443
6639.818519813445 91.109905794114354
6736.396904108505 90.951720829590727
6834.380053350861 90.822245553051232
6933.788400317181 90.758080203939727
7034.642674985712 90.757451722870073
7136.963908859177 90.810864863897422
7240.773439350552 90.942192737946556
7346.092914232631 91.222895420379800
7452.944296152315 91.683015645203852
7561.349867210557 92.277641098735046
7671.332233608935 92.897694061488252
7782.914330363799 93.450739294840503
7896.119426088994 93.871850807686570
8010.971127848146 94.166833769472646
8127.49338607753 94.358870700950405
8245.710499580537 94.435711824727349
8365.647120594791 94.376228473525885
8487.328259932974 94.216451631761629
8610.77929219841 93.982018799828950
8736.025961076528 93.715436691078366
8863.094384703289 93.464592632423745
8992.011061111683 93.258755672425011
9122.802873757471 93.126997433617518
9255.497097125279 93.082874274281323
9390.121402416245 93.120831946630972
9526.7038633184 93.217698283820653
9665.272961860968 93.325034410998512
9805.857594353829 93.370840056057801
9948.487077413367 93.272396073717516
10093.19115407597 92.939715848063742
10240.000000000457 92.389499999998037
10388.944229760706 91.639718446498961
10540.05490322983 90.724840065498739
10693.363532057198 89.723076452952029
10848.902086239672 88.677251570640607
11006.703000788428 87.620757810369639
11166.799182492743 86.589232319429868
11329.224016782166 85.640269370728618
11494.0113746885 84.772342368244921
11661.195619909053 84.056552261704923
11830.811615972614 83.446756686596189
12002.894733509682 82.987427134401074
12177.48085762842 82.621436583811203
12354.606395397908 82.436568808093853
12534.308283440243 82.386438727548096
12716.62399563306 82.521779994541333
12901.591550924093 82.881575315967609
13089.249521259411 83.353669152768333
13279.637039626952 84.010405510663972
13472.793808217073 84.848494867661316
13668.760106701786 85.767422097230309
13867.576800634426 86.601158732085679
14069.285349971487 87.078995014649180
14273.927817718419 87.204509061533969
14481.54687870117 86.915501243782032
14692.18582846533 86.213771458655998
14905.888592304698 85.383768973012067
15122.699734421185 84.634683000454544
15342.664467217943 84.050103435071506
15565.828660727671 83.588533550868362
15792.238852178061 83.154773028512238
16021.942255696367 82.600007879493091
16254.986772155136 81.752400557324506
16491.42099916115 80.491260390474423
16731.294241189662 78.813025245683363
16974.65651986603 77.025281448587378
17221.558584396902 75.494968744217175
17472.051922153143 74.333036634885588
17726.188769406665 73.543957395483218
17984.022122223458 73.105181135375830
18245.605747515034 72.955723491757396
18510.99419425065 73.027756168205428
18780.242804832582 73.193605071695131
19053.40772663689 73.211803312302692
19330.545923722028 72.927971582926546
19611.71518870775 72.389948787481842
19896.974154826825 71.782873018371845
20186.382308152035 71.579499999999996
