20 102.880499999999998
20.290906698750476 102.889712076167342
20.586044732869844 102.898104602082640
20.885475648548283 102.905636891213703
21.189261887185914 102.911785218459656
21.49746679841394 102.915865501407808
21.810154653305165 102.916974610993691
22.12739065777668 102.915703808388898
22.449240966187475 102.913589659982904
22.77577269513385 102.910615993943424
23.107053937445478 102.906572609409423
23.44315377638505 102.902329866509291
23.784142300054445 102.898198221249316
24.130090616010463 102.893982271087452
24.481070866093134 102.889736612990774
24.837156241469714 102.885399850182353
25.1984209978975 102.881019737526287
25.56494047120865 102.876438238955487
25.936791093020236 102.871448128864046
26.3140504066728 102.865599170219355
26.69679708340074 102.858318061977741
27.08511093873791 102.849680759160250
27.47907294916184 102.838627820594695
27.878765268980047 102.826637041930610
28.284271247461966 102.813903320081209
28.695675446220072 102.799955683936076
29.11306365684382 102.784477453726254
29.536522918790062 102.767246899898083
29.966141537533712 102.746625206198388
30.402009102982383 102.721879454222858
30.844216508158908 102.695166778042221
31.29285596815558 102.667687571950466
31.74802103936409 102.640862800756253
32.20980663898519 102.615380248133789
32.67830906482211 102.591262855823715
33.153626015361866 102.567818699231907
33.63585661014871 102.543707169492563
34.125101410453844 102.518994726656402
34.62146244024586 102.493305415547468
35.12504320746613 102.467372710004298
35.635948725613716 102.440294717542471
36.15428553564419 102.412514295539566
36.68016172818701 102.383591104949716
37.21368696608603 102.354033529899183
37.754972507267915 102.322701671418685
38.30413122794313 102.289648056095473
38.86127764614443 102.255218600956539
39.4265279456077 102.219183849322320
40.000000000000206 102.183499999999981
40.58181339750116 102.150045618129070
41.1720894657399 102.118488607717495
41.77095129709678 102.088452389986458
42.37852377437204 102.057247339821814
42.9949335968281 102.022953669358643
43.62030930661056 101.984480705933322
44.25478131555359 101.943043059916391
44.89848193237519 101.900683295062947
45.55154539026795 101.858186372502246
46.21410787489121 101.815583050075574
46.88630755277036 101.772013249840683
47.56828460010916 101.728659056622973
48.260181232021196 101.684768825614682
48.962141732186545 101.641958821650633
49.674312482939705 101.599998501823521
50.39684199579528 101.557437477046506
51.129880942417586 101.513000222863724
51.873582186040764 101.466517724709263
52.628100813345895 101.418708602784960
53.393594166801776 101.369416347178316
54.17022187747612 101.318406658272437
54.95814589832399 101.264757079534576
55.75753053796041 101.210715165542865
56.56854249492426 101.159534636562157
57.39135089244048 101.111280025469554
58.226127313687975 101.064949934090322
59.073045837580466 101.017836387257915
59.932283075067765 100.968859864721139
60.804018205965114 100.917253106272000
61.68843301631817 100.862521061075398
62.58571193631152 100.804687688164165
63.49604207872855 100.745009243843270
64.41961327797075 100.685354556848864
65.35661812964459 100.626924603156496
66.3072520307241 100.569718504171902
67.27171322029778 100.512333063392276
68.25020282090806 100.454112932155965
69.2429248804921 100.394560119849743
70.25008641493265 100.331619339821913
71.27189745122783 100.264690716944585
72.30857107128878 100.197560022508810
73.36032345637442 100.133101239530276
74.42737393217246 100.071853372832265
75.50994501453623 100.010178088359396
76.60826245588666 99.946789253240610
77.72255529228926 99.883101879138664
78.85305589121582 99.822803137954367
80.00000000000082 99.764499999999970
81.16362679500274 99.701470057695829
82.34417893148023 99.632169449410327
83.541902594194 99.562489642822641
84.75704754874454 99.495261187783996
85.98986719365665 99.429619396717499
87.24061861322157 99.364467848618460
88.50956263110764 99.298480430376486
89.79696386475084 99.228531630015198
91.10309078053635 99.156370233087529
92.42821574978288 99.083920515387589
93.77261510554118 99.010006330719079
95.13656920021877 98.934931771233977
96.52036246404286 98.857763854130212
97.92428346437356 98.777848535454439
99.34862496587989 98.696682751154569
100.79368399159105 98.616111941793022
102.25976188483567 98.539005397834984
103.74716437208203 98.466009743026476
105.25620162669229 98.392725090588442
106.78718833360406 98.315590998874995
108.34044375495276 98.235577072660774
109.9162917966485 98.156258035988031
111.51506107592134 98.080014989310811
113.13708498984903 98.004436122246830
114.78270178488147 97.925593314470319
116.45225462737648 97.838426469774419
118.14609167516147 97.744931154769290
119.86456615013608 97.644135939760048
121.60803641193078 97.543037874117019
123.3768660326369 97.444444470525269
125.17142387262359 97.346628828296588
126.99208415745765 97.246607315234854
128.83922655594208 97.145781213519086
130.71323625928977 97.045923267897848
132.61450406144883 96.945238536773928
134.5434264405962 96.845736247800644
136.50040564181674 96.750981340476429
138.48584976098482 96.659286523673956
140.50017282986593 96.566242309070958
142.5437949024563 96.475301126840691
144.61714214257822 96.387484315547354
146.7206469127495 96.300953476577263
148.8547478643456 96.217790530727740
151.01989002907314 96.144107277133628
153.216524911774 96.087389161552778
155.4451105845792 96.054575646129337
157.70611178243232 96.051132899092977
160.00000000000236 96.086000000000070
162.3272535900062 96.166988424932214
164.6883578629612 96.283293236293247
167.08380518838874 96.418193656775827
169.51409509748981 96.546732945069465
171.97973438731407 96.644062331698223
174.4812372264439 96.693907300732519
177.01912526221608 96.705230600419540
179.5939277295025 96.695949146898386
182.20618156107355 96.679439201696908
184.85643149956664 96.679385145199646
187.54523021108326 96.719384044459133
190.27313840043846 96.806299578898944
193.04072492808663 96.928454796548166
195.84856692874806 97.060515798407920
198.69724993176072 97.178558797488790
201.58736798318304 97.262215779621613
204.5195237696723 97.305396428272545
207.49432874416505 97.310522685023329
210.5124032533856 97.284586690497093
213.57437666720915 97.233118872489015
216.68088750990657 97.154461813803692
219.83258359329807 97.068229513489314
223.03012215184378 96.977520283941431
226.2741699796992 96.884807127248621
229.5654035697641 96.790458431000104
232.90450925475412 96.698125995494252
236.2921833503241 96.607439755810361
239.72913230027333 96.518508701730426
243.21607282386276 96.431422288639226
246.75373206527502 96.348287296466040
250.34284774524843 96.270671629445317
253.9841683149166 96.192838402268649
257.67845311188546 96.113873064733440
261.42647251858085 96.038042240563556
265.22900812289896 95.966148845664918
269.08685288119375 95.892907697178117
273.0008112836349 95.822110903946850
276.97169952197106 95.755545969610679
281.00034565973334 95.699096059479047
285.0875898049141 95.652571548067911
289.23428428515797 95.608616586577327
293.44129382550057 95.562989897302046
297.7094957286928 95.522698336733242
302.0397800581479 95.487446677056624
306.4330498235497 95.452630093107672
310.89022116916016 95.416878230646716
315.41222356486645 95.378913654985666
320.00000000000654 95.338999999999942
324.6545071800142 95.297109435379866
329.3767157259242 95.252421200603720
334.16761037677935 95.205240657269883
339.02819019498156 95.157120917069676
343.95946877463007 95.105133684111465
348.9624744528898 95.053186513135245
354.03825052443415 95.003732794965430
359.187855459007 94.954296587593532
364.4123631221491 94.904582550339583
369.71286299913527 94.851400083708739
375.0904604221685 94.794979089521235
380.54627680087896 94.733406304675796
386.08144985617537 94.670879616625228
391.6971338574982 94.609125098433609
397.3944998635236 94.547139401473942
403.1747359663683 94.486194395014195
409.0390475393468 94.427622540452973
414.9886574883323 94.372351137395697
421.0248065067734 94.321301547945808
427.1487533344206 94.272668098880374
433.3617750198154 94.223408985256498
439.6651671865984 94.174963091524290
446.06024430368984 94.132496969304398
452.54833995940066 94.099032470182692
459.13080713953053 94.074427347970115
465.8090185095106 94.057699381190105
472.58436670065066 94.051862726178342
479.45826460054917 94.059598081729632
486.432145647728 94.083115011720452
493.50746413055253 94.130122611180923
500.6856954904994 94.196199802650256
507.9683366298358 94.272667534613277
515.3569062237735 94.360190767512449
522.8529450371643 94.459494539585123
530.4580162458005 94.566641235564106
538.1737057623901 94.678419473119007
546.0016225672724 94.787379627003631
553.9433990439449 94.897343199294482
562.0006913194694 95.010310127830223
570.1751796098309 95.130136453127960
578.4685685703187 95.254951956983291
586.8825876510039 95.365408863167744
595.4189914573883 95.461086561583969
604.0795601162986 95.546235931075756
612.8660996471021 95.621428797176804
621.780442338323 95.687416048297905
630.8244471297356 95.748400128699771
640.0000000000159 95.808500000000095
649.3090143600314 95.869474044058194
658.7534314518515 95.930897304437025
668.3352207535618 95.993595695935824
678.0563803899662 96.057269291554277
687.9189375492632 96.120681200315289
697.9249489057827 96.185512167887595
708.0765010488715 96.251901081870102
718.3757109180171 96.323129976426117
728.8247262443015 96.401126683144469
739.425725998274 96.483520662786546
750.1809208443404 96.568856906332556
761.0925536017613 96.650694152013216
772.1628997123541 96.729031178744648
783.3942677149998 96.808082730455567
794.7889997270506 96.888871623055223
806.34947193274 96.970975426190236
818.0780950786972 97.055650621539655
829.9773149766683 97.144021297516417
842.0496130135506 97.235715766979439
854.2975066688449 97.330305676683551
866.7235500396347 97.426153325303360
879.3303343732008 97.522843574673658
892.1204886073838 97.622514510378096
905.0966799188055 97.724848716023871
918.2616142790653 97.828388757640397
931.6180370190256 97.932671596725470
945.1687334013056 98.037460289410006
958.9165292011028 98.141002446958225
972.8642912954606 98.247153614146015
987.0149282611097 98.360081538714311
1001.3713909810035 98.472605423586430
1015.9366732596762 98.585430941193437
1030.7138124475518 98.702659512977021
1045.7058900743334 98.821753738724311
1060.916032491606 98.944572535263944
1076.3474115247852 99.072093688220733
1092.0032451345498 99.201089373770486
1107.8867980878947 99.333037783747102
1124.0013826389438 99.470234051466520
1140.350359219667 99.609586326830552
1156.9371371406426 99.747862030241265
1173.765175302013 99.888834960436242
1190.837982914782 100.038666041497777
1208.1591202326028 100.191546524909029
1225.73219929421 100.345542579614232
1243.5608846766518 100.498413891525985
1261.648894259477 100.638366706946073
1280.0000000000375 100.754000000000218
1298.6180287200684 100.862250538415253
1317.5068629037087 100.977053530648931
1336.6704415071292 101.146950734601845
1356.112760779938 101.333696598584893
1375.8378750985323 101.521959813436055
1395.8498978115715 101.707715307311759
1416.153002097749 101.893799969194404
1436.7514218360407 102.083625794166977
1457.6494524886093 102.278639908144072
1478.8514519965543 102.473661690449887
1500.3618416886875 102.661517759683647
1522.1851072035295 102.843523794077441
1544.3257994247153 103.024698523305673
1566.788535430007 103.200607493519655
1589.5779994541087 103.370419396014995
1612.6989438654878 103.535646585935723
1636.156190157402 103.699200835889229
1659.9546299533442 103.863886039277133
1684.099226027109 104.029692752463788
1708.5950133376978 104.194742788829075
1733.4471000792773 104.361271338537506
1758.6606687464096 104.532738974225452
1784.2409772147755 104.706414547338994
1810.193359837619 104.879683909321784
1836.5232285581387 105.053361914770221
1863.2360740380593 105.225681430882062
1890.3374668026197 105.397126040856506
1917.833058402214 105.566781656253511
1945.7285825909298 105.734042352241943
1974.0298565222283 105.902237347742044
2002.7427819620161 106.068039587758392
2031.8733465193618 106.227210179458694
2061.4276248951132 106.380042949482572
2091.411780148677 106.527494188683903
2121.832064983222 106.666923681052424
2152.694823049581 106.796279292198321
2184.0064902691106 106.920023527225538
2215.7735961758003 107.029067017619155
2248.002765277899 107.130174501620729
2280.7007184393456 107.219073450791043
2313.874274281297 107.296135975990722
2347.530350604038 107.359801596026870
2381.6759658295764 107.408636856432707
2416.318240465218 107.445598533721011
2451.4643985884327 107.466658979364794
2487.1217693533167 107.477568265402994
2523.2977885189675 107.475714109365668
2560.0000000000887 107.462499999999949
2597.236057440151 107.437349351175868
2635.0137258074315 107.402736045429108
2673.340883014273 107.360366223495902
2712.225521559891 107.311736396612815
2751.6757501970797 107.255966109091702
2791.699795623158 107.196054059119973
2832.3060041955137 107.133425693496946
2873.502843672097 107.069570592308253
2915.2989049772345 107.005551642534158
2957.7029039931244 106.942715934409634
3000.723683377391 106.882550165567167
3044.370214407075 106.825464395084367
3088.6515988494466 106.770618081380661
3133.57707086003 106.719359935439712
3179.1559989082334 106.673801801037172
3225.3978877309914 106.631649858796720
3272.3123803148205 106.593265714763888
3319.9092599067053 106.559558981060647
3368.198452054235 106.528898944246919
3417.190026675413 106.500045485328513
3466.8942001585724 106.473046073915953
3517.3213374928373 106.445626837629078
3568.4819544295697 106.415171549165080
3620.386719675257 106.379913827440305
3673.0464571162966 106.337719117737663
3726.472148076138 106.287263130443094
3780.6749336052594 106.225594546330655
3835.6661168044484 106.153500824793326
3891.45716518188 106.064718175496495
3948.059713044477 105.966371248585219
4005.4855639240527 105.863083115263720
4063.746693038744 105.764254629745750
4122.855249790247 105.683644087636338
4182.823560297375 105.648415987344649
4243.664129966465 105.689700659620115
4305.389646099183 105.820934605643956
4368.012980538242 106.059200948612599
4431.5471923516225 106.413862391181638
4496.00553055582 106.843271033288829
4561.401436878714 107.298387757188920
4627.748548562617 107.708062182245840
4695.060701208099 107.971394109300178
4763.351931659176 108.050425811915460
4832.63648093046 107.919333170706082
4902.928797176889 107.572486394162183
4974.243538706657 107.089034468651960
5046.595577037959 106.500932263455198
5120.000000000202 105.877785714283988
5194.472114880326 105.253969736310438
5270.027451614888 104.655599921557211
5346.6817660285715 104.096727637800001
5424.451043119808 103.586315995402913
5503.351500394186 103.136615404997357
5583.399591246343 102.752776890485677
5664.612008391055 102.423690107232943
5747.005687344222 102.134846772061763
5830.597809954497 101.892177212308297
5915.405807986278 101.702966939541412
6001.447366754812 101.569796876385055
6088.740428814181 101.502190029527682
6177.303197698925 101.493215845106135
6267.154141720092 101.542223313376070
6358.3119978165005 101.651594596888515
6450.795775462017 101.817163170715617
6544.624760629676 102.041825596519018
6639.818519813445 102.323007467190905
6736.396904108505 102.651984730954950
6834.380053350861 103.014659903533527
6933.788400317181 103.389341313167222
7034.642674985712 103.743510133204424
7136.963908859177 104.040713381262023
7240.773439350552 104.252956291829065
7346.092914232631 104.372843181678192
7452.944296152315 104.418235808865134
7561.349867210557 104.431623737827636
7671.332233608935 104.461284095130381
7782.914330363799 104.528502678062381
7896.119426088994 104.630097033697297
8010.971127848146 104.714225721803800
8127.49338607753 104.700058175873920
8245.710499580537 104.519549737178949
8365.647120594791 104.130474908801844
8487.328259932974 103.582134786979452
8610.77929219841 102.929407625970185
8736.025961076528 102.248551019525820
8863.094384703289 101.595960294721806
8992.011061111683 100.999935527460309
9122.802873757471 100.478664274330882
9255.497097125279 100.039946410949227
9390.121402416245 99.675931636992971
9526.7038633184 99.371758475071715
9665.272961860968 99.096762485029444
9805.857594353829 98.818777094673294
9948.487077413367 98.500989562917695
10093.19115407597 98.093198891609049
10240.000000000457 97.568899999998223
10388.944229760706 96.908203013075479
10540.05490322983 96.109758644937415
10693.363532057198 95.229956066824258
10848.902086239672 94.375626658275337
11006.703000788428 93.757881459927759
11166.799182492743 93.537847496137061
11329.224016782166 93.787332367596917
11494.0113746885 94.210706896522339
11661.195619909053 94.529009079966244
11830.811615972614 94.687896929913123
12002.894733509682 94.653811235477889
12177.48085762842 94.578305102795895
12354.606395397908 94.512255872075968
12534.308283440243 94.488702106454426
12716.62399563306 94.508605279403184
12901.591550924093 94.458174284723327
13089.249521259411 94.343971005633563
13279.637039626952 93.976195232925676
13472.793808217073 93.221187327271608
13668.760106701786 91.986591046652478
13867.576800634426 90.273733701773111
14069.285349971487 88.376182905329358
14273.927817718419 86.610459479452913
14481.54687870117 85.496828028757761
14692.18582846533 84.892595094683713
14905.888592304698 84.504167111542955
15122.699734421185 84.283981371032752
15342.664467217943 84.234247234591848
15565.828660727671 84.402751925737419
15792.238852178061 84.844252970655589
16021.942255696367 85.515361307838461
16254.986772155136 86.204500210642664
16491.42099916115 86.915694365476739
16731.294241189662 87.698757345654968
16974.65651986603 88.978536963753342
17221.558584396902 90.507387910012540
17472.051922153143 91.291757643633787
17726.188769406665 91.050883345291851
17984.022122223458 90.127279847061970
18245.605747515034 89.040359186882199
18510.99419425065 87.833256677902170
18780.242804832582 85.967967957971453
19053.40772663689 83.718884044974473
19330.545923722028 82.849481711160522
19611.71518870775 83.118856366615347
19896.974154826825 82.718792223417523
20186.382308152035 81.374207942344071
