20 53.220500000000001
20.290906698750476 53.803285029113553
20.586044732869844 53.508280966570965
20.885475648548283 53.584828000283032
21.189261887185914 55.027608888763005
21.49746679841394 55.781260405753329
21.810154653305165 55.547159723067509
22.12739065777668 55.287649598676175
22.449240966187475 55.804916536954295
22.77577269513385 56.461140918384181
23.107053937445478 56.563717686687205
23.44315377638505 56.378053400058491
23.784142300054445 56.402423879039745
24.130090616010463 56.814978457308698
24.481070866093134 57.384297603763528
24.837156241469714 57.880762590267096
25.1984209978975 58.403332819614320
25.56494047120865 58.761233385153723
25.936791093020236 58.976344760832141
26.3140504066728 59.253417506085192
26.69679708340074 59.599152952153773
27.08511093873791 60.157656301585547
27.47907294916184 60.642502785821044
27.878765268980047 60.852886365108319
28.284271247461966 61.042742404917533
28.695675446220072 61.271057162377403
29.11306365684382 61.470803712859265
29.536522918790062 61.589260656914334
29.966141537533712 62.145187149568628
30.402009102982383 62.483359363260021
30.844216508158908 62.517121760269589
31.29285596815558 62.793838190305081
31.74802103936409 63.194593609947745
32.20980663898519 63.539776248950517
32.67830906482211 63.846215236884568
33.153626015361866 64.199344519533810
33.63585661014871 64.605033891510033
34.125101410453844 64.909403293516618
34.62146244024586 65.072059046437516
35.12504320746613 65.377543034636261
35.635948725613716 65.909652162791218
36.15428553564419 66.460242711550009
36.68016172818701 66.864870298623543
37.21368696608603 67.233221937158476
37.754972507267915 67.560711210795887
38.30413122794313 67.827233821206747
38.86127764614443 68.107628354971638
39.4265279456077 68.474334945131673
40.000000000000206 68.867500000000121
40.58181339750116 69.214649817675081
41.1720894657399 69.472451581286492
41.77095129709678 69.641987648574684
42.37852377437204 69.814879325154138
42.9949335968281 70.032213595207693
43.62030930661056 70.394892168904221
44.25478131555359 70.924384287404877
44.89848193237519 71.400598721099612
45.55154539026795 71.766470854319479
46.21410787489121 72.029924907204006
46.88630755277036 72.317243099512268
47.56828460010916 72.618986788175306
48.260181232021196 72.701772796473506
48.962141732186545 72.967241133916502
49.674312482939705 73.513943125142902
50.39684199579528 73.815320508537866
51.129880942417586 74.093521254267273
51.873582186040764 74.492112642775908
52.628100813345895 74.922398381554970
53.393594166801776 75.233556587918955
54.17022187747612 75.457091150735508
54.95814589832399 75.751939262600729
55.75753053796041 76.058937730506301
56.56854249492426 76.319631290972211
57.39135089244048 76.539315029815100
58.226127313687975 76.754187331801262
59.073045837580466 77.035933832670679
59.932283075067765 77.323348688610167
60.804018205965114 77.628682793208597
61.68843301631817 77.905508228366983
62.58571193631152 78.263239865385856
63.49604207872855 78.610370664436900
64.41961327797075 78.900554424886025
65.35661812964459 79.153325495291000
66.3072520307241 79.400313007681035
67.27171322029778 79.634092048126405
68.25020282090806 79.859175806637467
69.2429248804921 80.107366832802285
70.25008641493265 80.342516246007335
71.27189745122783 80.541957952013973
72.30857107128878 80.790762750315338
73.36032345637442 81.083256982617115
74.42737393217246 81.301529272520639
75.50994501453623 81.487314750227540
76.60826245588666 81.699082654617797
77.72255529228926 81.938797679798810
78.85305589121582 82.265940099374916
80.00000000000082 82.556500000000113
81.16362679500274 82.706802170109938
82.34417893148023 82.894128617612537
83.541902594194 83.069274065837817
84.75704754874454 83.207787467960799
85.98986719365665 83.371256862176040
87.24061861322157 83.603020508141185
88.50956263110764 83.878265899211215
89.79696386475084 84.116005993690663
91.10309078053635 84.246803328445338
92.42821574978288 84.299404729250469
93.77261510554118 84.448839865624294
95.13656920021877 84.691151557252510
96.52036246404286 84.899691371787753
97.92428346437356 84.967547031683182
99.34862496587989 85.148197134236398
100.79368399159105 85.469285214116397
102.25976188483567 85.634337856963526
103.74716437208203 85.574555834688653
105.25620162669229 85.572153045301306
106.78718833360406 85.772164952274380
108.34044375495276 86.006151031819570
109.9162917966485 86.118079034591830
111.51506107592134 86.166896120893654
113.13708498984903 86.227773600770803
114.78270178488147 86.288028331502431
116.45225462737648 86.341868281431175
118.14609167516147 86.439686091604500
119.86456615013608 86.488927032707394
121.60803641193078 86.516840250880591
123.3768660326369 86.501141768747488
125.17142387262359 86.485000054819395
126.99208415745765 86.442927455497284
128.83922655594208 86.311291156853329
130.71323625928977 86.138882264145337
132.61450406144883 86.102848292534759
134.5434264405962 86.145463342714052
136.50040564181674 86.052331089273338
138.48584976098482 85.838257000455116
140.50017282986593 85.632818066695165
142.5437949024563 85.452298116949692
144.61714214257822 85.197728666108389
146.7206469127495 84.769490067342758
148.8547478643456 84.360877224593793
151.01989002907314 84.076572995621817
153.216524911774 83.839709574257313
155.4451105845792 83.457937755121463
157.70611178243232 82.998133687015155
160.00000000000236 82.687999999999761
162.3272535900062 82.441311119459357
164.6883578629612 82.457138382662180
167.08380518838874 82.656210643557827
169.51409509748981 82.970528209336607
171.97973438731407 83.375930527108167
174.4812372264439 83.830736392001540
177.01912526221608 84.192216884507630
179.5939277295025 84.601835646459705
182.20618156107355 85.142446563006388
184.85643149956664 85.558964724935009
187.54523021108326 85.913368413720534
190.27313840043846 86.292213629493318
193.04072492808663 86.618153942664833
195.84856692874806 86.898613858231073
198.69724993176072 87.152716694458974
201.58736798318304 87.375436108094476
204.5195237696723 87.573710473719672
207.49432874416505 87.720541108743404
210.5124032533856 87.896488125853054
213.57437666720915 88.133865438374301
216.68088750990657 88.383822110179921
219.83258359329807 88.612408663055987
223.03012215184378 88.737129580694145
226.2741699796992 88.842104127720916
229.5654035697641 88.932410761860382
232.90450925475412 88.956102121894816
236.2921833503241 89.046141649320532
239.72913230027333 89.330119556310080
243.21607282386276 89.472281937607235
246.75373206527502 89.517829300340424
250.34284774524843 89.660171012727247
253.9841683149166 89.821299447935047
257.67845311188546 89.919479007464957
261.42647251858085 90.090329135567771
265.22900812289896 90.203782455103209
269.08685288119375 90.302242507564557
273.0008112836349 90.433768456702694
276.97169952197106 90.546698178010672
281.00034565973334 90.732416038611632
285.0875898049141 90.918945969893073
289.23428428515797 90.963730270279711
293.44129382550057 91.065603192053615
297.7094957286928 91.162460864146738
302.0397800581479 91.266633731657208
306.4330498235497 91.462400364854105
310.89022116916016 91.589337863352128
315.41222356486645 91.626167358306517
320.00000000000654 91.711500000000143
324.6545071800142 91.811106453652300
329.3767157259242 91.940172697180685
334.16761037677935 92.038351641309532
339.02819019498156 92.129021518607161
343.95946877463007 92.236483994306639
348.9624744528898 92.305172208762940
354.03825052443415 92.416340962901074
359.187855459007 92.543021244291566
364.4123631221491 92.615507121153570
369.71286299913527 92.734194853079515
375.0904604221685 92.848254464568399
380.54627680087896 92.833445820111905
386.08144985617537 92.903782387382392
391.6971338574982 93.052019748009954
397.3944998635236 93.160064249112907
403.1747359663683 93.202662449061478
409.0390475393468 93.255383967470237
414.9886574883323 93.310650753022912
421.0248065067734 93.368328353105881
427.1487533344206 93.431345658899943
433.3617750198154 93.498841300237785
439.6651671865984 93.567247981018411
446.06024430368984 93.622608458227063
452.54833995940066 93.679786573549350
459.13080713953053 93.748898186700956
465.8090185095106 93.789744473737656
472.58436670065066 93.827935657375889
479.45826460054917 93.890674883362834
486.432145647728 93.899271417409082
493.50746413055253 93.920240943323392
500.6856954904994 93.981185572146899
507.9683366298358 94.036260545763128
515.3569062237735 94.097682557912080
522.8529450371643 94.131505526046666
530.4580162458005 94.154332064983208
538.1737057623901 94.185740755445636
546.0016225672724 94.242584525007274
553.9433990439449 94.298773596175778
562.0006913194694 94.326101071545182
570.1751796098309 94.339647426444401
578.4685685703187 94.393969124135594
586.8825876510039 94.438068808872472
595.4189914573883 94.478156411131110
604.0795601162986 94.508943927783477
612.8660996471021 94.539354712773303
621.780442338323 94.585792432860785
630.8244471297356 94.627344342597581
640.0000000000159 94.659000000000077
649.3090143600314 94.705079621082149
658.7534314518515 94.740012353226660
668.3352207535618 94.776590599901212
678.0563803899662 94.826504454105816
687.9189375492632 94.876990634623780
697.9249489057827 94.930690971536507
708.0765010488715 94.986016930716346
718.3757109180171 95.030840414763873
728.8247262443015 95.081623631221504
739.425725998274 95.118133609494393
750.1809208443404 95.137183523856734
761.0925536017613 95.208563788144858
772.1628997123541 95.274695636757784
783.3942677149998 95.317974228947307
794.7889997270506 95.382003123009753
806.34947193274 95.470531214131398
818.0780950786972 95.530695237696747
829.9773149766683 95.567909259906671
842.0496130135506 95.619910597316618
854.2975066688449 95.687112856125367
866.7235500396347 95.773108300298787
879.3303343732008 95.860399422645912
892.1204886073838 95.940232574428990
905.0966799188055 96.023292441176125
918.2616142790653 96.087397312613575
931.6180370190256 96.159862578215950
945.1687334013056 96.252499372658377
958.9165292011028 96.332540910606070
972.8642912954606 96.439339331866307
987.0149282611097 96.551733088212600
1001.3713909810035 96.629356954905020
1015.9366732596762 96.704649939215528
1030.7138124475518 96.817863459390594
1045.7058900743334 96.940007411816794
1060.916032491606 97.056847345011420
1076.3474115247852 97.188997911678172
1092.0032451345498 97.323216199158679
1107.8867980878947 97.465328895710968
1124.0013826389438 97.615789107735793
1140.350359219667 97.746169061464443
1156.9371371406426 97.874195531927711
1173.765175302013 98.025628491308723
1190.837982914782 98.164956545769087
1208.1591202326028 98.321834780033782
1225.73219929421 98.540106567435316
1243.5608846766518 98.757954274185010
1261.648894259477 98.942105977841607
1280.0000000000375 99.105000000000473
1298.6180287200684 99.343044795778013
1317.5068629037087 99.583083727425247
1336.6704415071292 99.794791051390035
1356.112760779938 99.994947340935880
1375.8378750985323 100.182584132171286
1395.8498978115715 100.365734070085296
1416.153002097749 100.625065345440788
1436.7514218360407 100.899055201858715
1457.6494524886093 101.167879564795314
1478.8514519965543 101.451720178996851
1500.3618416886875 101.720415127071590
1522.1851072035295 101.956542859942189
1544.3257994247153 102.219296109085079
1566.788535430007 102.494670527206281
1589.5779994541087 102.763646993722261
1612.6989438654878 103.017600847219555
1636.156190157402 103.272226205959754
1659.9546299533442 103.541876429661585
1684.099226027109 103.826328573010187
1708.5950133376978 104.103715429909187
1733.4471000792773 104.329556322619950
1758.6606687464096 104.570549413453762
1784.2409772147755 104.883759666628293
1810.193359837619 105.137488870749678
1836.5232285581387 105.361201135873486
1863.2360740380593 105.632979042572572
1890.3374668026197 105.927371638812502
1917.833058402214 106.214753856870630
1945.7285825909298 106.485336106265649
1974.0298565222283 106.749477665656727
2002.7427819620161 107.008296586518924
2031.8733465193618 107.223394427613442
2061.4276248951132 107.436920336587491
2091.411780148677 107.696064821445930
2121.832064983222 107.921679414268056
2152.694823049581 108.105417303315249
2184.0064902691106 108.273435534223381
2215.7735961758003 108.449923648441072
2248.002765277899 108.625713549861700
2280.7007184393456 108.793245677953010
2313.874274281297 108.993957637684687
2347.530350604038 109.196371720751728
2381.6759658295764 109.317689914573947
2416.318240465218 109.399400129023476
2451.4643985884327 109.481819471559305
2487.1217693533167 109.551541202739756
2523.2977885189675 109.574950780060277
2560.0000000000887 109.557499999999919
2597.236057440151 109.519263942559846
2635.0137258074315 109.472728267471567
2673.340883014273 109.369932758789162
2712.225521559891 109.222004936245114
2751.6757501970797 109.060129424191985
2791.699795623158 108.861953557650168
2832.3060041955137 108.625810094910833
2873.502843672097 108.392379558860512
2915.2989049772345 108.159919340181801
2957.7029039931244 107.915632650518717
3000.723683377391 107.673230268073397
3044.370214407075 107.418119352922162
3088.6515988494466 107.197534095148725
3133.57707086003 106.988535346486117
3179.1559989082334 106.748267326037464
3225.3978877309914 106.497883237271125
3272.3123803148205 106.247182517709405
3319.9092599067053 106.003731922844082
3368.198452054235 105.794621603563670
3417.190026675413 105.622772911971140
3466.8942001585724 105.478346411660652
3517.3213374928373 105.374416245388673
3568.4819544295697 105.265425474837485
3620.386719675257 105.140537615124174
3673.0464571162966 105.026102440055780
3726.472148076138 104.900407693521288
3780.6749336052594 104.773048892748690
3835.6661168044484 104.668134048154229
3891.45716518188 104.608479984372678
3948.059713044477 104.568858200868860
4005.4855639240527 104.537982939841783
4063.746693038744 104.507562885812149
4122.855249790247 104.502046924923093
4182.823560297375 104.526287430917662
4243.664129966465 104.597123237032378
4305.389646099183 104.718048774503330
4368.012980538242 104.864313945769354
4431.5471923516225 105.093207629280897
4496.00553055582 105.467033874654391
4561.401436878714 106.021374225099265
4627.748548562617 106.681374621432980
4695.060701208099 107.367810024713776
4763.351931659176 108.015436759260595
4832.63648093046 108.557131666810761
4902.928797176889 108.924335046354543
4974.243538706657 109.109660511850990
5046.595577037959 109.125317880967259
5120.000000000202 109.036428571428189
5194.472114880326 108.876396477811824
5270.027451614888 108.712755023181330
5346.6817660285715 108.540006088795181
5424.451043119808 108.370057854153529
5503.351500394186 108.242045735156793
5583.399591246343 108.144401727730838
5664.612008391055 108.125323060041950
5747.005687344222 108.231027768087770
5830.597809954497 108.442558375112355
5915.405807986278 108.724368094255993
6001.447366754812 109.127548509895604
6088.740428814181 109.642881235100504
6177.303197698925 110.174815122662523
6267.154141720092 110.768568864482887
6358.3119978165005 111.385981945359632
6450.795775462017 111.939797187494889
6544.624760629676 112.359901671778672
6639.818519813445 112.624965169055798
6736.396904108505 112.729084588219379
6834.380053350861 112.629674664488817
6933.788400317181 112.310783256571099
7034.642674985712 111.812958192082306
7136.963908859177 111.210465697326129
7240.773439350552 110.571593074436322
7346.092914232631 109.926251120890726
7452.944296152315 109.300217511931805
7561.349867210557 108.703778210423522
7671.332233608935 108.153081998727998
7782.914330363799 107.685180517149121
7896.119426088994 107.335164120574547
8010.971127848146 107.038355207932355
8127.49338607753 106.668406416131731
8245.710499580537 106.106875126992449
8365.647120594791 105.182673272889943
8487.328259932974 103.752598408239692
8610.77929219841 101.883152033613783
8736.025961076528 100.146928049983529
8863.094384703289 99.062484786959175
8992.011061111683 98.363326678570971
9122.802873757471 97.679973310360850
9255.497097125279 97.099660098499399
9390.121402416245 96.826354953771755
9526.7038633184 96.766828218793734
9665.272961860968 96.715169728865391
9805.857594353829 96.582990178323030
9948.487077413367 96.463478479197093
10093.19115407597 96.352855607494661
10240.000000000457 96.068799999998816
10388.944229760706 95.556858396884024
10540.05490322983 94.919324528813206
10693.363532057198 94.281688906941866
10848.902086239672 93.551725770006470
11006.703000788428 92.605432538669575
11166.799182492743 91.473593177812504
11329.224016782166 90.199374288570922
11494.0113746885 88.906661372218764
11661.195619909053 87.740423148995319
11830.811615972614 86.715285238834980
12002.894733509682 85.915429671359817
12177.48085762842 85.183433165418563
12354.606395397908 84.231149069493569
12534.308283440243 82.763481355872386
12716.62399563306 80.375670788648307
12901.591550924093 77.922820706039118
13089.249521259411 75.813008953840622
13279.637039626952 75.705450738985448
13472.793808217073 77.123629636145907
13668.760106701786 78.690362998096433
13867.576800634426 79.817110956517084
14069.285349971487 80.495274196687120
14273.927817718419 80.946510838069116
14481.54687870117 81.431542899341252
14692.18582846533 82.287177311094482
14905.888592304698 83.330584924153882
15122.699734421185 84.338154863322671
15342.664467217943 85.167294585424656
15565.828660727671 85.721094953585890
15792.238852178061 85.817359589207314
16021.942255696367 85.146002163775961
16254.986772155136 83.356386802873004
16491.42099916115 80.553695475943726
16731.294241189662 77.257363940688379
16974.65651986603 73.830444443809540
17221.558584396902 71.643369210050395
17472.051922153143 72.896247878426067
17726.188769406665 75.097937180335748
17984.022122223458 76.362163461516673
18245.605747515034 76.086222261518714
18510.99419425065 74.123117419183700
18780.242804832582 71.071199363466249
19053.40772663689 67.871601496143597
19330.545923722028 64.775353939127996
19611.71518870775 61.535229380796871
19896.974154826825 58.620330610478405
20186.382308152035 57.166550916590992
