20 102.962999999999994
20.290906698750476 102.979999982458978
20.586044732869844 102.996000039302288
20.885475648548283 103.011500034281624
21.189261887185914 103.026999994449625
21.49746679841394 103.040999990876045
21.810154653305165 103.053500022734880
22.12739065777668 103.064500022562427
22.449240966187475 103.074999967994813
22.77577269513385 103.085000021059187
23.107053937445478 103.094999998118539
23.44315377638505 103.106000025136069
23.784142300054445 103.117000011316293
24.130090616010463 103.130499984516547
24.481070866093134 103.147499993157311
24.837156241469714 103.168000015428944
25.1984209978975 103.190999999866619
25.56494047120865 103.216499962623686
25.936791093020236 103.242000072693173
26.3140504066728 103.266499962390128
26.69679708340074 103.287500047601839
27.08511093873791 103.302999961875855
27.47907294916184 103.313999998714195
27.878765268980047 103.321500004660066
28.284271247461966 103.328000003622094
28.695675446220072 103.334500007510641
29.11306365684382 103.341999993446478
29.536522918790062 103.351499974559289
29.966141537533712 103.363500017327979
30.402009102982383 103.377499971291627
30.844216508158908 103.392499983376496
31.29285596815558 103.407999998939133
31.74802103936409 103.422500027106651
32.20980663898519 103.433499970633235
32.67830906482211 103.438999992044387
33.153626015361866 103.439999999999998
33.63585661014871 103.439999999999998
34.125101410453844 103.439000003237282
34.62146244024586 103.438500000000005
35.12504320746613 103.439499999999995
35.635948725613716 103.440000001404968
36.15428553564419 103.441000001022260
36.68016172818701 103.442000002739604
37.21368696608603 103.444499994207263
37.754972507267915 103.447999989008707
38.30413122794313 103.455000002874257
38.86127764614443 103.462499980630156
39.4265279456077 103.471499983272224
40.000000000000206 103.478999999999999
40.58181339750116 103.483499995872705
41.1720894657399 103.485000000000014
41.77095129709678 103.483999997857410
42.37852377437204 103.481000010050025
42.9949335968281 103.475500003910270
43.62030930661056 103.465999973131431
44.25478131555359 103.452499971284183
44.89848193237519 103.438500023136442
45.55154539026795 103.427999991576328
46.21410787489121 103.425999999999988
46.88630755277036 103.432000006507764
47.56828460010916 103.440000011605093
48.260181232021196 103.442999998673073
48.962141732186545 103.437000014396787
49.674312482939705 103.424500009404440
50.39684199579528 103.410500018002850
51.129880942417586 103.400500025171326
51.873582186040764 103.398000003155204
52.628100813345895 103.399999999507017
53.393594166801776 103.402500000000003
54.17022187747612 103.402000001440172
54.95814589832399 103.399499995488654
55.75753053796041 103.393499994008494
56.56854249492426 103.381499988529995
57.39135089244048 103.359499972103322
58.226127313687975 103.332000023756564
59.073045837580466 103.308000058513628
59.932283075067765 103.290999968942984
60.804018205965114 103.278000026657708
61.68843301631817 103.266500026818221
62.58571193631152 103.258000000565801
63.49604207872855 103.250999977411055
64.41961327797075 103.239500052201691
65.35661812964459 103.220000067149954
66.3072520307241 103.194499969968007
67.27171322029778 103.166999993221339
68.25020282090806 103.137000097118374
69.2429248804921 103.108000090800971
70.25008641493265 103.083999952561314
71.27189745122783 103.066499977520607
72.30857107128878 103.050499998775535
73.36032345637442 103.031999944551472
74.42737393217246 103.007000050203658
75.50994501453623 102.975000124719060
76.60826245588666 102.934999944926091
77.72255529228926 102.892000067189656
78.85305589121582 102.852000074345767
80.00000000000082 102.814499999999981
81.16362679500274 102.778500037145676
82.34417893148023 102.741999940116955
83.541902594194 102.704499951282827
84.75704754874454 102.667000076379992
85.98986719365665 102.628500025416670
87.24061861322157 102.588499917327567
88.50956263110764 102.548999924108188
89.79696386475084 102.512000089782788
91.10309078053635 102.474999913657356
92.42821574978288 102.431499974812340
93.77261510554118 102.385499964207156
95.13656920021877 102.342499911801340
96.52036246404286 102.305500013892953
97.92428346437356 102.274000057587131
99.34862496587989 102.244000000739931
100.79368399159105 102.211000047084383
102.25976188483567 102.182000072717145
103.74716437208203 102.162999974758378
105.25620162669229 102.143500020856024
106.78718833360406 102.112999945717931
108.34044375495276 102.075500056166931
109.9162917966485 102.030999940224575
111.51506107592134 101.974499957393633
113.13708498984903 101.909500000411555
114.78270178488147 101.843499934550096
116.45225462737648 101.783000013343070
118.14609167516147 101.722000123217072
119.86456615013608 101.649499858557931
121.60803641193078 101.572500155845020
123.3768660326369 101.504000111993506
125.17142387262359 101.440000040061335
126.99208415745765 101.368499869617551
128.83922655594208 101.293000260707259
130.71323625928977 101.222000213658930
132.61450406144883 101.143499904541002
134.5434264405962 101.053000026584840
136.50040564181674 100.966500271931665
138.48584976098482 100.886500210337374
140.50017282986593 100.805999796013438
142.5437949024563 100.718499919881296
144.61714214257822 100.633499994966030
146.7206469127495 100.563499847516539
148.8547478643456 100.493500142887370
151.01989002907314 100.399000324009521
153.216524911774 100.289999862315085
155.4451105845792 100.187500152703606
157.70611178243232 100.091000176571015
160.00000000000236 99.995999999999924
162.3272535900062 99.916000045879727
164.6883578629612 99.846999893181604
167.08380518838874 99.783999911788442
169.51409509748981 99.741500054400291
171.97973438731407 99.736999996741446
174.4812372264439 99.772000132275991
177.01912526221608 99.844000229445840
179.5939277295025 99.942999787883409
182.20618156107355 100.053500189995361
184.85643149956664 100.160000052614251
187.54523021108326 100.247000068520038
190.27313840043846 100.291500018568144
193.04072492808663 100.288500005402810
195.84856692874806 100.255500068384663
198.69724993176072 100.206000001288885
201.58736798318304 100.137500102477816
204.5195237696723 100.055500203930890
207.49432874416505 99.968499850127898
210.5124032533856 99.871000057663835
213.57437666720915 99.765999807755165
216.68088750990657 99.663500176092313
219.83258359329807 99.564999916161526
223.03012215184378 99.458499957950579
226.2741699796992 99.337500000773176
229.5654035697641 99.214499837925217
232.90450925475412 99.097000026018947
236.2921833503241 98.975500276743645
239.72913230027333 98.847999773330102
243.21607282386276 98.726000244020597
246.75373206527502 98.610500193899156
250.34284774524843 98.490000076366854
253.9841683149166 98.364999751596827
257.67845311188546 98.241000460734369
261.42647251858085 98.120500328798585
265.22900812289896 98.005999878799201
269.08685288119375 97.891500003559486
273.0008112836349 97.775000369050076
276.97169952197106 97.666500278696859
281.00034565973334 97.558499736715106
285.0875898049141 97.447499875565967
289.23428428515797 97.341999967808448
293.44129382550057 97.234499741240114
297.7094957286928 97.122000191813413
302.0397800581479 97.008000395382780
306.4330498235497 96.896499851824814
310.89022116916016 96.782000177136226
315.41222356486645 96.661500199872265
320.00000000000654 96.533999999999821
324.6545071800142 96.406000076667382
329.3767157259242 96.275499809788016
334.16761037677935 96.140499800466131
339.02819019498156 96.010000208001046
343.95946877463007 95.876500116965900
348.9624744528898 95.734499692022894
354.03825052443415 95.601999723739269
359.187855459007 95.480500244749862
364.4123631221491 95.358999785823357
369.71286299913527 95.233999927795281
375.0904604221685 95.104999851146118
380.54627680087896 94.979999738956394
386.08144985617537 94.858500024914207
391.6971338574982 94.746500194356372
397.3944998635236 94.650000018484278
403.1747359663683 94.553500137098652
409.0390475393468 94.448000262898717
414.9886574883323 94.351999850027312
421.0248065067734 94.271500055628323
427.1487533344206 94.206999891490966
433.3617750198154 94.139000125025461
439.6651671865984 94.056999930095031
446.06024430368984 93.993499987527699
452.54833995940066 93.963500000155875
459.13080713953053 93.944999983517818
465.8090185095106 93.937000001486339
472.58436670065066 93.954999945324943
479.45826460054917 94.001000105174882
486.432145647728 94.061499879813823
493.50746413055253 94.140999845948500
500.6856954904994 94.239999950310789
507.9683366298358 94.346500201801774
515.3569062237735 94.456499584215365
522.8529450371643 94.576999657269312
530.4580162458005 94.702000130853946
538.1737057623901 94.821499996409855
546.0016225672724 94.929999653611020
553.9433990439449 95.032499737078410
562.0006913194694 95.114500169640337
570.1751796098309 95.181000066682884
578.4685685703187 95.245500011425719
586.8825876510039 95.302500115517830
595.4189914573883 95.352499915126828
604.0795601162986 95.406999807465752
612.8660996471021 95.463000065928540
621.780442338323 95.520499901671343
630.8244471297356 95.590999870613246
640.0000000000159 95.677500000000165
649.3090143600314 95.772999931060582
658.7534314518515 95.871000131034933
668.3352207535618 95.962500143123151
678.0563803899662 96.049499862399344
687.9189375492632 96.135499935264619
697.9249489057827 96.216000160259966
708.0765010488715 96.288000161699301
718.3757109180171 96.357499857229271
728.8247262443015 96.430000138464678
739.425725998274 96.508000044218406
750.1809208443404 96.589500096873195
761.0925536017613 96.669500171737781
772.1628997123541 96.747499976623232
783.3942677149998 96.828499859707776
794.7889997270506 96.905499991762952
806.34947193274 96.969499920782653
818.0780950786972 97.025999862734608
829.9773149766683 97.073500069750892
842.0496130135506 97.113999971073298
854.2975066688449 97.158000091007139
866.7235500396347 97.212499899627460
879.3303343732008 97.274500065050461
892.1204886073838 97.341500029924958
905.0966799188055 97.410999999563572
918.2616142790653 97.485500098676482
931.6180370190256 97.563999969901602
945.1687334013056 97.651499810740205
958.9165292011028 97.741500152322260
972.8642912954606 97.824999835730182
987.0149282611097 97.908499847760908
1001.3713909810035 97.991999954362655
1015.9366732596762 98.073500155516996
1030.7138124475518 98.157499691016142
1045.7058900743334 98.244499751798713
1060.916032491606 98.332000093313923
1076.3474115247852 98.417999997391803
1092.0032451345498 98.505499711882052
1107.8867980878947 98.599499741573098
1124.0013826389438 98.700500238465764
1140.350359219667 98.794500087521300
1156.9371371406426 98.876500015359198
1173.765175302013 98.960000195886778
1190.837982914782 99.046499848999062
1208.1591202326028 99.128999714636791
1225.73219929421 99.210500095896094
1243.5608846766518 99.288999878114907
1261.648894259477 99.365999867116329
1280.0000000000375 99.442000000000135
1298.6180287200684 99.507999955224932
1317.5068629037087 99.564500076084812
1336.6704415071292 99.618500082946397
1356.112760779938 99.666999924042216
1375.8378750985323 99.705999970279720
1395.8498978115715 99.740500071467295
1416.153002097749 99.775000086708346
1436.7514218360407 99.812499920657757
1457.6494524886093 99.846500045547600
1478.8514519965543 99.869500011194532
1500.3618416886875 99.891000037804176
1522.1851072035295 99.927500096141401
1544.3257994247153 99.972999986092333
1566.788535430007 100.017499926432151
1589.5779994541087 100.068999991163111
1612.6989438654878 100.141999895344327
1636.156190157402 100.234499753430725
1659.9546299533442 100.331500169395071
1684.099226027109 100.437999922250953
1708.5950133376978 100.572500271850885
1733.4471000792773 100.733999711208867
1758.6606687464096 100.903500163973717
1784.2409772147755 101.081000071894294
1810.193359837619 101.266000006130113
1836.5232285581387 101.464000296579940
1863.2360740380593 101.691999913049131
1890.3374668026197 101.935499482689920
1917.833058402214 102.189500482353893
1945.7285825909298 102.459499457711743
1974.0298565222283 102.734499511280092
2002.7427819620161 103.019999839156284
2031.8733465193618 103.315000567490742
2061.4276248951132 103.619498867059235
2091.411780148677 103.941499075152194
2121.832064983222 104.266000331527835
2152.694823049581 104.556499991377706
2184.0064902691106 104.823499148595403
2215.7735961758003 105.088499283942213
2248.002765277899 105.351000603464456
2280.7007184393456 105.589500219845263
2313.874274281297 105.791000032778825
2347.530350604038 105.957500312492172
2381.6759658295764 106.083999799709332
2416.318240465218 106.173999720433443
2451.4643985884327 106.227000031898044
2487.1217693533167 106.245999981004928
2523.2977885189675 106.246000005245406
2560.0000000000887 106.228499999999897
2597.236057440151 106.178000041221480
2635.0137258074315 106.107499899962519
2673.340883014273 106.037499886151977
2712.225521559891 105.966500118890451
2751.6757501970797 105.894500054459542
2791.699795623158 105.822999824768686
2832.3060041955137 105.740999803148597
2873.502843672097 105.659500164948312
2915.2989049772345 105.594999899795255
2957.7029039931244 105.542999978544046
3000.723683377391 105.505999965248392
3044.370214407075 105.475499935976785
3088.6515988494466 105.449000006561747
3133.57707086003 105.439000008554402
3179.1559989082334 105.452499997054389
3225.3978877309914 105.487999947192336
3272.3123803148205 105.534999877986365
3319.9092599067053 105.590500111269307
3368.198452054235 105.660499948867766
3417.190026675413 105.740000143585519
3466.8942001585724 105.824499850284752
3517.3213374928373 105.915000082761907
3568.4819544295697 106.001500032786993
3620.386719675257 106.085500001081044
3673.0464571162966 106.168500096152741
3726.472148076138 106.232999979191263
3780.6749336052594 106.261999957574631
3835.6661168044484 106.250499916585397
3891.45716518188 106.190500145135786
3948.059713044477 106.067000250579980
4005.4855639240527 105.867000122441510
4063.746693038744 105.587499358980438
4122.855249790247 105.227501404189553
4182.823560297375 104.793501268845873
4243.664129966465 104.303999429771949
4305.389646099183 103.783500016109087
4368.012980538242 103.264501660724420
4431.5471923516225 102.794001209671023
4496.00553055582 102.426999382934781
4561.401436878714 102.220999946090558
4627.748548562617 102.226500037005863
4695.060701208099 102.467000917838959
4763.351931659176 102.920499125900704
4832.63648093046 103.539997764304871
4902.928797176889 104.247500856219006
4974.243538706657 104.933998944190733
5046.595577037959 105.505499071937109
5120.000000000202 105.912000000000702
5194.472114880326 106.113999894814242
5270.027451614888 106.105999802742957
5346.6817660285715 105.930499574037185
5424.451043119808 105.648000497027994
5503.351500394186 105.316000262961694
5583.399591246343 104.974499253076374
5664.612008391055 104.635999236028994
5747.005687344222 104.319500637288996
5830.597809954497 104.048999577318142
5915.405807986278 103.828499898620549
6001.447366754812 103.649999835508993
6088.740428814181 103.520499801307253
6177.303197698925 103.444000017933362
6267.154141720092 103.421500015497713
6358.3119978165005 103.462999990853092
6450.795775462017 103.576499825734743
6544.624760629676 103.758999494151823
6639.818519813445 104.000500474600386
6736.396904108505 104.298999777532657
6834.380053350861 104.648000646663803
6933.788400317181 105.027499333245117
7034.642674985712 105.408000338658042
7136.963908859177 105.748500113313852
7240.773439350552 106.001000002226476
7346.092914232631 106.151500116736713
7452.944296152315 106.223499979191274
7561.349867210557 106.234000010606337
7671.332233608935 106.184999845099767
7782.914330363799 106.093500193081937
7896.119426088994 105.996000167880652
8010.971127848146 105.940500021915057
8127.49338607753 105.945500084840830
8245.710499580537 105.999999763504945
8365.647120594791 106.067499816182305
8487.328259932974 106.083999918824674
8610.77929219841 105.965500006317029
8736.025961076528 105.643501223913717
8863.094384703289 105.102001594358043
8992.011061111683 104.385998043511165
9122.802873757471 103.577499141676810
9255.497097125279 102.782499853594032
9390.121402416245 102.090998685563761
9526.7038633184 101.555000856686803
9665.272961860968 101.230000900440658
9805.857594353829 101.172500187980148
9948.487077413367 101.393999542106513
10093.19115407597 101.847999136121075
10240.000000000457 102.361500000001030
10388.944229760706 102.557999959489280
10540.05490322983 101.962497987977684
10693.363532057198 100.230495718476391
10848.902086239672 97.330505213013382
11006.703000788428 93.762002818015375
11166.799182492743 91.120498431679138
11329.224016782166 91.109003980557048
11494.0113746885 93.047995471854080
11661.195619909053 95.291003652919386
11830.811615972614 97.190000855099385
12002.894733509682 98.664001374844872
12177.48085762842 99.762001935585516
12354.606395397908 100.590499782914009
12534.308283440243 101.296498799787770
12716.62399563306 102.043999883786540
12901.591550924093 102.950498735398810
13089.249521259411 104.031497170809345
13279.637039626952 105.130501535989865
13472.793808217073 105.944499501846806
13668.760106701786 106.273999977641935
13867.576800634426 106.174500323802562
14069.285349971487 105.737499267509094
14273.927817718419 104.822499440310082
14481.54687870117 103.307499967975218
14692.18582846533 101.480497725082870
14905.888592304698 99.872500555517860
15122.699734421185 98.801001962155311
15342.664467217943 98.254999573568696
15565.828660727671 98.091500183230778
15792.238852178061 98.060500073224517
16021.942255696367 97.810500188304928
16254.986772155136 97.129498048660324
16491.42099916115 95.973004717124510
16731.294241189662 94.255005322229010
16974.65651986603 91.849497096335966
17221.558584396902 89.452000083244684
17472.051922153143 89.180999286319519
17726.188769406665 89.482999496125530
17984.022122223458 89.125498342248903
18245.605747515034 88.472499504964560
18510.99419425065 88.109499983128259
18780.242804832582 88.164501885536396
19053.40772663689 89.392997176423734
19330.545923722028 91.864991135014904
19611.71518870775 94.091501914972540
19896.974154826825 95.400998350128702
20186.382308152035 95.445500555102825
