20 97.431000000000012
20.290906698750476 97.433909076684429
20.586044732869844 97.436383706494894
20.885475648548283 97.440782134728224
21.189261887185914 97.444856812306440
21.49746679841394 97.448718338026026
21.810154653305165 97.452576167018947
22.12739065777668 97.452089140133353
22.449240966187475 97.447261387969235
22.77577269513385 97.442237134204888
23.107053937445478 97.436894185585601
23.44315377638505 97.430182552021222
23.784142300054445 97.419324841623023
24.130090616010463 97.407163631678429
24.481070866093134 97.394936177673230
24.837156241469714 97.381970957715964
25.1984209978975 97.367319081341975
25.56494047120865 97.351490012448664
25.936791093020236 97.335686365114810
26.3140504066728 97.318607427680007
26.69679708340074 97.297192174995956
27.08511093873791 97.273584863494946
27.47907294916184 97.249755641189395
27.878765268980047 97.225077170688749
28.284271247461966 97.199875182657351
28.695675446220072 97.174368122334357
29.11306365684382 97.149055371559896
29.536522918790062 97.125173854060506
29.966141537533712 97.103692923123305
30.402009102982383 97.081392848198107
30.844216508158908 97.054323270175857
31.29285596815558 97.018107242706776
31.74802103936409 96.979418211654050
32.20980663898519 96.941635082159152
32.67830906482211 96.905983438267981
33.153626015361866 96.871592552909306
33.63585661014871 96.838169320340327
34.125101410453844 96.806993915372772
34.62146244024586 96.777333716025495
35.12504320746613 96.747122277929634
35.635948725613716 96.714527384109502
36.15428553564419 96.680317154647483
36.68016172818701 96.644348193842347
37.21368696608603 96.604332416645292
37.754972507267915 96.563241335191947
38.30413122794313 96.523939795639592
38.86127764614443 96.488920197016228
39.4265279456077 96.453592009139527
40.000000000000206 96.412499999999994
40.58181339750116 96.368863849733572
41.1720894657399 96.322209652080659
41.77095129709678 96.270041682476304
42.37852377437204 96.217912233036344
42.9949335968281 96.169142518387559
43.62030930661056 96.122410437707529
44.25478131555359 96.079250517740661
44.89848193237519 96.038760301704542
45.55154539026795 95.994950010836078
46.21410787489121 95.942859690478599
46.88630755277036 95.888163783494832
47.56828460010916 95.830244591927084
48.260181232021196 95.772606843062448
48.962141732186545 95.722899147411539
49.674312482939705 95.674069609357133
50.39684199579528 95.620492733439164
51.129880942417586 95.564287630418619
51.873582186040764 95.507714532036147
52.628100813345895 95.450892473864656
53.393594166801776 95.392988407266870
54.17022187747612 95.333175545717154
54.95814589832399 95.271830120301757
55.75753053796041 95.210836775987715
56.56854249492426 95.151564940365461
57.39135089244048 95.095257867437596
58.226127313687975 95.043676061404000
59.073045837580466 94.998030322714925
59.932283075067765 94.957216553934288
60.804018205965114 94.890661238838305
61.68843301631817 94.816387000952204
62.58571193631152 94.743384156160459
63.49604207872855 94.675529033449635
64.41961327797075 94.610207457264082
65.35661812964459 94.542966876535942
66.3072520307241 94.474953235895399
67.27171322029778 94.409838640680647
68.25020282090806 94.346612120872322
69.2429248804921 94.282238183246051
70.25008641493265 94.212368907747248
71.27189745122783 94.140467178414042
72.30857107128878 94.068980023759295
73.36032345637442 93.999759137063847
74.42737393217246 93.930934381374868
75.50994501453623 93.859153670224202
76.60826245588666 93.783578508851321
77.72255529228926 93.708489105245150
78.85305589121582 93.642449451128726
80.00000000000082 93.576499999999953
81.16362679500274 93.503773143495181
82.34417893148023 93.428888621913103
83.541902594194 93.355684526926993
84.75704754874454 93.282577183518299
85.98986719365665 93.208607819900152
87.24061861322157 93.134363323609207
88.50956263110764 93.058435804764642
89.79696386475084 92.982479131979701
91.10309078053635 92.907072121549461
92.42821574978288 92.830168998757230
93.77261510554118 92.753069533406602
95.13656920021877 92.677659387136714
96.52036246404286 92.602756722937499
97.92428346437356 92.522716679741890
99.34862496587989 92.437954158097313
100.79368399159105 92.362667729734170
102.25976188483567 92.289492381988538
103.74716437208203 92.209372330166389
105.25620162669229 92.123768459925770
106.78718833360406 92.035867868873368
108.34044375495276 91.952697664334039
109.9162917966485 91.871680962088618
111.51506107592134 91.794495412634404
113.13708498984903 91.724173968474801
114.78270178488147 91.649731149873034
116.45225462737648 91.560286003214927
118.14609167516147 91.475459666476723
119.86456615013608 91.404407301798074
121.60803641193078 91.331158428695176
123.3768660326369 91.235821866060618
125.17142387262359 91.126443132806088
126.99208415745765 91.022091483549772
128.83922655594208 90.923401103027089
130.71323625928977 90.823810873077747
132.61450406144883 90.721897886389883
134.5434264405962 90.608845409835268
136.50040564181674 90.494476067132808
138.48584976098482 90.378063638743370
140.50017282986593 90.264574202155416
142.5437949024563 90.156602835986888
144.61714214257822 90.031832901624512
146.7206469127495 89.927817853865875
148.8547478643456 89.825117354647062
151.01989002907314 89.707602620249787
153.216524911774 89.590268918476099
155.4451105845792 89.511453876776073
157.70611178243232 89.465775424170545
160.00000000000236 89.396499999999989
162.3272535900062 89.380209224869958
164.6883578629612 89.415764412097744
167.08380518838874 89.480180067350233
169.51409509748981 89.592704754874489
171.97973438731407 89.716382666243163
174.4812372264439 89.834033159861718
177.01912526221608 89.986416366676934
179.5939277295025 90.134678738398037
182.20618156107355 90.280604931107902
184.85643149956664 90.374762239485705
187.54523021108326 90.432443256068609
190.27313840043846 90.454806541917293
193.04072492808663 90.434835735819817
195.84856692874806 90.401129203154767
198.69724993176072 90.375887150177419
201.58736798318304 90.346837550938545
204.5195237696723 90.303233175147810
207.49432874416505 90.264320890697945
210.5124032533856 90.222309816781433
213.57437666720915 90.176671538325465
216.68088750990657 90.098786259110000
219.83258359329807 90.009896929896030
223.03012215184378 89.925459293514109
226.2741699796992 89.829879758959265
229.5654035697641 89.754909226819848
232.90450925475412 89.697591512420772
236.2921833503241 89.633403232891567
239.72913230027333 89.544042560192892
243.21607282386276 89.470096853024160
246.75373206527502 89.414378719971921
250.34284774524843 89.335157398941988
253.9841683149166 89.235931413418513
257.67845311188546 89.169747650625055
261.42647251858085 89.130591892943841
265.22900812289896 89.048479000110433
269.08685288119375 88.989993358193033
273.0008112836349 88.966119422425010
276.97169952197106 88.940884427270646
281.00034565973334 88.930701451770886
285.0875898049141 88.947587589804911
289.23428428515797 88.951734284285152
293.44129382550057 88.926002037543640
297.7094957286928 88.905329613668187
302.0397800581479 88.889075962245613
306.4330498235497 88.866307209362631
310.89022116916016 88.829446842415990
315.41222356486645 88.785918986707827
320.00000000000654 88.740499999999869
324.6545071800142 88.652995265015733
329.3767157259242 88.628555465523704
334.16761037677935 88.587241223495951
339.02819019498156 88.542037831186661
343.95946877463007 88.480339065297414
348.9624744528898 88.403496656199053
354.03825052443415 88.375692898531582
359.187855459007 88.318139093487019
364.4123631221491 88.223665100679170
369.71286299913527 88.154531785110635
375.0904604221685 88.090759399924565
380.54627680087896 88.015936775302237
386.08144985617537 87.935594542128598
391.6971338574982 87.878845082684236
397.3944998635236 87.824794451351124
403.1747359663683 87.763284220378353
409.0390475393468 87.701616032529756
414.9886574883323 87.646847356558482
421.0248065067734 87.618407308708470
427.1487533344206 87.623236887781943
433.3617750198154 87.664766783557894
439.6651671865984 87.751117473087419
446.06024430368984 87.855575351580654
452.54833995940066 87.946089747504686
459.13080713953053 88.045928663719195
465.8090185095106 88.170045533771969
472.58436670065066 88.265237852764500
479.45826460054917 88.343770042906314
486.432145647728 88.420423958430689
493.50746413055253 88.525971237424159
500.6856954904994 88.635299827318960
507.9683366298358 88.702209092786617
515.3569062237735 88.766620048841133
522.8529450371643 88.839117670222976
530.4580162458005 88.887553446980334
538.1737057623901 88.980885948277376
546.0016225672724 89.061939813501823
553.9433990439449 89.127306638288317
562.0006913194694 89.220106429271070
570.1751796098309 89.295559836639484
578.4685685703187 89.345734839850422
586.8825876510039 89.413157865650987
595.4189914573883 89.483664780377723
604.0795601162986 89.560265766119372
612.8660996471021 89.640752161185247
621.780442338323 89.695823798241008
630.8244471297356 89.768110140783591
640.0000000000159 89.869500000000116
649.3090143600314 89.934663100520225
658.7534314518515 90.016530196776287
668.3352207535618 90.115019817912398
678.0563803899662 90.209438432724170
687.9189375492632 90.275513625295588
697.9249489057827 90.348625859129243
708.0765010488715 90.440419109859391
718.3757109180171 90.563615172021116
728.8247262443015 90.674894680316299
739.425725998274 90.769003816184977
750.1809208443404 90.810030288808377
761.0925536017613 90.902324515881560
772.1628997123541 91.003811381960190
783.3942677149998 91.083917027246343
794.7889997270506 91.149707998544272
806.34947193274 91.231735072758823
818.0780950786972 91.333533991270059
829.9773149766683 91.412877778375389
842.0496130135506 91.456842379422994
854.2975066688449 91.513112856125360
866.7235500396347 91.588571150210370
879.3303343732008 91.655883805615275
892.1204886073838 91.744888006580538
905.0966799188055 91.841991334482387
918.2616142790653 91.917789734032183
931.6180370190256 91.981526626700273
945.1687334013056 92.049129336482125
958.9165292011028 92.137172660307627
972.8642912954606 92.223267890415258
987.0149282611097 92.302082105436114
1001.3713909810035 92.380722659166622
1015.9366732596762 92.456371582806668
1030.7138124475518 92.518349488556439
1045.7058900743334 92.596130542454631
1060.916032491606 92.652263368956355
1076.3474115247852 92.733943778888658
1092.0032451345498 92.835212954024115
1107.8867980878947 92.954973075607441
1124.0013826389438 93.041229903549691
1140.350359219667 93.133493881854605
1156.9371371406426 93.241402297776744
1173.765175302013 93.359628491308726
1190.837982914782 93.491661749576451
1208.1591202326028 93.631086304967184
1225.73219929421 93.780672609093131
1243.5608846766518 93.911495278220258
1261.648894259477 94.047308189322649
1280.0000000000375 94.193000000000282
1298.6180287200684 94.337156736661100
1317.5068629037087 94.482300099197076
1336.6704415071292 94.619693656775979
1356.112760779938 94.750649859186581
1375.8378750985323 94.872319144346122
1395.8498978115715 94.998543098548765
1416.153002097749 95.139147881490771
1436.7514218360407 95.280209099750664
1457.6494524886093 95.401717371945324
1478.8514519965543 95.504719434222366
1500.3618416886875 95.614874339947391
1522.1851072035295 95.727918855314272
1544.3257994247153 95.846859316893458
1566.788535430007 95.959763823607034
1589.5779994541087 96.062102277674512
1612.6989438654878 96.169994719327434
1636.156190157402 96.293974664881461
1659.9546299533442 96.418485853379792
1684.099226027109 96.534086207532823
1708.5950133376978 96.652912263487437
1733.4471000792773 96.776783282429676
1758.6606687464096 96.912401544355959
1784.2409772147755 97.042432592909449
1810.193359837619 97.168282267975101
1836.5232285581387 97.303651253073483
1863.2360740380593 97.437003712421159
1890.3374668026197 97.578583064758618
1917.833058402214 97.727371870699784
1945.7285825909298 97.871215771213741
1974.0298565222283 98.034295556350699
2002.7427819620161 98.200216753169784
2031.8733465193618 98.352053185392407
2061.4276248951132 98.518732636895152
2091.411780148677 98.690794197434826
2121.832064983222 98.849309183401019
2152.694823049581 99.029653917823211
2184.0064902691106 99.209636670020473
2215.7735961758003 99.391289687867442
2248.002765277899 99.573914655972871
2280.7007184393456 99.752385821640885
2313.874274281297 99.940770984356519
2347.530350604038 100.122910858201408
2381.6759658295764 100.306592114625460
2416.318240465218 100.485959378279560
2451.4643985884327 100.664078262695142
2487.1217693533167 100.837904050557597
2523.2977885189675 100.987070152867489
2560.0000000000887 101.134000000000356
2597.236057440151 101.282789722580588
2635.0137258074315 101.413288661024268
2673.340883014273 101.517645101025494
2712.225521559891 101.609044020635096
2751.6757501970797 101.671429837785766
2791.699795623158 101.715596043068444
2832.3060041955137 101.741768302307534
2873.502843672097 101.750324857816395
2915.2989049772345 101.740126635113199
2957.7029039931244 101.710063253848858
3000.723683377391 101.654197369920695
3044.370214407075 101.576653330762241
3088.6515988494466 101.494300757603128
3133.57707086003 101.387941463007181
3179.1559989082334 101.269070362936858
3225.3978877309914 101.151537111690999
3272.3123803148205 101.033764687378323
3319.9092599067053 100.904360424067761
3368.198452054235 100.768864179453558
3417.190026675413 100.638821631444188
3466.8942001585724 100.512602383606747
3517.3213374928373 100.393259124390397
3568.4819544295697 100.281230782989169
3620.386719675257 100.169634295042982
3673.0464571162966 100.077352172610205
3726.472148076138 99.999880106770362
3780.6749336052594 99.930723826353955
3835.6661168044484 99.869990544363588
3891.45716518188 99.834658927176150
3948.059713044477 99.831121267934719
4005.4855639240527 99.840648512536916
4063.746693038744 99.864810019779057
4122.855249790247 99.909879043538496
4182.823560297375 99.970989113796037
4243.664129966465 100.046170674887122
4305.389646099183 100.132468665307158
4368.012980538242 100.224085704789431
4431.5471923516225 100.331190604195257
4496.00553055582 100.437909125417093
4561.401436878714 100.542068054345322
4627.748548562617 100.647121114465250
4695.060701208099 100.724048560966480
4763.351931659176 100.772577805140287
4832.63648093046 100.787829961292942
4902.928797176889 100.735985443387733
4974.243538706657 100.620159294361130
5046.595577037959 100.421180044112873
5120.000000000202 100.144714285713420
5194.472114880326 99.791551135781219
5270.027451614888 99.374091466924028
5346.6817660285715 98.905737829869281
5424.451043119808 98.407973264426374
5503.351500394186 97.898501740311843
5583.399591246343 97.392771317483906
5664.612008391055 96.914719531457749
5747.005687344222 96.469565909234305
5830.597809954497 96.066164471946792
5915.405807986278 95.710693149329273
6001.447366754812 95.402838820579916
6088.740428814181 95.157583761705638
6177.303197698925 94.979375066407371
6267.154141720092 94.871945412609165
6358.3119978165005 94.852038359661549
6450.795775462017 94.926566339119105
6544.624760629676 95.119234320188284
6639.818519813445 95.435774079253775
6736.396904108505 95.858666505063070
6834.380053350861 96.372106802766140
6933.788400317181 96.937431765811112
7034.642674985712 97.489752655178137
7136.963908859177 97.952863808703114
7240.773439350552 98.252130315682962
7346.092914232631 98.334180046879965
7452.944296152315 98.186845625522821
7561.349867210557 97.834423648965014
7671.332233608935 97.342192766933067
7782.914330363799 96.762483931625667
7896.119426088994 96.142843156510523
8010.971127848146 95.511067370769794
8127.49338607753 94.869978073749976
8245.710499580537 94.230696298422174
8365.647120594791 93.647945854968270
8487.328259932974 93.221186334639796
8610.77929219841 93.058527519734241
8736.025961076528 93.131056933842913
8863.094384703289 93.256209717241319
8992.011061111683 93.346881112981890
9122.802873757471 93.414670943970805
9255.497097125279 93.493734830231404
9390.121402416245 93.568433865342300
9526.7038633184 93.567643883717480
9665.272961860968 93.450774515698811
9805.857594353829 93.246190458612105
9948.487077413367 93.016559667186726
10093.19115407597 92.836164190778206
10240.000000000457 92.747099999999847
10388.944229760706 92.779325274148974
10540.05490322983 92.964523114724017
10693.363532057198 93.300433971575188
10848.902086239672 93.763657002346150
11006.703000788428 94.285455393273622
11166.799182492743 94.777269034443037
11329.224016782166 95.074438270410184
11494.0113746885 95.101694881390159
11661.195619909053 94.603323468779649
11830.811615972614 93.807731799007883
12002.894733509682 92.694817329244117
12177.48085762842 91.745228478213903
12354.606395397908 90.991279127702981
12534.308283440243 90.335808710572593
12716.62399563306 90.390788469723134
12901.591550924093 90.160460616905837
13089.249521259411 89.372565224312268
13279.637039626952 88.403609171562238
13472.793808217073 87.440380079735576
13668.760106701786 86.607024802002343
13867.576800634426 85.914600656095132
14069.285349971487 85.368382924311163
14273.927817718419 84.929424830993995
14481.54687870117 84.741424645744900
14692.18582846533 84.921723315093061
14905.888592304698 85.459825087113870
15122.699734421185 86.296004617111961
15342.664467217943 87.178059188540999
15565.828660727671 87.660600386060764
15792.238852178061 87.296300955874273
16021.942255696367 86.068963947862130
16254.986772155136 84.410712991498684
16491.42099916115 82.927324651262950
16731.294241189662 81.477870548661571
16974.65651986603 79.814870012924416
17221.558584396902 77.913615510379344
17472.051922153143 75.857407019170722
17726.188769406665 73.818346977363120
17984.022122223458 72.024012374280431
18245.605747515034 70.691383377375132
18510.99419425065 70.077766690722868
18780.242804832582 70.311260860341577
19053.40772663689 71.286534049530289
19330.545923722028 72.761658471128499
19611.71518870775 74.502934941881165
19896.974154826825 76.260793048265157
20186.382308152035 77.471272306610047
