20 102.378500000000003
20.290906698750476 102.369500010318262
20.586044732869844 102.358499968066894
20.885475648548283 102.345999970003575
21.189261887185914 102.331500005550382
21.49746679841394 102.315500011079081
21.810154653305165 102.295499952463445
22.12739065777668 102.270999948721766
22.449240966187475 102.245000086414024
22.77577269513385 102.216999938928396
23.107053937445478 102.188000005456246
23.44315377638505 102.158999933732161
23.784142300054445 102.130999977367395
24.130090616010463 102.105000028754972
24.481070866093134 102.081500008743433
24.837156241469714 102.060499986583537
25.1984209978975 102.041000000110174
25.56494047120865 102.021500027313465
25.936791093020236 102.000999938937753
26.3140504066728 101.979500034475706
26.69679708340074 101.954499924397112
27.08511093873791 101.925500084417763
27.47907294916184 101.892000004500289
27.878765268980047 101.855999976033957
28.284271247461966 101.818999977663708
28.695675446220072 101.781499959227943
29.11306365684382 101.743500031129287
29.536522918790062 101.705500099218781
29.966141537533712 101.666999951729196
30.402009102982383 101.628500077922723
30.844216508158908 101.590000043221153
31.29285596815558 101.551500002758246
31.74802103936409 101.511499907385598
32.20980663898519 101.470000123340441
32.67830906482211 101.425500091489511
33.153626015361866 101.377999896454611
33.63585661014871 101.328500040276225
34.125101410453844 101.279000161864289
34.62146244024586 101.229500153422336
35.12504320746613 101.181999890891049
35.635948725613716 101.135999935371615
36.15428553564419 101.089999951953743
36.68016172818701 101.043499935619280
37.21368696608603 100.997000088821892
37.754972507267915 100.950000129147611
38.30413122794313 100.903499980290832
38.86127764614443 100.856000113797862
39.4265279456077 100.809000087356139
40.000000000000206 100.759999999999991
40.58181339750116 100.706000057782177
41.1720894657399 100.644999949265980
41.77095129709678 100.578999858588759
42.37852377437204 100.512500134670248
42.9949335968281 100.451500038450945
43.62030930661056 100.396999894592511
44.25478131555359 100.346499895392384
44.89848193237519 100.295000085935371
45.55154539026795 100.243499892598194
46.21410787489121 100.192000009783584
46.88630755277036 100.138999956885996
47.56828460010916 100.085499874665089
48.260181232021196 100.030999981423065
48.962141732186545 99.974000104376699
49.674312482939705 99.915000043405087
50.39684199579528 99.855500083090092
51.129880942417586 99.793000176199286
51.873582186040764 99.726499892723098
52.628100813345895 99.658000017007993
53.393594166801776 99.589499897467235
54.17022187747612 99.522000096491936
54.95814589832399 99.457499927818475
55.75753053796041 99.392999956062255
56.56854249492426 99.326499958949483
57.39135089244048 99.257499924893551
58.226127313687975 99.187500057343399
59.073045837580466 99.118500172996818
59.932283075067765 99.051499844714897
60.804018205965114 98.985500137389721
61.68843301631817 98.919500149735114
62.58571193631152 98.852000004738528
63.49604207872855 98.782999844136356
64.41961327797075 98.712500289117088
65.35661812964459 98.638000228920305
66.3072520307241 98.559499917411983
67.27171322029778 98.482999983279285
68.25020282090806 98.409500236321350
69.2429248804921 98.338000225436872
70.25008641493265 98.265499826848810
71.27189745122783 98.191499894627810
72.30857107128878 98.116499994898021
73.36032345637442 98.040999824412992
74.42737393217246 97.965000146749205
75.50994501453623 97.888500278783795
76.60826245588666 97.812999900342447
77.72255529228926 97.737000116054872
78.85305589121582 97.660500141256961
80.00000000000082 97.582499999999939
81.16362679500274 97.503000081514102
82.34417893148023 97.421999868904720
83.541902594194 97.340999892032244
84.75704754874454 97.259000164820009
85.98986719365665 97.176500054091903
87.24061861322157 97.093499830521537
88.50956263110764 97.011999835909592
89.79696386475084 96.933500186845265
91.10309078053635 96.857499846267984
92.42821574978288 96.784499960259467
93.77261510554118 96.713499943056860
95.13656920021877 96.643499837528779
96.52036246404286 96.573500027014092
97.92428346437356 96.502000129571059
99.34862496587989 96.428000001790153
100.79368399159105 96.349500109401930
102.25976188483567 96.269500223745098
103.74716437208203 96.189999875369466
105.25620162669229 96.112000069822344
106.78718833360406 96.033499873341839
108.34044375495276 95.947000128175830
109.9162917966485 95.855999904133753
111.51506107592134 95.773499947407771
113.13708498984903 95.692000000523791
114.78270178488147 95.600499902361605
116.45225462737648 95.514000018235535
118.14609167516147 95.437500146686986
119.86456615013608 95.362499867624734
121.60803641193078 95.289500149693254
123.3768660326369 95.217500122022770
125.17142387262359 95.137000051954558
126.99208415745765 95.049999850746417
128.83922655594208 94.964000295468239
130.71323625928977 94.880500253338440
132.61450406144883 94.800999909903851
134.5434264405962 94.713500026295876
136.50040564181674 94.611000343151858
138.48584976098482 94.508500262921729
140.50017282986593 94.421499817360868
142.5437949024563 94.347999937378489
144.61714214257822 94.280999995646283
146.7206469127495 94.217999856757942
148.8547478643456 94.157000115854629
151.01989002907314 94.108000137944657
153.216524911774 94.087500007867703
155.4451105845792 94.101499966405214
157.70611178243232 94.147999897774667
160.00000000000236 94.228500000000111
162.3272535900062 94.339499928765690
164.6883578629612 94.470000207162968
167.08380518838874 94.595000195449146
169.51409509748981 94.705999825599079
171.97973438731407 94.803499938739321
174.4812372264439 94.904500262485186
177.01912526221608 95.041500395427903
179.5939277295025 95.204999663468897
182.20618156107355 95.357000236630583
184.85643149956664 95.487500058771246
187.54523021108326 95.581500072064188
190.27313840043846 95.633500064988510
193.04072492808663 95.656499993053529
195.84856692874806 95.663499994601210
198.69724993176072 95.655500000262549
201.58736798318304 95.641500020772526
204.5195237696723 95.633000014741995
207.49432874416505 95.634500012620805
210.5124032533856 95.642499995386885
213.57437666720915 95.647500007323600
216.68088750990657 95.650499996478146
219.83258359329807 95.651499997558091
223.03012215184378 95.645499995723782
226.2741699796992 95.633000000081054
229.5654035697641 95.617499976650237
232.90450925475412 95.599500004225291
236.2921833503241 95.578500047248909
239.72913230027333 95.554999958292740
243.21607282386276 95.533000043062458
246.75373206527502 95.509500040117075
250.34284774524843 95.484500015648933
253.9841683149166 95.458499952306596
257.67845311188546 95.434500089899387
261.42647251858085 95.413500058515012
265.22900812289896 95.391999975330805
269.08685288119375 95.369000000705768
273.0008112836349 95.346500074457481
276.97169952197106 95.324500055213520
281.00034565973334 95.303999952561284
285.0875898049141 95.283499979067159
289.23428428515797 95.265999995094631
293.44129382550057 95.251499974586082
297.7094957286928 95.241000016974638
302.0397800581479 95.234000020628670
306.4330498235497 95.229999996066141
310.89022116916016 95.228000001527036
315.41222356486645 95.224000006553183
320.00000000000654 95.215999999999980
324.6545071800142 95.210500003018410
329.3767157259242 95.202999978865336
334.16761037677935 95.183999960397855
339.02819019498156 95.157500043200216
343.95946877463007 95.125000029028030
348.9624744528898 95.087499907153955
354.03825052443415 95.044999901175032
359.187855459007 95.000000093820773
364.4123631221491 94.950999913638455
369.71286299913527 94.900999971453956
375.0904604221685 94.849999940930999
380.54627680087896 94.799499888735497
386.08144985617537 94.746500011118741
391.6971338574982 94.691500100777375
397.3944998635236 94.634500011329067
403.1747359663683 94.578000078935588
409.0390475393468 94.523000135134851
414.9886574883323 94.467499904087248
421.0248065067734 94.412500040794100
427.1487533344206 94.361999914862139
433.3617750198154 94.309500095089803
439.6651671865984 94.251999942716779
446.06024430368984 94.194999981826072
452.54833995940066 94.146000000293043
459.13080713953053 94.101499945059373
465.8090185095106 94.062500014120246
472.58436670065066 94.027000071498151
479.45826460054917 93.999999974612962
486.432145647728 93.989500013354018
493.50746413055253 93.996499981876298
500.6856954904994 94.016999988795575
507.9683366298358 94.049000077758478
515.3569062237735 94.093499823947056
522.8529450371643 94.146999846746439
530.4580162458005 94.200500054701251
538.1737057623901 94.251499998435065
546.0016225672724 94.295499860796951
553.9433990439449 94.337499892202146
562.0006913194694 94.374500084820170
570.1751796098309 94.408500034383366
578.4685685703187 94.441500005806517
586.8825876510039 94.472000069310695
595.4189914573883 94.502999945681168
604.0795601162986 94.541999859037418
612.8660996471021 94.587000057537637
621.780442338323 94.636999914781839
630.8244471297356 94.695999891594880
640.0000000000159 94.765000000000128
649.3090143600314 94.847499938878457
658.7534314518515 94.938500125399017
668.3352207535618 95.027500149628750
678.0563803899662 95.119499852799294
687.9189375492632 95.211499931500924
697.9249489057827 95.297000168922665
708.0765010488715 95.373500173416645
718.3757109180171 95.447999847031355
728.8247262443015 95.524500149396104
739.425725998274 95.607000048136499
750.1809208443404 95.695000108687012
761.0925536017613 95.785000196271739
772.1628997123541 95.872999973960063
783.3942677149998 95.963499844309851
794.7889997270506 96.053999989981961
806.34947193274 96.144499881823307
818.0780950786972 96.234499773766288
829.9773149766683 96.320500139501775
842.0496130135506 96.403999938438034
854.2975066688449 96.488500150511811
866.7235500396347 96.573999850321641
879.3303343732008 96.660000085439421
892.1204886073838 96.750000039899959
905.0966799188055 96.842999999413934
918.2616142790653 96.937000124643987
931.6180370190256 97.034499963213079
945.1687334013056 97.134999789711344
958.9165292011028 97.231500170455888
972.8642912954606 97.326999808022023
987.0149282611097 97.430999809701120
1001.3713909810035 97.538999939335724
1015.9366732596762 97.651000201801807
1030.7138124475518 97.757499617448545
1045.7058900743334 97.849499746092931
1060.916032491606 97.929500082588177
1076.3474115247852 98.008499997514548
1092.0032451345498 98.099999685983803
1107.8867980878947 98.211499687734161
1124.0013826389438 98.332500294432236
1140.350359219667 98.451500115653147
1156.9371371406426 98.561000020416486
1173.765175302013 98.670500252176083
1190.837982914782 98.782499803347633
1208.1591202326028 98.890999635560249
1225.73219929421 98.992000116273999
1243.5608846766518 99.088499848039376
1261.648894259477 99.185999826901536
1280.0000000000375 99.293500000000236
1298.6180287200684 99.408999917557011
1317.5068629037087 99.527500166259415
1336.6704415071292 99.645500195167983
1356.112760779938 99.765499801849231
1375.8378750985323 99.883499905216382
1395.8498978115715 99.999000246887007
1416.153002097749 100.113000264811959
1436.7514218360407 100.226999759885331
1457.6494524886093 100.344000214984675
1478.8514519965543 100.461000063249173
1500.3618416886875 100.574500135858784
1522.1851072035295 100.690500260018794
1544.3257994247153 100.810499964195117
1566.788535430007 100.931499792983459
1589.5779994541087 101.054499980775887
1612.6989438654878 101.180999829599102
1636.156190157402 101.309999669546329
1659.9546299533442 101.443500225860078
1684.099226027109 101.580499903339017
1708.5950133376978 101.716500232526528
1733.4471000792773 101.854499753470975
1758.6606687464096 101.998000134160321
1784.2409772147755 102.142000056883404
1810.193359837619 102.285500004533731
1836.5232285581387 102.428000191040226
1863.2360740380593 102.571499946491770
1890.3374668026197 102.716999695081469
1917.833058402214 102.862500261123913
1945.7285825909298 103.006499715001780
1974.0298565222283 103.152499736979820
2002.7427819620161 103.301499917073656
2031.8733465193618 103.449500277146655
2061.4276248951132 103.596999455599899
2091.411780148677 103.746499577051310
2121.832064983222 103.894000158028263
2152.694823049581 104.036499995642828
2184.0064902691106 104.179499537068992
2215.7735961758003 104.320999620435515
2248.002765277899 104.457500323632146
2280.7007184393456 104.589000135449695
2313.874274281297 104.717500023226137
2347.530350604038 104.839000260029991
2381.6759658295764 104.951999806615916
2416.318240465218 105.059499638609083
2451.4643985884327 105.156500110416289
2487.1217693533167 105.243499867034501
2523.2977885189675 105.319499872361774
2560.0000000000887 105.384500000000145
2597.236057440151 105.437999964464254
2635.0137258074315 105.478000045087299
2673.340883014273 105.506500029275202
2712.225521559891 105.520999981836184
2751.6757501970797 105.522000001555995
2791.699795623158 105.508999949621000
2832.3060041955137 105.481999915635114
2873.502843672097 105.442500089782001
2915.2989049772345 105.390499890685732
2957.7029039931244 105.326999960842869
3000.723683377391 105.251999905012269
3044.370214407075 105.167499794684204
3088.6515988494466 105.072500026520402
3133.57707086003 104.969500179642409
3179.1559989082334 104.860500017208636
3225.3978877309914 104.744500155782603
3272.3123803148205 104.624000307576068
3319.9092599067053 104.500999792407995
3368.198452054235 104.375500088255635
3417.190026675413 104.249499780296844
3466.8942001585724 104.122500221091101
3517.3213374928373 103.995499880137942
3568.4819544295697 103.870499951807062
3620.386719675257 103.748999998442784
3673.0464571162966 103.628499841940709
3726.472148076138 103.508500044590136
3780.6749336052594 103.387000258794785
3835.6661168044484 103.263999775143247
3891.45716518188 103.140000243200518
3948.059713044477 103.018500213259557
4005.4855639240527 102.902000064003516
4063.746693038744 102.790999798267364
4122.855249790247 102.685500384304504
4182.823560297375 102.584500281965745
4243.664129966465 102.488999897226336
4305.389646099183 102.398000002730868
4368.012980538242 102.309500281643324
4431.5471923516225 102.225000222129864
4496.00553055582 102.143999806554945
4561.401436878714 102.065999918607304
4627.748548562617 101.988999985035889
4695.060701208099 101.914999832296104
4763.351931659176 101.841500127110052
4832.63648093046 101.768000253355950
4902.928797176889 101.694999912680217
4974.243538706657 101.622500115553336
5046.595577037959 101.551000124898195
5120.000000000202 101.478999999999800
5194.472114880326 101.409000049039307
5270.027451614888 101.340999907007387
5346.6817660285715 101.276499898349783
5424.451043119808 101.215000099075354
5503.351500394186 101.154500046679587
5583.399591246343 101.110499982476867
5664.612008391055 101.115000084364908
5747.005687344222 101.158499894131154
5830.597809954497 101.227000149396162
5915.405807986278 101.309500039157143
6001.447366754812 101.372500035910008
6088.740428814181 101.390999947015274
6177.303197698925 101.346500018502667
6267.154141720092 101.206500284124900
6358.3119978165005 100.970000039843342
6450.795775462017 100.676000397377550
6544.624760629676 100.378000742249583
6639.818519813445 100.117499637365199
6736.396904108505 99.915000133622556
6834.380053350861 99.770999817695838
6933.788400317181 99.675500147974319
7034.642674985712 99.615999959094665
7136.963908859177 99.574999982598229
7240.773439350552 99.527499999111996
7346.092914232631 99.445999831527672
7452.944296152315 99.299000062054546
7561.349867210557 99.058000566378652
7671.332233608935 98.694999152604609
7782.914330363799 98.197501044218598
7896.119426088994 97.582001144803101
8010.971127848146 96.883000392827398
8127.49338607753 96.128998533196125
8245.710499580537 95.345002919235895
8365.647120594791 94.545002270855690
8487.328259932974 93.734999111459331
8610.77929219841 92.924500031430185
8736.025961076528 92.116502606064273
8863.094384703289 91.320002125810731
8992.011061111683 90.541998136560693
9122.802873757471 89.785499219898384
9255.497097125279 89.055499858245042
9390.121402416245 88.366998542788792
9526.7038633184 87.741501058669854
9665.272961860968 87.211001711864384
9805.857594353829 86.840499769572716
9948.487077413367 86.729500050877050
10093.19115407597 86.974999406733758
10240.000000000457 87.585000000002452
10388.944229760706 88.407499398024981
10540.05490322983 89.214500946834036
10693.363532057198 89.826000681998266
10848.902086239672 90.191499488110821
11006.703000788428 90.377999879216702
11166.799182492743 90.488000236562357
11329.224016782166 90.605500373980703
11494.0113746885 90.786999577373052
11661.195619909053 91.073500703255291
11830.811615972614 91.496000293347350
12002.894733509682 92.081000841670487
12177.48085762842 92.855002069909432
12354.606395397908 93.856999703111200
12534.308283440243 95.123497699449757
12716.62399563306 96.670999758150359
12901.591550924093 98.417497655052941
13089.249521259411 100.042496108274150
13279.637039626952 100.992000276544815
13472.793808217073 100.872500285767771
13668.760106701786 99.737497215561419
13867.576800634426 98.074002973412874
14069.285349971487 96.447498652977757
14273.927817718419 95.116499565360115
14481.54687870117 94.128999987161876
14692.18582846533 93.482999458038336
14905.888592304698 93.142500100699223
15122.699734421185 93.055500059266819
15342.664467217943 93.196500524838527
15565.828660727671 93.513999316332473
15792.238852178061 93.836499485642378
16021.942255696367 93.846000048594817
16254.986772155136 93.469498812228025
16491.42099916115 92.759002919597407
16731.294241189662 91.625503594342760
16974.65651986603 90.088498194397062
17221.558584396902 88.442500063789936
17472.051922153143 86.841505124936276
17726.188769406665 85.279504181086054
17984.022122223458 83.666495709926295
18245.605747515034 81.832997705984695
18510.99419425065 79.479499377135113
18780.242804832582 76.123491619334558
19053.40772663689 73.102004074637733
19330.545923722028 76.174985922731992
19611.71518870775 79.665001756098945
19896.974154826825 80.456999784247600
20186.382308152035 79.080503148473809
