20 108.669000000000011
20.290906698750476 108.631000039209340
20.586044732869844 108.591999904200662
20.885475648548283 108.552999914295953
21.189261887185914 108.512500015171042
21.49746679841394 108.471500027371874
21.810154653305165 108.429499915260934
22.12739065777668 108.387499911801441
22.449240966187475 108.344500137622333
22.77577269513385 108.299999905233705
23.107053937445478 108.255000008466581
23.44315377638505 108.209999894885470
23.784142300054445 108.163999959087207
24.130090616010463 108.117000051980156
24.481070866093134 108.069500018247169
24.837156241469714 108.020999966458817
25.1984209978975 107.971500000284152
25.56494047120865 107.921500071877517
25.936791093020236 107.870499851705944
26.3140504066728 107.819000081488070
26.69679708340074 107.766499854394425
27.08511093873791 107.713500147050311
27.47907294916184 107.660000006943307
27.878765268980047 107.605999964050966
28.284271247461966 107.550999967401083
28.695675446220072 107.495999939914867
29.11306365684382 107.440000045874740
29.536522918790062 107.382500147556129
29.966141537533712 107.324999926974954
30.402009102982383 107.265500123035878
30.844216508158908 107.206000067602304
31.29285596815558 107.145000004314198
31.74802103936409 107.083999859948932
32.20980663898519 107.022500179137310
32.67830906482211 106.961000123311948
33.153626015361866 106.899499868983384
33.63585661014871 106.837000050748046
34.125101410453844 106.774000203949001
34.62146244024586 106.711000200388355
35.12504320746613 106.646999845824297
35.635948725613716 106.582499908677278
36.15428553564419 106.516999932530780
36.68016172818701 106.450999909593037
37.21368696608603 106.384500129371020
37.754972507267915 106.318500181356228
38.30413122794313 106.251999972899881
38.86127764614443 106.185500162222482
39.4265279456077 106.118000126387614
40.000000000000206 106.050499999999971
40.58181339750116 105.981500071195896
41.1720894657399 105.912499945363351
41.77095129709678 105.842499847875786
42.37852377437204 105.771500142710266
42.9949335968281 105.700000046271484
43.62030930661056 105.627999847055804
44.25478131555359 105.554499848216409
44.89848193237519 105.480500122292653
45.55154539026795 105.405999842056161
46.21410787489121 105.331000014110941
46.88630755277036 105.255499938176143
47.56828460010916 105.179499823602711
48.260181232021196 105.103999975451913
48.962141732186545 105.030000133170276
49.674312482939705 104.957500052809522
50.39684199579528 104.885500099708111
51.129880942417586 104.813000204167423
51.873582186040764 104.740999886412695
52.628100813345895 104.669000017747464
53.393594166801776 104.595999888420238
54.17022187747612 104.521000109453553
54.95814589832399 104.444999912028749
55.75753053796041 104.367499948739294
56.56854249492426 104.289999952912638
57.39135089244048 104.211999916309964
58.226127313687975 104.133500064716117
59.073045837580466 104.054000200981591
59.932283075067765 103.973499808879865
60.804018205965114 103.893000166098005
61.68843301631817 103.812500178788198
62.58571193631152 103.734500005516480
63.49604207872855 103.657999828324108
64.41961327797075 103.580500317225699
65.35661812964459 103.501000244181668
66.3072520307241 103.418999912049131
67.27171322029778 103.336999981697602
68.25020282090806 103.255500265456860
69.2429248804921 103.174000256747561
70.25008641493265 103.090499800757527
71.27189745122783 103.004999879173226
72.30857107128878 102.918999994149743
73.36032345637442 102.832999798999083
74.42737393217246 102.746500166058297
75.50994501453623 102.660000319134070
76.60826245588666 102.571999884607052
77.72255529228926 102.483500135906354
78.85305589121582 102.394000167277966
80.00000000000082 102.303499999999929
81.16362679500274 102.215000090800530
82.34417893148023 102.127999859193949
83.541902594194 102.040499884132160
84.75704754874454 101.952500176880022
85.98986719365665 101.862000059957296
87.24061861322157 101.769499805719818
88.50956263110764 101.675999807193776
89.79696386475084 101.583000223243701
91.10309078053635 101.491499808361453
92.42821574978288 101.398999949064944
93.77261510554118 101.307499925973929
95.13656920021877 101.216999795750468
96.52036246404286 101.128000034732395
97.92428346437356 101.037500163763411
99.34862496587989 100.944500002219797
100.79368399159105 100.851000130174441
102.25976188483567 100.756000265697281
103.74716437208203 100.659499845395032
105.25620162669229 100.561000089771596
106.78718833360406 100.462499850724328
108.34044375495276 100.364500139697256
109.9162917966485 100.270999900750240
111.51506107592134 100.184499946076315
113.13708498984903 100.102500000517566
114.78270178488147 100.015999903434547
116.45225462737648 99.924500020681762
118.14609167516147 99.836500168201084
119.86456615013608 99.762499885758331
121.60803641193078 99.700500125086137
123.3768660326369 99.636500108650409
125.17142387262359 99.563500048198804
126.99208415745765 99.476499837021947
128.83922655594208 99.379500344133589
130.71323625928977 99.279500305227032
132.61450406144883 99.172999880944403
134.5434264405962 99.063000031497239
136.50040564181674 98.960000323728181
138.48584976098482 98.863000252404859
140.50017282986593 98.765499765178248
142.5437949024563 98.666499908830446
144.61714214257822 98.567999993265360
146.7206469127495 98.466999750481591
148.8547478643456 98.355500222054673
151.01989002907314 98.237000378545787
153.216524911774 98.125999863626362
155.4451105845792 98.024000152703607
157.70611178243232 97.933000163560507
160.00000000000236 97.863999999999947
162.3272535900062 97.823000021732497
164.6883578629612 97.794999951446187
167.08380518838874 97.763999941192296
169.51409509748981 97.728500059200314
171.97973438731407 97.691500023461543
174.4812372264439 97.663999950396487
177.01912526221608 97.639499926772615
179.5939277295025 97.608500065266639
182.20618156107355 97.576499949910314
184.85643149956664 97.548999988245754
187.54523021108326 97.530999988186196
190.27313840043846 97.524000006963064
193.04072492808663 97.529499996912676
195.84856692874806 97.535999992801607
198.69724993176072 97.531000000167083
201.58736798318304 97.515000026311867
204.5195237696723 97.484000088451950
207.49432874416505 97.441499935318348
210.5124032533856 97.402500021335612
213.57437666720915 97.374499956058315
216.68088750990657 97.348000051066776
219.83258359329807 97.309999962557583
223.03012215184378 97.260999978975292
226.2741699796992 97.199000000405292
229.5654035697641 97.122999890118791
232.90450925475412 97.044000017345979
236.2921833503241 96.966500170996085
239.72913230027333 96.887499847677816
243.21607282386276 96.800000186603995
246.75373206527502 96.703000165482905
250.34284774524843 96.601500063847709
253.9841683149166 96.503499823136963
257.67845311188546 96.417500310902057
261.42647251858085 96.331000250778587
265.22900812289896 96.233499891670093
269.08685288119375 96.134000003007159
273.0008112836349 96.040000301067167
276.97169952197106 95.954500215595687
281.00034565973334 95.879999852939960
285.0875898049141 95.822499947667922
289.23428428515797 95.778499986203627
293.44129382550057 95.731999872930430
297.7094957286928 95.673500105242766
302.0397800581479 95.612500202848565
306.4330498235497 95.557499927879334
310.89022116916016 95.500500090095144
315.41222356486645 95.435500109765911
320.00000000000654 95.367999999999896
324.6545071800142 95.295500042861278
329.3767157259242 95.226999898553615
334.16761037677935 95.151499872054615
339.02819019498156 95.067500134400660
343.95946877463007 94.998500055494773
348.9624744528898 94.929499805249762
354.03825052443415 94.838499779889830
359.187855459007 94.743500187641558
364.4123631221491 94.662999867003222
369.71286299913527 94.585999956341340
375.0904604221685 94.507499907852349
380.54627680087896 94.428999830963562
386.08144985617537 94.349500016472206
391.6971338574982 94.273500131370511
397.3944998635236 94.206500013117875
403.1747359663683 94.148000076165914
409.0390475393468 94.103000105650892
414.9886574883323 94.048999862234396
421.0248065067734 93.969500059336866
427.1487533344206 93.909499939902688
433.3617750198154 93.875000058110430
439.6651671865984 93.841999972814733
446.06024430368984 93.816999991803925
452.54833995940066 93.791500000174580
459.13080713953053 93.752999942312343
465.8090185095106 93.714500013005491
472.58436670065066 93.693000035749094
479.45826460054917 93.688500014506872
486.432145647728 93.701999963753380
493.50746413055253 93.730499942004144
500.6856954904994 93.764499982949786
507.9683366298358 93.808500107380752
515.3569062237735 93.872999734047667
522.8529450371643 93.968499701852153
530.4580162458005 94.108500150160268
538.1737057623901 94.233999996593980
546.0016225672724 94.287499873746071
553.9433990439449 94.325499884314510
562.0006913194694 94.395000207060988
570.1751796098309 94.477500084395530
578.4685685703187 94.560000016857629
586.8825876510039 94.654000265690968
595.4189914573883 94.775999781027195
604.0795601162986 94.914499525540606
612.8660996471021 95.029500092299955
621.780442338323 95.093999914781847
630.8244471297356 95.131499935306621
640.0000000000159 95.211000000000226
649.3090143600314 95.351499892681943
658.7534314518515 95.500500185985061
668.3352207535618 95.628000190288731
678.0563803899662 95.740499827199159
687.9189375492632 95.840999926231760
697.9249489057827 95.933000181916711
708.0765010488715 96.016500208568658
718.3757109180171 96.108499806239720
728.8247262443015 96.206500165793230
739.425725998274 96.294500047576776
750.1809208443404 96.385500126407720
761.0925536017613 96.494000236418231
772.1628997123541 96.597999969817351
783.3942677149998 96.697999827201045
794.7889997270506 96.797499989091463
806.34947193274 96.894499872732808
818.0780950786972 97.003999710217514
829.9773149766683 97.127000199288261
842.0496130135506 97.245999912478169
854.2975066688449 97.369000225767707
866.7235500396347 97.498999769319227
879.3303343732008 97.636000142722679
892.1204886073838 97.784000064186870
905.0966799188055 97.930499999095986
918.2616142790653 98.068500177877354
931.6180370190256 98.205999948721242
945.1687334013056 98.342999711904525
958.9165292011028 98.485500273817408
972.8642912954606 98.637999695210226
987.0149282611097 98.793499719082618
1001.3713909810035 98.939499920969482
1015.9366732596762 99.083000285114480
1030.7138124475518 99.239499415137686
1045.7058900743334 99.390999577772504
1060.916032491606 99.527500150160321
1076.3474115247852 99.668499995642776
1092.0032451345498 99.809999546780745
1107.8867980878947 99.955499596207957
1124.0013826389438 100.114500382031906
1140.350359219667 100.269000150036533
1156.9371371406426 100.413000027908765
1173.765175302013 100.566000355748400
1190.837982914782 100.723999722579691
1208.1591202326028 100.876499484283357
1225.73219929421 101.022500178606464
1243.5608846766518 101.174999753063986
1261.648894259477 101.341999702760205
1280.0000000000375 101.517000000000365
1298.6180287200684 101.692999875624807
1317.5068629037087 101.864000232481402
1336.6704415071292 102.028500263476772
1356.112760779938 102.190999730845192
1375.8378750985323 102.358999864250592
1395.8498978115715 102.531000376827535
1416.153002097749 102.706500428854781
1436.7514218360407 102.896499588673095
1457.6494524886093 103.101500357093173
1478.8514519965543 103.296000108027329
1500.3618416886875 103.491000237457527
1522.1851072035295 103.691500426081205
1544.3257994247153 103.889499940522484
1566.788535430007 104.105999623606294
1589.5779994541087 104.330499964962513
1612.6989438654878 104.553499700792116
1636.156190157402 104.769499456022402
1659.9546299533442 104.983500368683352
1684.099226027109 105.208999839598818
1708.5950133376978 105.435500379565383
1733.4471000792773 105.658499605553573
1758.6606687464096 105.886500215215506
1784.2409772147755 106.116500090855439
1810.193359837619 106.347000007630726
1836.5232285581387 106.590000340666137
1863.2360740380593 106.844499905617425
1890.3374668026197 107.088499495307246
1917.833058402214 107.325500438833245
1945.7285825909298 107.569499513128065
1974.0298565222283 107.815499564594987
2002.7427819620161 108.053499868653560
2031.8733465193618 108.285000452484326
2061.4276248951132 108.524499120867404
2091.411780148677 108.749499382494918
2121.832064983222 108.953500214387986
2152.694823049581 109.143499994292711
2184.0064902691106 109.312999469086122
2215.7735961758003 109.458999620435520
2248.002765277899 109.584000270099011
2280.7007184393456 109.694000110443596
2313.874274281297 109.798000018356134
2347.530350604038 109.891500182477188
2381.6759658295764 109.964499886041523
2416.318240465218 110.006999880672808
2451.4643985884327 110.024500009814773
2487.1217693533167 110.030499993668315
2523.2977885189675 110.037499986012250
2560.0000000000887 110.038999999999959
2597.236057440151 110.023500014214306
2635.0137258074315 109.999499961957582
2673.340883014273 109.969999944702380
2712.225521559891 109.935500057793959
2751.6757501970797 109.893500035009708
2791.699795623158 109.844499890480421
2832.3060041955137 109.794499882826543
2873.502843672097 109.741000119013350
2915.2989049772345 109.674999868822880
2957.7029039931244 109.603999962988482
3000.723683377391 109.536499925863239
3044.370214407075 109.472499852084326
3088.6515988494466 109.404500018865022
3133.57707086003 109.335500118050732
3179.1559989082334 109.264500011317395
3225.3978877309914 109.182500112216275
3272.3123803148205 109.101000198272175
3319.9092599067053 109.032499892052158
3368.198452054235 108.969000043427371
3417.190026675413 108.906999891013399
3466.8942001585724 108.841500118379486
3517.3213374928373 108.765499931507392
3568.4819544295697 108.696499977483626
3620.386719675257 108.646499999652534
3673.0464571162966 108.627500013171613
3726.472148076138 108.652499985136615
3780.6749336052594 108.743999766660437
3835.6661168044484 108.922500447900148
3891.45716518188 109.188999439069789
3948.059713044477 109.520999388655952
4005.4855639240527 109.880999798528066
4063.746693038744 110.230000595771116
4122.855249790247 110.530498946857847
4182.823560297375 110.760999399412952
4243.664129966465 110.928000140346825
4305.389646099183 111.041999996900913
4368.012980538242 111.106499828424177
4431.5471923516225 111.130499957179779
4496.00553055582 111.130499960821254
4561.401436878714 111.109499956661040
4627.748548562617 111.060499984833669
4695.060701208099 110.977999759775486
4763.351931659176 110.866000205465568
4832.63648093046 110.732500472474612
4902.928797176889 110.585499821722095
4974.243538706657 110.437500235855453
5046.595577037959 110.289500255000462
5120.000000000202 110.144999999999612
5194.472114880326 110.009500094525052
5270.027451614888 109.885999846421299
5346.6817660285715 109.780999843490932
5424.451043119808 109.685000156869307
5503.351500394186 109.585500077799310
5583.399591246343 109.482999776580016
5664.612008391055 109.381499765653061
5747.005687344222 109.283000201358419
5830.597809954497 109.195499854247629
5915.405807986278 109.118499963524854
6001.447366754812 109.054999944397395
6088.740428814181 109.012499947015272
6177.303197698925 108.995000003131224
6267.154141720092 109.010999956950769
6358.3119978165005 109.062999990853086
6450.795775462017 109.144499881182782
6544.624760629676 109.260999679714217
6639.818519813445 109.417500309158697
6736.396904108505 109.608999859269858
6834.380053350861 109.826000392125934
6933.788400317181 110.054999599598887
7034.642674985712 110.279500202624050
7136.963908859177 110.486500075677469
7240.773439350552 110.666500002020570
7346.092914232631 110.813500151227117
7452.944296152315 110.913999967672183
7561.349867210557 110.954499946968298
7671.332233608935 110.921999828698574
7782.914330363799 110.806500269920662
7896.119426088994 110.605500396484075
8010.971127848146 110.327000161623545
8127.49338607753 109.993999336356097
8245.710499580537 109.640001315503753
8365.647120594791 109.290000978475803
8487.328259932974 108.962999676395683
8610.77929219841 108.681000010425052
8736.025961076528 108.450500703992574
8863.094384703289 108.260000488507018
8992.011061111683 108.086499551893041
9122.802873757471 107.890499742080223
9255.497097125279 107.623499930436935
9390.121402416245 107.250498952983548
9526.7038633184 106.756500915888722
9665.272961860968 106.129002273355894
9805.857594353829 105.355998937608931
9948.487077413367 104.451501483384135
10093.19115407597 103.450001769390582
10240.000000000457 102.393499999996692
10388.944229760706 101.325000758332152
10540.05490322983 100.282998589611793
10693.363532057198 99.297498482108352
10848.902086239672 98.377501491083649
11006.703000788428 97.538000639994593
11166.799182492743 96.808498598148958
11329.224016782166 96.197498775213219
11494.0113746885 95.703500966004469
11661.195619909053 95.343999560920906
11830.811615972614 95.145499961501557
12002.894733509682 95.117500116413623
12177.48085762842 95.259500579134226
12354.606395397908 95.557999906803701
12534.308283440243 95.973499245777674
12716.62399563306 96.476999921028693
12901.591550924093 97.113499101258270
13089.249521259411 97.919497857135923
13279.637039626952 98.816001496007473
13472.793808217073 99.692999396006911
13668.760106701786 100.348000510795714
13867.576800634426 100.478000064412328
14069.285349971487 99.908498987830740
14273.927817718419 98.707499361799705
14481.54687870117 97.087499973371479
14692.18582846533 95.870499822871068
14905.888592304698 95.998999854710718
15122.699734421185 96.373499494115293
15342.664467217943 96.037498348945462
15565.828660727671 94.968002429285491
15792.238852178061 93.319503177229876
16021.942255696367 91.179501241376784
16254.986772155136 88.755495480810424
16491.42099916115 86.411508456128530
16731.294241189662 84.107006659856182
16974.65651986603 81.381996557726580
17221.558584396902 78.158000128277450
17472.051922153143 74.808510815004155
17726.188769406665 71.487008825843844
17984.022122223458 68.483993971369017
18245.605747515034 66.266998881430567
18510.99419425065 65.991000439459171
18780.242804832582 68.705007426565885
19053.40772663689 71.798494943626508
19330.545923722028 73.848993977145540
19611.71518870775 74.722999992723345
19896.974154826825 74.464000812244336
20186.382308152035 73.677501353063121
