20 86.371000000000009
20.290906698750476 86.389499980395328
20.586044732869844 86.408500046671463
20.885475648548283 86.428000040709435
21.189261887185914 86.447499992599489
21.49746679841394 86.467499986965777
21.810154653305165 86.487500043402946
22.12739065777668 86.508500043073710
22.449240966187475 86.529999929588570
22.77577269513385 86.551000046330188
23.107053937445478 86.572499996048933
23.44315377638505 86.594500050272160
23.784142300054445 86.617000018280180
24.130090616010463 86.638999974562907
24.481070866093134 86.660999991256560
24.837156241469714 86.683000015428945
25.1984209978975 86.705499999872416
25.56494047120865 86.727499968373891
25.936791093020236 86.750000063969992
26.3140504066728 86.771999965524287
26.69679708340074 86.793500056002145
27.08511093873791 86.813499945536918
27.47907294916184 86.831499997685569
27.878765268980047 86.848500010651577
28.284271247461966 86.865000009658928
28.695675446220072 86.881500019313080
29.11306365684382 86.899499985254550
29.536522918790062 86.918499951662653
29.966141537533712 86.939500027229684
30.402009102982383 86.961999952836251
30.844216508158908 86.985499974510603
31.29285596815558 87.009499998302601
31.74802103936409 87.033500051954420
32.20980663898519 87.056499932456433
32.67830906482211 87.078499956244144
33.153626015361866 87.100000044376600
33.63585661014871 87.120999983083991
34.125101410453844 87.141999932017001
34.62146244024586 87.162499937378641
35.12504320746613 87.183000047438668
35.635948725613716 87.203000028099297
36.15428553564419 87.223000020445227
36.68016172818701 87.243000028765863
37.21368696608603 87.263999959450871
37.754972507267915 87.284499945043564
38.30413122794313 87.306000009443977
38.86127764614443 87.327999949154133
39.4265279456077 87.350499957251259
40.000000000000206 87.372500000000002
40.58181339750116 87.393499978331675
41.1720894657399 87.412500013268897
41.77095129709678 87.430000040709302
42.37852377437204 87.448999961809932
42.9949335968281 87.469999986314065
43.62030930661056 87.494500057870781
44.25478131555359 87.523500059482757
44.89848193237519 87.552499952074498
45.55154539026795 87.579000046330194
46.21410787489121 87.599499996425223
46.88630755277036 87.614500010575142
47.56828460010916 87.628500034815261
48.260181232021196 87.644000005971151
48.962141732186545 87.662499965807626
49.674312482939705 87.682999985531637
50.39684199579528 87.705499966763966
51.129880942417586 87.728999932876462
51.873582186040764 87.756000045750440
52.628100813345895 87.784999992851709
53.393594166801776 87.812500034680198
54.17022187747612 87.832999974076785
54.95814589832399 87.844500010150526
55.75753053796041 87.853000006657240
56.56854249492426 87.863000006640533
57.39135089244048 87.874500011802439
58.226127313687975 87.885499990988905
59.073045837580466 87.900999959294865
59.932283075067765 87.922500057336038
60.804018205965114 87.947999944633992
61.68843301631817 87.971499948598392
62.58571193631152 87.990499998797688
63.49604207872855 88.006500033883412
64.41961327797075 88.021999935751751
65.35661812964459 88.037499954215946
66.3072520307241 88.054500016088582
67.27171322029778 88.070000003389339
68.25020282090806 88.085499948203534
69.2429248804921 88.100499953033989
70.25008641493265 88.116000035579020
71.27189745122783 88.131500022479401
72.30857107128878 88.146500000952372
73.36032345637442 88.159500025413905
74.42737393217246 88.170499978759977
75.50994501453623 88.181999955981510
76.60826245588666 88.193000014424129
77.72255529228926 88.204499981675553
78.85305589121582 88.215999979554908
80.00000000000082 88.227000000000004
81.16362679500274 88.237999988649932
82.34417893148023 88.248500017803053
83.541902594194 88.259500017116835
84.75704754874454 88.272499973869998
85.98986719365665 88.286499990876052
87.24061861322157 88.302500031002154
88.50956263110764 88.317500022562427
89.79696386475084 88.328499973307828
91.10309078053635 88.339000027376940
92.42821574978288 88.352000008395891
93.77261510554118 88.366500008134722
95.13656920021877 88.375000006963049
96.52036246404286 88.377999998842256
97.92428346437356 88.380499996400800
99.34862496587989 88.383999999904532
100.79368399159105 88.385999995845495
102.25976188483567 88.394999969235045
103.74716437208203 88.414000041017658
105.25620162669229 88.440499975516843
106.78718833360406 88.467500036188028
108.34044375495276 88.490499968316101
109.9162917966485 88.505500010150541
111.51506107592134 88.513000001997170
113.13708498984903 88.515499999987526
114.78270178488147 88.519000002145901
116.45225462737648 88.520499999777613
118.14609167516147 88.522999994132519
119.86456615013608 88.530500025387028
121.60803641193078 88.547499958988141
123.3768660326369 88.572999953196756
125.17142387262359 88.602999981221245
126.99208415745765 88.630000039457826
128.83922655594208 88.650999933954154
130.71323625928977 88.667499954215941
132.61450406144883 88.676500002145161
134.5434264405962 88.676500000577931
136.50040564181674 88.670000029135537
138.48584976098482 88.657000036809038
140.50017282986593 88.639999966792885
142.5437949024563 88.629500002762711
144.61714214257822 88.637000001428561
146.7206469127495 88.662000078552097
148.8547478643456 88.698499924694516
151.01989002907314 88.744999842807260
153.216524911774 88.799000072120677
155.4451105845792 88.852999919067088
157.70611178243232 88.901999910785179
160.00000000000236 88.952000000000055
162.3272535900062 89.008999964382838
164.6883578629612 89.084000155372223
167.08380518838874 89.191000243879017
169.51409509748981 89.345499731198586
171.97973438731407 89.553499855972248
174.4812372264439 89.812000593175185
177.01912526221608 90.102500715187517
179.5939277295025 90.391499418718979
182.20618156107355 90.651500398990265
184.85643149956664 90.870000100190964
187.54523021108326 91.036500153579411
190.27313840043846 91.157000215854652
193.04072492808663 91.243999968740866
195.84856692874806 91.310499888425028
198.69724993176072 91.359499998925912
201.58736798318304 91.390499962609454
204.5195237696723 91.406499970516023
207.49432874416505 91.407999992111996
210.5124032533856 91.401500004613098
213.57437666720915 91.389999976198254
216.68088750990657 91.376500024652927
219.83258359329807 91.363499990232413
223.03012215184378 91.352499995723775
226.2741699796992 91.341500000062354
229.5654035697641 91.330499987638376
232.90450925475412 91.322500001556676
236.2921833503241 91.320500002249958
239.72913230027333 91.321500005440072
243.21607282386276 91.324999991797625
246.75373206527502 91.331999988299174
250.34284774524843 91.340999994366385
253.9841683149166 91.352000025833917
257.67845311188546 91.364999951304497
261.42647251858085 91.378999960990001
265.22900812289896 91.393000016088592
269.08685288119375 91.408999999478354
273.0008112836349 91.428499935254365
276.97169952197106 91.450499942157265
281.00034565973334 91.473000059298400
285.0875898049141 91.499500036050975
289.23428428515797 91.532500011037087
293.44129382550057 91.570000097034949
297.7094957286928 91.613999921916673
302.0397800581479 91.667999804027659
306.4330498235497 91.729500086544803
310.89022116916016 91.796499896161521
315.41222356486645 91.861999895148983
320.00000000000654 91.919000000000068
324.6545071800142 91.967499971023358
329.3767157259242 92.011500066221956
334.16761037677935 92.060500088343247
339.02819019498156 92.120999899199489
343.95946877463007 92.187499942797700
348.9624744528898 92.251500135872249
354.03825052443415 92.311000125777241
359.187855459007 92.364499895981311
364.4123631221491 92.413000082907089
369.71286299913527 92.460500025747422
375.0904604221685 92.506500054343491
380.54627680087896 92.551500094146888
386.08144985617537 92.594999991146182
391.6971338574982 92.635999926216556
397.3944998635236 92.677999991652271
403.1747359663683 92.719999940452098
409.0390475393468 92.762999891892122
414.9886574883323 92.807500080217949
421.0248065067734 92.852999966623003
427.1487533344206 92.898500081799128
433.3617750198154 92.949999904910200
439.6651671865984 93.014000067963153
446.06024430368984 93.086500026726341
452.54833995940066 93.163499999507437
459.13080713953053 93.250000131857519
465.8090185095106 93.351999959868763
472.58436670065066 93.481499711904490
479.45826460054917 93.635500286510876
486.432145647728 93.794499694765264
493.50746413055253 93.969499671960932
500.6856954904994 94.161999905980238
507.9683366298358 94.350000348061769
515.3569062237735 94.539999280804963
522.8529450371643 94.736999448287179
530.4580162458005 94.926500198426083
538.1737057623901 95.109999994415347
546.0016225672724 95.281499452899638
553.9433990439449 95.445499574067028
562.0006913194694 95.599000384185473
570.1751796098309 95.753500164623361
578.4685685703187 95.912000029219882
586.8825876510039 96.065500344243105
595.4189914573883 96.215999741985542
604.0795601162986 96.378999432711595
612.8660996471021 96.546000203779130
621.780442338323 96.717499716485719
630.8244471297356 96.899499674784650
640.0000000000159 97.090000000000344
649.3090143600314 97.285499860699744
658.7534314518515 97.484000281795545
668.3352207535618 97.686500344796670
678.0563803899662 97.901499651198321
687.9189375492632 98.128499827623187
697.9249489057827 98.362000504602321
708.0765010488715 98.595000557745408
718.3757109180171 98.835999502342020
728.8247262443015 99.087500462763529
739.425725998274 99.339500137133058
750.1809208443404 99.584000285894092
761.0925536017613 99.823000519674025
772.1628997123541 100.056499930757440
783.3942677149998 100.287999604786535
794.7889997270506 100.517999974509650
806.34947193274 100.746999700013021
818.0780950786972 100.979499410267209
829.9773149766683 101.205500368683289
842.0496130135506 101.427499835340285
854.2975066688449 101.653500397281164
866.7235500396347 101.879999602031660
879.3303343732008 102.105500220394873
892.1204886073838 102.334000099316185
905.0966799188055 102.563499998566030
918.2616142790653 102.788000289537592
931.6180370190256 103.011499916764919
945.1687334013056 103.230999543673605
958.9165292011028 103.438500364485435
972.8642912954606 103.640499598231656
987.0149282611097 103.848499624839377
1001.3713909810035 104.046499891472166
1015.9366732596762 104.236500349913229
1030.7138124475518 104.424999308464663
1045.7058900743334 104.606499489332975
1060.916032491606 104.783000185555252
1076.3474115247852 104.955499994722246
1092.0032451345498 105.120499472323303
1107.8867980878947 105.278999577364317
1124.0013826389438 105.434000362565314
1140.350359219667 105.580000139617326
1156.9371371406426 105.710500023226103
1173.765175302013 105.833000267937081
1190.837982914782 105.949999798080142
1208.1591202326028 106.056999642436466
1225.73219929421 106.154500109081795
1243.5608846766518 106.244499859119856
1261.648894259477 106.328499853128577
1280.0000000000375 106.408500000000160
1298.6180287200684 106.485499945985623
1317.5068629037087 106.558000101446424
1336.6704415071292 106.629500115474386
1356.112760779938 106.700999881109539
1375.8378750985323 106.771499943772426
1395.8498978115715 106.840500149431605
1416.153002097749 106.909500164042811
1436.7514218360407 106.979499853843237
1457.6494524886093 107.054500138464704
1478.8514519965543 107.131500044218441
1500.3618416886875 107.211000100417351
1522.1851072035295 107.298000198837912
1544.3257994247153 107.390499972184642
1566.788535430007 107.487499832333725
1589.5779994541087 107.587499984186621
1612.6989438654878 107.691999859117374
1636.156190157402 107.798499725469256
1659.9546299533442 107.908500187663151
1684.099226027109 108.021499920850061
1708.5950133376978 108.135500200041221
1733.4471000792773 108.253499790450334
1758.6606687464096 108.378500120185294
1784.2409772147755 108.509000053328194
1810.193359837619 108.644500004469876
1836.5232285581387 108.786000195048061
1863.2360740380593 108.934499943890671
1890.3374668026197 109.092499661435284
1917.833058402214 109.259000310084645
1945.7285825909298 109.432499651668849
1974.0298565222283 109.617999664116127
2002.7427819620161 109.816499888132910
2031.8733465193618 110.026000409121238
2061.4276248951132 110.246499176043102
2091.411780148677 110.483499323282103
2121.832064983222 110.731500281798645
2152.694823049581 110.989999991960715
2184.0064902691106 111.263499100036213
2215.7735961758003 111.552999213951608
2248.002765277899 111.851500747030599
2280.7007184393456 112.161000332372708
2313.874274281297 112.482500060687656
2347.530350604038 112.806000732189688
2381.6759658295764 113.127499444020742
2416.318240465218 113.446998915827237
2451.4643985884327 113.749000344744147
2487.1217693533167 114.021999580525460
2523.2977885189675 114.255999611839911
2560.0000000000887 114.438000000000315
2597.236057440151 114.553999929639218
2635.0137258074315 114.595499973229408
2673.340883014273 114.554999830854371
2712.225521559891 114.430000241083405
2751.6757501970797 114.225000174270548
2791.699795623158 113.946499281551581
2832.3060041955137 113.602499090734014
2873.502843672097 113.203000858148840
2915.2989049772345 112.765999167389737
2957.7029039931244 112.304999745746940
3000.723683377391 111.827999441657454
3044.370214407075 111.342998913813176
3088.6515988494466 110.851000134515829
3133.57707086003 110.364500829776802
3179.1559989082334 109.888500073330519
3225.3978877309914 109.422500612568882
3272.3123803148205 108.971501136252087
3319.9092599067053 108.539499304151576
3368.198452054235 108.125500286480602
3417.190026675413 107.729999339160599
3466.8942001585724 107.353000647605413
3517.3213374928373 106.996999681319110
3568.4819544295697 106.670499883862931
3620.386719675257 106.387999996885583
3673.0464571162966 106.162999781351331
3726.472148076138 106.021000043846968
3780.6749336052594 105.984500016970145
3835.6661168044484 106.056500246617077
3891.45716518188 106.206499678347711
3948.059713044477 106.389999665893370
4005.4855639240527 106.582499892028849
4063.746693038744 106.782000394038505
4122.855249790247 106.994499201829100
4182.823560297375 107.219999359937745
4243.664129966465 107.448500250856142
4305.389646099183 107.675499993034734
4368.012980538242 107.901999265137533
4431.5471923516225 108.127999395164494
4496.00553055582 108.352500536259072
4561.401436878714 108.566500206124346
4627.748548562617 108.751000029321588
4695.060701208099 108.876500133709868
4763.351931659176 108.905500001741245
4832.63648093046 108.796000510135642
4902.928797176889 108.514999489421797
4974.243538706657 108.047000815205053
5046.595577037959 107.403001186532734
5120.000000000202 106.620999999997679
5194.472114880326 105.748000633246761
5270.027451614888 104.825998689649651
5346.6817660285715 103.897998523651594
5424.451043119808 102.990001487781484
5503.351500394186 102.111500677632051
5583.399591246343 101.275498247686471
5664.612008391055 100.487998237711025
5747.005687344222 99.748001511226050
5830.597809954497 99.059998813940126
5915.405807986278 98.420999676014887
6001.447366754812 97.828499358253396
6088.740428814181 97.286998885112951
6177.303197698925 96.792500137773771
6267.154141720092 96.340000761110332
6358.3119978165005 95.929500062012977
6450.795775462017 95.564500467347699
6544.624760629676 95.246000780378836
6639.818519813445 94.980999635694076
6736.396904108505 94.781500128647252
6834.380053350861 94.659499900248676
6933.788400317181 94.624500020890480
7034.642674985712 94.681000116056964
7136.963908859177 94.822500078510302
7240.773439350552 95.028500003037266
7346.092914232631 95.269000325005663
7452.944296152315 95.509499912306126
7561.349867210557 95.716999586352671
7671.332233608935 95.859500131209614
7782.914330363799 95.901999974387081
7896.119426088994 95.813000225031502
8010.971127848146 95.565000159432032
8127.49338607753 95.140998955514988
8245.710499580537 94.546502346474426
8365.647120594791 93.807502177532854
8487.328259932974 92.967499021508303
8610.77929219841 92.062500035576960
8736.025961076528 91.110503106609471
8863.094384703289 90.122002673368030
8992.011061111683 89.110497526841414
9122.802873757471 88.107498972549095
9255.497097125279 87.153499819216933
9390.121402416245 86.283998189250767
9526.7038633184 85.508501309407450
9665.272961860968 84.819502293898267
9805.857594353829 84.206499318420342
9948.487077413367 83.661000841061323
10093.19115407597 83.175000818776809
10240.000000000457 82.743999999998806
10388.944229760706 82.373500251592873
10540.05490322983 82.079999682979675
10693.363532057198 81.876999776447121
10848.902086239672 81.758500163474281
11006.703000788428 81.718000015686130
11166.799182492743 81.760500232181585
11329.224016782166 81.889000469813254
11494.0113746885 82.118999460786299
11661.195619909053 82.483500890911500
11830.811615972614 83.013000344317120
12002.894733509682 83.676500878922838
12177.48085762842 84.471502052293175
12354.606395397908 85.458499709249864
12534.308283440243 86.668497823431494
12716.62399563306 88.094499778641023
12901.591550924093 89.711997804843222
13089.249521259411 91.411495683768436
13279.637039626952 92.993002229017833
13472.793808217073 94.208999228074248
13668.760106701786 94.870500405884812
13867.576800634426 94.990499993036508
14069.285349971487 94.800999791668175
14273.927817718419 94.618499995143694
14481.54687870117 94.690500006154537
14692.18582846533 95.142001007255573
14905.888592304698 96.003499642907926
15122.699734421185 97.155997472693173
15342.664467217943 98.228001277471549
15565.828660727671 98.741499357707170
15792.238852178061 98.430500935845117
16021.942255696367 97.341000687506266
16254.986772155136 95.874997200251769
16491.42099916115 94.395005444255588
16731.294241189662 92.730505002669048
16974.65651986603 90.644497526345901
17221.558584396902 88.374000088592823
17472.051922153143 85.993507805274703
17726.188769406665 83.489506740661184
17984.022122223458 81.084494679035288
18245.605747515034 79.012498143090454
18510.99419425065 77.372999785431190
18780.242804832582 76.572000027195230
19053.40772663689 76.704999558653327
19330.545923722028 76.709500328332780
19611.71518870775 76.643000428109758
19896.974154826825 77.035999313082442
20186.382308152035 76.958500607143719
