20 100.824000000000012
20.290906698750476 100.855999843528707
20.586044732869844 100.888464925732592
20.885475648548283 100.920926528592730
21.189261887185914 100.952390295374897
21.49746679841394 100.981297363366522
21.810154653305165 101.006185503170570
22.12739065777668 101.026006486177721
22.449240966187475 101.043462040102582
22.77577269513385 101.059409737646803
23.107053937445478 101.074317443243189
23.44315377638505 101.089919124461531
23.784142300054445 101.107167470752856
24.130090616010463 101.125655007730600
24.481070866093134 101.145411580242452
24.837156241469714 101.166915120412597
25.1984209978975 101.190397364863344
25.56494047120865 101.214221157431453
25.936791093020236 101.237878473805125
26.3140504066728 101.260272738276129
26.69679708340074 101.278371883336021
27.08511093873791 101.290819240839738
27.47907294916184 101.297337248894095
27.878765268980047 101.301787652689796
28.284271247461966 101.305274169979697
28.695675446220072 101.308761079015980
29.11306365684382 101.312969827538979
29.536522918790062 101.318511320863067
29.966141537533712 101.324525981525483
30.402009102982383 101.331533484938092
30.844216508158908 101.339023777702238
31.29285596815558 101.347116049402928
31.74802103936409 101.355216357669192
32.20980663898519 101.362647099584791
32.67830906482211 101.369318017842687
33.153626015361866 101.375497138199705
33.63585661014871 101.381494422711640
34.125101410453844 101.386876115514994
34.62146244024586 101.392214624402470
35.12504320746613 101.397250432074657
35.635948725613716 101.402359487256135
36.15428553564419 101.407388569820796
36.68016172818701 101.411941293825492
37.21368696608603 101.415995808762602
37.754972507267915 101.418728491837214
38.30413122794313 101.420000000000002
38.86127764614443 101.419697605910486
39.4265279456077 101.418637760274180
40.000000000000206 101.417000000000002
40.58181339750116 101.416030307771848
41.1720894657399 101.415523259495586
41.77095129709678 101.415500000000009
42.37852377437204 101.414673537217269
42.9949335968281 101.413262661883465
43.62030930661056 101.410832047062229
44.25478131555359 101.406933560209211
44.89848193237519 101.402261388045133
45.55154539026795 101.396410910667072
46.21410787489121 101.388811907707804
46.88630755277036 101.379767022436113
47.56828460010916 101.370122056395658
48.260181232021196 101.361277837215738
48.962141732186545 101.353565839535634
49.674312482939705 101.347214071689081
50.39684199579528 101.341027628196315
51.129880942417586 101.333729926043901
51.873582186040764 101.324963651364300
52.628100813345895 101.315648745644111
53.393594166801776 101.306326063426809
54.17022187747612 101.296211109305901
54.95814589832399 101.284955067945276
55.75753053796041 101.272440133683318
56.56854249492426 101.257697692596437
57.39135089244048 101.241085955812537
58.226127313687975 101.223138262755711
59.073045837580466 101.205039083248380
59.932283075067765 101.187854338498653
60.804018205965114 101.171422486852833
61.68843301631817 101.154231345057440
62.58571193631152 101.135321493084859
63.49604207872855 101.115087074267976
64.41961327797075 101.094558701245660
65.35661812964459 101.073654401147820
66.3072520307241 101.052586829308709
67.27171322029778 101.030071312882399
68.25020282090806 101.004869625245931
69.2429248804921 100.978562490666945
70.25008641493265 100.952372882834140
71.27189745122783 100.927338512444919
72.30857107128878 100.901168581075211
73.36032345637442 100.871510134580575
74.42737393217246 100.838537721136561
75.50994501453623 100.804564178456189
76.60826245588666 100.770123965335955
77.72255529228926 100.734638572704483
78.85305589121582 100.697187355018514
80.00000000000082 100.657999999999973
81.16362679500274 100.619697188907452
82.34417893148023 100.581094138561298
83.541902594194 100.541937878410096
84.75704754874454 100.501598435287946
85.98986719365665 100.460091898693832
87.24061861322157 100.418979756537539
88.50956263110764 100.377674870542336
89.79696386475084 100.333903228598473
91.10309078053635 100.287012859237706
92.42821574978288 100.237678098539419
93.77261510554118 100.185563911906485
95.13656920021877 100.131980314358600
96.52036246404286 100.074706804588544
97.92428346437356 100.010764989164528
99.34862496587989 99.945226322044334
100.79368399159105 99.885252640336347
102.25976188483567 99.822810715182385
103.74716437208203 99.754009743026472
105.25620162669229 99.693568101042587
106.78718833360406 99.647533103326296
108.34044375495276 99.598183728985063
109.9162917966485 99.527612669810509
111.51506107592134 99.440383948300308
113.13708498984903 99.355961701679661
114.78270178488147 99.282873032633262
116.45225462737648 99.206338044412746
118.14609167516147 99.114504033809908
119.86456615013608 99.002803107012781
121.60803641193078 98.899557966546723
123.3768660326369 98.811451411709612
125.17142387262359 98.719514545714830
126.99208415745765 98.623200100704452
128.83922655594208 98.556958010197349
130.71323625928977 98.513320355676541
132.61450406144883 98.449350179035093
134.5434264405962 98.354921108139749
136.50040564181674 98.269865974469582
138.48584976098482 98.237836086842705
140.50017282986593 98.257588719864145
142.5437949024563 98.321281607793225
144.61714214257822 98.420804248021000
146.7206469127495 98.550777273033418
148.8547478643456 98.692893804348373
151.01989002907314 98.832397379750205
153.216524911774 98.952740486153346
155.4451105845792 99.043230162718970
157.70611178243232 99.104514563745681
160.00000000000236 99.132499999999993
162.3272535900062 99.123656436357976
164.6883578629612 99.084922573184471
167.08380518838874 99.022403737838147
169.51409509748981 98.948563051977814
171.97973438731407 98.867772818341166
174.4812372264439 98.780364202183875
177.01912526221608 98.692542090979771
179.5939277295025 98.613182168114918
182.20618156107355 98.548934115158659
184.85643149956664 98.508067386406239
187.54523021108326 98.505006578364132
190.27313840043846 98.536870214407003
193.04072492808663 98.580827163892536
195.84856692874806 98.618806815744477
198.69724993176072 98.632084400109193
201.58736798318304 98.609893338879687
204.5195237696723 98.559836746875277
207.49432874416505 98.490145562233096
210.5124032533856 98.408144440069606
213.57437666720915 98.315513540816113
216.68088750990657 98.209509380908230
219.83258359329807 98.098485136539580
223.03012215184378 97.985309428878523
226.2741699796992 97.871783079040483
229.5654035697641 97.757993576843148
232.90450925475412 97.641826260959391
236.2921833503241 97.531661453652703
239.72913230027333 97.427693747916734
243.21607282386276 97.321463797078167
246.75373206527502 97.214449605025436
250.34284774524843 97.114928806368795
253.9841683149166 97.023895792127078
257.67845311188546 96.949011324484317
261.42647251858085 96.883821658119302
265.22900812289896 96.818963731833918
269.08685288119375 96.750806368816711
273.0008112836349 96.673233165864573
276.97169952197106 96.590351385158115
281.00034565973334 96.502591911562234
285.0875898049141 96.407020470408938
289.23428428515797 96.313305175155421
293.44129382550057 96.235089099288643
297.7094957286928 96.159541925602142
302.0397800581479 96.077439481315224
306.4330498235497 95.986811462009385
310.89022116916016 95.900599520139821
315.41222356486645 95.806312746225643
320.00000000000654 95.698499999999854
324.6545071800142 95.597497194193693
329.3767157259242 95.498088969755599
334.16761037677935 95.402481314539770
339.02819019498156 95.322354594919290
343.95946877463007 95.253151224665032
348.9624744528898 95.183129110214253
354.03825052443415 95.115195093077460
359.187855459007 95.053920876675519
364.4123631221491 94.986256806787623
369.71286299913527 94.898381329014711
375.0904604221685 94.802684330097890
380.54627680087896 94.693178301353782
386.08144985617537 94.574208103164139
391.6971338574982 94.462699460644870
397.3944998635236 94.352046702647641
403.1747359663683 94.240121771316879
409.0390475393468 94.142446826525912
414.9886574883323 94.071858699070148
421.0248065067734 94.015776741439041
427.1487533344206 93.961914659435294
433.3617750198154 93.911196243596436
439.6651671865984 93.876908189287775
446.06024430368984 93.872837358860465
452.54833995940066 93.891390185882258
459.13080713953053 93.907351729584718
465.8090185095106 93.928736074038042
472.58436670065066 93.962386562089250
479.45826460054917 93.995243743231001
486.432145647728 94.019353222378413
493.50746413055253 94.029831558462888
500.6856954904994 94.027214320955309
507.9683366298358 94.013559368819060
515.3569062237735 93.985266455484521
522.8529450371643 93.948042256971476
530.4580162458005 93.903379764325479
538.1737057623901 93.850771652108818
546.0016225672724 93.795274008621817
553.9433990439449 93.739367906214355
562.0006913194694 93.690396681666556
570.1751796098309 93.651334317482650
578.4685685703187 93.619819439432788
586.8825876510039 93.605052636053699
595.4189914573883 93.614547478643459
604.0795601162986 93.644103048016063
612.8660996471021 93.691739333521269
621.780442338323 93.745198336720051
630.8244471297356 93.789425355889776
640.0000000000159 93.866500000000201
649.3090143600314 93.983328130218382
658.7534314518515 94.065091152622955
668.3352207535618 94.120926953106917
678.0563803899662 94.177532644300797
687.9189375492632 94.254331234781432
697.9249489057827 94.351145736503113
708.0765010488715 94.439438783758078
718.3757109180171 94.527949899440856
728.8247262443015 94.624069954072013
739.425725998274 94.705692944987049
750.1809208443404 94.761351835642103
761.0925536017613 94.812727439874962
772.1628997123541 94.875241232966943
783.3942677149998 94.943157032092302
794.7889997270506 95.010819623419167
806.34947193274 95.075392972969013
818.0780950786972 95.137325566944057
829.9773149766683 95.195972222969232
842.0496130135506 95.250548323058723
854.2975066688449 95.303622528898330
866.7235500396347 95.359346025187506
879.3303343732008 95.419285604991359
892.1204886073838 95.481865093416673
905.0966799188055 95.549244101216715
918.2616142790653 95.624588023037546
931.6180370190256 95.704208222114147
945.1687334013056 95.783122822607396
958.9165292011028 95.856940256255740
972.8642912954606 95.932753602125047
987.0149282611097 96.017513794817518
1001.3713909810035 96.103548337114916
1015.9366732596762 96.194775710839821
1030.7138124475518 96.293512314400601
1045.7058900743334 96.388055194834948
1060.916032491606 96.482637417693752
1076.3474115247852 96.586476794390990
1092.0032451345498 96.695834100426850
1107.8867980878947 96.801129416279323
1124.0013826389438 96.905120136670888
1140.350359219667 97.011581471659525
1156.9371371406426 97.117172431544503
1173.765175302013 97.223473639463094
1190.837982914782 97.335489002687893
1208.1591202326028 97.449302947201289
1225.73219929421 97.560621524185450
1243.5608846766518 97.671434393543606
1261.648894259477 97.784888033834704
1280.0000000000375 97.901500000000226
1298.6180287200684 98.015069975192418
1317.5068629037087 98.129790491131871
1336.6704415071292 98.242855604892071
1356.112760779938 98.361190659777122
1375.8378750985323 98.483590772488355
1395.8498978115715 98.610146851103480
1416.153002097749 98.742302163740248
1436.7514218360407 98.878234526301469
1457.6494524886093 99.019016276922542
1478.8514519965543 99.162804728376926
1500.3618416886875 99.306873681477782
1522.1851072035295 99.450034303255151
1544.3257994247153 99.598369372134087
1566.788535430007 99.749654728798248
1589.5779994541087 99.901214796397113
1612.6989438654878 100.052797114002971
1636.156190157402 100.205515236023103
1659.9546299533442 100.361598742890209
1684.099226027109 100.523010767943248
1708.5950133376978 100.688086589362570
1733.4471000792773 100.855440280539085
1758.6606687464096 101.028105041100076
1784.2409772147755 101.205817201414845
1810.193359837619 101.386445784469828
1836.5232285581387 101.570393064478139
1863.2360740380593 101.759505568631738
1890.3374668026197 101.953316262306757
1917.833058402214 102.147331408815489
1945.7285825909298 102.340112648225585
1974.0298565222283 102.535306010003367
2002.7427819620161 102.737428038897619
2031.8733465193618 102.944175429591354
2061.4276248951132 103.160706855426639
2091.411780148677 103.397258957624345
2121.832064983222 103.662996220589775
2152.694823049581 103.970430383173081
2184.0064902691106 104.303072204243847
2215.7735961758003 104.650368988937657
2248.002765277899 104.987860064353029
2280.7007184393456 105.294487976958919
2313.874274281297 105.575225432155065
2347.530350604038 105.831887214389354
2381.6759658295764 106.067458021485294
2416.318240465218 106.291717032233194
2451.4643985884327 106.499078766971707
2487.1217693533167 106.692677112169577
2523.2977885189675 106.865004937761313
2560.0000000000887 107.019000000000347
2597.236057440151 107.152586285244496
2635.0137258074315 107.266286830916613
2673.340883014273 107.356099376405325
2712.225521559891 107.427060834495833
2751.6757501970797 107.473947378339332
2791.699795623158 107.501623629928616
2832.3060041955137 107.509730600419545
2873.502843672097 107.501628805657717
2915.2989049772345 107.478872832217291
2957.7029039931244 107.444797096006880
3000.723683377391 107.401622533904913
3044.370214407075 107.348173047457237
3088.6515988494466 107.287421471639533
3133.57707086003 107.223107960638714
3179.1559989082334 107.157223801583058
3225.3978877309914 107.091950914931232
3272.3123803148205 107.030109524606473
3319.9092599067053 106.973798906701688
3368.198452054235 106.924803377671736
3417.190026675413 106.884295081060458
3466.8942001585724 106.851708189912785
3517.3213374928373 106.827091105127664
3568.4819544295697 106.811488428658379
3620.386719675257 106.806519335983765
3673.0464571162966 106.813300685136738
3726.472148076138 106.824794429615224
3780.6749336052594 106.833443920034966
3835.6661168044484 106.838656661168045
3891.45716518188 106.832696957727819
3948.059713044477 106.816069959293173
4005.4855639240527 106.774103018781645
4063.746693038744 106.710036072651832
4122.855249790247 106.622836756629297
4182.823560297375 106.513530186799841
4243.664129966465 106.384895839499478
4305.389646099183 106.248719617813492
4368.012980538242 106.109904559806893
4431.5471923516225 105.975811273259097
4496.00553055582 105.854856481226363
4561.401436878714 105.750386477691023
4627.748548562617 105.654991458106622
4695.060701208099 105.569857464299076
4763.351931659176 105.489573052949410
4832.63648093046 105.405067115553180
4902.928797176889 105.300667484658135
4974.243538706657 105.167017843070909
5046.595577037959 104.985527052571570
5120.000000000202 104.758785714285040
5194.472114880326 104.481017488259283
5270.027451614888 104.159253869749307
5346.6817660285715 103.807887460703398
5424.451043119808 103.438134993024931
5503.351500394186 103.059031715962234
5583.399591246343 102.683399405813915
5664.612008391055 102.324614703456959
5747.005687344222 101.986707762484087
5830.597809954497 101.676997336652434
5915.405807986278 101.401363737638420
6001.447366754812 101.161279608970545
6088.740428814181 100.971453976112741
6177.303197698925 100.830895888672813
6267.154141720092 100.737097833080924
6358.3119978165005 100.693672640611382
6450.795775462017 100.697238732638610
6544.624760629676 100.748815427519474
6639.818519813445 100.844870427564004
6736.396904108505 100.979417031094158
6834.380053350861 101.144243597365318
6933.788400317181 101.327015366591539
7034.642674985712 101.508006840476270
7136.963908859177 101.659378134276650
7240.773439350552 101.746159102182446
7346.092914232631 101.729125668613904
7452.944296152315 101.569257826984142
7561.349867210557 101.226235517878820
7671.332233608935 100.701352498409989
7782.914330363799 100.006845607609293
7896.119426088994 99.163343092012084
8010.971127848146 98.205042657642011
8127.49338607753 97.173454290272886
8245.710499580537 96.099951963424445
8365.647120594791 95.012169575528787
8487.328259932974 93.932592100676231
8610.77929219841 92.884876561307607
8736.025961076528 91.893072429674120
8863.094384703289 90.974739585847971
8992.011061111683 90.150102579088923
9122.802873757471 89.442882961140782
9255.497097125279 88.875620716011611
9390.121402416245 88.461208952536623
9526.7038633184 88.207349677418534
9665.272961860968 88.106562225130574
9805.857594353829 88.163658190690569
9948.487077413367 88.400452012647747
10093.19115407597 88.839441393102845
10240.000000000457 89.457800000002138
10388.944229760706 90.251699952977788
10540.05490322983 91.221370596801336
10693.363532057198 92.336185267181747
10848.902086239672 93.575359718198911
11006.703000788428 94.901642741088963
11166.799182492743 96.271302989875267
11329.224016782166 97.623533960861550
11494.0113746885 98.912336731999815
11661.195619909053 100.011266834633020
11830.811615972614 100.930584971164578
12002.894733509682 101.539825393060241
12177.48085762842 101.857802559662304
12354.606395397908 101.635942761550439
12534.308283440243 101.027208653987515
12716.62399563306 99.957236029840772
12901.591550924093 98.592183287051384
13089.249521259411 97.123089462140612
13279.637039626952 95.699280648252369
13472.793808217073 94.399093800834763
13668.760106701786 93.278183765690812
13867.576800634426 92.361505085563806
14069.285349971487 91.689140147317431
14273.927817718419 91.205160711095942
14481.54687870117 90.987369684317002
14692.18582846533 91.074511604057420
14905.888592304698 91.447207794331902
15122.699734421185 92.142581141402843
15342.664467217943 93.191901804290524
15565.828660727671 94.569114220092956
15792.238852178061 96.053196343881012
16021.942255696367 97.072330130551975
16254.986772155136 97.157425292140815
16491.42099916115 96.347874498872216
16731.294241189662 94.921945371696822
16974.65651986603 93.189675804805660
17221.558584396902 91.638654182764739
17472.051922153143 90.541040419220153
17726.188769406665 89.924670442072454
17984.022122223458 89.743755877021556
18245.605747515034 89.882854660004057
18510.99419425065 90.008953265975975
18780.242804832582 89.462374285614104
19053.40772663689 87.886189158116451
19330.545923722028 86.095048544440971
19611.71518870775 85.118783583553721
19896.974154826825 84.787603634491973
20186.382308152035 83.846698676195359
