20 101.781499999999994
20.290906698750476 101.812045305186473
20.586044732869844 101.840174254041784
20.885475648548283 101.866241222874180
21.189261887185914 101.891122975376931
21.49746679841394 101.912713523932695
21.810154653305165 101.932583947145304
22.12739065777668 101.949391817922177
22.449240966187475 101.963723428071802
22.77577269513385 101.974520585272188
23.107053937445478 101.982462662062034
23.44315377638505 101.987431542992041
23.784142300054445 101.990150889375343
24.130090616010463 101.992150455248236
24.481070866093134 101.993452677401848
24.837156241469714 101.994000000000000
25.1984209978975 101.993751973752637
25.56494047120865 101.993087647791100
25.936791093020236 101.991816042954696
26.3140504066728 101.989929751065802
26.69679708340074 101.987278025520240
27.08511093873791 101.983648896782967
27.47907294916184 101.979360432723013
27.878765268980047 101.974166977551533
28.284271247461966 101.967951660040598
28.695675446220072 101.960977841968031
29.11306365684382 101.953238726863134
29.536522918790062 101.944659972867839
29.966141537533712 101.934778744636731
30.402009102982383 101.923943075605251
30.844216508158908 101.911534063610787
31.29285596815558 101.898473250995139
31.74802103936409 101.884063326740346
32.20980663898519 101.868866574274506
32.67830906482211 101.852224255536754
33.153626015361866 101.833854959385519
33.63585661014871 101.814294022373758
34.125101410453844 101.793370436529571
34.62146244024586 101.770669802868213
35.12504320746613 101.746247839626690
35.635948725613716 101.720294717542473
36.15428553564419 101.692822866610854
36.68016172818701 101.664771266677889
37.21368696608603 101.635960903831347
37.754972507267915 101.606476532133797
38.30413122794313 101.576272837463137
38.86127764614443 101.545528975344439
39.4265279456077 101.514086888134187
40.000000000000206 101.482499999999987
40.58181339750116 101.449530464243139
41.1720894657399 101.416558386204258
41.77095129709678 101.383121835484886
42.37852377437204 101.348854720082272
42.9949335968281 101.314366115397490
43.62030930661056 101.279449430633775
44.25478131555359 101.244090855146510
44.89848193237519 101.208583512331074
45.55154539026795 101.172738643751870
46.21410787489121 101.137235875062984
46.88630755277036 101.100937983013580
47.56828460010916 101.064841901648578
48.260181232021196 101.027870627934902
48.962141732186545 100.991144009664424
49.674312482939705 100.953598651641158
50.39684199579528 100.915417742620548
51.129880942417586 100.876563407953057
51.873582186040764 100.837253541232784
52.628100813345895 100.797792294423047
53.393594166801776 100.757590283751512
54.17022187747612 100.716431104431820
54.95814589832399 100.674456504794790
55.75753053796041 100.631881206272368
56.56854249492426 100.588582976521565
57.39135089244048 100.544367051808223
58.226127313687975 100.499062997747160
59.073045837580466 100.452336387257901
59.932283075067765 100.403359864721125
60.804018205965114 100.352767460558510
61.68843301631817 100.301463224811044
62.58571193631152 100.248598384529487
63.49604207872855 100.194485496315650
64.41961327797075 100.139533009960743
65.35661812964459 100.083602912221323
66.3072520307241 100.026411252141202
67.27171322029778 99.968197206782122
68.25020282090806 99.909237627924597
69.2429248804921 99.848681582289970
70.25008641493265 99.787494815104054
71.27189745122783 99.726186152926317
72.30857107128878 99.664140021258305
73.36032345637442 99.601560754345712
74.42737393217246 99.537643877103562
75.50994501453623 99.472190745015297
76.60826245588666 99.405533054736807
77.72255529228926 99.337218723318870
78.85305589121582 99.267184186009473
80.00000000000082 99.195499999999953
81.16362679500274 99.122288297785147
82.34417893148023 99.045628346080676
83.541902594194 98.965372102609010
84.75704754874454 98.880607944545773
85.98986719365665 98.792146894741165
87.24061861322157 98.700154273590698
88.50956263110764 98.606289177754320
89.79696386475084 98.510592352720181
91.10309078053635 98.415525718475408
92.42821574978288 98.321580104445900
93.77261510554118 98.230843411719164
95.13656920021877 98.144078211598696
96.52036246404286 98.059770985322913
97.92428346437356 97.979001277739442
99.34862496587989 97.901697274784496
100.79368399159105 97.829138607073105
102.25976188483567 97.761823731028841
103.74716437208203 97.702015064148327
105.25620162669229 97.658200358883192
106.78718833360406 97.638113642776787
108.34044375495276 97.644744881304476
109.9162917966485 97.671184883473430
111.51506107592134 97.708703351991787
113.13708498984903 97.749111220952557
114.78270178488147 97.785972942534045
116.45225462737648 97.807332974316836
118.14609167516147 97.821365229468853
119.86456615013608 97.825661418961047
121.60803641193078 97.828220026408502
123.3768660326369 97.827188697767681
125.17142387262359 97.823985728382127
126.99208415745765 97.817375551160225
128.83922655594208 97.804926519028484
130.71323625928977 97.789131294385982
132.61450406144883 97.775312975631294
134.5434264405962 97.764011154576721
136.50040564181674 97.752622261917736
138.48584976098482 97.735333716025480
140.50017282986593 97.697161193720916
142.5437949024563 97.632446494755555
144.61714214257822 97.552101457689929
146.7206469127495 97.465265217812174
148.8547478643456 97.377184387988962
151.01989002907314 97.289000420831258
153.216524911774 97.202272053352587
155.4451105845792 97.118386996838240
157.70611178243232 97.036827309971358
160.00000000000236 96.956999999999923
162.3272535900062 96.879269730093796
164.6883578629612 96.802597205240062
167.08380518838874 96.728318800197627
169.51409509748981 96.656285604133785
171.97973438731407 96.588151224665054
174.4812372264439 96.524865316784187
177.01912526221608 96.471213669703232
179.5939277295025 96.427997156327962
182.20618156107355 96.391054694457182
184.85643149956664 96.354009959006063
187.54523021108326 96.312740132453797
190.27313840043846 96.266692764152282
193.04072492808663 96.218091386251302
195.84856692874806 96.169065222054030
198.69724993176072 96.120365101119120
201.58736798318304 96.074660357591199
204.5195237696723 96.030460397416533
207.49432874416505 95.986334123628211
210.5124032533856 95.941566018408110
213.57437666720915 95.895884349991860
216.68088750990657 95.849956909228879
219.83258359329807 95.803927537897181
223.03012215184378 95.762487177295014
226.2741699796992 95.723847045233455
229.5654035697641 95.687280560732589
232.90450925475412 95.652002652825075
236.2921833503241 95.620126010278625
239.72913230027333 95.592200800060283
243.21607282386276 95.562704226246453
246.75373206527502 95.525116596806456
250.34284774524843 95.473800156235257
253.9841683149166 95.413263201764522
257.67845311188546 95.344029004152148
261.42647251858085 95.267329004304273
265.22900812289896 95.185375943250136
269.08685288119375 95.099002383732540
273.0008112836349 95.008606036245027
276.97169952197106 94.915665061233682
281.00034565973334 94.821091911562235
285.0875898049141 94.725459157545501
289.23428428515797 94.628841176155817
293.44129382550057 94.530817853865841
297.7094957286928 94.432452547812943
302.0397800581479 94.334104948691675
306.4330498235497 94.236472903881904
310.89022116916016 94.142305355447633
315.41222356486645 94.054574644110232
320.00000000000654 93.977499999999907
324.6545071800142 93.917922308095825
329.3767157259242 93.875422573184466
334.16761037677935 93.849161948116091
339.02819019498156 93.833318248434551
343.95946877463007 93.824956743715518
348.9624744528898 93.820726267882975
354.03825052443415 93.815961749475562
359.187855459007 93.804111575806587
364.4123631221491 93.775967057579322
369.71286299913527 93.727256515208296
375.0904604221685 93.658584940538944
380.54627680087896 93.573240384329111
386.08144985617537 93.493767846999162
391.6971338574982 93.458101472444696
397.3944998635236 93.458522049058303
403.1747359663683 93.531793318080915
409.0390475393468 93.662294521677524
414.9886574883323 93.836140820463868
421.0248065067734 94.024404771279478
427.1487533344206 94.201472272805603
433.3617750198154 94.344873725376488
439.6651671865984 94.444839791730629
446.06024430368984 94.507704839872758
452.54833995940066 94.540409521866025
459.13080713953053 94.554991268362116
465.8090185095106 94.561721927463879
472.58436670065066 94.564309819057328
479.45826460054917 94.566273789885869
486.432145647728 94.567443214564776
493.50746413055253 94.568429637732947
500.6856954904994 94.570599983554189
507.9683366298358 94.576972294551098
515.3569062237735 94.590596211973022
522.8529450371643 94.614731634537591
530.4580162458005 94.648662219428715
538.1737057623901 94.693740755445646
546.0016225672724 94.750942247352725
553.9433990439449 94.820569603118713
562.0006913194694 94.902407742778053
570.1751796098309 94.994084637356991
578.4685685703187 95.092775965986789
586.8825876510039 95.194967569342253
595.4189914573883 95.304801636810396
604.0795601162986 95.424653621686332
612.8660996471021 95.556229387437639
621.780442338323 95.695065490863769
630.8244471297356 95.834866706946030
640.0000000000159 95.972500000000210
649.3090143600314 96.098637144578419
658.7534314518515 96.211290491131848
668.3352207535618 96.310185729610978
678.0563803899662 96.398298966451193
687.9189375492632 96.479247447271561
697.9249489057827 96.556229611683946
708.0765010488715 96.632573757866538
718.3757109180171 96.709817831885118
728.8247262443015 96.787744210520046
739.425725998274 96.864365227187577
750.1809208443404 96.938660908751189
761.0925536017613 97.008677218944626
772.1628997123541 97.073913875241459
783.3942677149998 97.134085620827875
794.7889997270506 97.189681998726229
806.34947193274 97.242043501036278
818.0780950786972 97.293650109191219
829.9773149766683 97.346589352586420
842.0496130135506 97.402404395689928
854.2975066688449 97.462524721677823
866.7235500396347 97.528887900225612
879.3303343732008 97.602848073113847
892.1204886073838 97.684995224808731
905.0966799188055 97.773101482758193
918.2616142790653 97.868480444456139
931.6180370190256 97.969153437184076
945.1687334013056 98.074155078310227
958.9165292011028 98.184075277708899
972.8642912954606 98.299257189223823
987.0149282611097 98.421899565971998
1001.3713909810035 98.554256779483040
1015.9366732596762 98.695585289690683
1030.7138124475518 98.847046017302688
1045.7058900743334 99.005731700169434
1060.916032491606 99.168271013243796
1076.3474115247852 99.332468166140274
1092.0032451345498 99.494095052755952
1107.8867980878947 99.652626738772994
1124.0013826389438 99.806123938927982
1140.350359219667 99.957153232977006
1156.9371371406426 100.105488261019332
1173.765175302013 100.254555607348991
1190.837982914782 100.404957618749421
1208.1591202326028 100.557392302035282
1225.73219929421 100.710679060549822
1243.5608846766518 100.864909791122471
1261.648894259477 101.018627304730245
1280.0000000000375 101.172500000000326
1298.6180287200684 101.328891441248572
1317.5068629037087 101.487808334681517
1336.6704415071292 101.651532274885966
1356.112760779938 101.818972561726966
1375.8378750985323 101.989497619602304
1395.8498978115715 102.161016626288941
1416.153002097749 102.330839134112949
1436.7514218360407 102.500686516871923
1457.6494524886093 102.670113554207504
1478.8514519965543 102.842504877331820
1500.3618416886875 103.018517759683647
1522.1851072035295 103.200523794077441
1544.3257994247153 103.386723231156111
1566.788535430007 103.576195239029261
1589.5779994541087 103.768538315392675
1612.6989438654878 103.964441022856647
1636.156190157402 104.165612606763105
1659.9546299533442 104.373498928787569
1684.099226027109 104.588938987805605
1708.5950133376978 104.812074122706818
1733.4471000792773 105.041220146734105
1758.6606687464096 105.275563859466388
1784.2409772147755 105.516104463996072
1810.193359837619 105.764171723228145
1836.5232285581387 106.020427639869752
1863.2360740380593 106.283272411496029
1890.3374668026197 106.551340921345940
1917.833058402214 106.823547278181906
1945.7285825909298 107.099298395998389
1974.0298565222283 107.380837370961387
2002.7427819620161 107.666744967489365
2031.8733465193618 107.955952463215709
2061.4276248951132 108.246871755230856
2091.411780148677 108.538053089427308
2121.832064983222 108.829950418965183
2152.694823049581 109.120585798496734
2184.0064902691106 109.408156140827799
2215.7735961758003 109.677815188163549
2248.002765277899 109.949257437339014
2280.7007184393456 110.234809631651601
2313.874274281297 110.515225432155063
2347.530350604038 110.769842006818863
2381.6759658295764 111.004770870203899
2416.318240465218 111.229173090884359
2451.4643985884327 111.428566227465751
2487.1217693533167 111.601408971041820
2523.2977885189675 111.741454483381261
2560.0000000000887 111.857250000000249
2597.236057440151 111.945894861290299
2635.0137258074315 112.010768987366944
2673.340883014273 112.050464467449103
2712.225521559891 112.070297231108640
2751.6757501970797 112.064977009328189
2791.699795623158 112.038828905837335
2832.3060041955137 111.989209954378012
2873.502843672097 111.924840080447268
2915.2989049772345 111.849626102443722
2957.7029039931244 111.767363104893960
3000.723683377391 111.680016449076348
3044.370214407075 111.590832408092638
3088.6515988494466 111.505028252157274
3133.57707086003 111.424034839380695
3179.1559989082334 111.348850401746830
3225.3978877309914 111.282482745949707
3272.3123803148205 111.227964495882020
3319.9092599067053 111.184271684673703
3368.198452054235 111.149944897808552
3417.190026675413 111.125483490663612
3466.8942001585724 111.111296927974621
3517.3213374928373 111.106173213374930
3568.4819544295697 111.108717834531546
3620.386719675257 111.115965742344798
3673.0464571162966 111.124456968567443
3726.472148076138 111.130353050365329
3780.6749336052594 111.129151613308096
3835.6661168044484 111.120643503790632
3891.45716518188 111.095784628067008
3948.059713044477 111.058285440108037
4005.4855639240527 110.997003062637134
4063.746693038744 110.916224289160112
4122.855249790247 110.816527437902010
4182.823560297375 110.701191533102545
4243.664129966465 110.576033789783281
4305.389646099183 110.444373841270917
4368.012980538242 110.307354884320347
4431.5471923516225 110.163199948801321
4496.00553055582 109.998852333309500
4561.401436878714 109.785394252485148
4627.748548562617 109.510449262522314
4695.060701208099 109.132543279478114
4763.351931659176 108.639629886884194
4832.63648093046 108.047607092156028
4902.928797176889 107.368859971289908
4974.243538706657 106.638796471805648
5046.595577037959 105.892895335360919
5120.000000000202 105.154499999997995
5194.472114880326 104.448038885137564
5270.027451614888 103.797459480023832
5346.6817660285715 103.190217445730724
5424.451043119808 102.637630533449851
5503.351500394186 102.153369394111323
5583.399591246343 101.723840888292571
5664.612008391055 101.346569022282210
5747.005687344222 101.017339411813921
5830.597809954497 100.739979121177186
5915.405807986278 100.514032948428479
6001.447366754812 100.336401318205517
6088.740428814181 100.214321455895302
6177.303197698925 100.143933469672660
6267.154141720092 100.124973566928759
6358.3119978165005 100.160404078711736
6450.795775462017 100.242145247394774
6544.624760629676 100.364883388550808
6639.818519813445 100.517585131876331
6736.396904108505 100.682964814381734
6834.380053350861 100.832990767488837
6933.788400317181 100.934245736171277
7034.642674985712 100.954584009631361
7136.963908859177 100.871163053977014
7240.773439350552 100.675343198443102
7346.092914232631 100.357030398479736
7452.944296152315 99.909044036238029
7561.349867210557 99.336050132453110
7671.332233608935 98.667643049874201
7782.914330363799 97.927751778284886
7896.119426088994 97.141462524550931
8010.971127848146 96.339356304319324
8127.49338607753 95.560579874868395
8245.710499580537 94.820358871857252
8365.647120594791 94.130308243050649
8487.328259932974 93.505097885172376
8610.77929219841 92.947108988948756
8736.025961076528 92.454837512890890
8863.094384703289 92.025530187187712
8992.011061111683 91.661555437461345
9122.802873757471 91.361997948371283
9255.497097125279 91.128065200549642
9390.121402416245 90.963661983248215
9526.7038633184 90.876545171490278
9665.272961860968 90.854156662304149
9805.857594353829 90.887639775768747
9948.487077413367 90.983782281204356
10093.19115407597 91.163384624689144
10240.000000000457 91.439400000000987
10388.944229760706 91.817090869439681
10540.05490322983 92.304689416142907
10693.363532057198 92.893979269660974
10848.902086239672 93.573037429803321
11006.703000788428 94.279828694140889
11166.799182492743 94.882905774385890
11329.224016782166 95.115673259921323
11494.0113746885 94.889347748142143
11661.195619909053 93.804148188649634
11830.811615972614 92.193983100793417
12002.894733509682 89.915205509716031
12177.48085762842 87.554966718880536
12354.606395397908 86.915832470824967
12534.308283440243 87.888931325750335
12716.62399563306 89.595786041046892
12901.591550924093 91.141492729152191
13089.249521259411 92.622918363542155
13279.637039626952 94.011730962062344
13472.793808217073 95.227226254783048
13668.760106701786 96.177662799064677
13867.576800634426 96.806694557297391
14069.285349971487 97.096091568909017
14273.927817718419 97.151003964421108
14481.54687870117 96.834392688715155
14692.18582846533 95.958188584694142
14905.888592304698 94.563395504329606
15122.699734421185 92.772901784366610
15342.664467217943 90.787309335120028
15565.828660727671 88.810385430603247
15792.238852178061 86.984378181327244
16021.942255696367 85.401486622252293
16254.986772155136 84.172777011760644
16491.42099916115 83.332489768981276
16731.294241189662 82.773261364640433
16974.65651986603 82.451476602326395
17221.558584396902 82.349987487330580
17472.051922153143 82.414277134310538
17726.188769406665 82.594951087210248
17984.022122223458 82.803025963245446
18245.605747515034 82.695161972222607
18510.99419425065 81.403772354070639
18780.242804832582 77.861937088043703
19053.40772663689 71.993680074016368
19330.545923722028 67.563505983381006
19611.71518870775 68.859717832457989
19896.974154826825 72.801651153611942
20186.382308152035 74.264000000000010
