20 99.733000000000004
20.290906698750476 99.783999947376927
20.586044732869844 99.834000122819674
20.885475648548283 99.883500100702264
21.189261887185914 99.930999982238788
21.49746679841394 99.976999970672978
21.810154653305165 100.023000090939490
22.12739065777668 100.067000090249692
22.449240966187475 100.110499862377679
22.77577269513385 100.153500086342618
23.107053937445478 100.194999992097848
23.44315377638505 100.235500091403935
23.784142300054445 100.275000033078427
24.130090616010463 100.312999957973489
24.481070866093134 100.350499985934476
24.837156241469714 100.387000023478834
25.1984209978975 100.422499999791242
25.56494047120865 100.456499951123291
25.936791093020236 100.490000095954983
26.3140504066728 100.522499949853483
26.69679708340074 100.553500086803325
27.08511093873791 100.583499921028533
27.47907294916184 100.612999996271185
27.878765268980047 100.641000018640256
28.284271247461966 100.668500015695770
28.695675446220072 100.694500026823718
29.11306365684382 100.719999978701011
29.536522918790062 100.743499938942279
29.966141537533712 100.767500027229687
30.402009102982383 100.789499954886850
30.844216508158908 100.810999977835309
31.29285596815558 100.831499998585514
31.74802103936409 100.852000040659988
32.20980663898519 100.870499944203132
32.67830906482211 100.888499964199752
33.153626015361866 100.905500035923922
33.63585661014871 100.921999987111604
34.125101410453844 100.936999951440711
34.62146244024586 100.951499956165037
35.12504320746613 100.964500028463206
35.635948725613716 100.976500016859575
36.15428553564419 100.988000011244864
36.68016172818701 100.998500012328222
37.21368696608603 101.007499982621795
37.754972507267915 101.014999980765253
38.30413122794313 101.019000000821222
38.86127764614443 101.020999995157538
39.4265279456077 101.021500000000003
40.000000000000206 101.024000000000001
40.58181339750116 101.026999996904522
41.1720894657399 101.030500002341569
41.77095129709678 101.034000008570374
42.37852377437204 101.037999991959992
42.9949335968281 101.039999998696572
43.62030930661056 101.040999999999997
44.25478131555359 101.040999997948859
44.89848193237519 101.040500000000009
45.55154539026795 101.038999997894081
46.21410787489121 101.037000000564433
46.88630755277036 101.033999996746104
47.56828460010916 101.029499986073887
48.260181232021196 101.021999996682695
48.962141732186545 101.010500023394783
49.674312482939705 100.995000012298107
50.39684199579528 100.978000023542194
51.129880942417586 100.963000039155389
51.873582186040764 100.950499985801585
52.628100813345895 100.940500002711417
53.393594166801776 100.929999983413808
54.17022187747612 100.919000015841959
54.95814589832399 100.908499989849474
55.75753053796041 100.898499992011324
56.56854249492426 100.885999990944725
57.39135089244048 100.870499982832811
58.226127313687975 100.854000013926253
59.073045837580466 100.835500048337337
59.932283075067765 100.815499947441964
60.804018205965114 100.792500049214226
61.68843301631817 100.771500046931905
62.58571193631152 100.754000001131587
63.49604207872855 100.738999963857708
64.41961327797075 100.721000080310304
65.35661812964459 100.696000082411302
66.3072520307241 100.666499968895437
67.27171322029778 100.638999994803015
68.25020282090806 100.617000067982843
69.2429248804921 100.598000059490289
70.25008641493265 100.578999954933252
71.27189745122783 100.559999971900766
72.30857107128878 100.538999998367359
73.36032345637442 100.513499935310051
74.42737393217246 100.484000059858232
75.50994501453623 100.449500132055476
76.60826245588666 100.412499948859946
77.72255529228926 100.373500059554473
78.85305589121582 100.335500068769818
80.00000000000082 100.297999999999973
81.16362679500274 100.259500039209314
82.34417893148023 100.221499938498511
83.541902594194 100.183999953916199
84.75704754874454 100.148500072360008
85.98986719365665 100.114500022158126
87.24061861322157 100.079499927661629
88.50956263110764 100.043999926159330
89.79696386475084 100.006500094635925
91.10309078053635 99.967499911551442
92.42821574978288 99.925499975931785
93.77261510554118 99.881499962580222
95.13656920021877 99.835499888591158
96.52036246404286 99.787500018523943
97.92428346437356 99.737000091779493
99.34862496587989 99.683500001288905
100.79368399159105 99.628000078935571
102.25976188483567 99.570000165012004
103.74716437208203 99.509499902188693
105.25620162669229 99.446000058940939
106.78718833360406 99.381499908022050
108.34044375495276 99.321500084970495
109.9162917966485 99.262499928946198
111.51506107592134 99.195999951402115
113.13708498984903 99.122000000467679
114.78270178488147 99.045499917382898
116.45225462737648 98.968000017345986
118.14609167516147 98.892000146686996
119.86456615013608 98.823499891198409
121.60803641193078 98.766000112782592
123.3768660326369 98.712500088591867
125.17142387262359 98.654500037557511
126.99208415745765 98.585999874764241
128.83922655594208 98.512500257231181
130.71323625928977 98.442500210606653
132.61450406144883 98.373499921702177
134.5434264405962 98.298000022539298
136.50040564181674 98.214500275168945
138.48584976098482 98.127000231371113
140.50017282986593 98.038499791269558
142.5437949024563 97.950999924485828
144.61714214257822 97.872499995306157
146.7206469127495 97.808999886792577
148.8547478643456 97.768000063720038
151.01989002907314 97.765999974335884
153.216524911774 97.800500068186821
155.4451105845792 97.856499908377828
157.70611178243232 97.921999879188263
160.00000000000236 97.972500000000039
162.3272535900062 97.993999991548463
164.6883578629612 97.985499946590807
167.08380518838874 97.947999911788443
169.51409509748981 97.895500086400460
171.97973438731407 97.833500042361095
174.4812372264439 97.760999842922246
177.01912526221608 97.684499812049694
179.5939277295025 97.607000159087434
182.20618156107355 97.529999873912175
184.85643149956664 97.458499961938628
187.54523021108326 97.391999924391683
190.27313840043846 97.328999858417916
193.04072492808663 97.269000022768992
195.84856692874806 97.213500097178212
198.69724993176072 97.164500001121809
201.58736798318304 97.120500059547908
204.5195237696723 97.080000100736939
207.49432874416505 97.042499943206366
210.5124032533856 97.006000021335609
213.57437666720915 96.967499923102068
216.68088750990657 96.924000079241537
219.83258359329807 96.875499956859812
223.03012215184378 96.821999980044353
226.2741699796992 96.765500000355416
229.5654035697641 96.708499923083167
232.90450925475412 96.653000012231132
236.2921833503241 96.596500128247058
239.72913230027333 96.539999898451896
243.21607282386276 96.483000118934399
246.75373206527502 96.425500098621129
250.34284774524843 96.364000038809394
253.9841683149166 96.299499864868679
257.67845311188546 96.230500262206547
261.42647251858085 96.156500208982152
265.22900812289896 96.078999916339285
269.08685288119375 96.002500002301389
273.0008112836349 95.931000226609697
276.97169952197106 95.867000165640576
281.00034565973334 95.810999886147073
285.0875898049141 95.764499951156736
289.23428428515797 95.723999988349732
293.44129382550057 95.686499921447904
297.7094957286928 95.651500061108692
302.0397800581479 95.615000130648227
306.4330498235497 95.574499944926032
310.89022116916016 95.531500067189597
315.41222356486645 95.484000080276559
320.00000000000654 95.432499999999919
324.6545071800142 95.376500035013450
329.3767157259242 95.315999912643377
334.16761037677935 95.252999902517814
339.02819019498156 95.188500104000525
343.95946877463007 95.124500054641004
348.9624744528898 95.059999857334134
354.03825052443415 94.997999865238683
359.187855459007 94.939500116256184
364.4123631221491 94.886499915365690
369.71286299913527 94.838999974812310
375.0904604221685 94.794999951563426
380.54627680087896 94.753999910132521
386.08144985617537 94.711000009059717
391.6971338574982 94.663500088180200
397.3944998635236 94.613000009937778
403.1747359663683 94.564000067856909
409.0390475393468 94.513000125306860
414.9886574883323 94.459999905831111
421.0248065067734 94.406000040052390
427.1487533344206 94.354499914862146
433.3617750198154 94.302500093328888
439.6651671865984 94.246499946600380
446.06024430368984 94.193499982895133
452.54833995940066 94.148500000261862
459.13080713953053 94.111499960168032
465.8090185095106 94.085500008546461
472.58436670065066 94.072000018925991
479.45826460054917 94.074500025387039
486.432145647728 94.092999956122512
493.50746413055253 94.130999923880438
500.6856954904994 94.184999972232504
507.9683366298358 94.248500137003035
515.3569062237735 94.326999689097988
522.8529450371643 94.422999718570736
530.4580162458005 94.529000126563659
538.1737057623901 94.651499996103013
546.0016225672724 94.786499550018050
553.9433990439449 94.940499587213097
562.0006913194694 95.100500421606128
570.1751796098309 95.271500185461775
578.4685685703187 95.448500031092948
586.8825876510039 95.608500341932739
595.4189914573883 95.754999753867779
604.0795601162986 95.900999504911937
612.8660996471021 96.032000143844087
621.780442338323 96.151499804981512
630.8244471297356 96.276499777944352
640.0000000000159 96.405500000000217
649.3090143600314 96.531999911871253
658.7534314518515 96.651000156396535
668.3352207535618 96.761000174024744
678.0563803899662 96.866999831999181
687.9189375492632 96.967999924726286
697.9249489057827 97.061500188413746
708.0765010488715 97.147500199194781
718.3757109180171 97.233499822556382
728.8247262443015 97.322000163971325
739.425725998274 97.414000054853233
750.1809208443404 97.519000138221529
761.0925536017613 97.636000245339687
772.1628997123541 97.740999970409177
783.3942677149998 97.827499857996884
794.7889997270506 97.909999990761136
806.34947193274 97.995999885719243
818.0780950786972 98.088499763598492
829.9773149766683 98.181000151126923
842.0496130135506 98.272499931762638
854.2975066688449 98.365500164512895
866.7235500396347 98.459499834473348
879.3303343732008 98.553500094177537
892.1204886073838 98.652000044236900
905.0966799188055 98.755999999339124
918.2616142790653 98.864500146716352
931.6180370190256 98.980499955781369
945.1687334013056 99.102499741344957
958.9165292011028 99.223000217603243
972.8642912954606 99.346499748647403
987.0149282611097 99.478499760767136
1001.3713909810035 99.608999928204668
1015.9366732596762 99.736500242532429
1030.7138124475518 99.866999521810683
1045.7058900743334 99.994999634830265
1060.916032491606 100.122500139434578
1076.3474115247852 100.251499996072369
1092.0032451345498 100.377999592102668
1107.8867980878947 100.503499660814697
1124.0013826389438 100.632500316332141
1140.350359219667 100.761500128156200
1156.9371371406426 100.883500022851479
1173.765175302013 101.007000281446523
1190.837982914782 101.132499778766089
1208.1591202326028 101.255499580550492
1225.73219929421 101.374500140248017
1243.5608846766518 101.489499821129684
1261.648894259477 101.599499809416841
1280.0000000000375 101.704000000000207
1298.6180287200684 101.802999931060612
1317.5068629037087 101.895000123990073
1336.6704415071292 101.981000138243985
1356.112760779938 102.064999862945712
1375.8378750985323 102.142499938952938
1395.8498978115715 102.214500147265937
1416.153002097749 102.283000157012395
1436.7514218360407 102.349499862195046
1457.6494524886093 102.415000114779943
1478.8514519965543 102.477000032464190
1500.3618416886875 102.534500063794553
1522.1851072035295 102.588500117991714
1544.3257994247153 102.641999984316868
1566.788535430007 102.691499916166862
1589.5779994541087 102.737499993023505
1612.6989438654878 102.780999942305201
1636.156190157402 102.822499895779998
1659.9546299533442 102.862000064768694
1684.099226027109 102.899999974083642
1708.5950133376978 102.936500059841393
1733.4471000792773 102.972499934845899
1758.6606687464096 103.010000035403422
1784.2409772147755 103.049000016195976
1810.193359837619 103.089500001404815
1836.5232285581387 103.133000062789449
1863.2360740380593 103.180499982163923
1890.3374668026197 103.232999888547027
1917.833058402214 103.291000110614988
1945.7285825909298 103.353999871354986
1974.0298565222283 103.422999875598578
2002.7427819620161 103.498499957701995
2031.8733465193618 103.577000152713453
2061.4276248951132 103.658499698372921
2091.411780148677 103.743499760329073
2121.832064983222 103.829000093932876
2152.694823049581 103.913999997391841
2184.0064902691106 104.000999715119377
2215.7735961758003 104.089999757724812
2248.002765277899 104.178500218999204
2280.7007184393456 104.269000095856711
2313.874274281297 104.362000017794202
2347.530350604038 104.456500221253577
2381.6759658295764 104.553999830788911
2416.318240465218 104.654499655655826
2451.4643985884327 104.757000127592150
2487.1217693533167 104.860499836958951
2523.2977885189675 104.965999814662297
2560.0000000000887 105.071500000000242
2597.236057440151 105.175999925374924
2635.0137258074315 105.279000142306842
2673.340883014273 105.379500157760816
2712.225521559891 105.474499846433190
2751.6757501970797 105.561499933092563
2791.699795623158 105.640500155517799
2832.3060041955137 105.709500140608128
2873.502843672097 105.766999885162562
2915.2989049772345 105.810000056479041
2957.7029039931244 105.836500008045988
3000.723683377391 105.846999996524843
3044.370214407075 105.839499955846065
3088.6515988494466 105.815500007655373
3133.57707086003 105.777500070146075
3179.1559989082334 105.727000008371775
3225.3978877309914 105.666000084492268
3272.3123803148205 105.595500183020476
3319.9092599067053 105.517999863819639
3368.198452054235 105.434000060237977
3417.190026675413 105.343999837385070
3466.8942001585724 105.249000167123967
3517.3213374928373 105.147999902017517
3568.4819544295697 105.044499958917498
3620.386719675257 104.939499998648699
3673.0464571162966 104.833999864332441
3726.472148076138 104.731000038273208
3780.6749336052594 104.634500201520524
3835.6661168044484 104.548499862184570
3891.45716518188 104.476000135329315
3948.059713044477 104.420000090635313
4005.4855639240527 104.383500017253112
4063.746693038744 104.368500003770720
4122.855249790247 104.376999944571466
4182.823560297375 104.411499884394033
4243.664129966465 104.473000091722724
4305.389646099183 104.563499996992988
4368.012980538242 104.682999588865499
4431.5471923516225 104.828499593207965
4496.00553055582 104.999000462798918
4561.401436878714 105.193000220923011
4627.748548562617 105.407000045903459
4695.060701208099 105.637000541638287
4763.351931659176 105.880499568174045
4832.63648093046 106.135499116677877
4902.928797176889 106.397500320172554
4974.243538706657 106.660999583691392
5046.595577037959 106.920499552448177
5120.000000000202 107.169000000000651
5194.472114880326 107.400499838667770
5270.027451614888 107.607000252207229
5346.6817660285715 107.773500204913930
5424.451043119808 107.885999838176929
5503.351500394186 107.941999967324293
5583.399591246343 107.949499947430581
5664.612008391055 107.915499854704905
5747.005687344222 107.845000163992935
5830.597809954497 107.744999788659072
5915.405807986278 107.624499929731712
6001.447366754812 107.491999842459308
6088.740428814181 107.357499708583987
6177.303197698925 107.227500036436027
6267.154141720092 107.106000204914324
6358.3119978165005 106.995000016898530
6450.795775462017 106.896000126738357
6544.624760629676 106.806500221149705
6639.818519813445 106.722999864638609
6736.396904108505 106.643000056149901
6834.380053350861 106.559499846933306
6933.788400317181 106.468000163642188
7034.642674985712 106.363499888699465
7136.963908859177 106.243999944961843
7240.773439350552 106.095999997516117
7346.092914232631 105.885499659075691
7452.944296152315 105.618500102928820
7561.349867210557 105.331000617289092
7671.332233608935 105.008999334840183
7782.914330363799 104.627000786119282
7896.119426088994 104.180000826901448
8010.971127848146 103.664500293661774
8127.49338607753 103.021998489833038
8245.710499580537 102.189003196378536
8365.647120594791 101.399002053102407
8487.328259932974 100.849499384603320
8610.77929219841 100.271000023097884
8736.025961076528 99.854000975255786
8863.094384703289 99.977999355814944
8992.011061111683 100.037999336409925
9122.802873757471 99.701499552868583
9255.497097125279 99.287999925381484
9390.121402416245 98.935999326917994
9526.7038633184 98.657000454461894
9665.272961860968 98.448000653932183
9805.857594353829 98.309499896914105
9948.487077413367 98.241500081085320
10093.19115407597 98.241999970510150
10240.000000000457 98.303500000000312
10388.944229760706 98.413999914003568
10540.05490322983 98.557500211346877
10693.363532057198 98.702000191153914
10848.902086239672 98.804499856340783
11006.703000788428 98.840499986666771
11166.799182492743 98.796499756866453
11329.224016782166 98.662499523174603
11494.0113746885 98.437000514230817
11661.195619909053 98.110999249375169
11830.811615972614 97.668999710990505
12002.894733509682 97.109999265430048
12177.48085762842 96.459498454174025
12354.606395397908 95.743500203692520
12534.308283440243 94.985001320750030
12716.62399563306 94.201500117709145
12901.591550924093 93.407001055159895
13089.249521259411 92.609002028476311
13279.637039626952 91.818998718897831
13472.793808217073 91.064000522849170
13668.760106701786 90.386998971529167
13867.576800634426 89.818500938331113
14069.285349971487 89.349499594751791
14273.927817718419 88.919999809794461
14481.54687870117 88.408999988149418
14692.18582846533 87.652998621302402
14905.888592304698 86.488500477856832
15122.699734421185 84.805003856577088
15342.664467217943 82.602995383972257
15565.828660727671 79.981505339305485
15792.238852178061 77.062005327530471
16021.942255696367 73.900001781994149
16254.986772155136 70.488494193114789
16491.42099916115 68.344504458753065
16731.294241189662 69.287496453732629
16974.65651986603 69.986499845328055
17221.558584396902 69.869500003604173
17472.051922153143 71.945491632823021
17726.188769406665 74.352994229565184
17984.022122223458 75.384501535317469
18245.605747515034 76.253501239695140
18510.99419425065 77.223000050019749
18780.242804832582 77.242998932586971
19053.40772663689 76.839500583828681
19330.545923722028 77.610496083947567
19611.71518870775 78.988001126668451
19896.974154826825 79.888498616646388
20186.382308152035 80.774998454385582
