20 57.914310131954892
20.290906698750476 58.198280305359930
20.586044732869844 58.444750869850530
20.885475648548283 58.659486143475121
21.189261887185914 58.861426988430935
21.49746679841394 59.060412421782772
21.810154653305165 59.256353703330134
22.12739065777668 59.449809215380654
22.449240966187475 59.639750792160257
22.77577269513385 59.826221439565842
23.107053937445478 60.009677108068544
23.44315377638505 60.192677217495216
23.784142300054445 60.375706560764471
24.130090616010463 60.560206345837486
24.481070866093134 60.743677156405965
24.837156241469714 60.925662181997581
25.1984209978975 61.105647840768924
25.56494047120865 61.284632836465789
25.936791093020236 61.461574161638190
26.3140504066728 61.635500574727430
26.69679708340074 61.804471199264086
27.08511093873791 61.971971241892007
27.47907294916184 62.139941841956741
27.878765268980047 62.306971311698916
28.284271247461966 62.474971123713161
28.695675446220072 62.642486037343474
29.11306365684382 62.811485745796048
29.536522918790062 62.980471041265709
29.966141537533712 63.148471069335940
30.402009102982383 63.316456601541958
30.844216508158908 63.484500417044089
31.29285596815558 63.655574277670951
31.74802103936409 63.832706686295424
32.20980663898519 64.020397589252610
32.67830906482211 64.221603756446598
33.153626015361866 64.434706570026790
33.63585661014871 64.653765318734727
34.125101410453844 64.876780260102265
34.62146244024586 65.099236235296871
35.12504320746613 65.317647739664551
35.635948725613716 65.529574049301971
36.15428553564419 65.737544759305536
36.68016172818701 65.944044802186156
37.21368696608603 66.150000866220239
37.754972507267915 66.351353486120260
38.30413122794313 66.542162481681146
38.86127764614443 66.720544704723906
39.4265279456077 66.893559362371761
40.000000000000206 67.067618152894880
40.58181339750116 67.246191812766085
41.1720894657399 67.429736017036646
41.77095129709678 67.617309316390731
42.37852377437204 67.809368462712641
42.9949335968281 68.006441830740371
43.62030930661056 68.209574350494904
44.25478131555359 68.421236088549989
44.89848193237519 68.644382984118891
45.55154539026795 68.876441909190035
46.21410787489121 69.108221364934622
46.88630755277036 69.318706374596687
47.56828460010916 69.493206435405881
48.260181232021196 69.640632919444158
48.962141732186545 69.788897673044971
49.674312482939705 69.960897786702276
50.39684199579528 70.167338928847016
51.129880942417586 70.399530364954529
51.873582186040764 70.637912611938077
52.628100813345895 70.863574235988523
53.393594166801776 71.065765389652739
54.17022187747612 71.249662468943242
54.95814589832399 71.432839001891836
55.75753053796041 71.632721260252765
56.56854249492426 71.858015476241292
57.39135089244048 72.098030187119207
58.226127313687975 72.334824393424867
59.073045837580466 72.557662588269707
59.932283075067765 72.772147903584624
60.804018205965114 72.985603617407094
61.68843301631817 73.193971303122751
62.58571193631152 73.393382981217457
63.49604207872855 73.590471264187613
64.41961327797075 73.795133141217462
65.35661812964459 74.010765563654786
66.3072520307241 74.233294817389094
67.27171322029778 74.455736120508348
68.25020282090806 74.673677292296446
69.2429248804921 74.888603633549508
70.25008641493265 75.099030067153805
71.27189745122783 75.304485989870585
72.30857107128878 75.508544759305607
73.36032345637442 75.718162475700666
74.42737393217246 75.934736036280384
75.50994501453623 76.154691972685214
76.60826245588666 76.370118307083018
77.72255529228926 76.581574238654966
78.85305589121582 76.791603594600318
80.00000000000082 77.003133131179084
81.16362679500274 77.217206640344372
82.34417893148023 77.436794811566386
83.541902594194 77.662883136443298
84.75704754874454 77.895000801722006
85.98986719365665 78.134000784200481
87.24061861322157 78.369265412750963
88.50956263110764 78.583397770201657
89.79696386475084 78.778912455766019
91.10309078053635 78.981721278866118
92.42821574978288 79.204353749795033
93.77261510554118 79.433353718933262
95.13656920021877 79.661339072247642
96.52036246404286 79.887309546438416
97.92428346437356 80.111794803861358
99.34862496587989 80.336383202748920
100.79368399159105 80.567927337317002
102.25976188483567 80.800383120322792
103.74716437208203 81.029324350310020
105.25620162669229 81.255339007103089
106.78718833360406 81.481853774764943
108.34044375495276 81.710397810451425
109.9162917966485 81.941941963319024
111.51506107592134 82.175442039334484
113.13708498984903 82.409427217426440
114.78270178488147 82.641397809188248
116.45225462737648 82.871883099949258
118.14609167516147 83.102427231000192
119.86456615013608 83.336515515770060
121.60803641193078 83.576030180937053
123.3768660326369 83.814971427334086
125.17142387262359 84.050971344731309
126.99208415745765 84.288574338677421
128.83922655594208 84.532603720502820
130.71323625928977 84.776530212370403
132.61450406144883 85.016015573201969
134.5434264405962 85.256103739499139
136.50040564181674 85.504750844937632
138.48584976098482 85.761309677206299
140.50017282986593 86.021839061894298
142.5437949024563 86.281736161047917
144.61714214257822 86.532647945924822
146.7206469127495 86.781221428395327
148.8547478643456 87.035780275240484
151.01989002907314 87.290691986108158
153.216524911774 87.540089098384769
155.4451105845792 87.783574357208195
157.70611178243232 88.026089097690047
160.00000000000236 88.267941936441403
162.3272535900062 88.496647802906921
164.6883578629612 88.703294781176254
167.08380518838874 88.887456451243665
169.51409509748981 89.046456331967050
171.97973438731407 89.167764989248951
174.4812372264439 89.241603086987283
177.01912526221608 89.274764763863715
179.5939277295025 89.292867734313901
182.20618156107355 89.322676632050587
184.85643149956664 89.374456112166285
187.54523021108326 89.443706162072516
190.27313840043846 89.529426793046127
193.04072492808663 89.630676876419557
195.84856692874806 89.751044591008366
198.69724993176072 89.898471152328995
201.58736798318304 90.073309468634136
204.5195237696723 90.269588933862266
207.49432874416505 90.483824277351985
210.5124032533856 90.712471388368556
213.57437666720915 90.949030211672778
216.68088750990657 91.188515483540726
219.83258359329807 91.426986091053948
223.03012215184378 91.661853711363477
226.2741699796992 91.887780192564676
229.5654035697641 92.109721363521345
232.90450925475412 92.326588977741707
236.2921833503241 92.533456540057756
239.72913230027333 92.733456563471947
243.21607282386276 92.933912453804254
246.75373206527502 93.129780030893642
250.34284774524843 93.315132974619161
253.9841683149166 93.492515276732576
257.67845311188546 93.662441748964028
261.42647251858085 93.825824056477231
265.22900812289896 93.981706388813109
269.08685288119375 94.130059314564178
273.0008112836349 94.267912195458450
276.97169952197106 94.395235682186581
281.00034565973334 94.511132731745704
285.0875898049141 94.620588603910164
289.23428428515797 94.726956212855640
293.44129382550057 94.822250281679132
297.7094957286928 94.903588483921411
302.0397800581479 94.975985525545184
306.4330498235497 95.040309006055949
310.89022116916016 95.092676626990055
315.41222356486645 95.136573658971329
320.00000000000654 95.173367733326813
324.6545071800142 95.193117674925062
329.3767157259242 95.198514709380788
334.16761037677935 95.200044127866647
339.02819019498156 95.203588255577472
343.95946877463007 95.210647093720581
348.9624744528898 95.223250057194960
354.03825052443415 95.241882441760353
359.187855459007 95.268897152906419
364.4123631221491 95.294764765754621
369.71286299913527 95.307999999999993
375.0904604221685 95.302102849219821
380.54627680087896 95.266073319644207
386.08144985617537 95.194690875078578
391.6971338574982 95.103146745519609
397.3944998635236 95.012749714595429
403.1747359663683 94.929896805510126
409.0390475393468 94.857029191887094
414.9886574883323 94.793676275944847
421.0248065067734 94.739838082509323
427.1487533344206 94.696941049818463
433.3617750198154 94.660544011987596
439.6651671865984 94.630617559631190
446.06024430368984 94.604588140582294
452.54833995940066 94.575014595222456
459.13080713953053 94.543573431107447
465.8090185095106 94.515058721779496
472.58436670065066 94.482985174631025
479.45826460054917 94.447985175514816
486.432145647728 94.413514595439139
493.50746413055253 94.380514593165600
500.6856954904994 94.345911631134797
507.9683366298358 94.300514482483663
515.3569062237735 94.219793718048351
522.8529450371643 94.094073092414405
530.4580162458005 93.974999770404708
538.1737057623901 93.924264651755536
546.0016225672724 93.909102848500481
553.9433990439449 93.869926221684352
562.0006913194694 93.787911396529438
570.1751796098309 93.669411280043974
578.4685685703187 93.516161098043952
586.8825876510039 93.306234416547653
595.4189914573883 93.031263624017555
604.0795601162986 92.709381386722299
612.8660996471021 92.480088139218452
621.780442338323 92.568471854264772
630.8244471297356 93.000310525757797
640.0000000000159 93.462177567917152
649.3090143600314 93.722765111121248
658.7534314518515 93.810191220628212
668.3352207535618 93.808558721333455
678.0563803899662 93.773838083303744
687.9189375492632 93.726764536413270
697.9249489057827 93.675705700674797
708.0765010488715 93.621205698037159
718.3757109180171 93.567749827043315
728.8247262443015 93.514661569871635
739.425725998274 93.457117445629365
750.1809208443404 93.398161570575155
761.0925536017613 93.341690988499593
772.1628997123541 93.286176280948297
783.3942677149998 93.229117442730171
794.7889997270506 93.168602731371493
806.34947193274 93.108102734994631
818.0780950786972 93.047102733112965
829.9773149766683 92.986588024951502
842.0496130135506 92.924588024790580
854.2975066688449 92.862073314496129
866.7235500396347 92.800117442556626
879.3303343732008 92.739573317567903
892.1204886073838 92.676058607190868
905.0966799188055 92.613632150595876
918.2616142790653 92.554632152942730
931.6180370190256 92.494588024875839
945.1687334013056 92.432602733059369
958.9165292011028 92.372117443612638
972.8642912954606 92.313161570015723
987.0149282611097 92.257176279426488
1001.3713909810035 92.201676279842729
1015.9366732596762 92.144676280174650
1030.7138124475518 92.088764536890920
1045.7058900743334 92.040308663733427
1060.916032491606 91.993779246321026
1076.3474115247852 91.944264536736029
1092.0032451345498 91.895838083594441
1107.8867980878947 91.853470465488158
1124.0013826389438 91.818558721258171
1140.350359219667 91.789102849022441
1156.9371371406426 91.763661686590751
1173.765175302013 91.741191104482425
1190.837982914782 91.721249941897682
1208.1591202326028 91.705852907223075
1225.73219929421 91.698544127776927
1243.5608846766518 91.704205929999219
1261.648894259477 91.720897151298715
1280.0000000000375 91.750029534106702
1298.6180287200684 91.787676626001740
1317.5068629037087 91.837956103040938
1336.6704415071292 91.909250289426140
1356.112760779938 91.999515053925649
1375.8378750985323 92.108868077697750
1395.8498978115715 92.242176975838447
1416.153002097749 92.395500580253440
1436.7514218360407 92.572441854732133
1457.6494524886093 92.781456685617030
1478.8514519965543 93.023353832619051
1500.3618416886875 93.292265693957503
1522.1851072035295 93.590192266702488
1544.3257994247153 93.916618825535622
1566.788535430007 94.273089529375753
1589.5779994541087 94.661398421647604
1612.6989438654878 95.064486669790085
1636.156190157402 95.475736740329722
1659.9546299533442 95.903942662439505
1684.099226027109 96.344001500686588
1708.5950133376978 96.785501508346186
1733.4471000792773 97.231648599936278
1758.6606687464096 97.682619177888640
1784.2409772147755 98.132089766992664
1810.193359837619 98.579560336619124
1836.5232285581387 99.021869114844250
1863.2360740380593 99.453295569745706
1890.3374668026197 99.881766159747997
1917.833058402214 100.304016092274338
1945.7285825909298 100.707266044395283
1974.0298565222283 101.097163078943055
2002.7427819620161 101.481074819965983
2031.8733465193618 101.858515980973436
2061.4276248951132 102.231868892556719
2091.411780148677 102.590545283817818
2121.832064983222 102.928324647226248
2152.694823049581 103.256295230317647
2184.0064902691106 103.582251099073460
2215.7735961758003 103.901530462216982
2248.002765277899 104.205824531935548
2280.7007184393456 104.495545056253036
2313.874274281297 104.765206738444121
2347.530350604038 105.011383134820349
2381.6759658295764 105.235059528578461
2416.318240465218 105.436177088540006
2451.4643985884327 105.609191683535798
2487.1217693533167 105.749191567850744
2523.2977885189675 105.854103196061061
2560.0000000000887 105.919044243416806
2597.236057440151 105.943911744284492
2635.0137258074315 105.927793954677441
2673.340883014273 105.870235001221147
2712.225521559891 105.774205467094390
2751.6757501970797 105.642690644221716
2791.699795623158 105.477219947551916
2832.3060041955137 105.280808087829371
2873.502843672097 105.056969774321345
2915.2989049772345 104.810719715676939
2957.7029039931244 104.551087330424224
3000.723683377391 104.282454945571089
3044.370214407075 104.006366692880448
3088.6515988494466 103.724307852216612
3133.57707086003 103.439822562255927
3179.1559989082334 103.157381401522031
3225.3978877309914 102.877925528567019
3272.3123803148205 102.601454949820123
3319.9092599067053 102.325381402835362
3368.198452054235 102.044234309504191
3417.190026675413 101.752425530906720
3466.8942001585724 101.494719943942584
3517.3213374928373 101.326146630191118
3568.4819544295697 101.196793607702517
3620.386719675257 101.041102388277636
3673.0464571162966 100.880264187775992
3726.472148076138 100.730955410760103
3780.6749336052594 100.596220177491602
3835.6661168044484 100.481587908154467
3891.45716518188 100.391440931823027
3948.059713044477 100.325220408186269
4005.4855639240527 100.276441047074641
4063.746693038744 100.243794070036657
4122.855249790247 100.237735348454862
4182.823560297375 100.261632499137534
4243.664129966465 100.310470812119632
4305.389646099183 100.382279707350875
4368.012980538242 100.475147439874377
4431.5471923516225 100.595647554558411
4496.00553055582 100.749544704990114
4561.401436878714 100.926750635589272
4627.748548562617 101.118000693026261
4695.060701208099 101.327780169847628
4763.351931659176 101.553427263655379
4832.63648093046 101.786912552424695
4902.928797176889 102.017736042895720
4974.243538706657 102.229206508486158
5046.595577037959 102.399956334348332
5120.000000000202 102.520206161053409
5194.472114880326 102.584044127857766
5270.027451614888 102.558367270191553
5346.6817660285715 102.415675700969231
5424.451043119808 102.163822447135445
5503.351500394186 101.826733960274538
5583.399591246343 101.413013090173251
5664.612008391055 100.916865765670934
5747.005687344222 100.351836230948379
5830.597809954497 99.758689142764325
5915.405807986278 99.159718557175580
6001.447366754812 98.564336235252256
6088.740428814181 97.978998037505335
6177.303197698925 97.403189257011988
6267.154141720092 96.844674664559648
6358.3119978165005 96.322174778262138
6450.795775462017 95.829454253370230
6544.624760629676 95.353071927416536
6639.818519813445 94.881439543022012
6736.396904108505 94.396174779769069
6834.380053350861 93.906042623971274
6933.788400317181 93.523499422069904
7034.642674985712 93.473648133806478
7136.963908859177 93.941782481631236
7240.773439350552 95.003828577310685
7346.092914232631 96.603006240931393
7452.944296152315 98.447461886908656
7561.349867210557 100.118401664034508
7671.332233608935 101.330017482627227
7782.914330363799 102.009383480951783
7896.119426088994 102.242455872162253
8010.971127848146 102.177925760605035
8127.49338607753 101.932587099529343
8245.710499580537 101.574880940173273
8365.647120594791 101.142513090807256
8487.328259932974 100.653851173135138
8610.77929219841 100.128233500090744
8736.025961076528 99.607704194726580
8863.094384703289 99.120542508026944
8992.011061111683 98.655042623951218
9122.802873757471 98.230204543196805
9255.497097125279 97.835528032506403
9390.121402416245 97.422925066604918
9526.7038633184 97.022675240986160
9665.272961860968 96.677116633182237
9805.857594353829 96.399234540048923
9948.487077413367 96.196220060786061
10093.19115407597 96.055470234774333
10240.000000000457 95.963543896725952
10388.944229760706 95.900529187555009
10540.05490322983 95.824146630203188
10693.363532057198 95.663293145495857
10848.902086239672 95.314424605519534
11006.703000788428 94.683805887032648
11166.799182492743 93.741746125699251
11329.224016782166 92.555275080829745
11494.0113746885 91.280995726180038
11661.195619909053 90.033937000148711
11830.811615972614 88.804275196549895
12002.894733509682 87.572510661810611
12177.48085762842 86.416011124818397
12354.606395397908 85.402570427552206
12534.308283440243 84.520761992445401
12716.62399563306 83.754688909947333
12901.591550924093 83.135748439105356
13089.249521259411 82.744984596858515
13279.637039626952 82.583102618354417
13472.793808217073 82.467866922850163
13668.760106701786 82.190895417806729
13867.576800634426 81.608261646252117
14069.285349971487 80.566509735786696
14273.927817718419 78.948404809060804
14481.54687870117 76.741284933842067
14692.18582846533 73.784104845149614
14905.888592304698 69.654398326747057
15122.699734421185 66.901488642270863
15342.664467217943 69.045483408664282
15565.828660727671 72.631950416101262
15792.238852178061 74.994534391028481
16021.942255696367 76.249899926060351
16254.986772155136 77.067576205600290
16491.42099916115 77.846281788461695
16731.294241189662 78.485531037040445
16974.65651986603 78.916265807508211
17221.558584396902 79.219927378833631
17472.051922153143 79.481530227410190
17726.188769406665 79.691162033235514
17984.022122223458 79.683925529159680
18245.605747515034 79.295482979560376
18510.99419425065 78.525496646804427
18780.242804832582 77.471172234841561
19053.40772663689 76.135729799555762
19330.545923722028 74.399404695190327
19611.71518870775 72.196711968926436
19896.974154826825 69.551151746284916
20186.382308152035 66.509283092382944
