20 99.706000000000003
20.290906698750476 99.721999921764336
20.586044732869844 99.737755721567311
20.885475648548283 99.752773782427411
21.189261887185914 99.767963046149134
21.49746679841394 99.782629684498886
21.810154653305165 99.797457002113717
22.12739065777668 99.811891817922174
22.449240966187475 99.826551700085474
22.77577269513385 99.840157164487778
23.107053937445478 99.853782171771726
23.44315377638505 99.867226171968156
23.784142300054445 99.880405336252039
24.130090616010463 99.893270005153738
24.481070866093134 99.906516499728610
24.837156241469714 99.920029042284028
25.1984209978975 99.932944734926423
25.56494047120865 99.945772930924633
25.936791093020236 99.958787699317213
26.3140504066728 99.971801659561294
26.69679708340074 99.984641901564771
27.08511093873791 99.997670344056786
27.47907294916184 100.010569861022418
27.878765268980047 100.023211414655620
28.284271247461966 100.035812408671319
28.695675446220072 100.048370263386602
29.11306365684382 100.060891909705305
29.536522918790062 100.073522641726129
29.966141537533712 100.085551963050946
30.402009102982383 100.098053575900963
30.844216508158908 100.109785666553336
31.29285596815558 100.121562469164076
31.74802103936409 100.133448547023463
32.20980663898519 100.145035359335651
32.67830906482211 100.156101108490901
33.153626015361866 100.167033398353325
33.63585661014871 100.177988845423272
34.125101410453844 100.188627129619533
34.62146244024586 100.198807786364668
35.12504320746613 100.208000691319455
35.635948725613716 100.215631384707365
36.15428553564419 100.221542855356432
36.68016172818701 100.226981779010060
37.21368696608603 100.232636869660865
37.754972507267915 100.237685475511626
38.30413122794313 100.242333041823542
38.86127764614443 100.246709576358057
39.4265279456077 100.250948958903251
40.000000000000206 100.254999999999995
40.58181339750116 100.258393922798490
41.1720894657399 100.261360443026490
41.77095129709678 100.264354761001357
42.37852377437204 100.266566156956827
42.9949335968281 100.268237338116535
43.62030930661056 100.270234362350223
44.25478131555359 100.270896271087878
44.89848193237519 100.271830802656638
45.55154539026795 100.271963181916689
46.21410787489121 100.271500000000003
46.88630755277036 100.271438351121802
47.56828460010916 100.270951225355304
48.260181232021196 100.270439819767986
48.962141732186545 100.269438270662079
49.674312482939705 100.267814221506711
50.39684199579528 100.265759867212978
51.129880942417586 100.262850592644213
51.873582186040764 100.259132091738238
52.628100813345895 100.254824372822057
53.393594166801776 100.249794036720786
54.17022187747612 100.244091110118248
54.95814589832399 100.237573040767160
55.75753053796041 100.229924697651256
56.56854249492426 100.221530303803291
57.39135089244048 100.211912438398272
58.226127313687975 100.199816644696767
59.073045837580466 100.183710376979292
59.932283075067765 100.162659064660829
60.804018205965114 100.138888036565206
61.68843301631817 100.113981612405524
62.58571193631152 100.087669727083011
63.49604207872855 100.060370716598783
64.41961327797075 100.031991988382913
65.35661812964459 100.002944837981019
66.3072520307241 99.973167935016818
67.27171322029778 99.942441033560613
68.25020282090806 99.911618611141392
69.2429248804921 99.880712253585244
70.25008641493265 99.850247321137090
71.27189745122783 99.818571179011940
72.30857107128878 99.786125725718762
73.36032345637442 99.752469649396019
74.42737393217246 99.717896660238324
75.50994501453623 99.682639223215034
76.60826245588666 99.647466940522989
77.72255529228926 99.612237758647154
78.85305589121582 99.577974725564360
80.00000000000082 99.544999999999987
81.16362679500274 99.515909257398079
82.34417893148023 99.505758551879836
83.541902594194 99.518124848635964
84.75704754874454 99.545824943092953
85.98986719365665 99.582933427135330
87.24061861322157 99.625521434254352
88.50956263110764 99.670821941913957
89.79696386475084 99.714164450113273
91.10309078053635 99.753173561532890
92.42821574978288 99.783871053465731
93.77261510554118 99.806057581187389
95.13656920021877 99.821694983489380
96.52036246404286 99.832725040825522
97.92428346437356 99.838652742285007
99.34862496587989 99.838628441656397
100.79368399159105 99.831708773389380
102.25976188483567 99.818642619266811
103.74716437208203 99.797958330242437
105.25620162669229 99.761313979091710
106.78718833360406 99.704626109432624
108.34044375495276 99.630917516415735
109.9162917966485 99.549108278999853
111.51506107592134 99.463652026045622
113.13708498984903 99.377487281112508
114.78270178488147 99.291727102515551
116.45225462737648 99.211187752813061
118.14609167516147 99.133431571902193
119.86456615013608 99.062048731108746
121.60803641193078 98.990818507920636
123.3768660326369 98.919597480684359
125.17142387262359 98.847357338640677
126.99208415745765 98.771168437334296
128.83922655594208 98.690854694490596
130.71323625928977 98.606791973511861
132.61450406144883 98.518964683096556
134.5434264405962 98.427279674241248
136.50040564181674 98.332104819319625
138.48584976098482 98.232721662189775
140.50017282986593 98.129157564293735
142.5437949024563 98.021526801803972
144.61714214257822 97.908557182158205
146.7206469127495 97.790455514120936
148.8547478643456 97.667924623867947
151.01989002907314 97.540510576261426
153.216524911774 97.407862065434728
155.4451105845792 97.269601944703851
157.70611178243232 97.124814177646499
160.00000000000236 96.972499999999840
162.3272535900062 96.810988600853563
164.6883578629612 96.637499189713466
167.08380518838874 96.450296151154959
169.51409509748981 96.253955478083824
171.97973438731407 96.052161780240255
174.4812372264439 95.844661062759855
177.01912526221608 95.631893477973847
179.5939277295025 95.412259786354582
182.20618156107355 95.185562204186596
184.85643149956664 94.967243903335458
187.54523021108326 94.834060854617434
190.27313840043846 94.883565060350605
193.04072492808663 95.099236756988859
195.84856692874806 95.444954752697953
198.69724993176072 95.927421536638747
201.58736798318304 96.583839538414793
204.5195237696723 97.376343560011122
207.49432874416505 98.177319898320292
210.5124032533856 98.807554805644216
213.57437666720915 99.204746565885273
216.68088750990657 99.372507045781816
219.83258359329807 99.459281732611203
223.03012215184378 99.407715331804766
226.2741699796992 99.293468747532842
229.5654035697641 99.134657388773434
232.90450925475412 98.962449603628585
236.2921833503241 98.784050805351626
239.72913230027333 98.602322129623047
243.21607282386276 98.420061313291939
246.75373206527502 98.240967314195444
250.34284774524843 98.066971867909643
253.9841683149166 97.896740131277653
257.67845311188546 97.730469609965155
261.42647251858085 97.569518299830662
265.22900812289896 97.411925553130118
269.08685288119375 97.259170639554242
273.0008112836349 97.110469982505492
276.97169952197106 96.964640279649302
281.00034565973334 96.821688143871143
285.0875898049141 96.681627054398817
289.23428428515797 96.545615475446823
293.44129382550057 96.412443373879285
297.7094957286928 96.281944178566349
302.0397800581479 96.153591405806438
306.4330498235497 96.027969096636681
310.89022116916016 95.905991473140375
315.41222356486645 95.787111966165369
320.00000000000654 95.671499999999838
324.6545071800142 95.559326376961650
329.3767157259242 95.449022523585967
334.16761037677935 95.339478483409437
339.02819019498156 95.228254444534926
343.95946877463007 95.114140324428590
348.9624744528898 94.996881850357084
354.03825052443415 94.877601112675805
359.187855459007 94.756166611167430
364.4123631221491 94.631985757692846
369.71286299913527 94.503477429121006
375.0904604221685 94.372264335280704
380.54627680087896 94.237427730492570
386.08144985617537 94.101096333538095
391.6971338574982 93.963420220491287
397.3944998635236 93.824553103302719
403.1747359663683 93.685835459468223
409.0390475393468 93.548095398671791
414.9886574883323 93.413251425675298
421.0248065067734 93.285355697041652
427.1487533344206 93.168292130536983
433.3617750198154 93.071796924742387
439.6651671865984 93.005272722439543
446.06024430368984 92.973484938924088
452.54833995940066 92.988299707748283
459.13080713953053 93.056610377508235
465.8090185095106 93.165236515262450
472.58436670065066 93.310958069821965
479.45826460054917 93.473953692827592
486.432145647728 93.639655422721603
493.50746413055253 93.791051203340999
500.6856954904994 93.915828329440174
507.9683366298358 94.009592334109129
515.3569062237735 94.061790292352640
522.8529450371643 94.074580873666378
530.4580162458005 94.056267170801732
538.1737057623901 94.018544618306862
546.0016225672724 93.976206520570912
553.9433990439449 93.940455178465697
562.0006913194694 93.914398582795087
570.1751796098309 93.897798543448687
578.4685685703187 93.888261146144131
586.8825876510039 93.883402835557035
595.4189914573883 93.882270949572870
604.0795601162986 93.883519890029078
612.8660996471021 93.887975785462217
621.780442338323 93.899670663507493
630.8244471297356 93.923380233231910
640.0000000000159 93.961000000000098
649.3090143600314 94.013130480416180
658.7534314518515 94.076961005445185
668.3352207535618 94.148430916689392
678.0563803899662 94.224242586061223
687.9189375492632 94.302059606639176
697.9249489057827 94.378729611683951
708.0765010488715 94.453054632604321
718.3757109180171 94.524792405334324
728.8247262443015 94.592919484275740
739.425725998274 94.657054355989644
750.1809208443404 94.716912142590218
761.0925536017613 94.771924957742215
772.1628997123541 94.821060406431087
783.3942677149998 94.864817075705957
794.7889997270506 94.903498499135651
806.34947193274 94.938254731806637
818.0780950786972 94.971097875022593
829.9773149766683 95.003591898590130
842.0496130135506 95.036973903538382
854.2975066688449 95.072571582784406
866.7235500396347 95.111442375129570
879.3303343732008 95.153872687024858
892.1204886073838 95.201057856708047
905.0966799188055 95.251386719675224
918.2616142790653 95.305009782389959
931.6180370190256 95.360744847502843
945.1687334013056 95.417967116955552
958.9165292011028 95.476395249104684
972.8642912954606 95.537135738757016
987.0149282611097 95.601491402425850
1001.3713909810035 95.669448380970408
1015.9366732596762 95.743558035602248
1030.7138124475518 95.823502448366625
1045.7058900743334 95.907808867927429
1060.916032491606 95.995251919618539
1076.3474115247852 96.083635331973795
1092.0032451345498 96.171955246829569
1107.8867980878947 96.258540461253432
1124.0013826389438 96.344007258854447
1140.350359219667 96.429741454269106
1156.9371371406426 96.517365943234836
1173.765175302013 96.608429111073818
1190.837982914782 96.704776288018195
1208.1591202326028 96.802837829900582
1225.73219929421 96.902573019860455
1243.5608846766518 97.002227137092518
1261.648894259477 97.101292325476493
1280.0000000000375 97.199500000000199
1298.6180287200684 97.297377636699792
1317.5068629037087 97.396786373389659
1336.6704415071292 97.498770101025457
1356.112760779938 97.603106089192167
1375.8378750985323 97.708336684899677
1395.8498978115715 97.812919468620180
1416.153002097749 97.914726577085489
1436.7514218360407 98.015906824812987
1457.6494524886093 98.116370360995091
1478.8514519965543 98.219026172862982
1500.3618416886875 98.325381576781169
1522.1851072035295 98.438862557458350
1544.3257994247153 98.555926736950994
1566.788535430007 98.664570345812422
1589.5779994541087 98.743818398471504
1612.6989438654878 98.791540458043613
1636.156190157402 98.838952342015546
1659.9546299533442 98.919698556992842
1684.099226027109 99.035999789587464
1708.5950133376978 99.173726279492683
1733.4471000792773 99.322013658474077
1758.6606687464096 99.471751518853949
1784.2409772147755 99.621652126478580
1810.193359837619 99.774752424632212
1836.5232285581387 99.931678442206504
1863.2360740380593 100.089828115343792
1890.3374668026197 100.244889814094677
1917.833058402214 100.393871870699769
1945.7285825909298 100.535642912954643
1974.0298565222283 100.671382117045809
2002.7427819620161 100.802568240632866
2031.8733465193618 100.930524167591273
2061.4276248951132 101.057210168293750
2091.411780148677 101.187947129345616
2121.832064983222 101.327431316793209
2152.694823049581 101.481378338705341
2184.0064902691106 101.642733587142658
2215.7735961758003 101.808508549875143
2248.002765277899 101.983216315139600
2280.7007184393456 102.180771216782517
2313.874274281297 102.389020500544035
2347.530350604038 102.593597758604091
2381.6759658295764 102.802661937716238
2416.318240465218 103.021752651000668
2451.4643985884327 103.249786895807176
2487.1217693533167 103.481506137974009
2523.2977885189675 103.728375741989254
2560.0000000000887 103.992750000000655
2597.236057440151 104.277242107367201
2635.0137258074315 104.588368728234286
2673.340883014273 104.923983292600965
2712.225521559891 105.264362037571061
2751.6757501970797 105.603223611062504
2791.699795623158 105.936815808781631
2832.3060041955137 106.264594153648019
2873.502843672097 106.576425559749254
2915.2989049772345 106.868819783799978
2957.7029039931244 107.146413440356341
3000.723683377391 107.419432560686516
3044.370214407075 107.685638591188180
3088.6515988494466 107.939749518600053
3133.57707086003 108.185226755872662
3179.1559989082334 108.420737794486570
3225.3978877309914 108.636988769384430
3272.3123803148205 108.826386435755381
3319.9092599067053 108.992107816899590
3368.198452054235 109.139409712190229
3417.190026675413 109.265146158419157
3466.8942001585724 109.362341300237858
3517.3213374928373 109.427069563618772
3568.4819544295697 109.460490127695977
3620.386719675257 109.463291718490922
3673.0464571162966 109.436562834306955
3726.472148076138 109.380586207501011
3780.6749336052594 109.295004226179145
3835.6661168044484 109.190817848870438
3891.45716518188 109.064295838022019
3948.059713044477 108.925265829834501
4005.4855639240527 108.768683290685644
4063.746693038744 108.600166253557802
4122.855249790247 108.421029756908979
4182.823560297375 108.232484775336232
4243.664129966465 108.038229527892781
4305.389646099183 107.836137328641001
4368.012980538242 107.623755866169972
4431.5471923516225 107.401584826769323
4496.00553055582 107.171780228262946
4561.401436878714 106.931640438888138
4627.748548562617 106.688411511460515
4695.060701208099 106.442414794032430
4763.351931659176 106.186025627218513
4832.63648093046 105.927371385366598
4902.928797176889 105.667428244751392
4974.243538706657 105.403869632430485
5046.595577037959 105.140964700306853
5120.000000000202 104.879071428570711
5194.472114880326 104.624018415150914
5270.027451614888 104.383102228421251
5346.6817660285715 104.152288790215721
5424.451043119808 103.938744795339360
5503.351500394186 103.750934795530384
5583.399591246343 103.588182054733750
5664.612008391055 103.454382206867990
5747.005687344222 103.349173971415127
5830.597809954497 103.276324193574794
5915.405807986278 103.238114854800330
6001.447366754812 103.236741775461837
6088.740428814181 103.285553133911023
6177.303197698925 103.385674705185551
6267.154141720092 103.539861149582677
6358.3119978165005 103.741407874836028
6450.795775462017 103.974354826097027
6544.624760629676 104.229895577369390
6639.818519813445 104.500774614859921
6736.396904108505 104.776183393421647
6834.380053350861 105.038950133377156
6933.788400317181 105.279192842715247
7034.642674985712 105.496919283096787
7136.963908859177 105.684587795541802
7240.773439350552 105.831797189646636
7346.092914232631 105.934378291960982
7452.944296152315 105.991736339211030
7561.349867210557 106.003410008852626
7671.332233608935 105.976203063208260
7782.914330363799 105.914421722865598
7896.119426088994 105.820843259708042
8010.971127848146 105.700380359614911
8127.49338607753 105.559999211658067
8245.710499580537 105.402224833252120
8365.647120594791 105.224808505578494
8487.328259932974 105.029985979775034
8610.77929219841 104.811020434811184
8736.025961076528 104.561109316757609
8863.094384703289 104.277307686190795
8992.011061111683 103.955445717424510
9122.802873757471 103.593462015323382
9255.497097125279 103.187753866080328
9390.121402416245 102.738611193932400
9526.7038633184 102.250752036207714
9665.272961860968 101.738771153679693
9805.857594353829 101.217830759200353
9948.487077413367 100.700373335424644
10093.19115407597 100.200081987682466
10240.000000000457 99.723999999998568
10388.944229760706 99.284685524816297
10540.05490322983 98.912124408861757
10693.363532057198 98.616593207276281
10848.902086239672 98.393905329613219
11006.703000788428 98.230466618025631
11166.799182492743 98.131914665271239
11329.224016782166 98.132294046495588
11494.0113746885 98.216407772703803
11661.195619909053 98.433717842697888
11830.811615972614 98.742391861407242
12002.894733509682 99.180211023910203
12177.48085762842 99.703956191360120
12354.606395397908 100.348543662972261
12534.308283440243 101.044187944472156
12716.62399563306 101.724186544977726
12901.591550924093 102.163677587960208
13089.249521259411 102.445700709092705
13279.637039626952 102.363463310081755
13472.793808217073 101.896183036582499
13668.760106701786 101.173660449451717
13867.576800634426 100.330271293284653
14069.285349971487 99.516266776185077
14273.927817718419 98.786034237108112
14481.54687870117 98.235047998476290
14692.18582846533 97.921746070090137
14905.888592304698 97.845241326215316
15122.699734421185 98.051181559139167
15342.664467217943 98.598130700263397
15565.828660727671 99.546514799184109
15792.238852178061 100.866620584164764
16021.942255696367 102.220644719580264
16254.986772155136 102.933698651511975
16491.42099916115 102.421582115816960
16731.294241189662 100.635449408828606
16974.65651986603 98.037902863943771
17221.558584396902 95.455461370765846
17472.051922153143 93.314248526907377
17726.188769406665 91.655653620121569
17984.022122223458 90.438359122661041
18245.605747515034 89.646366371275974
18510.99419425065 89.326206458492891
18780.242804832582 89.543614961843559
19053.40772663689 90.183526492213360
19330.545923722028 90.513635360043153
19611.71518870775 89.288458250878449
19896.974154826825 85.746096544574044
20186.382308152035 84.125500000000002
