20 92.640500000000003
20.290906698750476 92.702075456487037
20.586044732869844 92.763115921073364
20.885475648548283 92.823095129709657
21.189261887185914 92.882887981519957
21.49746679841394 92.940409568982489
21.810154653305165 92.997777230442253
22.12739065777668 93.052656411822028
22.449240966187475 93.106960596331646
22.77577269513385 93.159244651894582
23.107053937445478 93.210058144143972
23.44315377638505 93.259757373384588
23.784142300054445 93.307359210507343
24.130090616010463 93.352327744373753
24.481070866093134 93.392012450877530
24.837156241469714 93.427801198541175
25.1984209978975 93.459865784821289
25.56494047120865 93.490607622893776
25.936791093020236 93.521627269770363
26.3140504066728 93.554644646771607
26.69679708340074 93.592171701048585
27.08511093873791 93.633979169793065
27.47907294916184 93.680488717621216
27.878765268980047 93.729497202036271
28.284271247461966 93.780318177180220
28.695675446220072 93.831959430777516
29.11306365684382 93.883567638821262
29.536522918790062 93.934309704417217
29.966141537533712 93.985004701428977
30.402009102982383 94.036734394566622
30.844216508158908 94.087904555064469
31.29285596815558 94.138214156497114
31.74802103936409 94.187786272251316
32.20980663898519 94.236400277176486
32.67830906482211 94.283295979287743
33.153626015361866 94.329094471459371
33.63585661014871 94.374906377964123
34.125101410453844 94.420884228351298
34.62146244024586 94.465202844980666
35.12504320746613 94.506128154145017
35.635948725613716 94.542472615890503
36.15428553564419 94.576219988745578
36.68016172818701 94.609170027147599
37.21368696608603 94.641821217965173
37.754972507267915 94.673205590825518
38.30413122794313 94.703623032308926
38.86127764614443 94.733265438446693
39.4265279456077 94.762234552505589
40.000000000000206 94.792000000000002
40.58181339750116 94.821575612958355
41.1720894657399 94.852057911273675
41.77095129709678 94.882523403513773
42.37852377437204 94.912512966004101
42.9949335968281 94.940359640058702
43.62030930661056 94.964945167027565
44.25478131555359 94.986624741129674
44.89848193237519 95.008116053132682
45.55154539026795 95.030267267998795
46.21410787489121 95.053005498035262
46.88630755277036 95.077082443909745
47.56828460010916 95.101585056168346
48.260181232021196 95.128208110440951
48.962141732186545 95.161668747222933
49.674312482939705 95.200272905345386
50.39684199579528 95.240082257379441
51.129880942417586 95.274695258846322
51.873582186040764 95.299906917458401
52.628100813345895 95.318899820558386
53.393594166801776 95.335125896514157
54.17022187747612 95.349875557902322
54.95814589832399 95.363526671862928
55.75753053796041 95.377256779110283
56.56854249492426 95.397134918610419
57.39135089244048 95.424262684805171
58.226127313687975 95.456366710606460
59.073045837580466 95.487191375127409
59.932283075067765 95.512968492252028
60.804018205965114 95.536086125719066
61.68843301631817 95.553826491206934
62.58571193631152 95.564633905274917
63.49604207872855 95.568496042078721
64.41961327797075 95.566901933610154
65.35661812964459 95.560255509638722
66.3072520307241 95.550581105708119
67.27171322029778 95.543184860339110
68.25020282090806 95.541750608462735
69.2429248804921 95.545579011723191
70.25008641493265 95.552625734526927
71.27189745122783 95.563214410494027
72.30857107128878 95.585145701959462
73.36032345637442 95.630078922197910
74.42737393217246 95.698698297048594
75.50994501453623 95.782145613634498
76.60826245588666 95.873202483667711
77.72255529228926 95.967660362214190
78.85305589121582 96.061934765935433
80.00000000000082 96.147000000000034
81.16362679500274 96.195484571003220
82.34417893148023 96.206241448120153
83.541902594194 96.217919001898082
84.75704754874454 96.245622482210734
85.98986719365665 96.287057884086721
87.24061861322157 96.335724530313328
88.50956263110764 96.380688065078459
89.79696386475084 96.406006956006763
91.10309078053635 96.415515467691350
92.42821574978288 96.415055218526589
93.77261510554118 96.408147472937529
95.13656920021877 96.393337648923989
96.52036246404286 96.370215922707033
97.92428346437356 96.342024793581032
99.34862496587989 96.313213312423031
100.79368399159105 96.291211230770372
102.25976188483567 96.280220714345489
103.74716437208203 96.281202128448740
105.25620162669229 96.291491756098253
106.78718833360406 96.311382201671265
108.34044375495276 96.346191981383726
109.9162917966485 96.388052689727886
111.51506107592134 96.417438272108626
113.13708498984903 96.421289005093627
114.78270178488147 96.411401364135699
116.45225462737648 96.394977433922747
118.14609167516147 96.376892906910484
119.86456615013608 96.352107198301667
121.60803641193078 96.325299405809105
123.3768660326369 96.295396559818187
125.17142387262359 96.263471511583646
126.99208415745765 96.231798597375700
128.83922655594208 96.191741435449600
130.71323625928977 96.139804595099676
132.61450406144883 96.104198471569845
134.5434264405962 96.088386452543290
136.50040564181674 96.059990264596394
138.48584976098482 96.012096680855876
140.50017282986593 95.963245938498147
142.5437949024563 95.915220819792268
144.61714214257822 95.870944300541495
146.7206469127495 95.826522285449698
148.8547478643456 95.779382698265792
151.01989002907314 95.726778881238289
153.216524911774 95.666360947664430
155.4451105845792 95.599858859397955
157.70611178243232 95.535192979457577
160.00000000000236 95.464999999999918
162.3272535900062 95.385407927221792
164.6883578629612 95.301594460078576
167.08380518838874 95.205480748313747
169.51409509748981 95.103102367866441
171.97973438731407 95.001726836997591
174.4812372264439 94.894910551817617
177.01912526221608 94.774370512256297
179.5939277295025 94.642115758065870
182.20618156107355 94.499660014140957
184.85643149956664 94.351539836024273
187.54523021108326 94.214055100923417
190.27313840043846 94.098776272944392
193.04072492808663 94.006955181668388
195.84856692874806 93.957596592127757
198.69724993176072 93.968198198962767
201.58736798318304 94.061548049887477
204.5195237696723 94.290348805239773
207.49432874416505 94.715988626042758
210.5124032533856 95.324790732011763
213.57437666720915 96.037743994296989
216.68088750990657 96.755263683523566
219.83258359329807 97.408023466319918
223.03012215184378 97.858535622223428
226.2741699796992 98.183151249964794
229.5654035697641 98.374408014796344
232.90450925475412 98.481214853263666
236.2921833503241 98.519575606167166
239.72913230027333 98.502820480036164
243.21607282386276 98.437598842593061
246.75373206527502 98.332795687566232
250.34284774524843 98.207857489393973
253.9841683149166 98.073583793387456
257.67845311188546 97.937357041499226
261.42647251858085 97.801718680266262
265.22900812289896 97.670499983975063
269.08685288119375 97.544350987123579
273.0008112836349 97.427477284058227
276.97169952197106 97.318114349988505
281.00034565973334 97.213191081978877
285.0875898049141 97.107775218955183
289.23428428515797 97.002449179156983
293.44129382550057 96.899376560040338
297.7094957286928 96.801078245250153
302.0397800581479 96.706654673764348
306.4330498235497 96.615122478617224
310.89022116916016 96.525209298970651
315.41222356486645 96.437956308762949
320.00000000000654 96.353999999999871
324.6545071800142 96.270218870759749
329.3767157259242 96.184343773788186
334.16761037677935 96.097983013217970
339.02819019498156 96.010895395509834
343.95946877463007 95.923813349566501
348.9624744528898 95.835364202183854
354.03825052443415 95.742696190350415
359.187855459007 95.644593175187055
364.4123631221491 95.540311501244801
369.71286299913527 95.433300167417471
375.0904604221685 95.325742483226435
380.54627680087896 95.219743765011486
386.08144985617537 95.116809467631981
391.6971338574982 95.018093728359872
397.3944998635236 94.921230202238206
403.1747359663683 94.830085276512875
409.0390475393468 94.743440318602694
414.9886574883323 94.659656904744736
421.0248065067734 94.578677515411940
427.1487533344206 94.498529018318919
433.3617750198154 94.411679745532808
439.6651671865984 94.314047694099187
446.06024430368984 94.215298144621812
452.54833995940066 94.125371580527798
459.13080713953053 94.045995717895394
465.8090185095106 93.976814324159648
472.58436670065066 93.918670156866128
479.45826460054917 93.871931964925238
486.432145647728 93.839214631973846
493.50746413055253 93.823985071738889
500.6856954904994 93.827528502121226
507.9683366298358 93.854383241322523
515.3569062237735 93.917961327797173
522.8529450371643 94.013527630233355
530.4580162458005 94.125484747748459
538.1737057623901 94.242857435346721
546.0016225672724 94.345802403549101
553.9433990439449 94.419767706464910
562.0006913194694 94.462601590034780
570.1751796098309 94.480807302429184
578.4685685703187 94.471684574572649
586.8825876510039 94.453481789637607
595.4189914573883 94.430826823919318
604.0795601162986 94.407036182187454
612.8660996471021 94.387462957798235
621.780442338323 94.380109778830843
630.8244471297356 94.387772561328944
640.0000000000159 94.407500000000056
649.3090143600314 94.439150648824111
658.7534314518515 94.475638382662225
668.3352207535618 94.513007360938900
678.0563803899662 94.550919883520862
687.9189375492632 94.585028440790040
697.9249489057827 94.610227382483302
708.0765010488715 94.627922401678205
718.3757109180171 94.643144780831136
728.8247262443015 94.657413380429801
739.425725998274 94.667483153398450
750.1809208443404 94.672022615105533
761.0925536017613 94.673386569200218
772.1628997123541 94.675454403790837
783.3942677149998 94.679228564505763
794.7889997270506 94.683262999909019
806.34947193274 94.687910174635846
818.0780950786972 94.694240366202280
829.9773149766683 94.701945833445393
842.0496130135506 94.711043411386854
854.2975066688449 94.722297506668838
866.7235500396347 94.735450250045744
879.3303343732008 94.750412917966500
892.1204886073838 94.768655432151576
905.0966799188055 94.790556274847759
918.2616142790653 94.816745722513417
931.6180370190256 94.846781472891522
945.1687334013056 94.879921833503261
958.9165292011028 94.914662845052803
972.8642912954606 94.951750015026249
987.0149282611097 94.993082672157897
1001.3713909810035 95.036251312041117
1015.9366732596762 95.081591021756935
1030.7138124475518 95.130370877057942
1045.7058900743334 95.180204069936053
1060.916032491606 95.231145044887853
1076.3474115247852 95.284171026619248
1092.0032451345498 95.338636560791826
1107.8867980878947 95.395575492829607
1124.0013826389438 95.456005184896043
1140.350359219667 95.517020052171290
1156.9371371406426 95.577068291030955
1173.765175302013 95.638119407382547
1190.837982914782 95.700891899440265
1208.1591202326028 95.763634032250991
1225.73219929421 95.825426216594153
1243.5608846766518 95.887463096368293
1261.648894259477 95.949606240482211
1280.0000000000375 96.011500000000126
1298.6180287200684 96.074003382131664
1317.5068629037087 96.137272647582236
1336.6704415071292 96.200512456973527
1356.112760779938 96.267491843710275
1375.8378750985323 96.338412297232182
1395.8498978115715 96.412540869348106
1416.153002097749 96.490996708181228
1436.7514218360407 96.573187186165470
1457.6494524886093 96.662769547148969
1478.8514519965543 96.758062621104287
1500.3618416886875 96.856236840105709
1522.1851072035295 96.960988514576940
1544.3257994247153 97.071515513112075
1566.788535430007 97.184949989275836
1589.5779994541087 97.301139357205045
1612.6989438654878 97.418756655959371
1636.156190157402 97.532764722330342
1659.9546299533442 97.638013075407770
1684.099226027109 97.742584377806878
1708.5950133376978 97.868398179759424
1733.4471000792773 98.021406150515304
1758.6606687464096 98.184947920101806
1784.2409772147755 98.347794058731608
1810.193359837619 98.503398283877672
1836.5232285581387 98.634745237088367
1863.2360740380593 98.723090185095145
1890.3374668026197 98.800659645760220
1917.833058402214 98.927298515371959
1945.7285825909298 99.105710646662871
1974.0298565222283 99.297422427220710
2002.7427819620161 99.481636700543191
2031.8733465193618 99.651397955038789
2061.4276248951132 99.798234293328704
2091.411780148677 99.917164751438605
2121.832064983222 100.005759551085987
2152.694823049581 100.077991519454642
2184.0064902691106 100.155721417888060
2215.7735961758003 100.283818921739453
2248.002765277899 100.451251215463742
2280.7007184393456 100.674825460139033
2313.874274281297 100.935500287011322
2347.530350604038 101.214670600053779
2381.6759658295764 101.502974759978514
2416.318240465218 101.796117161256660
2451.4643985884327 102.084825018601592
2487.1217693533167 102.366622986843083
2523.2977885189675 102.637821190327386
2560.0000000000887 102.898500000000610
2597.236057440151 103.146310767616967
2635.0137258074315 103.381581897317659
2673.340883014273 103.598499573465460
2712.225521559891 103.798034630284150
2751.6757501970797 103.973789513357303
2791.699795623158 104.128477986141547
2832.3060041955137 104.258356372838279
2873.502843672097 104.367026597319267
2915.2989049772345 104.452978247963571
2957.7029039931244 104.516511020152848
3000.723683377391 104.560979440237517
3044.370214407075 104.588966596483175
3088.6515988494466 104.606095479654840
3133.57707086003 104.616036560628999
3179.1559989082334 104.618499999999997
3225.3978877309914 104.614436337963042
3272.3123803148205 104.604252533511840
3319.9092599067053 104.590527222027987
3368.198452054235 104.577860309589155
3417.190026675413 104.570812398932986
3466.8942001585724 104.573047782033299
3517.3213374928373 104.587448175121921
3568.4819544295697 104.613328450834928
3620.386719675257 104.650217110133724
3673.0464571162966 104.698007386258624
3726.472148076138 104.757796020652904
3780.6749336052594 104.832293293739284
3835.6661168044484 104.919668993752140
3891.45716518188 105.029035226988199
3948.059713044477 105.151792002665218
4005.4855639240527 105.297222439889254
4063.746693038744 105.460114748420096
4122.855249790247 105.644207849286843
4182.823560297375 105.848886668236759
4243.664129966465 106.072693049519501
4305.389646099183 106.312942780555133
4368.012980538242 106.566919454188849
4431.5471923516225 106.827343488641645
4496.00553055582 107.087888973241803
4561.401436878714 107.338893662084587
4627.748548562617 107.569099933307626
4695.060701208099 107.752589590351008
4763.351931659176 107.877921367552830
4832.63648093046 107.925340879767390
4902.928797176889 107.868018038399399
4974.243538706657 107.719544905734139
5046.595577037959 107.462117691848164
5120.000000000202 107.124785714284684
5194.472114880326 106.710567496096360
5270.027451614888 106.235634236075811
5346.6817660285715 105.721229902704280
5424.451043119808 105.206290771877249
5503.351500394186 104.745399172812270
5583.399591246343 104.336398291213584
5664.612008391055 103.920748156786061
5747.005687344222 103.505586819209384
5830.597809954497 103.110205504797477
5915.405807986278 102.753616120289337
6001.447366754812 102.446062503957322
6088.740428814181 102.248512032347890
6177.303197698925 102.152192738770054
6267.154141720092 102.094002228353702
6358.3119978165005 102.048842720960735
6450.795775462017 102.029230105613451
6544.624760629676 102.047858018480213
6639.818519813445 102.104354815850769
6736.396904108505 102.186895074382534
6834.380053350861 102.276051145081482
6933.788400317181 102.346535838141136
7034.642674985712 102.365953624254146
7136.963908859177 102.296729083951519
7240.773439350552 102.102134916934034
7346.092914232631 101.755710445359696
7452.944296152315 101.247747750412174
7561.349867210557 100.584023383049797
7671.332233608935 99.803480161236635
7782.914330363799 98.941052389197992
7896.119426088994 98.035358026723060
8010.971127848146 97.133579402040795
8127.49338607753 96.262334504614103
8245.710499580537 95.439361522150875
8365.647120594791 94.677364767311445
8487.328259932974 93.974281717298993
8610.77929219841 93.338871931324746
8736.025961076528 92.778361995388138
8863.094384703289 92.290792433306393
8992.011061111683 91.875251013016680
9122.802873757471 91.531329570782958
9255.497097125279 91.266304064024609
9390.121402416245 91.084366775677751
9526.7038633184 90.998050750988043
9665.272961860968 91.010377748694367
9805.857594353829 91.127111014350447
9948.487077413367 91.360186331762065
10093.19115407597 91.737860718622841
10240.000000000457 92.269300000001849
10388.944229760706 92.973104046975067
10540.05490322983 93.883479468977583
10693.363532057198 95.003714938422519
10848.902086239672 96.298068920798784
11006.703000788428 97.545275230972337
11166.799182492743 98.405566505156486
11329.224016782166 98.411814782378727
11494.0113746885 97.663980709189218
11661.195619909053 96.065734255290252
11830.811615972614 94.320850562305111
12002.894733509682 92.597041025284739
12177.48085762842 91.048230583717995
12354.606395397908 89.810780842689923
12534.308283440243 88.768721819327652
12716.62399563306 87.973880816230462
12901.591550924093 87.435709271994853
13089.249521259411 87.014015004369924
13279.637039626952 86.781075128379996
13472.793808217073 86.766676284930242
13668.760106701786 86.961611184060587
13867.576800634426 87.385155315850938
14069.285349971487 88.087672147036557
14273.927817718419 89.021523941521707
14481.54687870117 90.304669359671252
14692.18582846533 91.972786520744421
14905.888592304698 93.793983644312448
15122.699734421185 95.377891742257034
15342.664467217943 96.285365321071453
15565.828660727671 96.246073058167326
15792.238852178061 95.363377950098510
16021.942255696367 94.097029665897963
16254.986772155136 93.018854868599064
16491.42099916115 92.395614246211210
16731.294241189662 91.855363488217534
16974.65651986603 90.972835302661309
17221.558584396902 89.587199687303652
17472.051922153143 87.733461287791812
17726.188769406665 85.660823560399592
17984.022122223458 83.764127215679906
18245.605747515034 82.403761283088841
18510.99419425065 81.428695356690952
18780.242804832582 80.049972579647942
19053.40772663689 77.471457629761204
19330.545923722028 73.824492153788526
19611.71518870775 71.518773409145467
19896.974154826825 70.289634983337649
20186.382308152035 70.178162352294976
