20 107.434500000000014
20.290906698750476 107.407833463726092
20.586044732869844 107.380302487257183
20.885475648548283 107.353307191630648
21.189261887185914 107.326448618469840
21.49746679841394 107.299471633817859
21.810154653305165 107.272111384778867
22.12739065777668 107.244831032411213
22.449240966187475 107.217814531825610
22.77577269513385 107.190438244183440
23.107053937445478 107.163757232632719
23.44315377638505 107.136547656063669
23.784142300054445 107.109268615995646
24.130090616010463 107.082243171276446
24.481070866093134 107.056372355346468
24.837156241469714 107.030899101094121
25.1984209978975 107.006602635136659
25.56494047120865 106.983397370881903
25.936791093020236 106.960963504717540
26.3140504066728 106.939227261723872
26.69679708340074 106.919652138538467
27.08511093873791 106.902287069929017
27.47907294916184 106.888081298169027
27.878765268980047 106.876333955103050
28.284271247461966 106.865893218813454
28.695675446220072 106.855803789290718
29.11306365684382 106.845108090294687
29.536522918790062 106.832039083248389
29.966141537533712 106.814854338498648
30.402009102982383 106.793389499704290
30.844216508158908 106.769068127221573
31.29285596815558 106.744392921751441
31.74802103936409 106.721094990110515
32.20980663898519 106.702286187552474
32.67830906482211 106.689612127768385
33.153626015361866 106.681041983754199
33.63585661014871 106.673190437627468
34.125101410453844 106.664748174611830
34.62146244024586 106.655084901434094
35.12504320746613 106.642623833398417
35.635948725613716 106.628285589505964
36.15428553564419 106.611754291788088
36.68016172818701 106.593153854328904
37.21368696608603 106.570956712593954
37.754972507267915 106.540016195907072
38.30413122794313 106.500336539941003
38.86127764614443 106.450178699464658
39.4265279456077 106.396479853892089
40.000000000000206 106.342999999999989
40.58181339750116 106.291606311908424
41.1720894657399 106.241372468549770
41.77095129709678 106.191420649977431
42.37852377437204 106.140651927210442
42.9949335968281 106.088430504037959
43.62030930661056 106.034840169481754
44.25478131555359 105.980447469456152
44.89848193237519 105.923552057870069
45.55154539026795 105.860830015170507
46.21410787489121 105.787783657833756
46.88630755277036 105.705649797437729
47.56828460010916 105.620159535758773
48.260181232021196 105.535958912853516
48.962141732186545 105.455477317540328
49.674312482939705 105.377511524789071
50.39684199579528 105.298351272781872
51.129880942417586 105.215328001194536
51.873582186040764 105.127670201717677
52.628100813345895 105.036057707312267
53.393594166801776 104.940808674327116
54.17022187747612 104.839519982940743
54.95814589832399 104.729877926055480
55.75753053796041 104.618491136308137
56.56854249492426 104.518764799341326
57.39135089244048 104.432300042449256
58.226127313687975 104.355422414454395
59.073045837580466 104.277512801648001
59.932283075067765 104.189440984805543
60.804018205965114 104.094043533688904
61.68843301631817 103.992926449622090
62.58571193631152 103.886714629785899
63.49604207872855 103.778715055749402
64.41961327797075 103.677328865563936
65.35661812964459 103.589400695239505
66.3072520307241 103.510344455434534
67.27171322029778 103.426007961020957
68.25020282090806 103.327978095341933
69.2429248804921 103.222100199749562
70.25008641493265 103.123242654730717
71.27189745122783 103.038563896255454
72.30857107128878 102.958277170903841
73.36032345637442 102.874993961761874
74.42737393217246 102.790805894188807
75.50994501453623 102.715340834532952
76.60826245588666 102.650202476557396
77.72255529228926 102.585578773523679
78.85305589121582 102.503946282119671
80.00000000000082 102.405499999999932
81.16362679500274 102.312894469383863
82.34417893148023 102.229467380667245
83.541902594194 102.149173564293477
84.75704754874454 102.068994409693673
85.98986719365665 101.985771351692534
87.24061861322157 101.897055702540982
88.50956263110764 101.809958117570559
89.79696386475084 101.737005380997459
91.10309078053635 101.662531743857073
92.42821574978288 101.562994243395281
93.77261510554118 101.456180492719241
95.13656920021877 101.380492450139769
96.52036246404286 101.329547931423178
97.92428346437356 101.271133133451983
99.34862496587989 101.189196517780189
100.79368399159105 101.085973700630674
102.25976188483567 100.985135001255358
103.74716437208203 100.898740238428147
105.25620162669229 100.807544266545307
106.78718833360406 100.703396816647711
108.34044375495276 100.608676333069184
109.9162917966485 100.534557549964376
111.51506107592134 100.463668604859876
113.13708498984903 100.380855568282101
114.78270178488147 100.286128466651235
116.45225462737648 100.173982504018653
118.14609167516147 100.055189291148636
119.86456615013608 99.933904557022743
121.60803641193078 99.813957504398246
123.3768660326369 99.692102762598495
125.17142387262359 99.562743220517120
126.99208415745765 99.418336874668583
128.83922655594208 99.255671267345349
130.71323625928977 99.082994658965447
132.61450406144883 98.928213723821472
134.5434264405962 98.805605968478844
136.50040564181674 98.713737222282774
138.48584976098482 98.664556600956061
140.50017282986593 98.667086300246027
142.5437949024563 98.702168479158843
144.61714214257822 98.766195689454591
146.7206469127495 98.863811698724717
148.8547478643456 98.958086561583912
151.01989002907314 99.015290944279116
153.216524911774 99.027350425264686
155.4451105845792 99.022356088467674
157.70611178243232 99.022144993958108
160.00000000000236 99.001499999999965
162.3272535900062 98.974503858355931
164.6883578629612 98.961558210685183
167.08380518838874 98.944163080568245
169.51409509748981 98.901926555108702
171.97973438731407 98.851321524743867
174.4812372264439 98.816725153282675
177.01912526221608 98.792327872640058
179.5939277295025 98.764548009429575
182.20618156107355 98.725583567647249
184.85643149956664 98.673400083708742
187.54523021108326 98.622321546833746
190.27313840043846 98.581075157912892
193.04072492808663 98.535483241265680
195.84856692874806 98.486234935439768
198.69724993176072 98.441456850914406
201.58736798318304 98.407332636176577
204.5195237696723 98.374265714763936
207.49432874416505 98.336077507163083
210.5124032533856 98.306929714897478
213.57437666720915 98.293776869998368
216.68088750990657 98.255637796738782
219.83258359329807 98.193976139659185
223.03012215184378 98.121443486314547
226.2741699796992 98.068040648614158
229.5654035697641 98.037049204180249
232.90450925475412 98.003486737700868
236.2921833503241 97.953521562181422
239.72913230027333 97.889078769369874
243.21607282386276 97.847445981794039
246.75373206527502 97.846561566983681
250.34284774524843 97.844428600796107
253.9841683149166 97.833049474015894
257.67845311188546 97.818286187552459
261.42647251858085 97.796441164888520
265.22900812289896 97.767923658617377
269.08685288119375 97.724486716386068
273.0008112836349 97.678990670238193
276.97169952197106 97.628466957887468
281.00034565973334 97.558092948541429
285.0875898049141 97.474643096135821
289.23428428515797 97.386733173154653
293.44129382550057 97.298232829664485
297.7094957286928 97.207245841833100
302.0397800581479 97.090432285573854
306.4330498235497 96.928989023665864
310.89022116916016 96.775205035540836
315.41222356486645 96.668885958915084
320.00000000000654 96.528499999999767
324.6545071800142 96.360006840083486
329.3767157259242 96.220575243948190
334.16761037677935 96.109979049635498
339.02819019498156 96.027854594919290
343.95946877463007 95.984387771700128
348.9624744528898 95.992453650366258
354.03825052443415 95.977520222535162
359.187855459007 95.931540230955818
364.4123631221491 95.910262910633548
369.71286299913527 95.888234689103712
375.0904604221685 95.813615721729988
380.54627680087896 95.669815990033982
386.08144985617537 95.482527080249596
391.6971338574982 95.281664606326615
397.3944998635236 95.084742054517363
403.1747359663683 94.917279671527069
409.0390475393468 94.780420239788882
414.9886574883323 94.645274110698637
421.0248065067734 94.528424248044161
427.1487533344206 94.462263112218054
433.3617750198154 94.432738906126161
439.6651671865984 94.397435640406030
446.06024430368984 94.379231931329002
452.54833995940066 94.394967529817308
459.13080713953053 94.424883689780700
465.8090185095106 94.458632183593181
472.58436670065066 94.490147285859933
479.45826460054917 94.514830136216062
486.432145647728 94.537626080637494
493.50746413055253 94.579009603649780
500.6856954904994 94.632128403446330
507.9683366298358 94.697217008629153
515.3569062237735 94.754712156013966
522.8529450371643 94.825001885770092
530.4580162458005 94.919240471349028
538.1737057623901 95.024419473118996
546.0016225672724 95.132378004436362
553.9433990439449 95.227597903596731
562.0006913194694 95.308508468663490
570.1751796098309 95.408908719635178
578.4685685703187 95.522942817841880
586.8825876510039 95.623493887369094
595.4189914573883 95.703664780377721
604.0795601162986 95.754513542885235
612.8660996471021 95.775146728016878
621.780442338323 95.785280442338319
630.8244471297356 95.800168789727323
640.0000000000159 95.841000000000150
649.3090143600314 95.932693791446312
658.7534314518515 96.027471986091115
668.3352207535618 96.107932049141525
678.0563803899662 96.205286356055652
687.9189375492632 96.296374491065905
697.9249489057827 96.355020991974200
708.0765010488715 96.404671030087030
718.3757109180171 96.470117263150712
728.8247262443015 96.529535994343661
739.425725998274 96.598681077888529
750.1809208443404 96.663437225373826
761.0925536017613 96.689807004537585
772.1628997123541 96.701772018954188
783.3942677149998 96.719674253177118
794.7889997270506 96.736769124647438
806.34947193274 96.754082453221230
818.0780950786972 96.781500512348458
829.9773149766683 96.814826157824484
842.0496130135506 96.845961500285000
854.2975066688449 96.877780955005719
866.7235500396347 96.904721975056404
879.3303343732008 96.918015617030619
892.1204886073838 96.926171090126388
905.0966799188055 96.954023804665070
918.2616142790653 97.013808071395331
931.6180370190256 97.071681289107971
945.1687334013056 97.129350180881261
958.9165292011028 97.181478719903595
972.8642912954606 97.202364291295453
987.0149282611097 97.254408163546145
1001.3713909810035 97.388853892267832
1015.9366732596762 97.537026372232091
1030.7138124475518 97.620815785654344
1045.7058900743334 97.642397087778747
1060.916032491606 97.704885515168584
1076.3474115247852 97.853536876288089
1092.0032451345498 97.986392645419102
1107.8867980878947 98.070586277519553
1124.0013826389438 98.150176229919367
1140.350359219667 98.270307728928373
1156.9371371406426 98.433637087121269
1173.765175302013 98.593407844395969
1190.837982914782 98.700901556263275
1208.1591202326028 98.797447375357351
1225.73219929421 98.880660996471050
1243.5608846766518 98.974072564511005
1261.648894259477 99.110191154075807
1280.0000000000375 99.264000000000237
1298.6180287200684 99.383687327486157
1317.5068629037087 99.500030196776322
1336.6704415071292 99.605604755552960
1356.112760779938 99.746956981927525
1375.8378750985323 99.905578682053033
1395.8498978115715 100.104338937240342
1416.153002097749 100.325183023075240
1436.7514218360407 100.525266309489979
1457.6494524886093 100.662601879185075
1478.8514519965543 100.796702271248506
1500.3618416886875 100.992431576147979
1522.1851072035295 101.139083920407728
1544.3257994247153 101.299464851788912
1566.788535430007 101.503848793671068
1589.5779994541087 101.667177716866590
1612.6989438654878 101.762303063946064
1636.156190157402 101.836662284566643
1659.9546299533442 101.973702558391295
1684.099226027109 102.202861718490055
1708.5950133376978 102.426117182426964
1733.4471000792773 102.567539254375774
1758.6606687464096 102.700388999727451
1784.2409772147755 102.863805630073216
1810.193359837619 103.038241917273069
1836.5232285581387 103.212213552489288
1863.2360740380593 103.370680900536172
1890.3374668026197 103.560813233093057
1917.833058402214 103.799354186787980
1945.7285825909298 103.999979501796503
1974.0298565222283 104.163047793654925
2002.7427819620161 104.358250873486213
2031.8733465193618 104.571364527955950
2061.4276248951132 104.757613668153908
2091.411780148677 104.930188346739612
2121.832064983222 105.151019114992039
2152.694823049581 105.361013079857827
2184.0064902691106 105.511012980538226
2215.7735961758003 105.581842480582907
2248.002765277899 105.686715623820135
2280.7007184393456 105.879306252704481
2313.874274281297 106.078346032737755
2347.530350604038 106.255320443060469
2381.6759658295764 106.410351905202830
2416.318240465218 106.552729020512032
2451.4643985884327 106.686418274777196
2487.1217693533167 106.808933573462951
2523.2977885189675 106.902793691237136
2560.0000000000887 106.950750000000028
2597.236057440151 106.977736057440154
2635.0137258074315 107.039035229572406
2673.340883014273 107.088878680469463
2712.225521559891 107.039213643944294
2751.6757501970797 106.970298534071986
2791.699795623158 107.026447055480361
2832.3060041955137 107.093928186419134
2873.502843672097 107.099142355384942
2915.2989049772345 107.053387511131405
2957.7029039931244 106.992251005131820
3000.723683377391 106.917437502374440
3044.370214407075 106.792098009151644
3088.6515988494466 106.664073263048977
3133.57707086003 106.534411080333911
3179.1559989082334 106.394574203329881
3225.3978877309914 106.244901160591937
3272.3123803148205 106.079613564244610
3319.9092599067053 105.929421405827640
3368.198452054235 105.826700492192685
3417.190026675413 105.752465364254945
3466.8942001585724 105.674204773678099
3517.3213374928373 105.567160923766480
3568.4819544295697 105.447458489824740
3620.386719675257 105.325018279140409
3673.0464571162966 105.212789873194382
3726.472148076138 105.101996552751729
3780.6749336052594 104.965205719248317
3835.6661168044484 104.821407898358032
3891.45716518188 104.703060849742485
3948.059713044477 104.593747179182856
4005.4855639240527 104.423380359614981
4063.746693038744 104.298557594674136
4122.855249790247 104.386235287188867
4182.823560297375 104.467853747097209
4243.664129966465 104.400059969465943
4305.389646099183 104.341764577358248
4368.012980538242 104.329281494423753
4431.5471923516225 104.392745306364191
4496.00553055582 104.475707327986456
4561.401436878714 104.495009497092454
4627.748548562617 104.479149129137568
4695.060701208099 104.547506294397039
4763.351931659176 104.706819589807793
4832.63648093046 104.812906390614003
4902.928797176889 104.835612341647249
4974.243538706657 104.913709095317103
5046.595577037959 105.050487708154563
5120.000000000202 105.176714285714596
5194.472114880326 105.280178433417561
5270.027451614888 105.318628088306667
5346.6817660285715 105.257520810673043
5424.451043119808 105.144188420418573
5503.351500394186 105.031188981593814
5583.399591246343 104.833254876627279
5664.612008391055 104.478977659932724
5747.005687344222 104.103880060995579
5830.597809954497 103.741765285792923
5915.405807986278 103.363846462634513
6001.447366754812 102.898312507123180
6088.740428814181 102.541085949405257
6177.303197698925 102.338148810168505
6267.154141720092 102.159718149631061
6358.3119978165005 102.019526882751208
6450.795775462017 101.976651197337787
6544.624760629676 101.980421904921286
6639.818519813445 101.991816519114195
6736.396904108505 102.100483111641424
6834.380053350861 102.322277424574253
6933.788400317181 102.496448808196646
7034.642674985712 102.532823238876929
7136.963908859177 102.503669850127451
7240.773439350552 102.404985700219640
7346.092914232631 102.161276170459303
7452.944296152315 101.721602126642239
7561.349867210557 101.010249157991211
7671.332233608935 99.965258766839071
7782.914330363799 98.597642006087199
7896.119426088994 96.979716066345816
8010.971127848146 95.244215671275740
8127.49338607753 93.616511677804880
8245.710499580537 92.204726533855521
8365.647120594791 91.233215798036071
8487.328259932974 90.766605546553407
8610.77929219841 90.742540054598081
8736.025961076528 90.913130150953862
8863.094384703289 91.105272520901963
8992.011061111683 91.299936702278643
9122.802873757471 91.465697637303123
9255.497097125279 91.640709654306619
9390.121402416245 91.815091370147798
9526.7038633184 91.967544635982080
9665.272961860968 92.174399093131655
9805.857594353829 92.507327079683918
9948.487077413367 92.910114984740886
10093.19115407597 93.357764878944380
10240.000000000457 93.896300000001816
10388.944229760706 94.539466877264942
10540.05490322983 95.274963217157307
10693.363532057198 96.067403390394389
10848.902086239672 96.926274828978933
11006.703000788428 97.821539529474322
11166.799182492743 98.746868089323755
11329.224016782166 99.762508328975457
11494.0113746885 100.806146897510231
11661.195619909053 101.725080604275618
11830.811615972614 102.438431697431213
12002.894733509682 102.725678132089243
12177.48085762842 102.536108920251081
12354.606395397908 101.584414796226895
12534.308283440243 100.317480501607690
12716.62399563306 98.875454755168434
12901.591550924093 97.271244431729798
13089.249521259411 95.548276181236815
13279.637039626952 93.882485349068332
13472.793808217073 92.408967128918093
13668.760106701786 91.216417660622469
13867.576800634426 90.308540923704953
14069.285349971487 89.724070792460054
14273.927817718419 89.412673170705148
14481.54687870117 89.478297189646682
14692.18582846533 89.984839437440542
14905.888592304698 90.811803599340834
15122.699734421185 91.916707494168122
15342.664467217943 93.089775955351371
15565.828660727671 93.753307289264825
15792.238852178061 92.919175819702815
16021.942255696367 89.560261201260801
16254.986772155136 82.326826552857696
16491.42099916115 69.161695924708866
16731.294241189662 54.268817712095512
16974.65651986603 48.821496044393236
17221.558584396902 47.540445979002357
17472.051922153143 46.701675826140175
17726.188769406665 45.949433548410170
17984.022122223458 45.528030728175921
18245.605747515034 45.273621808830896
18510.99419425065 44.943969521428940
18780.242804832582 44.517402231271532
19053.40772663689 44.248589081116378
19330.545923722028 44.152603814206074
19611.71518870775 44.005958785640082
19896.974154826825 43.851649821165807
20186.382308152035 43.812500000000000
