20 106.122999999999990
20.290906698750476 106.099242540410515
20.586044732869844 106.075139676350034
20.885475648548283 106.050210362620973
21.189261887185914 106.024412821546463
21.49746679841394 105.998337135225682
21.810154653305165 105.972136773785195
22.12739065777668 105.945012555766766
22.449240966187475 105.917232463822216
22.77577269513385 105.888806811285889
23.107053937445478 105.859365113513618
23.44315377638505 105.829116113071620
23.784142300054445 105.797966837244957
24.130090616010463 105.764990895035268
24.481070866093134 105.728534871720626
24.837156241469714 105.689684280316811
25.1984209978975 105.648681585241789
25.56494047120865 105.606531798390506
25.936791093020236 105.563597998696395
26.3140504066728 105.520074357491609
26.69679708340074 105.477106324471663
27.08511093873791 105.433520830206930
27.47907294916184 105.389453168038671
27.878765268980047 105.344987363825965
28.284271247461966 105.300230162779172
28.695675446220072 105.255367051808236
29.11306365684382 105.210628316031404
29.536522918790062 105.166274662283413
29.966141537533712 105.122453563171561
30.402009102982383 105.079305787359075
30.844216508158908 105.036619222637768
31.29285596815558 104.993437613065026
31.74802103936409 104.949193938142315
32.20980663898519 104.902680109545543
32.67830906482211 104.853599239128869
33.153626015361866 104.802601138310195
33.63585661014871 104.749555772883639
34.125101410453844 104.695863946260530
34.62146244024586 104.642124981333950
35.12504320746613 104.589120549630991
35.635948725613716 104.536633229987402
36.15428553564419 104.483917160899949
36.68016172818701 104.430803665453112
37.21368696608603 104.377131303391394
37.754972507267915 104.322638539779192
38.30413122794313 104.267086977205679
38.86127764614443 104.211372315225958
39.4265279456077 104.154847214623260
40.000000000000206 104.096999999999980
40.58181339750116 104.037848774083301
41.1720894657399 103.976884177452661
41.77095129709678 103.915001605972009
42.37852377437204 103.852907911034976
42.9949335968281 103.790181583261088
43.62030930661056 103.727469129493301
44.25478131555359 103.664418318786716
44.89848193237519 103.600567241930264
45.55154539026795 103.535345468336828
46.21410787489121 103.469065796272048
46.88630755277036 103.400745859296364
47.56828460010916 103.331671549744016
48.260181232021196 103.262602337261924
48.962141732186545 103.193847693567903
49.674312482939705 103.124026045931075
50.39684199579528 103.054299963274403
51.129880942417586 102.986546297218013
51.873582186040764 102.922012403587416
52.628100813345895 102.858914158533310
53.393594166801776 102.794052460678927
54.17022187747612 102.724886655023056
54.95814589832399 102.650976201836073
55.75753053796041 102.575034627687046
56.56854249492426 102.499978361714426
57.39135089244048 102.426452472357681
58.226127313687975 102.353939987365990
59.073045837580466 102.280608489211716
59.932283075067765 102.205425230931567
60.804018205965114 102.128635401122580
61.68843301631817 102.047868078661537
62.58571193631152 101.962152067064522
63.49604207872855 101.872143813166502
64.41961327797075 101.783185771787700
65.35661812964459 101.699365768045027
66.3072520307241 101.619958959495989
67.27171322029778 101.541762942376181
68.25020282090806 101.463859078558713
69.2429248804921 101.386051859321611
70.25008641493265 101.307743346050188
71.27189745122783 101.229199844981068
72.30857107128878 101.149122885368186
73.36032345637442 101.064953476577301
74.42737393217246 100.977241650595772
75.50994501453623 100.890691640191932
76.60826245588666 100.807508260721562
77.72255529228926 100.724794803646546
78.85305589121582 100.637211547238934
80.00000000000082 100.544499999999942
81.16362679500274 100.448985395123685
82.34417893148023 100.353145449840383
83.541902594194 100.260754562395391
84.75704754874454 100.174006714104678
85.98986719365665 100.087296677521721
87.24061861322157 99.996454749907457
88.50956263110764 99.901279615123215
89.79696386475084 99.804295388855436
91.10309078053635 99.709944963090635
92.42821574978288 99.621276402549682
93.77261510554118 99.533290742812909
95.13656920021877 99.436927996303865
96.52036246404286 99.335951252066394
97.92428346437356 99.239584824029350
99.34862496587989 99.147796669181048
100.79368399159105 99.054145979216059
102.25976188483567 98.955323175984731
103.74716437208203 98.850898036558405
105.25620162669229 98.743763263060600
106.78718833360406 98.633535251646890
108.34044375495276 98.516785830868628
109.9162917966485 98.400427786337076
111.51506107592134 98.296269486104052
113.13708498984903 98.203828716960516
114.78270178488147 98.110085219755319
116.45225462737648 98.009044370256660
118.14609167516147 97.903419750086329
119.86456615013608 97.790727394944838
121.60803641193078 97.671217385560055
123.3768660326369 97.550397541505063
125.17142387262359 97.444685914768058
126.99208415745765 97.372417335013836
128.83922655594208 97.311606628573998
130.71323625928977 97.247087151644450
132.61450406144883 97.192824422832473
134.5434264405962 97.164733864068069
136.50040564181674 97.158498783074549
138.48584976098482 97.152785375597546
140.50017282986593 97.145748876605865
142.5437949024563 97.132465333134036
144.61714214257822 97.089071446435540
146.7206469127495 97.046119449892657
148.8547478643456 97.023142462386801
151.01989002907314 97.001201649563910
153.216524911774 96.963523061905676
155.4451105845792 96.917344097945232
157.70611178243232 96.879691548036760
160.00000000000236 96.853999999999985
162.3272535900062 96.837709224869968
164.6883578629612 96.823807524394823
167.08380518838874 96.814915062359475
169.51409509748981 96.796581601181089
171.97973438731407 96.752113418498794
174.4812372264439 96.696327791237081
177.01912526221608 96.645732794965454
179.5939277295025 96.585826948946050
182.20618156107355 96.499666117986862
184.85643149956664 96.404668466015607
187.54523021108326 96.329923520976223
190.27313840043846 96.264070635508062
193.04072492808663 96.187818977085499
195.84856692874806 96.107409839380807
198.69724993176072 96.029892601801521
201.58736798318304 95.959519659047857
204.5195237696723 95.894070477067203
207.49432874416505 95.828873822419069
210.5124032533856 95.762979195634415
213.57437666720915 95.698225278322212
216.68088750990657 95.650627131106361
219.83258359329807 95.612716018168697
223.03012215184378 95.570093350950117
226.2741699796992 95.516064940365411
229.5654035697641 95.459388139314001
232.90450925475412 95.401171088041806
236.2921833503241 95.340190295582715
239.72913230027333 95.289495298570955
243.21607282386276 95.242961807509261
246.75373206527502 95.185032637431121
250.34284774524843 95.116185901063176
253.9841683149166 95.043814654741027
257.67845311188546 94.986024170126797
261.42647251858085 94.929174603156468
265.22900812289896 94.869122130187236
269.08685288119375 94.812588044747457
273.0008112836349 94.775369625245929
276.97169952197106 94.747483478943735
281.00034565973334 94.707594849669960
285.0875898049141 94.647097825009382
289.23428428515797 94.604386871862886
293.44129382550057 94.567249002483251
297.7094957286928 94.507938572612233
302.0397800581479 94.437638381605979
306.4330498235497 94.379925435333092
310.89022116916016 94.333625233016107
315.41222356486645 94.285811314804846
320.00000000000654 94.222499999999926
324.6545071800142 94.170369519583829
329.3767157259242 94.133674632055573
334.16761037677935 94.072320498875797
339.02819019498156 94.006216613348258
343.95946877463007 93.954197206008615
348.9624744528898 93.900809028463499
354.03825052443415 93.851944270122772
359.187855459007 93.831692790260689
364.4123631221491 93.819351564819044
369.71286299913527 93.791607967204840
375.0904604221685 93.763685856200482
380.54627680087896 93.714583508792089
386.08144985617537 93.648441151869719
391.6971338574982 93.577492255915189
397.3944998635236 93.507984351596775
403.1747359663683 93.453689480252223
409.0390475393468 93.417304762303274
414.9886574883323 93.381579397581675
421.0248065067734 93.336085490338178
427.1487533344206 93.295763112218054
433.3617750198154 93.279622297905107
439.6651671865984 93.277500000000003
446.06024430368984 93.283852419936380
452.54833995940066 93.310270703772645
459.13080713953053 93.349670015795652
465.8090185095106 93.389401856429686
472.58436670065066 93.436710205019210
479.45826460054917 93.495124381404935
486.432145647728 93.553013950617057
493.50746413055253 93.599333697982132
500.6856954904994 93.627599983554177
507.9683366298358 93.633972294551114
515.3569062237735 93.637984372732262
522.8529450371643 93.648492653815040
530.4580162458005 93.661286260153616
538.1737057623901 93.665999999999997
546.0016225672724 93.668217878541810
553.9433990439449 93.685022410767147
562.0006913194694 93.697900656753504
570.1751796098309 93.706148164556367
578.4685685703187 93.736833703710175
586.8825876510039 93.775536420724819
595.4189914573883 93.815427360703978
604.0795601162986 93.856897800581493
612.8660996471021 93.902220812420396
621.780442338323 93.960478779058377
630.8244471297356 94.044280361931698
640.0000000000159 94.142000000000195
649.3090143600314 94.251846369448373
658.7534314518515 94.373794608874078
668.3352207535618 94.494190259419526
678.0563803899662 94.615704754874571
687.9189375492632 94.746905656915061
697.9249489057827 94.881590562782776
708.0765010488715 95.021359539526870
718.3757109180171 95.174054449316145
728.8247262443015 95.331312129976737
739.425725998274 95.474362155777044
750.1809208443404 95.599701203606145
761.0925536017613 95.732459402154774
772.1628997123541 95.861155108208408
783.3942677149998 95.979234102952304
794.7889997270506 96.092758497315998
806.34947193274 96.198764195419884
818.0780950786972 96.297059852180155
829.9773149766683 96.397912964407197
842.0496130135506 96.506283984873079
854.2975066688449 96.619684438909758
866.7235500396347 96.745277375434455
879.3303343732008 96.882984127949229
892.1204886073838 97.010957893668916
905.0966799188055 97.128883587626262
918.2616142790653 97.247762841695845
931.6180370190256 97.374380431451442
945.1687334013056 97.500615995061850
958.9165292011028 97.622519630509643
972.8642912954606 97.744771477514035
987.0149282611097 97.864702664968576
1001.3713909810035 97.978516840880729
1015.9366732596762 98.095618275845368
1030.7138124475518 98.215175140244753
1045.7058900743334 98.323707775844440
1060.916032491606 98.432717571605110
1076.3474115247852 98.544982743498565
1092.0032451345498 98.648833289143198
1107.8867980878947 98.752314057429231
1124.0013826389438 98.871454967863087
1140.350359219667 98.993766993098603
1156.9371371406426 99.100911133882562
1173.765175302013 99.203591051812083
1190.837982914782 99.305194206495244
1208.1591202326028 99.409188504385668
1225.73219929421 99.523167447927761
1243.5608846766518 99.634438493947130
1261.648894259477 99.739175290229653
1280.0000000000375 99.848000000000226
1298.6180287200684 99.959176228642690
1317.5068629037087 100.070787745970392
1336.6704415071292 100.176604189326895
1356.112760779938 100.294496297816124
1375.8378750985323 100.411943463081343
1395.8498978115715 100.526051922635389
1416.153002097749 100.649648613006050
1436.7514218360407 100.774827032194935
1457.6494524886093 100.898355682080961
1478.8514519965543 101.027533060458495
1500.3618416886875 101.161765128971183
1522.1851072035295 101.298378771094093
1544.3257994247153 101.439685116318174
1566.788535430007 101.581096231791832
1589.5779994541087 101.718801756768329
1612.6989438654878 101.855677747683686
1636.156190157402 101.999453369401081
1659.9546299533442 102.152603279894862
1684.099226027109 102.310326953696745
1708.5950133376978 102.469867586695045
1733.4471000792773 102.631068266512131
1758.6606687464096 102.797065760850515
1784.2409772147755 102.975219855490678
1810.193359837619 103.162392190830872
1836.5232285581387 103.351506316476275
1863.2360740380593 103.545417504920124
1890.3374668026197 103.746724251683602
1917.833058402214 103.950964632176380
1945.7285825909298 104.158220654476523
1974.0298565222283 104.365898549742710
2002.7427819620161 104.573656604061114
2031.8733465193618 104.782363205171450
2061.4276248951132 104.993231311748318
2091.411780148677 105.207623634680147
2121.832064983222 105.414133612643468
2152.694823049581 105.608366588195508
2184.0064902691106 105.802539752898298
2215.7735961758003 105.989226478488874
2248.002765277899 106.167247758866381
2280.7007184393456 106.334790210967441
2313.874274281297 106.491278044742387
2347.530350604038 106.634082264966494
2381.6759658295764 106.771161964172563
2416.318240465218 106.903289607023623
2451.4643985884327 107.017393195765294
2487.1217693533167 107.118372688786280
2523.2977885189675 107.209870804227961
2560.0000000000887 107.293750000000188
2597.236057440151 107.366232199084251
2635.0137258074315 107.425518301076579
2673.340883014273 107.468549121976594
2712.225521559891 107.498335312935936
2751.6757501970797 107.510522990671802
2791.699795623158 107.509726267882968
2832.3060041955137 107.496723718405704
2873.502843672097 107.470492639752166
2915.2989049772345 107.427540500181181
2957.7029039931244 107.367367237451276
3000.723683377391 107.296787830342879
3044.370214407075 107.223497798601187
3088.6515988494466 107.142663092272343
3133.57707086003 107.046862163793435
3179.1559989082334 106.938650922652982
3225.3978877309914 106.822981407408662
3272.3123803148205 106.698864077937387
3319.9092599067053 106.567851350058433
3368.198452054235 106.436456086576825
3417.190026675413 106.310040634111729
3466.8942001585724 106.191156991644789
3517.3213374928373 106.082010898264471
3568.4819544295697 105.983102121115365
3620.386719675257 105.896827654880610
3673.0464571162966 105.824652857746955
3726.472148076138 105.764763130443100
3780.6749336052594 105.716460053115796
3835.6661168044484 105.676540296925594
3891.45716518188 105.651428743163052
3948.059713044477 105.634094212880129
4005.4855639240527 105.636691382209918
4063.746693038744 105.655591903613299
4122.855249790247 105.689331787328697
4182.823560297375 105.739166421190632
4243.664129966465 105.807394774319533
4305.389646099183 105.895276567227967
4368.012980538242 106.002555832932956
4431.5471923516225 106.127775516295713
4496.00553055582 106.268645592732071
4561.401436878714 106.424992225205870
4627.748548562617 106.594985652357082
4695.060701208099 106.777916928322270
4763.351931659176 106.964477989837235
4832.63648093046 107.146464837516845
4902.928797176889 107.312648970871521
4974.243538706657 107.458635909429859
5046.595577037959 107.567365472505827
5120.000000000202 107.637000000000143
5194.472114880326 107.657135315926865
5270.027451614888 107.616227352417724
5346.6817660285715 107.506889299073208
5424.451043119808 107.323624616518813
5503.351500394186 107.057123777124218
5583.399591246343 106.707928107274427
5664.612008391055 106.295871436282596
5747.005687344222 105.856259117720867
5830.597809954497 105.404954705793216
5915.405807986278 104.954660088870668
6001.447366754812 104.512043593534685
6088.740428814181 104.095542660142513
6177.303197698925 103.709386752390174
6267.154141720092 103.352135407920642
6358.3119978165005 103.028239207423894
6450.795775462017 102.740716124424011
6544.624760629676 102.495970555339142
6639.818519813445 102.301401257109688
6736.396904108505 102.169652708905062
6834.380053350861 102.117094204801575
6933.788400317181 102.172500006464674
7034.642674985712 102.381915480328644
7136.963908859177 102.768839288903905
7240.773439350552 103.257615828963822
7346.092914232631 103.670935026128589
7452.944296152315 103.869943500633468
7561.349867210557 103.839815766088776
7671.332233608935 103.670886899427586
7782.914330363799 103.431290665849986
7896.119426088994 103.173186519416078
8010.971127848146 102.939300526265754
8127.49338607753 102.736251195834797
8245.710499580537 102.543011683377969
8365.647120594791 102.318939250575937
8487.328259932974 102.035753779410015
8610.77929219841 101.695779562228608
8736.025961076528 101.341557279414133
8863.094384703289 100.990835722830781
8992.011061111683 100.629869028887285
9122.802873757471 100.248634499862320
9255.497097125279 99.853650413411714
9390.121402416245 99.484323329825202
9526.7038633184 99.213061050617313
9665.272961860968 99.053197025051489
9805.857594353829 98.966227288455741
9948.487077413367 98.915453876775985
10093.19115407597 98.865519272991889
10240.000000000457 98.817799999999863
10388.944229760706 98.798094052219412
10540.05490322983 98.813884264920034
10693.363532057198 98.819331823397135
10848.902086239672 98.751224623081811
11006.703000788428 98.566448564508875
11166.799182492743 98.275113081103953
11329.224016782166 97.892478025690224
11494.0113746885 97.471120331020842
11661.195619909053 97.049213767092866
11830.811615972614 96.652276934148503
12002.894733509682 96.299175614125318
12177.48085762842 95.964240838895890
12354.606395397908 95.637582499909570
12534.308283440243 95.301542983353144
12716.62399563306 94.959689768049728
12901.591550924093 94.667254967595085
13089.249521259411 94.410967796680012
13279.637039626952 94.285748999650366
13472.793808217073 94.291156157944584
13668.760106701786 94.336907412270705
13867.576800634426 94.317873715679610
14069.285349971487 94.158504057788065
14273.927817718419 93.885306363345919
14481.54687870117 93.536423899846980
14692.18582846533 93.218911858900526
14905.888592304698 93.019513104802172
15122.699734421185 92.973822150602331
15342.664467217943 93.048836114838736
15565.828660727671 93.099925893921238
15792.238852178061 92.848207297724315
16021.942255696367 91.958784734652056
16254.986772155136 90.383865134910977
16491.42099916115 88.504685898667191
16731.294241189662 86.489002489183036
16974.65651986603 84.265558643312005
17221.558584396902 82.045562615128588
17472.051922153143 79.945692630751694
17726.188769406665 77.950132353705641
17984.022122223458 75.998101021457330
18245.605747515034 73.971599399283335
18510.99419425065 71.845156967221826
18780.242804832582 71.523020548582366
19053.40772663689 74.374522644214693
19330.545923722028 77.853037658318513
19611.71518870775 80.202183449767602
19896.974154826825 80.870814099460858
20186.382308152035 79.963358496539598
