20 99.807500000000005
20.290906698750476 99.855499950472407
20.586044732869844 99.902500112994090
20.885475648548283 99.949000096417052
21.189261887185914 99.994499982978837
21.49746679841394 100.039499970672978
21.810154653305165 100.085000095073099
22.12739065777668 100.130500090249683
22.449240966187475 100.174999855976637
22.77577269513385 100.219000092660366
23.107053937445478 100.262499991909706
23.44315377638505 100.304500095974134
23.784142300054445 100.346000034819411
24.130090616010463 100.385999955761577
24.481070866093134 100.422999986314622
24.837156241469714 100.457500023478843
25.1984209978975 100.491999999802843
25.56494047120865 100.525499951123294
25.936791093020236 100.559000095954971
26.3140504066728 100.591499949853500
26.69679708340074 100.624000092403534
27.08511093873791 100.656999910135909
27.47907294916184 100.689499995756861
27.878765268980047 100.721500021303143
28.284271247461966 100.753000018714189
28.695675446220072 100.784000033261407
29.11306365684382 100.814999974605058
29.536522918790062 100.843999928766010
29.966141537533712 100.871500032180535
30.402009102982383 100.896999948735058
30.844216508158908 100.921499973402376
31.29285596815558 100.944999998373333
31.74802103936409 100.967500049695531
32.20980663898519 100.988999938329783
32.67830906482211 101.009999960221961
33.153626015361866 101.030000042263424
33.63585661014871 101.049499984695046
34.125101410453844 101.068999938491572
34.62146244024586 101.087499943640779
35.12504320746613 101.105500042694814
35.635948725613716 101.123000025289372
36.15428553564419 101.141000016356173
36.68016172818701 101.157500021916832
37.21368696608603 101.173499969105421
37.754972507267915 101.189499958782676
38.30413122794313 101.203500005748509
38.86127764614443 101.216999968523993
39.4265279456077 101.229499977696307
40.000000000000206 101.241500000000002
40.58181339750116 101.252999988649933
41.1720894657399 101.263000008585749
41.77095129709678 101.273000021425958
42.37852377437204 101.282499981909965
42.9949335968281 101.289999994786314
43.62030930661056 101.297500016534514
44.25478131555359 101.304500012306789
44.89848193237519 101.310499990084381
45.55154539026795 101.315500008423669
46.21410787489121 101.318999999435562
46.88630755277036 101.321500002440416
47.56828460010916 101.323999999999998
48.260181232021196 101.324500000000000
48.962141732186545 101.324500000000000
49.674312482939705 101.323000000723411
50.39684199579528 101.322000001384836
51.129880942417586 101.319500005593625
51.873582186040764 101.315999993689587
52.628100813345895 101.311500001232474
53.393594166801776 101.307999992460822
54.17022187747612 101.303000007200893
54.95814589832399 101.297499993232975
55.75753053796041 101.291499995339933
56.56854249492426 101.284499993963152
57.39135089244048 101.274499987124614
58.226127313687975 101.262500009830305
59.073045837580466 101.251000030528857
59.932283075067765 101.237999968942972
60.804018205965114 101.224500028708292
61.68843301631817 101.210500033522791
62.58571193631152 101.196000001060867
63.49604207872855 101.180499961598798
64.41961327797075 101.163500068263758
65.35661812964459 101.145500057993132
66.3072520307241 101.126499979621144
67.27171322029778 101.107999996610658
68.25020282090806 101.093000048559176
69.2429248804921 101.078500046966013
70.25008641493265 101.060999947817436
71.27189745122783 101.037999966280907
72.30857107128878 101.012499998231306
73.36032345637442 100.984999932999699
74.42737393217246 100.955500057927310
75.50994501453623 100.924000117382647
76.60826245588666 100.891999956727631
77.72255529228926 100.858500051919279
78.85305589121582 100.823000066911192
80.00000000000082 100.785999999999973
81.16362679500274 100.748000040241152
82.34417893148023 100.709999936880052
83.541902594194 100.670499949966157
84.75704754874454 100.632000078390007
85.98986719365665 100.592000026068376
87.24061861322157 100.548999906993515
88.50956263110764 100.502999899494625
89.79696386475084 100.453000123754663
91.10309078053635 100.399499882068582
92.42821574978288 100.343999968655368
93.77261510554118 100.287499952005078
95.13656920021877 100.226999851454877
96.52036246404286 100.161500025856341
97.92428346437356 100.091000129571057
99.34862496587989 100.019000001718553
100.79368399159105 99.949000095553586
102.25976188483567 99.882000187386495
103.74716437208203 99.817499900611097
105.25620162669229 99.754500057127373
106.78718833360406 99.696999926116078
108.34044375495276 99.652500057607114
109.9162917966485 99.622999970676204
111.51506107592134 99.597999983356885
113.13708498984903 99.574000000143428
114.78270178488147 99.557000001072950
116.45225462737648 99.565999996219460
118.14609167516147 99.603999915899465
119.86456615013608 99.650000067094311
121.60803641193078 99.683999936431633
123.3768660326369 99.711499949853660
125.17142387262359 99.750499974335696
126.99208415745765 99.778000001715554
128.83922655594208 99.771500048665359
130.71323625928977 99.755500042731782
132.61450406144883 99.750499994637124
134.5434264405962 99.742500003178620
136.50040564181674 99.716000097118453
138.48584976098482 99.680000097281038
140.50017282986593 99.637499876659277
142.5437949024563 99.581999941062108
144.61714214257822 99.516999995306165
146.7206469127495 99.446999845206179
148.8547478643456 99.380500127440072
151.01989002907314 99.311500227769059
153.216524911774 99.233499891163348
155.4451105845792 99.150500126743992
157.70611178243232 99.062500165419152
160.00000000000236 98.973999999999904
162.3272535900062 98.889000051312848
164.6883578629612 98.800999859193922
167.08380518838874 98.715499858169636
169.51409509748981 98.634500128000667
171.97973438731407 98.555500050833331
174.4812372264439 98.482499853256314
177.01912526221608 98.413499836458840
179.5939277295025 98.348000130533279
182.20618156107355 98.290499908456781
184.85643149956664 98.239499974812333
187.54523021108326 98.197499959833067
190.27313840043846 98.165499941974559
193.04072492808663 98.142000008490129
195.84856692874806 98.127000023394743
198.69724993176072 98.115000000262555
201.58736798318304 98.102000018002855
204.5195237696723 98.086000041768983
207.49432874416505 98.060999946361562
210.5124032533856 98.025000021912263
213.57437666720915 97.978999902962130
216.68088750990657 97.924000100372609
219.83258359329807 97.860499947092222
223.03012215184378 97.793499975055425
226.2741699796992 97.722500000448946
229.5654035697641 97.647499894239346
232.90450925475412 97.570000017345961
236.2921833503241 97.489000182245817
239.72913230027333 97.405999849491195
243.21607282386276 97.323000170199236
246.75373206527502 97.239000142081281
250.34284774524843 97.153000053206426
253.9841683149166 97.066499829098632
257.67845311188546 96.981500314647860
261.42647251858085 96.895500239632867
265.22900812289896 96.808499907758687
269.08685288119375 96.722500002638952
273.0008112836349 96.637000278406205
276.97169952197106 96.551000226112549
281.00034565973334 96.464999798385435
285.0875898049141 96.379499901150538
289.23428428515797 96.294999973633594
293.44129382550057 96.209999803619738
297.7094957286928 96.125000144284428
302.0397800581479 96.040500292239443
306.4330498235497 95.956499888540790
310.89022116916016 95.872000128271054
315.41222356486645 95.787000139255269
320.00000000000654 95.702499999999873
324.6545071800142 95.618000050709128
329.3767157259242 95.533999880236905
334.16761037677935 95.449499870531469
339.02819019498156 95.366000131200664
343.95946877463007 95.284000070008773
348.9624744528898 95.202999814307915
354.03825052443415 95.121499818072209
359.187855459007 95.042000159087408
364.4123631221491 94.965499872184921
369.71286299913527 94.891999958580243
375.0904604221685 94.818499910215110
380.54627680087896 94.741999828823850
386.08144985617537 94.661500016678104
391.6971338574982 94.576500154765256
397.3944998635236 94.489000017490497
403.1747359663683 94.400500121865463
409.0390475393468 94.312000216215779
414.9886574883323 94.224499851771199
421.0248065067734 94.141000060820289
427.1487533344206 94.064499878136004
433.3617750198154 93.990500132069172
439.6651671865984 93.914499929124133
446.06024430368984 93.844999978618915
452.54833995940066 93.789000000324222
459.13080713953053 93.743499947806384
465.8090185095106 93.708000012262318
472.58436670065066 93.683500048366398
479.45826460054917 93.670999992746559
486.432145647728 93.669999996184572
493.50746413055253 93.678499981876300
500.6856954904994 93.691999993179905
507.9683366298358 93.707000025919498
515.3569062237735 93.720999947558695
522.8529450371643 93.734999963776431
530.4580162458005 93.746500010725725
538.1737057623901 93.755999999723826
546.0016225672724 93.761499983813593
553.9433990439449 93.764499994741556
562.0006913194694 93.767000007484143
570.1751796098309 93.770500005209598
578.4685685703187 93.777000001685764
586.8825876510039 93.785500025413924
595.4189914573883 93.796499981327912
604.0795601162986 93.809999951866445
612.8660996471021 93.824500019179212
621.780442338323 93.840499973779032
630.8244471297356 93.859499965030608
640.0000000000159 93.883500000000055
649.3090143600314 93.910999979389260
658.7534314518515 93.942500047905241
668.3352207535618 93.978000061803186
678.0563803899662 94.016499937599690
687.9189375492632 94.054999971395986
697.9249489057827 94.090500067135935
708.0765010488715 94.121500072647507
718.3757109180171 94.153999930654209
728.8247262443015 94.195000091095181
739.425725998274 94.248500033583611
750.1809208443404 94.313000086240777
761.0925536017613 94.387500180659217
772.1628997123541 94.470999974551887
783.3942677149998 94.565499835755446
794.7889997270506 94.667999988423588
806.34947193274 94.777499854551763
818.0780950786972 94.895499697507745
829.9773149766683 95.012500192645319
842.0496130135506 95.128999913219872
854.2975066688449 95.247000203015915
866.7235500396347 95.362499797493996
879.3303343732008 95.475000108741085
892.1204886073838 95.588000049007547
905.0966799188055 95.702499999276782
918.2616142790653 95.818000154506592
931.6180370190256 95.938999954295014
945.1687334013056 96.063999737139170
958.9165292011028 96.187000221229965
972.8642912954606 96.311999746668235
987.0149282611097 96.447499753517661
1001.3713909810035 96.579999927091563
1015.9366732596762 96.712000246235220
1030.7138124475518 96.845999503418795
1045.7058900743334 96.976499631977390
1060.916032491606 97.105500139434582
1076.3474115247852 97.234999996041680
1092.0032451345498 97.359499598577244
1107.8867980878947 97.481999668890523
1124.0013826389438 97.605500299298882
1140.350359219667 97.727500121904683
1156.9371371406426 97.843000021353021
1173.765175302013 97.958500267937097
1190.837982914782 98.077499791056852
1208.1591202326028 98.196499590864804
1225.73219929421 98.316500143844124
1243.5608846766518 98.437499806883380
1261.648894259477 98.559999784938270
1280.0000000000375 98.685500000000246
1298.6180287200684 98.811499911160567
1317.5068629037087 98.938000178940229
1336.6704415071292 99.066000211431970
1356.112760779938 99.197499780382898
1375.8378750985323 99.329999893970864
1395.8498978115715 99.463000288034834
1416.153002097749 99.596500314024809
1436.7514218360407 99.731999713950330
1457.6494524886093 99.872000262354163
1478.8514519965543 100.015500078921519
1500.3618416886875 100.157000171300211
1522.1851072035295 100.304500334309878
1544.3257994247153 100.458999953838344
1566.788535430007 100.615999731391781
1589.5779994541087 100.776499974884629
1612.6989438654878 100.941499777271261
1636.156190157402 101.111999562784376
1659.9546299533442 101.289000302253925
1684.099226027109 101.471499871819134
1708.5950133376978 101.655500319723998
1733.4471000792773 101.844499663663981
1758.6606687464096 102.043500189128778
1784.2409772147755 102.247500081374881
1810.193359837619 102.454500006640970
1836.5232285581387 102.663000284556418
1863.2360740380593 102.876999920109256
1890.3374668026197 103.095499537364987
1917.833058402214 103.315000393499233
1945.7285825909298 103.532999566565223
1974.0298565222283 103.752999607246906
2002.7427819620161 103.975999876445314
2031.8733465193618 104.196500412891936
2061.4276248951132 104.416499187078244
2091.411780148677 104.639499368396628
2121.832064983222 104.861000239805136
2152.694823049581 105.076999993402865
2184.0064902691106 105.291999303984852
2215.7735961758003 105.505499429307321
2248.002765277899 105.711000479364913
2280.7007184393456 105.905500192755341
2313.874274281297 106.086000030718438
2347.530350604038 106.242000307930255
2381.6759658295764 106.370499789349481
2416.318240465218 106.469999686339960
2451.4643985884327 106.537500050300750
2487.1217693533167 106.570499960426929
2523.2977885189675 106.568500019233156
2560.0000000000887 106.531999999999840
2597.236057440151 106.459500057567908
2635.0137258074315 106.351999812605854
2673.340883014273 106.210999733270370
2712.225521559891 106.040500292272327
2751.6757501970797 105.847500154042720
2791.699795623158 105.638499531256215
2832.3060041955137 105.423999505528030
2873.502843672097 105.218500417590676
2915.2989049772345 105.042999744933397
2957.7029039931244 104.916499953869703
3000.723683377391 104.845499964090010
3044.370214407075 104.827500039738538
3088.6515988494466 104.857999988243535
3133.57707086003 104.932999852864327
3179.1559989082334 105.044499981551098
3225.3978877309914 105.177499820453946
3272.3123803148205 105.312999659378562
3319.9092599067053 105.430500151126978
3368.198452054235 105.508499954471290
3417.190026675413 105.534499975780747
3466.8942001585724 105.509000064412362
3517.3213374928373 105.444999922945811
3568.4819544295697 105.359999963657799
3620.386719675257 105.267499998816007
3673.0464571162966 105.176999888041351
3726.472148076138 105.094000030098357
3780.6749336052594 105.019500152731354
3835.6661168044484 104.952499887571634
3891.45716518188 104.892000115716371
3948.059713044477 104.841000081749485
4005.4855639240527 104.812000011687587
4063.746693038744 104.821000081070110
4122.855249790247 104.877999737638277
4182.823560297375 104.983999670100076
4243.664129966465 105.128000183445465
4305.389646099183 105.298499994630305
4368.012980538242 105.471999449662476
4431.5471923516225 105.607499681524672
4496.00553055582 105.651999867771735
4561.401436878714 105.563499809731368
4627.748548562617 105.365999956523154
4695.060701208099 105.166999728047728
4763.351931659176 105.084500078355518
4832.63648093046 105.137499726101680
4902.928797176889 105.234000052149312
4974.243538706657 105.237500056985212
5046.595577037959 105.051500414592567
5120.000000000202 104.678499999998820
5194.472114880326 104.264500282153719
5270.027451614888 104.017499923915153
5346.6817660285715 104.021000227502867
5424.451043119808 104.187499682958872
5503.351500394186 104.402499831953477
5583.399591246343 104.595000339510747
5664.612008391055 104.734500215599184
5747.005687344222 104.809999877524263
5830.597809954497 104.814999908904767
5915.405807986278 104.748499940996084
6001.447366754812 104.630999854043196
6088.740428814181 104.509999794684163
6177.303197698925 104.430500018787328
6267.154141720092 104.403500025829544
6358.3119978165005 104.414499997209418
6450.795775462017 104.439999964354840
6544.624760629676 104.462999949160988
6639.818519813445 104.476500013369019
6736.396904108505 104.483999995024703
6834.380053350861 104.494500034397007
6933.788400317181 104.518999949514637
7034.642674985712 104.564500061833627
7136.963908859177 104.636000038041075
7240.773439350552 104.736500001544385
7346.092914232631 104.863000188370634
7452.944296152315 105.005499946863466
7561.349867210557 105.135499741205251
7671.332233608935 105.210500014578855
7782.914330363799 105.190000096540956
7896.119426088994 105.061000276824458
8010.971127848146 104.855500119437067
8127.49338607753 104.617999513579178
8245.710499580537 104.347001049446817
8365.647120594791 103.998001052002891
8487.328259932974 103.542499405445625
8610.77929219841 102.972000023214150
8736.025961076528 102.299502237921374
8863.094384703289 101.589501894977730
8992.011061111683 100.951498716895941
9122.802873757471 100.469499619462624
9255.497097125279 100.144499954096474
9390.121402416245 99.943999718982596
9526.7038633184 99.843000135816197
9665.272961860968 99.829999969186446
9805.857594353829 99.891500121277517
9948.487077413367 99.995999826700029
10093.19115407597 100.091499850816092
10240.000000000457 100.128999999999934
10388.944229760706 100.098000031982139
10540.05490322983 100.023499842194326
10693.363532057198 99.887999624171982
10848.902086239672 99.614500520145469
11006.703000788428 99.187500357644041
11166.799182492743 98.703498992419554
11329.224016782166 98.256499046349234
11494.0113746885 97.858500807779592
11661.195619909053 97.496999398771379
11830.811615972614 97.180999858477534
12002.894733509682 96.941999804425109
12177.48085762842 96.794999812827342
12354.606395397908 96.731500011719291
12534.308283440243 96.769499882906132
12716.62399563306 96.943999968142265
12901.591550924093 97.280999496280444
13089.249521259411 97.792998589217603
13279.637039626952 98.460501254447252
13472.793808217073 99.228999446810064
13668.760106701786 100.015501279569065
13867.576800634426 100.730498805760405
14069.285349971487 101.307000432835537
14273.927817718419 101.723000125454718
14481.54687870117 102.002500003421147
14692.18582846533 102.166000084598892
14905.888592304698 102.186500008546432
15122.699734421185 102.025500442384526
15342.664467217943 101.716999404089592
15565.828660727671 101.416500539841223
15792.238852178061 101.292000141091151
16021.942255696367 101.273999997791151
16254.986772155136 101.411500601427406
16491.42099916115 101.753498652777438
16731.294241189662 101.911999886881432
16974.65651986603 101.514999096101548
17221.558584396902 100.571000041234811
17472.051922153143 99.196504740646787
17726.188769406665 97.489504757325477
17984.022122223458 95.574995129590988
18245.605747515034 93.578497899785802
18510.99419425065 91.602999626439853
18780.242804832582 89.780996485015663
19053.40772663689 88.291002483009521
19330.545923722028 86.666506173340309
19611.71518870775 83.575994053761676
19896.974154826825 77.976509988066937
20186.382308152035 73.078006163376017
