20 100.342016302575814
20.290906698750476 100.388643559969239
20.586044732869844 100.434270856009618
20.885475648548283 100.478025542368329
21.189261887185914 100.520652802371018
21.49746679841394 100.561407487758515
21.810154653305165 100.600162086902955
22.12739065777668 100.637289439431598
22.449240966187475 100.673416727799250
22.77577269513385 100.708671366366602
23.107053937445478 100.743044057122148
23.44315377638505 100.777544035999767
23.784142300054445 100.812544050395530
24.130090616010463 100.848289382905705
24.481070866093134 100.884916717709430
24.837156241469714 100.923162091165636
25.1984209978975 100.961162070720150
25.56494047120865 100.999662065098391
25.936791093020236 101.036416695683442
26.3140504066728 101.072544069413226
26.69679708340074 101.106298624217771
27.08511093873791 101.138053277414315
27.47907294916184 101.168307915795339
27.878765268980047 101.196562535490074
28.284271247461966 101.223935221892035
28.695675446220072 101.250189859449193
29.11306365684382 101.276689821090059
29.536522918790062 101.304062531254885
29.966141537533712 101.331435214026627
30.402009102982383 101.359062565101922
30.844216508158908 101.386935246050427
31.29285596815558 101.414562538552019
31.74802103936409 101.442062524173224
32.20980663898519 101.468562524235409
32.67830906482211 101.494817154691901
33.153626015361866 101.520317170635451
33.63585661014871 101.544944467771245
34.125101410453844 101.568571810487327
34.62146244024586 101.591699115318221
35.12504320746613 101.614199117888973
35.635948725613716 101.636699120020836
36.15428553564419 101.658199092385843
36.68016172818701 101.679326415603626
37.21368696608603 101.699581052572427
37.754972507267915 101.719581046895257
38.30413122794313 101.738208353290887
38.86127764614443 101.756208345169796
39.4265279456077 101.772090304934636
40.000000000000206 101.786344923690592
40.58181339750116 101.798972238258727
41.1720894657399 101.810099556395073
41.77095129709678 101.821226866089432
42.37852377437204 101.831972234250685
42.9949335968281 101.843472236825704
43.62030930661056 101.854599551471921
44.25478131555359 101.866472231815692
44.89848193237519 101.877599560044075
45.55154539026795 101.887726872460775
46.21410787489121 101.897226862274579
46.88630755277036 101.904608807199963
47.56828460010916 101.910608805069245
48.260181232021196 101.915363433649532
48.962141732186545 101.919863433015195
49.674312482939705 101.925236117524150
50.39684199579528 101.931981493976835
51.129880942417586 101.939854182414592
51.873582186040764 101.947981487929653
52.628100813345895 101.955608804655512
53.393594166801776 101.961736119304760
54.17022187747612 101.966990746777157
54.95814589832399 101.970245373503133
55.75753053796041 101.971000000000004
56.56854249492426 101.968881939574786
57.39135089244048 101.965009254765206
58.226127313687975 101.960263880292189
59.073045837580466 101.955263881943353
59.932283075067765 101.949263880940180
60.804018205965114 101.943636567722734
61.68843301631817 101.939381940437812
62.58571193631152 101.937627313104713
63.49604207872855 101.937872686616643
64.41961327797075 101.939745373770961
65.35661812964459 101.942245372915892
66.3072520307241 101.943872686825415
67.27171322029778 101.944999999999993
68.25020282090806 101.943754627207909
69.2429248804921 101.940636568434229
70.25008641493265 101.934018508474310
71.27189745122783 101.924773134518347
72.30857107128878 101.913027759208290
73.36032345637442 101.899782389597576
74.42737393217246 101.885037008360058
75.50994501453623 101.870037013140816
76.60826245588666 101.854409698925025
77.72255529228926 101.839409698970030
78.85305589121582 101.824282391241553
80.00000000000082 101.807291648095116
81.16362679500274 101.787300896525679
82.34417893148023 101.765300901024801
83.541902594194 101.741928203131181
84.75704754874454 101.718055516856793
85.98986719365665 101.692810143250668
87.24061861322157 101.664692085702256
88.50956263110764 101.633446716365626
89.79696386475084 101.601946718370186
91.10309078053635 101.572564778431030
92.42821574978288 101.544319407442870
93.77261510554118 101.512328650743044
95.13656920021877 101.475837915338346
96.52036246404286 101.436092530803691
97.92428346437356 101.394347162672290
99.34862496587989 101.351474468696566
100.79368399159105 101.307229096380297
102.25976188483567 101.259111043102308
103.74716437208203 101.210238353666156
105.25620162669229 101.162856426549467
106.78718833360406 101.119347157919350
108.34044375495276 101.076474472145549
109.9162917966485 101.032229103411311
111.51506107592134 100.982992996597176
113.13708498984903 100.930247607429436
114.78270178488147 100.876874923314077
116.45225462737648 100.822502236011616
118.14609167516147 100.767502251147420
119.86456615013608 100.714120301481444
121.60803641193078 100.665729109504710
123.3768660326369 100.626955976785553
125.17142387262359 100.600673583874283
126.99208415745765 100.585027758931034
128.83922655594208 100.576518508126938
130.71323625928977 100.573127313542045
132.61450406144883 100.572745372871012
134.5434264405962 100.574118059624368
136.50040564181674 100.576990746101828
138.48584976098482 100.579618059322115
140.50017282986593 100.584363433415092
142.5437949024563 100.593972238578004
144.61714214257822 100.609581045599498
146.7206469127495 100.633189853923113
148.8547478643456 100.661435222320762
151.01989002907314 100.689935220691552
153.216524911774 100.715071789871104
155.4451105845792 100.733090301029961
157.70611178243232 100.741863432778800
160.00000000000236 100.739518507679080
162.3272535900062 100.724046271745138
164.6883578629612 100.695701344715488
167.08380518838874 100.656847170982061
169.51409509748981 100.610983739745592
171.97973438731407 100.559747615638514
174.4812372264439 100.504629561400179
177.01912526221608 100.445638805868910
179.5939277295025 100.384393436740339
182.20618156107355 100.321648064985169
184.85643149956664 100.257648069211442
187.54523021108326 100.192902693168719
190.27313840043846 100.126902683252410
193.04072492808663 100.060902687465699
195.84856692874806 99.997520749690551
198.69724993176072 99.934893436115743
201.58736798318304 99.872766124073451
204.5195237696723 99.812511495575620
207.49432874416505 99.755129551814321
210.5124032533856 99.699129558056910
213.57437666720915 99.643129548524030
216.68088750990657 99.585384176459399
219.83258359329807 99.527011500276259
223.03012215184378 99.467138805615406
226.2741699796992 99.405148068879697
229.5654035697641 99.338284624234632
232.90450925475412 99.267293882424610
236.2921833503241 99.193921188909229
239.72913230027333 99.119175825242110
243.21607282386276 99.041930456474802
246.75373206527502 98.963557759618311
250.34284774524843 98.885803140872369
253.9841683149166 98.809548508588023
257.67845311188546 98.735793891662496
261.42647251858085 98.663666565651411
265.22900812289896 98.591293875976291
269.08685288119375 98.519166564288440
273.0008112836349 98.446421201904144
276.97169952197106 98.370803134601218
281.00034565973334 98.290067020582612
285.0875898049141 98.205076270309505
289.23428428515797 98.115585529155624
293.44129382550057 98.023340154278202
297.7094957286928 97.929094781411635
302.0397800581479 97.832849403099488
306.4330498235497 97.734231354150879
310.89022116916016 97.632858662268745
315.41222356486645 97.530613284756697
320.00000000000654 97.427740599827985
324.6545071800142 97.322867909938424
329.3767157259242 97.216249849640533
334.16761037677935 97.106631791848116
339.02819019498156 96.995386414989540
343.95946877463007 96.882013739297889
348.9624744528898 96.768013733100958
354.03825052443415 96.651895671444322
359.187855459007 96.534022992505754
364.4123631221491 96.414650308331744
369.71286299913527 96.293032239871280
375.0904604221685 96.170159564541649
380.54627680087896 96.045914189811384
386.08144985617537 95.921914186525214
391.6971338574982 95.797414185893899
397.3944998635236 95.672041499202919
403.1747359663683 95.546414183198522
409.0390475393468 95.422659558572889
414.9886574883323 95.300904934382302
421.0248065067734 95.181895669428030
427.1487533344206 95.066513737581232
433.3617750198154 94.955877167771021
439.6651671865984 94.850613284978749
446.06024430368984 94.752222096311527
452.54833995940066 94.661330894642745
459.13080713953053 94.578312390977160
465.8090185095106 94.502293882424581
472.58436670065066 94.435020751157168
479.45826460054917 94.374384182421579
486.432145647728 94.319374925665343
493.50746413055253 94.267992984057372
500.6856954904994 94.218738357312844
507.9683366298358 94.170238360648085
515.3569062237735 94.120492985940160
522.8529450371643 94.067874927754616
530.4580162458005 94.011884181086955
538.1737057623901 93.950893432394452
546.0016225672724 93.886402687339739
553.9433990439449 93.819284631350769
562.0006913194694 93.750657318067653
570.1751796098309 93.682657314724651
578.4685685703187 93.616775374142890
586.8825876510039 93.557256868751139
595.4189914573883 93.505983733961529
604.0795601162986 93.464837910492577
612.8660996471021 93.434437462564517
621.780442338323 93.413291642780564
630.8244471297356 93.400773134442403
640.0000000000159 93.395009253729143
649.3090143600314 93.393127313480420
658.7534314518515 93.392627313422594
668.3352207535618 93.390009253760297
678.0563803899662 93.386509253732157
687.9189375492632 93.381263881015684
697.9249489057827 93.375636567241258
708.0765010488715 93.370881940512533
718.3757109180171 93.368500000000012
728.8247262443015 93.370990746222219
739.425725998274 93.379099552142748
750.1809208443404 93.393708358073084
761.0925536017613 93.415071790637327
772.1628997123541 93.442180595920235
783.3942677149998 93.475416715274292
794.7889997270506 93.514652833599030
806.34947193274 93.559643580582957
818.0780950786972 93.610752385330400
829.9773149766683 93.669606566410579
842.0496130135506 93.736215368755325
854.2975066688449 93.811814922649788
866.7235500396347 93.897169099730945
879.3303343732008 93.990777909146047
892.1204886073838 94.092132088245222
905.0966799188055 94.200868203710897
918.2616142790653 94.315104321893472
931.6180370190256 94.433849700769713
945.1687334013056 94.553222385313234
958.9165292011028 94.671977012366142
972.8642912954606 94.788358954601620
987.0149282611097 94.902986264958344
1001.3713909810035 95.014122832185848
1015.9366732596762 95.120632084325564
1030.7138124475518 95.222268655019320
1045.7058900743334 95.318405224388570
1060.916032491606 95.410414474501522
1076.3474115247852 95.498423727783120
1092.0032451345498 95.582932984103081
1107.8867980878947 95.663942237358043
1124.0013826389438 95.741696865175783
1140.350359219667 95.816951489950796
1156.9371371406426 95.889833431718685
1173.765175302013 95.960588056973108
1190.837982914782 96.028342683787741
1208.1591202326028 96.093351938419630
1225.73219929421 96.156233879993721
1243.5608846766518 96.215988506672559
1261.648894259477 96.273370447122602
1280.0000000000375 96.328997760465398
1298.6180287200684 96.382252387648307
1317.5068629037087 96.434007012762194
1336.6704415071292 96.483761639540916
1356.112760779938 96.532388953383958
1375.8378750985323 96.579516267143617
1395.8498978115715 96.626516267932089
1416.153002097749 96.674016267606191
1436.7514218360407 96.721516267966251
1457.6494524886093 96.770261639484005
1478.8514519965543 96.819634327921648
1500.3618416886875 96.871252387035668
1522.1851072035295 96.924625073670256
1544.3257994247153 96.979870445717808
1566.788535430007 97.037615818399161
1589.5779994541087 97.097361192807568
1612.6989438654878 97.159351938202406
1636.156190157402 97.223351939025392
1659.9546299533442 97.288969999185653
1684.099226027109 97.356342685052738
1708.5950133376978 97.426460743117673
1733.4471000792773 97.498206117687246
1758.6606687464096 97.571578804966776
1784.2409772147755 97.647696863950870
1810.193359837619 97.725569550781699
1836.5232285581387 97.805187609745332
1863.2360740380593 97.887060297232026
1890.3374668026197 97.970305669719295
1917.833058402214 98.055551042910949
1945.7285825909298 98.141923728560499
1974.0298565222283 98.229796415055574
2002.7427819620161 98.318541788043390
2031.8733465193618 98.408041788855172
2061.4276248951132 98.499287161829471
2091.411780148677 98.591659848158770
2121.832064983222 98.687150593699471
2152.694823049581 98.784523280375964
2184.0064902691106 98.884641339710114
2215.7735961758003 98.986386713709038
2248.002765277899 99.091132086460902
2280.7007184393456 99.197877459825222
2313.874274281297 99.304377458635287
2347.530350604038 99.410132086982429
2381.6759658295764 99.512641340599075
2416.318240465218 99.611277907629471
2451.4643985884327 99.703541788256359
2487.1217693533167 99.788932982237526
2523.2977885189675 99.866078803609895
2560.0000000000887 99.932979252058942
2597.236057440151 99.989252386232693
2635.0137258074315 100.033907461774916
2673.340883014273 100.066935223321408
2712.225521559891 100.087090298030176
2751.6757501970797 100.094745373082787
2791.699795623158 100.090518507636645
2832.3060041955137 100.075046269103751
2873.502843672097 100.050064776862456
2915.2989049772345 100.015837911332653
2957.7029039931244 99.975347165530906
3000.723683377391 99.929856419321112
3044.370214407075 99.881238359624930
3088.6515988494466 99.831238359456805
3133.57707086003 99.780492986140629
3179.1559989082334 99.730865673195780
3225.3978877309914 99.683356419417009
3272.3123803148205 99.641092538109120
3319.9092599067053 99.606074030908346
3368.198452054235 99.581418955647024
3417.190026675413 99.572009253827659
3466.8942001585724 99.581335671075294
3517.3213374928373 99.612407461556174
3568.4819544295697 99.666851938257707
3620.386719675257 99.744178355407101
3673.0464571162966 99.839141340546689
3726.472148076138 99.943632086462117
3780.6749336052594 100.047886714060596
3835.6661168044484 100.140423729456444
3891.45716518188 100.213351938251435
3948.059713044477 100.260289401784746
4005.4855639240527 100.277736119202899
4063.746693038744 100.264928209707463
4122.855249790247 100.224738359250438
4182.823560297375 100.163784628785407
4243.664129966465 100.088930449476791
4305.389646099183 100.009685076283262
4368.012980538242 99.935911941946486
4431.5471923516225 99.876247613122899
4496.00553055582 99.837192090406035
4561.401436878714 99.823381940378738
4627.748548562617 99.836944476971411
4695.060701208099 99.877507013677189
4763.351931659176 99.945569550165658
4832.63648093046 100.038886713394163
4902.928797176889 100.157703876631302
4974.243538706657 100.301148354593408
5046.595577037959 100.470710889813176
5120.000000000202 100.665400740119523
5194.472114880326 100.888335964436777
5270.027451614888 101.138398498985936
5346.6817660285715 101.414588351552453
5424.451043119808 101.714660141361279
5503.351500394186 102.036613872117570
5583.399591246343 102.376822229144921
5664.612008391055 102.733412525917970
5747.005687344222 103.103257452734908
5830.597809954497 103.484484319393061
5915.405807986278 103.872720436344238
6001.447366754812 104.263720435770722
6088.740428814181 104.651984319385491
6177.303197698925 105.028766708030872
6267.154141720092 105.385449542152116
6358.3119978165005 105.713768947972639
6450.795775462017 106.004861484954645
6544.624760629676 106.252590590594835
6639.818519813445 106.454201636229811
6736.396904108505 106.606812683206698
6834.380053350861 106.713169102104615
6933.788400317181 106.776016267441065
7034.642674985712 106.801099551900336
7136.963908859177 106.794164328777129
7240.773439350552 106.761719851904957
7346.092914232631 106.710384180536664
7452.944296152315 106.644039255820829
7561.349867210557 106.563448957579297
7671.332233608935 106.468485972814022
7782.914330363799 106.353286868813981
7896.119426088994 106.211978959185416
8010.971127848146 106.035816870808276
8127.49338607753 105.816300603284702
8245.710499580537 105.544302843885802
8365.647120594791 105.214314338151524
8487.328259932974 104.823335086282924
8610.77929219841 104.371346580796953
8736.025961076528 103.862348821555145
8863.094384703289 103.304450613143246
8992.011061111683 102.711642700828634
9122.802873757471 102.100670465368964
9255.497097125279 101.489779269931134
9390.121402416245 100.897596432154103
9526.7038633184 100.340503895002598
9665.272961860968 99.833374340913593
9805.857594353829 99.385108219881360
9948.487077413367 99.000087472535967
10093.19115407597 98.678812097503396
10240.000000000457 98.425772842599855
10388.944229760706 98.249960452037826
10540.05490322983 98.157138807531396
10693.363532057198 98.150689850015411
10848.902086239672 98.230240892661726
11006.703000788428 98.390437756322925
11166.799182492743 98.619417007510748
11329.224016782166 98.897697156293106
11494.0113746885 99.203032827117880
11661.195619909053 99.510424021451612
11830.811615972614 99.793379992945859
12002.894733509682 100.026264173569331
12177.48085762842 100.189812682847702
12354.606395397908 100.276243132801227
12534.308283440243 100.289900448051981
12716.62399563306 100.249129553829306
12901.591550924093 100.183157315301003
13089.249521259411 100.135446717279478
13279.637039626952 100.157861192440151
13472.793808217073 100.301791934609980
13668.760106701786 100.595440289175585
13867.576800634426 101.021299241704298
14069.285349971487 101.521933568135665
14273.927817718419 102.030097896372141
14481.54687870117 102.492736704574028
14692.18582846533 102.880549095233121
14905.888592304698 103.183498052047355
15122.699734421185 103.400201636565242
15342.664467217943 103.521687609730918
15565.828660727671 103.539291642306978
15792.238852178061 103.461013734294966
16021.942255696367 103.282381647680609
16254.986772155136 102.989413889580078
16491.42099916115 102.558874341735361
16731.294241189662 101.974244495584685
16974.65651986603 101.224378530268979
17221.558584396902 100.304903759672669
17472.051922153143 99.187285403824802
17726.188769406665 97.794271084692468
17984.022122223458 95.997298263113066
18245.605747515034 93.755943501860884
18510.99419425065 91.091260075099939
18780.242804832582 88.133340828248052
19053.40772663689 85.257966192253946
19330.545923722028 82.920048118828674
19611.71518870775 81.256704069342874
19896.974154826825 80.067197641665572
20186.382308152035 79.191503601718864
