20 97.773500000000013
20.290906698750476 97.825378534205612
20.586044732869844 97.875627612495833
20.885475648548283 97.924151896515312
21.189261887185914 97.971335443062344
21.49746679841394 98.017132721101831
21.810154653305165 98.062421784353802
22.12739065777668 98.106834692088739
22.449240966187475 98.151565440273544
22.77577269513385 98.194850353201900
23.107053937445478 98.237560210610468
23.44315377638505 98.279417106403159
23.784142300054445 98.320597076006521
24.130090616010463 98.361243652293354
24.481070866093134 98.400417805681229
24.837156241469714 98.439129941189918
25.1984209978975 98.476590126037124
25.56494047120865 98.513081736147186
25.936791093020236 98.548311226815684
26.3140504066728 98.582074397837431
26.69679708340074 98.614981755734817
27.08511093873791 98.647117342939111
27.47907294916184 98.678128130130375
27.878765268980047 98.708407395173509
28.284271247461966 98.738251801064735
28.695675446220072 98.767697281235414
29.11306365684382 98.796462201351687
29.536522918790062 98.824300943883770
29.966141537533712 98.851366916864635
30.402009102982383 98.877113848789506
30.844216508158908 98.902112142614300
31.29285596815558 98.926383868367964
31.74802103936409 98.949153030928841
32.20980663898519 98.970941298754326
32.67830906482211 98.991310671657715
33.153626015361866 99.010645040614463
33.63585661014871 99.029798407795795
34.125101410453844 99.048628752186801
34.62146244024586 99.066751185408606
35.12504320746613 99.084251469053839
35.635948725613716 99.101350359219651
36.15428553564419 99.117782851604971
36.68016172818701 99.133724690117418
37.21368696608603 99.149196922016500
37.754972507267915 99.164602795412748
38.30413122794313 99.179811516154459
38.86127764614443 99.194632719223350
39.4265279456077 99.209117276252812
40.000000000000206 99.223500000000001
40.58181339750116 99.237075691194008
41.1720894657399 99.250371993619183
41.77095129709678 99.263370631005870
42.37852377437204 99.275983710349550
42.9949335968281 99.287986258893397
43.62030930661056 99.299538992926244
44.25478131555359 99.310510506108756
44.89848193237519 99.320892625238017
45.55154539026795 99.331236361666171
46.21410787489121 99.340688092292197
46.88630755277036 99.349548030929299
47.56828460010916 99.357780394314972
48.260181232021196 99.365541622088188
48.962141732186545 99.371559674239080
49.674312482939705 99.376600149817648
50.39684199579528 99.380980265574067
51.129880942417586 99.385149407355797
51.873582186040764 99.388867908261773
52.628100813345895 99.392372939024568
53.393594166801776 99.395721976632231
54.17022187747612 99.398557778138823
54.95814589832399 99.401136233013688
55.75753053796041 99.403742281983980
56.56854249492426 99.405921356237315
57.39135089244048 99.407587026338661
58.226127313687975 99.408613063656844
59.073045837580466 99.408853908324829
59.932283075067765 99.407135433849859
60.804018205965114 99.404485645713493
61.68843301631817 99.401192431083729
62.58571193631152 99.397312512544289
63.49604207872855 99.393267810645710
64.41961327797075 99.388692126971165
65.35661812964459 99.383895218416598
66.3072520307241 99.379310113831025
67.27171322029778 99.374005577288358
68.25020282090806 99.368498783074557
69.2429248804921 99.362299525836548
70.25008641493265 99.355249395095484
71.27189745122783 99.347552922938945
72.30857107128878 99.338222860358400
73.36032345637442 99.328396765436253
74.42737393217246 99.317298886746102
75.50994501453623 99.304625671382468
76.60826245588666 99.290033057106911
77.72255529228926 99.273319286352248
78.85305589121582 99.254527361229435
80.00000000000082 99.233499999999992
81.16362679500274 99.210712251628493
82.34417893148023 99.185356138346265
83.541902594194 99.157555418623716
84.75704754874454 99.126776287348150
85.98986719365665 99.092866138425762
87.24061861322157 99.054980947329454
88.50956263110764 99.013146182649024
89.79696386475084 98.965512337004213
91.10309078053635 98.911578146931134
92.42821574978288 98.847506376438204
93.77261510554118 98.773516864500351
95.13656920021877 98.689338459914808
96.52036246404286 98.594342297249995
97.92428346437356 98.486425545466645
99.34862496587989 98.363852492687826
100.79368399159105 98.239095106036871
102.25976188483567 98.135933810679546
103.74716437208203 98.071919321045812
105.25620162669229 98.048148745644113
106.78718833360406 98.053733448336857
108.34044375495276 98.088213312648577
109.9162917966485 98.144079034591826
111.51506107592134 98.202700354129632
113.13708498984903 98.241925805479013
114.78270178488147 98.261141882760228
116.45225462737648 98.257549125200939
118.14609167516147 98.256163282238560
119.86456615013608 98.281609943076973
121.60803641193078 98.327421280811492
123.3768660326369 98.410826843871206
125.17142387262359 98.517899660119767
126.99208415745765 98.648773947127012
128.83922655594208 98.765318234020867
130.71323625928977 98.866514758001642
132.61450406144883 98.951507642150716
134.5434264405962 99.013993230845358
136.50040564181674 99.060257098731796
138.48584976098482 99.091601422490342
140.50017282986593 99.109333967042843
142.5437949024563 99.116827247975678
144.61714214257822 99.118095714464346
146.7206469127495 99.113870447409397
148.8547478643456 99.105768159824009
151.01989002907314 99.094380659825561
153.216524911774 99.080054410670527
155.4451105845792 99.062672048972615
157.70611178243232 99.043062549245136
160.00000000000236 99.021499999999975
162.3272535900062 98.997762013381944
164.6883578629612 98.972803406652616
167.08380518838874 98.946578142927720
169.51409509748981 98.919442134908110
171.97973438731407 98.891431027984623
174.4812372264439 98.861328905837382
177.01912526221608 98.829962846748515
179.5939277295025 98.798454081700072
182.20618156107355 98.766143348642686
184.85643149956664 98.733751535705295
187.54523021108326 98.701466283509234
190.27313840043846 98.669276966874833
193.04072492808663 98.636511300862963
195.84856692874806 98.602986910240773
198.69724993176072 98.569372450805218
201.58736798318304 98.535480706862870
204.5195237696723 98.501018968725532
207.49432874416505 98.464820890697936
210.5124032533856 98.427347026541582
213.57437666720915 98.390107479993503
216.68088750990657 98.353164460819869
219.83258359329807 98.316425288677067
223.03012215184378 98.278896064715838
226.2741699796992 98.240209960243618
229.5654035697641 98.199860022639569
232.90450925475412 98.157225464563993
236.2921833503241 98.111445956014251
239.72913230027333 98.063758289333720
243.21607282386276 98.013893953156980
246.75373206527502 97.963040101561660
250.34284774524843 97.910528707693885
253.9841683149166 97.857729559433722
257.67845311188546 97.801863396682734
261.42647251858085 97.744746294091641
265.22900812289896 97.686507626125788
269.08685288119375 97.627668255821703
273.0008112836349 97.567487425103664
276.97169952197106 97.505574270088715
281.00034565973334 97.441194365746355
285.0875898049141 97.374563527199399
289.23428428515797 97.306557737723409
293.44129382550057 97.235153875583933
297.7094957286928 97.161625723893621
302.0397800581479 97.086048876475147
306.4330498235497 97.008110611480035
310.89022116916016 96.927489741308989
315.41222356486645 96.843667752267535
320.00000000000654 96.756499999999875
324.6545071800142 96.668064363579731
329.3767157259242 96.579217744352633
334.16761037677935 96.488732163878865
339.02819019498156 96.398881300412341
343.95946877463007 96.309729562056674
348.9624744528898 96.220864202183861
354.03825052443415 96.134253566137062
359.187855459007 96.049319170472288
364.4123631221491 95.964078481108970
369.71286299913527 95.873910042714783
375.0904604221685 95.775158484263002
380.54627680087896 95.664093650839249
386.08144985617537 95.543891813192900
391.6971338574982 95.414878779545347
397.3944998635236 95.281750353234486
403.1747359663683 95.144864582129287
409.0390475393468 95.006329128863740
414.9886574883323 94.866515603814889
421.0248065067734 94.727077623167091
427.1487533344206 94.591376179977175
433.3617750198154 94.466610347548425
439.6651671865984 94.356928432268703
446.06024430368984 94.263262007279792
452.54833995940066 94.191300438377567
459.13080713953053 94.140469522981761
465.8090185095106 94.101954907452438
472.58436670065066 94.073317442726051
479.45826460054917 94.049669863783947
486.432145647728 94.027317133927269
493.50746413055253 94.002723875543069
500.6856954904994 93.970014394961481
507.9683366298358 93.927684043339070
515.3569062237735 93.872313337287750
522.8529450371643 93.804044077109779
530.4580162458005 93.723761439188650
538.1737057623901 93.635440345960234
546.0016225672724 93.542838251538171
553.9433990439449 93.451622610516608
562.0006913194694 93.365793363333097
570.1751796098309 93.287624840062819
578.4685685703187 93.222521736722996
586.8825876510039 93.167139697798675
595.4189914573883 93.118779345275840
604.0795601162986 93.075887006969381
612.8660996471021 93.037492865772933
621.780442338323 93.004284134505994
630.8244471297356 92.979722106948913
640.0000000000159 92.965500000000006
649.3090143600314 92.972016310052027
658.7534314518515 92.995258921774820
668.3352207535618 93.021005096034614
678.0563803899662 93.041209941760428
687.9189375492632 93.058462193833748
697.9249489057827 93.075868660585115
708.0765010488715 93.094845351992859
718.3757109180171 93.112319923014724
728.8247262443015 93.124707198868720
739.425725998274 93.128356431499583
750.1809208443404 93.123304002418621
761.0925536017613 93.111483066931427
772.1628997123541 93.105027669385663
783.3942677149998 93.115445688671343
794.7889997270506 93.147741623965061
806.34947193274 93.200834727646878
818.0780950786972 93.264397068708121
829.9773149766683 93.328843750840406
842.0496130135506 93.389229460187664
854.2975066688449 93.443906277786851
866.7235500396347 93.493804150149401
879.3303343732008 93.540156170306204
892.1204886073838 93.583734962024607
905.0966799188055 93.626351848072829
918.2616142790653 93.668007336792471
931.6180370190256 93.709872270598453
945.1687334013056 93.753298383554238
958.9165292011028 93.800207852203854
972.8642912954606 93.852367878394261
987.0149282611097 93.908559713044440
1001.3713909810035 93.965305555152909
1015.9366732596762 94.027339919436500
1030.7138124475518 94.096018075634362
1045.7058900743334 94.169709595982738
1060.916032491606 94.243263368956349
1076.3474115247852 94.323776022233830
1092.0032451345498 94.408204841187739
1107.8867980878947 94.493175232545440
1124.0013826389438 94.581285651138430
1140.350359219667 94.673829044074012
1156.9371371406426 94.763550618819338
1173.765175302013 94.853046523422819
1190.837982914782 94.937730955335383
1208.1591202326028 95.021678709667981
1225.73219929421 95.105069148986445
1243.5608846766518 95.190450795157702
1261.648894259477 95.271755134741710
1280.0000000000375 95.350500000000167
1298.6180287200684 95.430025579818576
1317.5068629037087 95.510278137905203
1336.6704415071292 95.586765004990838
1356.112760779938 95.663242586061259
1375.8378750985323 95.741455553516673
1395.8498978115715 95.821003343800996
1416.153002097749 95.901573574987736
1436.7514218360407 95.984012043981863
1457.6494524886093 96.067985853755346
1478.8514519965543 96.150866604706692
1500.3618416886875 96.233947366754748
1522.1851072035295 96.321240428814122
1544.3257994247153 96.407484101767892
1566.788535430007 96.492289122508225
1589.5779994541087 96.576938597980217
1612.6989438654878 96.661470176793074
1636.156190157402 96.745716036960346
1659.9546299533442 96.829443019638575
1684.099226027109 96.913711260135969
1708.5950133376978 97.000770147748966
1733.4471000792773 97.088726966274294
1758.6606687464096 97.176139127237505
1784.2409772147755 97.266637157061780
1810.193359837619 97.360899962612180
1836.5232285581387 97.454831299953483
1863.2360740380593 97.548061537652444
1890.3374668026197 97.645135128497600
1917.833058402214 97.748622283096466
1945.7285825909298 97.855183185497353
1974.0298565222283 97.961371663393123
2002.7427819620161 98.068559710553757
2031.8733465193618 98.180837273867496
2061.4276248951132 98.296662912083946
2091.411780148677 98.415741239271284
2121.832064983222 98.539511466431208
2152.694823049581 98.667159571520131
2184.0064902691106 98.798527583643732
2215.7735961758003 98.935312313316928
2248.002765277899 99.076078787801464
2280.7007184393456 99.219404815825797
2313.874274281297 99.366434234265839
2347.530350604038 99.518178750228245
2381.6759658295764 99.672854694951695
2416.318240465218 99.832695730186529
2451.4643985884327 99.997346063400926
2487.1217693533167 100.161618687735029
2523.2977885189675 100.326004937761297
2560.0000000000887 100.494500000000414
2597.236057440151 100.666932216378697
2635.0137258074315 100.839811537369982
2673.340883014273 101.008824602149758
2712.225521559891 101.178551444144858
2751.6757501970797 101.351873300867155
2791.699795623158 101.523224131398422
2832.3060041955137 101.691923797327476
2873.502843672097 101.858541317814939
2915.2989049772345 102.019993992216683
2957.7029039931244 102.173497989736347
3000.723683377391 102.321315786807645
3044.370214407075 102.459673621780524
3088.6515988494466 102.583659881936654
3133.57707086003 102.695611403135317
3179.1559989082334 102.792895117794629
3225.3978877309914 102.876398557001522
3272.3123803148205 102.945506094409268
3319.9092599067053 103.001608352505770
3368.198452054235 103.044920900958502
3417.190026675413 103.075235512003928
3466.8942001585724 103.092196246020620
3517.3213374928373 103.081776863131097
3568.4819544295697 102.999478234432772
3620.386719675257 102.819040972593143
3673.0464571162966 102.633461998924602
3726.472148076138 102.570294429615217
3780.6749336052594 102.606551360279695
3835.6661168044484 102.653893091393954
3891.45716518188 102.671548038365358
3948.059713044477 102.678269590924032
4005.4855639240527 102.687965660406121
4063.746693038744 102.709685570939271
4122.855249790247 102.744712818587445
4182.823560297375 102.792105916327102
4243.664129966465 102.859030542963112
4305.389646099183 102.951853951453728
4368.012980538242 103.070191546031637
4431.5471923516225 103.212041559988648
4496.00553055582 103.373814102917336
4561.401436878714 103.558192943645224
4627.748548562617 103.762134781494666
4695.060701208099 103.989003371474752
4763.351931659176 104.237118824066556
4832.63648093046 104.503661370056705
4902.928797176889 104.781509571625193
4974.243538706657 105.068542420229633
5046.595577037959 105.363668198786172
5120.000000000202 105.657142857143640
5194.472114880326 105.942405746728085
5270.027451614888 106.211094708071357
5346.6817660285715 106.457171147424816
5424.451043119808 106.677112771718356
5503.351500394186 106.860467890138835
5583.399591246343 106.991203139424215
5664.612008391055 107.049598244363352
5747.005687344222 107.042381900397402
5830.597809954497 106.970204098914394
5915.405807986278 106.839955919388544
6001.447366754812 106.660562503957323
6088.740428814181 106.453397560652292
6177.303197698925 106.246787713814598
6267.154141720092 106.047823881916059
6358.3119978165005 105.865040964192318
6450.795775462017 105.709060315684269
6544.624760629676 105.592213982189207
6639.818519813445 105.520979851282078
6736.396904108505 105.494500000000002
6834.380053350861 105.504298315205006
6933.788400317181 105.533474404098328
7034.642674985712 105.553307146500288
7136.963908859177 105.523537790178437
7240.773439350552 105.395084058872925
7346.092914232631 105.117674800185796
7452.944296152315 104.653689660007956
7561.349867210557 103.980829051759656
7671.332233608935 103.132214539308151
7782.914330363799 102.149731888158612
7896.119426088994 101.084029630777707
8010.971127848146 99.993014224044941
8127.49338607753 98.913500561086380
8245.710499580537 97.872280599848352
8365.647120594791 96.899092713035202
8487.328259932974 95.982957262416278
8610.77929219841 95.126430785751779
8736.025961076528 94.338730250664597
8863.094384703289 93.617936877758282
8992.011061111683 92.962610439348950
9122.802873757471 92.379305958586869
9255.497097125279 91.876832142824128
9390.121402416245 91.462654321449321
9526.7038633184 91.135204934334794
9665.272961860968 90.887550712407148
9805.857594353829 90.714439143673388
9948.487077413367 90.618319806212099
10093.19115407597 90.638814744973672
10240.000000000457 90.837700000000893
10388.944229760706 91.242568746722299
10540.05490322983 91.823415176831190
10693.363532057198 92.545353107529991
10848.902086239672 93.422286107609239
11006.703000788428 94.381556220461505
11166.799182492743 95.252031553757718
11329.224016782166 95.782468291387886
11494.0113746885 95.934000947890709
11661.195619909053 95.441754298232553
11830.811615972614 94.581717279042110
12002.894733509682 93.253698912357009
12177.48085762842 91.714134406682746
12354.606395397908 90.034739243719883
12534.308283440243 88.406653501936347
12716.62399563306 86.941427872417250
12901.591550924093 85.781162164361618
13089.249521259411 84.781213265289139
13279.637039626952 84.207134645046722
13472.793808217073 84.239888953967494
13668.760106701786 84.983907674888798
13867.576800634426 86.460541040069870
14069.285349971487 88.445873603621038
14273.927817718419 90.567674923377126
14481.54687870117 92.324868936562595
14692.18582846533 93.608743272974664
14905.888592304698 94.732060733369593
15122.699734421185 95.940207607589429
15342.664467217943 97.388475741675038
15565.828660727671 99.017698575273371
15792.238852178061 100.474989122588937
16021.942255696367 101.208234699498590
16254.986772155136 100.990087514418747
16491.42099916115 100.140815771013152
16731.294241189662 99.151054076027663
16974.65651986603 98.183410868290792
17221.558584396902 97.117447689198301
17472.051922153143 95.630545301824014
17726.188769406665 93.638632783815169
17984.022122223458 91.501808120078607
18245.605747515034 89.793193523943557
18510.99419425065 89.004658708301420
18780.242804832582 88.998726474111436
19053.40772663689 89.162693304602669
19330.545923722028 89.014998879112653
19611.71518870775 88.450146787850201
19896.974154826825 87.717655388288136
20186.382308152035 87.456999999999994
