20 98.261500000000012
20.290906698750476 98.342954147163965
20.586044732869844 98.422732090434565
20.885475648548283 98.500247875874976
21.189261887185914 98.576315230745706
21.49746679841394 98.651148422494373
21.810154653305165 98.725386566593897
22.12739065777668 98.798981374644200
22.449240966187475 98.871915044454738
22.77577269513385 98.944043541916031
23.107053937445478 99.015481401801551
23.44315377638505 99.085585221835515
23.784142300054445 99.155058637885958
24.130090616010463 99.223867754681237
24.481070866093134 99.291177143839363
24.837156241469714 99.357645211420163
25.1984209978975 99.422471700879441
25.56494047120865 99.485833774100882
25.936791093020236 99.547899593234092
26.3140504066728 99.608867799938082
26.69679708340074 99.668011555218612
27.08511093873791 99.726149513849847
27.47907294916184 99.782419011366642
27.878765268980047 99.838178681070985
28.284271247461966 99.892808075912441
28.695675446220072 99.946937808008613
29.11306365684382 100.000519893448626
29.536522918790062 100.052919273173586
29.966141537533712 100.104903126041592
30.402009102982383 100.155224349085202
30.844216508158908 100.204363745556833
31.29285596815558 100.252749876656338
31.74802103936409 100.299550124975781
32.20980663898519 100.345561050620546
32.67830906482211 100.390939361158104
33.153626015361866 100.435633593413286
33.63585661014871 100.479455381693086
34.125101410453844 100.522258721299039
34.62146244024586 100.564581382540410
35.12504320746613 100.605878413389831
35.635948725613716 100.645968051872259
36.15428553564419 100.685262844102027
36.68016172818701 100.723291482701285
37.21368696608603 100.760530713693853
37.754972507267915 100.796755312255726
38.30413122794313 100.832560204360419
38.86127764614443 100.867277408894267
39.4265279456077 100.901545751134648
40.000000000000206 100.933999999999997
40.58181339750116 100.965030151300567
41.1720894657399 100.994604430264843
41.77095129709678 101.023120229512870
42.37852377437204 101.048880652090475
42.9949335968281 101.072147625709107
43.62030930661056 101.091175670564454
44.25478131555359 101.107369488075278
44.89848193237519 101.123046638521203
45.55154539026795 101.138178178665868
46.21410787489121 101.153305649974811
46.88630755277036 101.167849466345842
47.56828460010916 101.182365690051199
48.260181232021196 101.196263784872457
48.962141732186545 101.210742807154020
49.674312482939705 101.225214820777325
50.39684199579528 101.239440796722164
51.129880942417586 101.253361999800916
51.873582186040764 101.267171100934860
52.628100813345895 101.280491756098257
53.393594166801776 101.293149916543669
54.17022187747612 101.303995557089991
54.95814589832399 101.312908699041046
55.75753053796041 101.320378389555145
56.56854249492426 101.326764068711924
57.39135089244048 101.332348105354640
58.226127313687975 101.336791445597896
59.073045837580466 101.339609568756373
59.932283075067765 101.340898424612604
60.804018205965114 101.340491387428102
61.68843301631817 101.338596215541855
62.58571193631152 101.336294651817340
63.49604207872855 101.332519789606351
64.41961327797075 101.327062707054210
65.35661812964459 101.319612127768380
66.3072520307241 101.310273853677387
67.27171322029778 101.299875297966565
68.25020282090806 101.288497566149104
69.2429248804921 101.276584901434092
70.25008641493265 101.264248876605876
71.27189745122783 101.250829384408433
72.30857107128878 101.236834290537601
73.36032345637442 101.222275309882576
74.42737393217246 101.206375704051339
75.50994501453623 101.188788417556054
76.60826245588666 101.169148759351202
77.72255529228926 101.147463306434162
78.85305589121582 101.124306306963419
80.00000000000082 101.098499999999973
81.16362679500274 101.070863794528165
82.34417893148023 101.040955448765231
83.541902594194 101.008548110201360
84.75704754874454 100.974383669994737
85.98986719365665 100.939041247035490
87.24061861322157 100.902181661804605
88.50956263110764 100.864703558435664
89.79696386475084 100.824794120192720
91.10309078053635 100.783568704621445
92.42821574978288 100.739874396643188
93.77261510554118 100.694916438968960
95.13656920021877 100.647049354115467
96.52036246404286 100.596178279817707
97.92428346437356 100.541528700589595
99.34862496587989 100.483869287330663
100.79368399159105 100.424194395014240
102.25976188483567 100.363090000836905
103.74716437208203 100.299978715512594
105.25620162669229 100.235343907662127
106.78718833360406 100.168863713321414
108.34044375495276 100.099399883108816
109.9162917966485 100.026262426798681
111.51506107592134 99.949227334889088
113.13708498984903 99.867066563188487
114.78270178488147 99.780179808262147
116.45225462737648 99.686315478335473
118.14609167516147 99.588622114449507
119.86456615013608 99.484191662177622
121.60803641193078 99.374697623236415
123.3768660326369 99.256069715946978
125.17142387262359 99.129086068262353
126.99208415745765 98.989961323508368
128.83922655594208 98.838186184712953
130.71323625928977 98.677824497240778
132.61450406144883 98.509926504392780
134.5434264405962 98.333504767465143
136.50040564181674 98.153462680952856
138.48584976098482 97.973352533234561
140.50017282986593 97.805070572728226
142.5437949024563 97.654183143035311
144.61714214257822 97.529535754479980
146.7206469127495 97.446744969906121
148.8547478643456 97.398949731607686
151.01989002907314 97.382203978005819
153.216524911774 97.396543888270770
155.4451105845792 97.455981082151851
157.70611178243232 97.589528733530244
160.00000000000236 97.818000000000353
162.3272535900062 98.157779024140908
164.6883578629612 98.566400297590803
167.08380518838874 98.991917323533187
169.51409509748981 99.405173614417279
171.97973438731407 99.773269592405597
174.4812372264439 100.059699888338912
177.01912526221608 100.248262267306259
179.5939277295025 100.347843258435887
182.20618156107355 100.375119561990886
184.85643149956664 100.349194108305113
187.54523021108326 100.286070725329779
190.27313840043846 100.198667017584214
193.04072492808663 100.097952452732713
195.84856692874806 99.990405889778827
198.69724993176072 99.879067802674982
201.58736798318304 99.765298964664268
204.5195237696723 99.649225557136333
207.49432874416505 99.530975905024093
210.5124032533856 99.410503869864584
213.57437666720915 99.288418527478441
216.68088750990657 99.166275165236172
219.83258359329807 99.043487385759704
223.03012215184378 98.922991654036878
226.2741699796992 98.803492795740979
229.5654035697641 98.686355740534992
232.90450925475412 98.571762600462563
236.2921833503241 98.458430995276885
239.72913230027333 98.345870917166053
243.21607282386276 98.231950624121481
246.75373206527502 98.116534491370402
250.34284774524843 97.999857448279414
253.9841683149166 97.881514529765212
257.67845311188546 97.762829693780674
261.42647251858085 97.643281188470240
265.22900812289896 97.523429374205492
269.08685288119375 97.404379938083991
273.0008112836349 97.287226269953678
276.97169952197106 97.171928026064066
281.00034565973334 97.058490494357329
285.0875898049141 96.946117557306337
289.23428428515797 96.833327467443695
293.44129382550057 96.719929196094029
297.7094957286928 96.605927413616769
302.0397800581479 96.491710745980896
306.4330498235497 96.377646212891634
310.89022116916016 96.264771915478704
315.41222356486645 96.155601302721038
320.00000000000654 96.050999999999874
324.6545071800142 95.955117152091702
329.3767157259242 95.866155415925206
334.16761037677935 95.782817101519385
339.02819019498156 95.700826404724310
343.95946877463007 95.616001190198901
348.9624744528898 95.525486717512109
354.03825052443415 95.426946464668646
359.187855459007 95.319636249814948
364.4123631221491 95.200574411878350
369.71286299913527 95.068707138721720
375.0904604221685 94.927615721729978
380.54627680087896 94.783815990033986
386.08144985617537 94.641423028667532
391.6971338574982 94.502039507893016
397.3944998635236 94.362074203330025
403.1747359663683 94.219660723501846
409.0390475393468 94.073270557554707
414.9886574883323 93.923785453210300
421.0248065067734 93.772811952545908
427.1487533344206 93.621892731640301
433.3617750198154 93.473982359959251
439.6651671865984 93.334792965420462
446.06024430368984 93.208774037660120
452.54833995940066 93.104078074564342
459.13080713953053 93.031642505132936
465.8090185095106 92.990081344171074
472.58436670065066 92.986084366700652
479.45826460054917 93.013338902774493
486.432145647728 93.064286808876147
493.50746413055253 93.134074641305517
500.6856954904994 93.208271242968692
507.9683366298358 93.280187324219625
515.3569062237735 93.337335517722266
522.8529450371643 93.373259199139142
530.4580162458005 93.387685113831012
538.1737057623901 93.381991290267280
546.0016225672724 93.357707331854556
553.9433990439449 93.322283004780274
562.0006913194694 93.281596405138757
570.1751796098309 93.239106583989852
578.4685685703187 93.196810300291375
586.8825876510039 93.156651838040275
595.4189914573883 93.118427387160352
604.0795601162986 93.081926787027541
612.8660996471021 93.048968651235143
621.780442338323 93.021158672985024
630.8244471297356 93.003464109365666
640.0000000000159 92.997500000000016
649.3090143600314 93.006809014360044
658.7534314518515 93.023693848185928
668.3352207535618 93.044754246695504
678.0563803899662 93.068640950974924
687.9189375492632 93.091713556363317
697.9249489057827 93.113142392702144
708.0765010488715 93.131230051783078
718.3757109180171 93.144969638647524
728.8247262443015 93.154942253619865
739.425725998274 93.159299004099395
750.1809208443404 93.158917077946342
761.0925536017613 93.153915912932533
772.1628997123541 93.146073265594822
783.3942677149998 93.136897158087308
794.7889997270506 93.126776750250201
806.34947193274 93.116444212058852
818.0780950786972 93.106590769359514
829.9773149766683 93.097554166554602
842.0496130135506 93.089468991866525
854.2975066688449 93.082172183887707
866.7235500396347 93.076364924986279
879.3303343732008 93.073066966562678
892.1204886073838 93.073449398480989
905.0966799188055 93.076835978296117
918.2616142790653 93.084816626368507
931.6180370190256 93.097127116789721
945.1687334013056 93.113558311201729
958.9165292011028 93.134489359951800
972.8642912954606 93.159975010518366
987.0149282611097 93.188954081773076
1001.3713909810035 93.219199912289014
1015.9366732596762 93.253529017801128
1030.7138124475518 93.293539464135876
1045.7058900743334 93.336404433963708
1060.916032491606 93.380431303973140
1076.3474115247852 93.430081199184272
1092.0032451345498 93.483135749508193
1107.8867980878947 93.535834250723639
1124.0013826389438 93.590504839236303
1140.350359219667 93.647236599098079
1156.9371371406426 93.701545695707097
1173.765175302013 93.756126496275158
1190.837982914782 93.808513948744348
1208.1591202326028 93.860323137824054
1225.73219929421 93.912060116947046
1243.5608846766518 93.965182654029960
1261.648894259477 94.017116903926535
1280.0000000000375 94.068500000000114
1298.6180287200684 94.121960339610482
1317.5068629037087 94.175517843549642
1336.6704415071292 94.225759908956206
1356.112760779938 94.281629825281328
1375.8378750985323 94.353579872251885
1395.8498978115715 94.438050808035044
1416.153002097749 94.526265559125221
1436.7514218360407 94.616712612716285
1457.6494524886093 94.710269547148968
1478.8514519965543 94.805947766303944
1500.3618416886875 94.906330918944761
1522.1851072035295 95.016756642449863
1544.3257994247153 95.127628997123566
1566.788535430007 95.236249199355427
1589.5779994541087 95.340809437554412
1612.6989438654878 95.439057712093870
1636.156190157402 95.531170398794984
1659.9546299533442 95.620332130827364
1684.099226027109 95.714580718354938
1708.5950133376978 95.823771764821203
1733.4471000792773 95.947087036409073
1758.6606687464096 96.080999744979891
1784.2409772147755 96.229609239187312
1810.193359837619 96.392645237354259
1836.5232285581387 96.561979127343250
1863.2360740380593 96.734534481247380
1890.3374668026197 96.916828520938083
1917.833058402214 97.111184698159846
1945.7285825909298 97.310087508047417
1974.0298565222283 97.506786607133819
2002.7427819620161 97.704199473734107
2031.8733465193618 97.908331982729464
2061.4276248951132 98.118707518000065
2091.411780148677 98.333282465416204
2121.832064983222 98.554919876002103
2152.694823049581 98.781465634702542
2184.0064902691106 99.012348352504873
2215.7735961758003 99.251773670840478
2248.002765277899 99.496920877848140
2280.7007184393456 99.743968769524386
2313.874274281297 99.996369436156613
2347.530350604038 100.253815009610832
2381.6759658295764 100.515904936887722
2416.318240465218 100.786186070349643
2451.4643985884327 101.064337053830968
2487.1217693533167 101.342552261197980
2523.2977885189675 101.623222750447951
2560.0000000000887 101.914000000000712
2597.236057440151 102.215620220291243
2635.0137258074315 102.523611179040188
2673.340883014273 102.833769391377928
2712.225521559891 103.152971828947102
2751.6757501970797 103.485951982920255
2791.699795623158 103.823967025570397
2832.3060041955137 104.167631855536001
2873.502843672097 104.519624455580029
2915.2989049772345 104.878611615654904
2957.7029039931244 105.242938235700251
3000.723683377391 105.616732723087779
3044.370214407075 105.990835758138019
3088.6515988494466 106.348114485925009
3133.57707086003 106.691265037749986
3179.1559989082334 107.011260792575996
3225.3978877309914 107.301831622103606
3272.3123803148205 107.560239387211880
3319.9092599067053 107.792388039976444
3368.198452054235 107.998700071367722
3417.190026675413 108.173789082693787
3466.8942001585724 108.316046080380573
3517.3213374928373 108.426331980737245
3568.4819544295697 108.507047984404068
3620.386719675257 108.560993906953200
3673.0464571162966 108.592488118275355
3726.472148076138 108.605647214807618
3780.6749336052594 108.605370719976690
3835.6661168044484 108.599650082479329
3891.45716518188 108.592488390764203
3948.059713044477 108.587181901902085
4005.4855639240527 108.593328521308024
4063.746693038744 108.613966572917178
4122.855249790247 108.653998012279743
4182.823560297375 108.718396686748775
4243.664129966465 108.813134145233491
4305.389646099183 108.943010899881557
4368.012980538242 109.111085371966709
4431.5471923516225 109.322243471575433
4496.00553055582 109.576855685996435
4561.401436878714 109.883857543613246
4627.748548562617 110.237410150233501
4695.060701208099 110.646830933722256
4763.351931659176 111.109136697694936
4832.63648093046 111.624570010494807
4902.928797176889 112.183752845744564
4974.243538706657 112.762299477636702
5046.595577037959 113.329621053766331
5120.000000000202 113.839714285715559
5194.472114880326 114.220277120095105
5270.027451614888 114.399225760688253
5346.6817660285715 114.345885901716784
5424.451043119808 114.056697306753534
5503.351500394186 113.549180018618586
5583.399591246343 112.872979844477470
5664.612008391055 112.098648218396988
5747.005687344222 111.304420543679072
5830.597809954497 110.522537644708166
5915.405807986278 109.775829187630592
6001.447366754812 109.083741788125280
6088.740428814181 108.472185025008201
6177.303197698925 107.936272229930267
6267.154141720092 107.471481266200556
6358.3119978165005 107.082959168613911
6450.795775462017 106.765096758104704
6544.624760629676 106.521449259858798
6639.818519813445 106.351735924242519
6736.396904108505 106.252389795617063
6834.380053350861 106.217219002667548
6933.788400317181 106.239083620174455
7034.642674985712 106.306158767362348
7136.963908859177 106.400224630681990
7240.773439350552 106.494007149890194
7346.092914232631 106.551331834844675
7452.944296152315 106.527468435654896
7561.349867210557 106.368465898878213
7671.332233608935 106.046514562254245
7782.914330363799 105.549875568299768
7896.119426088994 104.879656553246477
8010.971127848146 104.060242350653652
8127.49338607753 103.148485222114999
8245.710499580537 102.209568532177656
8365.647120594791 101.311704968480441
8487.328259932974 100.532803973252797
8610.77929219841 99.951300542033877
8736.025961076528 99.460122527676674
8863.094384703289 98.900793867004879
8992.011061111683 98.268672430349042
9122.802873757471 97.650497437310690
9255.497097125279 97.110592148980345
9390.121402416245 96.680286909100332
9526.7038633184 96.366937230650194
9665.272961860968 96.167883700443184
9805.857594353829 96.083984566761899
9948.487077413367 96.123370228544246
10093.19115407597 96.309348395242552
10240.000000000457 96.646100000001240
10388.944229760706 97.147488073090685
10540.05490322983 97.837397114132841
10693.363532057198 98.696548462984339
10848.902086239672 99.654649018135558
11006.703000788428 100.484007169397131
11166.799182492743 100.906445861122549
11329.224016782166 100.553957036351377
11494.0113746885 99.559866680406742
11661.195619909053 97.882062580012786
11830.811615972614 96.086092471853561
12002.894733509682 94.299406411117744
12177.48085762842 92.648333132361159
12354.606395397908 91.264601627532159
12534.308283440243 90.050897595101787
12716.62399563306 89.052598261427121
12901.591550924093 88.280237640052860
13089.249521259411 87.609226354696716
13279.637039626952 87.105716846736769
13472.793808217073 86.795752145344551
13668.760106701786 86.670875202134027
13867.576800634426 86.747158712691515
14069.285349971487 87.066214557511444
14273.927817718419 87.582254647013286
14481.54687870117 88.393703804265058
14692.18582846533 89.543434409464268
14905.888592304698 90.902223807272406
15122.699734421185 92.180507986589546
15342.664467217943 92.928239666151200
15565.828660727671 92.713748690110705
15792.238852178061 91.392500770118460
16021.942255696367 89.274801117041449
16254.986772155136 87.036460902000613
16491.42099916115 85.232940618398743
16731.294241189662 83.789911499474385
16974.65651986603 82.580828243934576
17221.558584396902 81.666478970871864
17472.051922153143 81.074265252041556
17726.188769406665 80.836072759862802
17984.022122223458 80.971486556423031
18245.605747515034 81.488439051375991
18510.99419425065 82.410341943796908
18780.242804832582 83.605362388352631
19053.40772663689 84.569164001838374
19330.545923722028 84.529870897484088
19611.71518870775 82.655549620256437
19896.974154826825 78.984455423065725
20186.382308152035 77.463999999999999
