20 105.584676305220881
20.290906698750476 105.550686534831570
20.586044732869844 105.516405871022613
20.885475648548283 105.481867201378336
21.189261887185914 105.447076471012338
21.49746679841394 105.411902198912145
21.810154653305165 105.376306299559587
22.12739065777668 105.340099559436197
22.449240966187475 105.303363938465310
22.77577269513385 105.265675386513379
23.107053937445478 105.227014365954673
23.44315377638505 105.186874507931407
23.784142300054445 105.145030083175101
24.130090616010463 105.101888672998697
24.481070866093134 105.057956703145464
24.837156241469714 105.013330740251703
25.1984209978975 104.968037365295459
25.56494047120865 104.921924438977584
25.936791093020236 104.875063343841902
26.3140504066728 104.827516663670963
26.69679708340074 104.779268463285135
27.08511093873791 104.730242129668625
27.47907294916184 104.680402820475365
27.878765268980047 104.629842854524512
28.284271247461966 104.578499326768565
28.695675446220072 104.526457827615175
29.11306365684382 104.474072826414726
29.536522918790062 104.422267889459505
29.966141537533712 104.371270918275641
30.402009102982383 104.320302482487094
30.844216508158908 104.268787870358182
31.29285596815558 104.216412225261820
31.74802103936409 104.163021014317081
32.20980663898519 104.108250144515068
32.67830906482211 104.052334215993938
33.153626015361866 103.995195761130702
33.63585661014871 103.937072290271843
34.125101410453844 103.878071461439418
34.62146244024586 103.818377081831585
35.12504320746613 103.757878104366199
35.635948725613716 103.696206990257707
36.15428553564419 103.633408297326000
36.68016172818701 103.569616812290377
37.21368696608603 103.505127409786837
37.754972507267915 103.440399556194564
38.30413122794313 103.376192082621699
38.86127764614443 103.312774100186672
39.4265279456077 103.249488772187846
40.000000000000206 103.185462275449083
40.58181339750116 103.119913444180469
41.1720894657399 103.052703189522362
41.77095129709678 102.983878065593473
42.37852377437204 102.913282194387619
42.9949335968281 102.840802069730046
43.62030930661056 102.766015335134213
44.25478131555359 102.687415616672922
44.89848193237519 102.604075513204307
45.55154539026795 102.517135475950056
46.21410787489121 102.429679746303350
46.88630755277036 102.346203653347345
47.56828460010916 102.269842090623939
48.260181232021196 102.197447055052351
48.962141732186545 102.125181558473258
49.674312482939705 102.051218308948819
50.39684199579528 101.974815599969219
51.129880942417586 101.896948965942926
51.873582186040764 101.820097519905104
52.628100813345895 101.749473090511060
53.393594166801776 101.688197956517357
54.17022187747612 101.634296010037218
54.95814589832399 101.582636120036312
55.75753053796041 101.529952807359678
56.56854249492426 101.476029355492642
57.39135089244048 101.422634652418807
58.226127313687975 101.370468463253701
59.073045837580466 101.319575410504555
59.932283075067765 101.270023039389542
60.804018205965114 101.222847254657665
61.68843301631817 101.183581082615902
62.58571193631152 101.158401008632197
63.49604207872855 101.139549694492416
64.41961327797075 101.114471269083495
65.35661812964459 101.078831682443024
66.3072520307241 101.033171197707617
67.27171322029778 100.976264581619688
68.25020282090806 100.907025647591681
69.2429248804921 100.829397882091911
70.25008641493265 100.748665759698696
71.27189745122783 100.665510976667946
72.30857107128878 100.579704119355910
73.36032345637442 100.490335417697338
74.42737393217246 100.396429398542367
75.50994501453623 100.298540133281989
76.60826245588666 100.197498492272899
77.72255529228926 100.093823771284832
78.85305589121582 99.988936223827508
80.00000000000082 99.884274649298519
81.16362679500274 99.779575487985653
82.34417893148023 99.673475029597782
83.541902594194 99.565691615680322
84.75704754874454 99.456417566659951
85.98986719365665 99.346389494689987
87.24061861322157 99.234646612936871
88.50956263110764 99.118991080445966
89.79696386475084 98.999221365526381
91.10309078053635 98.877010000148829
92.42821574978288 98.752514452251120
93.77261510554118 98.624903545261645
95.13656920021877 98.494135892174114
96.52036246404286 98.362956843632816
97.92428346437356 98.234530076303116
99.34862496587989 98.117393952295600
100.79368399159105 98.022795372829790
102.25976188483567 97.940049781965939
103.74716437208203 97.857682110087666
105.25620162669229 97.791413366101565
106.78718833360406 97.769717571874423
108.34044375495276 97.814309479495734
109.9162917966485 97.946961993529385
111.51506107592134 98.164816496328712
113.13708498984903 98.427821384748512
114.78270178488147 98.662958426102549
116.45225462737648 98.851371961985564
118.14609167516147 99.044434635874509
119.86456615013608 99.203331392454444
121.60803641193078 99.245151862480000
123.3768660326369 99.236305274602316
125.17142387262359 99.234708170659133
126.99208415745765 99.207613628086847
128.83922655594208 99.146686411114274
130.71323625928977 99.082176466704354
132.61450406144883 99.016661162299698
134.5434264405962 98.937384686966581
136.50040564181674 98.841101588231126
138.48584976098482 98.727660695991887
140.50017282986593 98.613419781098116
142.5437949024563 98.520299350798979
144.61714214257822 98.445398068161865
146.7206469127495 98.365646657925780
148.8547478643456 98.275011952708610
151.01989002907314 98.178189414533350
153.216524911774 98.082761320375781
155.4451105845792 97.989489728172742
157.70611178243232 97.897660310939855
160.00000000000236 97.810508080556843
162.3272535900062 97.723470916338741
164.6883578629612 97.632061089611824
167.08380518838874 97.539022050193182
169.51409509748981 97.450314158918104
171.97973438731407 97.367305705780268
174.4812372264439 97.282367841638219
177.01912526221608 97.193709995677267
179.5939277295025 97.107667884876676
182.20618156107355 97.020453359478267
184.85643149956664 96.929360857218228
187.54523021108326 96.836546581050996
190.27313840043846 96.744235272884623
193.04072492808663 96.655497701546892
195.84856692874806 96.568831185857150
198.69724993176072 96.484111311222307
201.58736798318304 96.406485986135877
204.5195237696723 96.336334677738762
207.49432874416505 96.272789481490321
210.5124032533856 96.225640771653687
213.57437666720915 96.198551967497338
216.68088750990657 96.194176234389204
219.83258359329807 96.214948714739762
223.03012215184378 96.248131538606103
226.2741699796992 96.277416109403859
229.5654035697641 96.301063841399966
232.90450925475412 96.317334807277575
236.2921833503241 96.321318605725367
239.72913230027333 96.302545733278379
243.21607282386276 96.253047239885632
246.75373206527502 96.189190317469368
250.34284774524843 96.139505588595213
253.9841683149166 96.087810761634032
257.67845311188546 96.012615302256364
261.42647251858085 95.937310242472819
265.22900812289896 95.878056035545654
269.08685288119375 95.821511820765181
273.0008112836349 95.753340634379157
276.97169952197106 95.681805355468782
281.00034565973334 95.621964953534771
285.0875898049141 95.556756836584768
289.23428428515797 95.488780692522880
293.44129382550057 95.424906711905422
297.7094957286928 95.360366160577968
302.0397800581479 95.293891667194330
306.4330498235497 95.229126327669348
310.89022116916016 95.166687011254155
315.41222356486645 95.102960801732735
320.00000000000654 95.042324731451316
324.6545071800142 94.984913593887313
329.3767157259242 94.925747656494138
334.16761037677935 94.861852617886910
339.02819019498156 94.795767733884958
343.95946877463007 94.729200932477511
348.9624744528898 94.667712647915380
354.03825052443415 94.610979036666322
359.187855459007 94.546573962227328
364.4123631221491 94.469051214342926
369.71286299913527 94.408737806230562
375.0904604221685 94.369695186349105
380.54627680087896 94.318943324644849
386.08144985617537 94.255695665172027
391.6971338574982 94.202137630233651
397.3944998635236 94.157668446803612
403.1747359663683 94.107681847524574
409.0390475393468 94.058235659784032
414.9886574883323 94.013669778606356
421.0248065067734 93.975191192227584
427.1487533344206 93.948268035902302
433.3617750198154 93.930033890557937
439.6651671865984 93.919892678519602
446.06024430368984 93.922264103185299
452.54833995940066 93.942815746325650
459.13080713953053 93.960399771330756
465.8090185095106 93.984683355857015
472.58436670065066 94.039963159674556
479.45826460054917 94.119988526461299
486.432145647728 94.200334801497434
493.50746413055253 94.278285585219606
500.6856954904994 94.362824226830128
507.9683366298358 94.446459810656222
515.3569062237735 94.533942369136270
522.8529450371643 94.631487390039553
530.4580162458005 94.726093315685745
538.1737057623901 94.805796827305528
546.0016225672724 94.888273047810671
553.9433990439449 94.971239027963136
562.0006913194694 95.046191698838015
570.1751796098309 95.113106375769377
578.4685685703187 95.177106639657865
586.8825876510039 95.236809182942451
595.4189914573883 95.282007975592748
604.0795601162986 95.323801451215672
612.8660996471021 95.366160353856770
621.780442338323 95.420447098507751
630.8244471297356 95.481372613332198
640.0000000000159 95.536252322370160
649.3090143600314 95.592661612867488
658.7534314518515 95.652775433428985
668.3352207535618 95.709728222612512
678.0563803899662 95.763910561239257
687.9189375492632 95.817797856764969
697.9249489057827 95.866091484719618
708.0765010488715 95.905668570128327
718.3757109180171 95.950958457826033
728.8247262443015 96.008549325770815
739.425725998274 96.072201670822039
750.1809208443404 96.141582850125090
761.0925536017613 96.212413420616116
772.1628997123541 96.278590380687874
783.3942677149998 96.350774202141451
794.7889997270506 96.425232474797298
806.34947193274 96.490534402048780
818.0780950786972 96.547596534495852
829.9773149766683 96.605574895335678
842.0496130135506 96.664249197620620
854.2975066688449 96.718086736218652
866.7235500396347 96.772213131608879
879.3303343732008 96.831564361305482
892.1204886073838 96.895142440516167
905.0966799188055 96.958053376865507
918.2616142790653 97.021068708565082
931.6180370190256 97.087252060823857
945.1687334013056 97.158076070698712
958.9165292011028 97.236449499370394
972.8642912954606 97.319010893090677
987.0149282611097 97.398633058581112
1001.3713909810035 97.477772348363771
1015.9366732596762 97.561366283704501
1030.7138124475518 97.646643858067335
1045.7058900743334 97.730865620664986
1060.916032491606 97.811155402020603
1076.3474115247852 97.891357771841754
1092.0032451345498 97.969550156583722
1107.8867980878947 98.051443651154756
1124.0013826389438 98.138816939344011
1140.350359219667 98.225482920616201
1156.9371371406426 98.312619137022551
1173.765175302013 98.401146365205264
1190.837982914782 98.487548089592821
1208.1591202326028 98.572093849927043
1225.73219929421 98.660220951235885
1243.5608846766518 98.752141459999777
1261.648894259477 98.838670889532381
1280.0000000000375 98.926301133744659
1298.6180287200684 99.018455463228889
1317.5068629037087 99.109430131307889
1336.6704415071292 99.198354384789553
1356.112760779938 99.286796506352090
1375.8378750985323 99.373811179993140
1395.8498978115715 99.458620130819213
1416.153002097749 99.541196767808628
1436.7514218360407 99.622203481251006
1457.6494524886093 99.702426098359837
1478.8514519965543 99.784195467373479
1500.3618416886875 99.866530984702052
1522.1851072035295 99.947603547467125
1544.3257994247153 100.026972764537334
1566.788535430007 100.108225038812549
1589.5779994541087 100.196539316997132
1612.6989438654878 100.285757460001491
1636.156190157402 100.368632264359334
1659.9546299533442 100.450289082395074
1684.099226027109 100.532697810379176
1708.5950133376978 100.613759703679648
1733.4471000792773 100.691891140444540
1758.6606687464096 100.767303707120178
1784.2409772147755 100.841707146575104
1810.193359837619 100.915537611987929
1836.5232285581387 100.986305114184688
1863.2360740380593 101.054849940626042
1890.3374668026197 101.123906749852821
1917.833058402214 101.194835046754250
1945.7285825909298 101.267775173936442
1974.0298565222283 101.341336986212326
2002.7427819620161 101.413300084957925
2031.8733465193618 101.485208077438244
2061.4276248951132 101.556736625138996
2091.411780148677 101.629659119434990
2121.832064983222 101.701961097067766
2152.694823049581 101.772963619493595
2184.0064902691106 101.845743485387743
2215.7735961758003 101.917569889447392
2248.002765277899 101.989671820454731
2280.7007184393456 102.063521511325689
2313.874274281297 102.137676648056768
2347.530350604038 102.211276455548983
2381.6759658295764 102.285647101403612
2416.318240465218 102.361609156464979
2451.4643985884327 102.438180964049451
2487.1217693533167 102.519283511873397
2523.2977885189675 102.608450570090355
2560.0000000000887 102.704267982909442
2597.236057440151 102.806882688928766
2635.0137258074315 102.919458853246311
2673.340883014273 103.038846157185901
2712.225521559891 103.160403216719970
2751.6757501970797 103.282270436605813
2791.699795623158 103.402777474124036
2832.3060041955137 103.518857789822007
2873.502843672097 103.630592728604555
2915.2989049772345 103.737559256880701
2957.7029039931244 103.837247334316658
3000.723683377391 103.929878561182463
3044.370214407075 104.016404768891135
3088.6515988494466 104.097553283880643
3133.57707086003 104.173664407574464
3179.1559989082334 104.243471550591181
3225.3978877309914 104.306070521563640
3272.3123803148205 104.362586462728132
3319.9092599067053 104.413055428109544
3368.198452054235 104.458678892107201
3417.190026675413 104.497429493336085
3466.8942001585724 104.530057456576969
3517.3213374928373 104.559809739031067
3568.4819544295697 104.583006043028902
3620.386719675257 104.597227459749007
3673.0464571162966 104.605250870915000
3726.472148076138 104.605844212791993
3780.6749336052594 104.597012421472002
3835.6661168044484 104.580531302989371
3891.45716518188 104.554146054729898
3948.059713044477 104.517401704718068
4005.4855639240527 104.470583519232804
4063.746693038744 104.411087900819965
4122.855249790247 104.339123954221037
4182.823560297375 104.260485041783824
4243.664129966465 104.171976331173767
4305.389646099183 104.069143179035478
4368.012980538242 103.959368911620032
4431.5471923516225 103.853006414812981
4496.00553055582 103.742219745391765
4561.401436878714 103.609320297337774
4627.748548562617 103.456353798319839
4695.060701208099 103.296519161147572
4763.351931659176 103.138574439094015
4832.63648093046 102.983799052655613
4902.928797176889 102.828442043302317
4974.243538706657 102.671302157468574
5046.595577037959 102.518022367824898
5120.000000000202 102.377157143633440
5194.472114880326 102.251647813736810
5270.027451614888 102.140613245057935
5346.6817660285715 102.044046398919335
5424.451043119808 101.965096560478344
5503.351500394186 101.905385009571177
5583.399591246343 101.863051878039471
5664.612008391055 101.837403411578606
5747.005687344222 101.831116566911192
5830.597809954497 101.851034879550724
5915.405807986278 101.895466007409141
6001.447366754812 101.960105375850731
6088.740428814181 102.048007605245672
6177.303197698925 102.163631011650779
6267.154141720092 102.299263983649425
6358.3119978165005 102.445977390052150
6450.795775462017 102.592888634334159
6544.624760629676 102.722285001138019
6639.818519813445 102.815858148012325
6736.396904108505 102.861732048218272
6834.380053350861 102.854190754016003
6933.788400317181 102.798815053742146
7034.642674985712 102.693786881962694
7136.963908859177 102.529651680842761
7240.773439350552 102.296321067355848
7346.092914232631 101.987805105024265
7452.944296152315 101.596461386747521
7561.349867210557 101.129069902837443
7671.332233608935 100.593598289552077
7782.914330363799 99.999847100605166
7896.119426088994 99.362078707216654
8010.971127848146 98.691165534858868
8127.49338607753 98.002328866787138
8245.710499580537 97.321211260460700
8365.647120594791 96.656277322152022
8487.328259932974 96.011522867233396
8610.77929219841 95.397122225506010
8736.025961076528 94.817394967672044
8863.094384703289 94.270456688692036
8992.011061111683 93.764371604301445
9122.802873757471 93.299088604883849
9255.497097125279 92.869548051662122
9390.121402416245 92.477031550500953
9526.7038633184 92.124381369069226
9665.272961860968 91.814979682358683
9805.857594353829 91.550583725580182
9948.487077413367 91.329919065875771
10093.19115407597 91.150157520832806
10240.000000000457 91.011063960911883
10388.944229760706 90.911507361906757
10540.05490322983 90.854954478943171
10693.363532057198 90.845379429891764
10848.902086239672 90.875961057205416
11006.703000788428 90.931121397062142
11166.799182492743 91.010911929974156
11329.224016782166 91.124921439687000
11494.0113746885 91.303406926692361
11661.195619909053 91.633773518874449
11830.811615972614 92.304967885556664
12002.894733509682 93.503795348775014
12177.48085762842 95.043157398704892
12354.606395397908 96.509957661126450
12534.308283440243 97.536928684000031
12716.62399563306 97.981146244259975
12901.591550924093 97.897402381382506
13089.249521259411 97.422120161497489
13279.637039626952 96.767809410729043
13472.793808217073 96.071393698471923
13668.760106701786 95.422834590317777
13867.576800634426 94.879663859586231
14069.285349971487 94.475622078262759
14273.927817718419 94.237686448429983
14481.54687870117 94.191589281654004
14692.18582846533 94.332825709782696
14905.888592304698 94.656630435606019
15122.699734421185 95.124278470808903
15342.664467217943 95.636016334855896
15565.828660727671 96.027440914943099
15792.238852178061 96.073364414836860
16021.942255696367 95.666217938001225
16254.986772155136 94.823556087678753
16491.42099916115 93.686377327129094
16731.294241189662 92.439014479510519
16974.65651986603 91.229429071599029
17221.558584396902 89.996442603998133
17472.051922153143 88.198433711140339
17726.188769406665 85.869855789394904
17984.022122223458 84.693200347584920
18245.605747515034 84.865438111637289
18510.99419425065 84.931983980854170
18780.242804832582 84.717613733493977
19053.40772663689 84.142531587786195
19330.545923722028 83.205345876632549
19611.71518870775 81.947166711730318
19896.974154826825 80.335747147609595
20186.382308152035 78.210738295261109
