20 97.384500000000003
20.290906698750476 97.399530229536211
20.586044732869844 97.413825497670388
20.885475648548283 97.428297989679834
21.189261887185914 97.442016741534232
21.49746679841394 97.455142349288465
21.810154653305165 97.468406224101074
22.12739065777668 97.480936387988848
22.449240966187475 97.493305496075223
22.77577269513385 97.505025731590237
23.107053937445478 97.516068476476448
23.44315377638505 97.527033219474788
23.784142300054445 97.537524269001636
24.130090616010463 97.547469094657259
24.481070866093134 97.557205790121230
24.837156241469714 97.567386078128578
25.1984209978975 97.577208551194815
25.56494047120865 97.586829698193469
25.936791093020236 97.596419785226573
26.3140504066728 97.605471078714828
26.69679708340074 97.614173930730772
27.08511093873791 97.623319240839749
27.47907294916184 97.631930293745427
27.878765268980047 97.640423761965820
28.284271247461966 97.648401153701784
28.695675446220072 97.656217833478181
29.11306365684382 97.663922082166351
29.536522918790062 97.671120889619431
29.966141537533712 97.678424406138078
30.402009102982383 97.685026787950477
30.844216508158908 97.691163238030470
31.29285596815558 97.697410699601946
31.74802103936409 97.702976252472368
32.20980663898519 97.708307873028843
32.67830906482211 97.713104781583382
33.153626015361866 97.717382634138261
33.63585661014871 97.721450996271045
34.125101410453844 97.724750608462728
34.62146244024586 97.727971699521959
35.12504320746613 97.732125388867189
35.635948725613716 97.736723538530526
36.15428553564419 97.740925713213869
36.68016172818701 97.743540485184553
37.21368696608603 97.744713686966094
37.754972507267915 97.744453631122099
38.30413122794313 97.743083479088227
38.86127764614443 97.740492019701620
39.4265279456077 97.736959200913958
40.000000000000206 97.731999999999999
40.58181339750116 97.726666692745212
41.1720894657399 97.721255854451442
41.77095129709678 97.716242064997743
42.37852377437204 97.711454454695001
42.9949335968281 97.707200431689245
43.62030930661056 97.703464865887099
44.25478131555359 97.701414915648542
44.89848193237519 97.701415401328319
45.55154539026795 97.703904998916386
46.21410787489121 97.709293894206553
46.88630755277036 97.725383879326273
47.56828460010916 97.757779915179185
48.260181232021196 97.806994959257764
48.962141732186545 97.868777820206816
49.674312482939705 97.940031289548756
50.39684199579528 98.020384913119969
51.129880942417586 98.107528295028033
51.873582186040764 98.200231394618868
52.628100813345895 98.296885482583477
53.393594166801776 98.395183318996374
54.17022187747612 98.492748904503969
54.95814589832399 98.587168442848736
55.75753053796041 98.676131413042455
56.56854249492426 98.755374452027951
57.39135089244048 98.822307536132172
58.226127313687975 98.869540119185359
59.073045837580466 98.887586927030242
59.932283075067765 98.876846461561655
60.804018205965114 98.857896649137103
61.68843301631817 98.835289181321784
62.58571193631152 98.811892935992603
63.49604207872855 98.786362800756237
64.41961327797075 98.760250828216812
65.35661812964459 98.734014692369954
66.3072520307241 98.707704195170450
67.27171322029778 98.682071312882414
68.25020282090806 98.657870436529578
69.2429248804921 98.636141502390160
70.25008641493265 98.616248358116280
71.27189745122783 98.597105845877905
72.30857107128878 98.578908577323730
73.36032345637442 98.561914986426189
74.42737393217246 98.546016764949584
75.50994501453623 98.530563283279548
76.60826245588666 98.514847106732859
77.72255529228926 98.499247276311280
78.85305589121582 98.482659993789071
80.00000000000082 98.464499999999987
81.16362679500274 98.443651634468608
82.34417893148023 98.419236276262467
83.541902594194 98.391154687781480
84.75704754874454 98.360675056907056
85.98986719365665 98.328515921206318
87.24061861322157 98.294182852596521
88.50956263110764 98.258216308610486
89.79696386475084 98.220023405345728
91.10309078053635 98.179987949236676
92.42821574978288 98.137791568853316
93.77261510554118 98.093405905187709
95.13656920021877 98.046663162066835
96.52036246404286 97.997417583028636
97.92428346437356 97.945844628445855
99.34862496587989 97.891012252617003
100.79368399159105 97.833488079005832
102.25976188483567 97.773090000836902
103.74716437208203 97.708911339363027
105.25620162669229 97.637457527870637
106.78718833360406 97.554318284428547
108.34044375495276 97.456190268418169
109.9162917966485 97.345855103248311
111.51506107592134 97.228850790671828
113.13708498984903 97.111193188463886
114.78270178488147 96.998805501592386
116.45225462737648 96.922449035851685
118.14609167516147 96.886421835750809
119.86456615013608 96.920791351688379
121.60803641193078 96.969701254402992
123.3768660326369 97.040697298222213
125.17142387262359 97.124371171703416
126.99208415745765 97.232430059336949
128.83922655594208 97.430524314867341
130.71323625928977 97.710822623353764
132.61450406144883 98.081330210532641
134.5434264405962 98.542547047776509
136.50040564181674 99.012215559535591
138.48584976098482 99.423035487594120
140.50017282986593 99.680757172439428
142.5437949024563 99.765567488451936
144.61714214257822 99.759838582325685
146.7206469127495 99.715113379771850
148.8547478643456 99.658754211079724
151.01989002907314 99.591935673028956
153.216524911774 99.516561798193777
155.4451105845792 99.434996775669077
157.70611178243232 99.348296751059195
160.00000000000236 99.256999999999906
162.3272535900062 99.164375307117751
164.6883578629612 99.071278700199343
167.08380518838874 98.977314836615164
169.51409509748981 98.881644653158901
171.97973438731407 98.786082252649678
174.4812372264439 98.692297975176274
177.01912526221608 98.601119140665105
179.5939277295025 98.512387671651027
182.20618156107355 98.424813535860153
184.85643149956664 98.339122905713950
187.54523021108326 98.255134047625276
190.27313840043846 98.172915103347009
193.04072492808663 98.091427122071110
195.84856692874806 98.010900699223555
198.69724993176072 97.930955901883408
201.58736798318304 97.851611941792996
204.5195237696723 97.772479366142079
207.49432874416505 97.693151233488933
210.5124032533856 97.613173380994169
213.57437666720915 97.533066206652563
216.68088750990657 97.451961813803692
219.83258359329807 97.369852826574260
223.03012215184378 97.287095589321041
226.2741699796992 97.202871580527813
229.5654035697641 97.117299507186146
232.90450925475412 97.030966844252191
236.2921833503241 96.944049324566734
239.72913230027333 96.856407126343029
243.21607282386276 96.769422288639220
246.75373206527502 96.686287296466034
250.34284774524843 96.611871596553684
253.9841683149166 96.546782991370861
257.67845311188546 96.497760496267517
261.42647251858085 96.466944837981004
265.22900812289896 96.446625951262604
269.08685288119375 96.423232799549453
273.0008112836349 96.386365974469555
276.97169952197106 96.339031819371655
281.00034565973334 96.277293708992858
285.0875898049141 96.202651855116315
289.23428428515797 96.115156601583180
293.44129382550057 96.020538500778585
297.7094957286928 95.920514001657111
302.0397800581479 95.816535333589911
306.4330498235497 95.709390279323031
310.89022116916016 95.599217026063286
315.41222356486645 95.488106634443213
320.00000000000654 95.377999999999844
324.6545071800142 95.269084531987659
329.3767157259242 95.162086224594105
334.16761037677935 95.058396376899253
339.02819019498156 94.958324920022378
343.95946877463007 94.861686305772167
348.9624744528898 94.767005480285661
354.03825052443415 94.672388540245521
359.187855459007 94.574930746278866
364.4123631221491 94.466399138122654
369.71286299913527 94.342305146920495
375.0904604221685 94.207712643610876
380.54627680087896 94.069758429463491
386.08144985617537 93.935045203451793
391.6971338574982 93.815240901590812
397.3944998635236 93.706032952306458
403.1747359663683 93.619405625784566
409.0390475393468 93.556934365723620
414.9886574883323 93.527769849395412
421.0248065067734 93.537840090141486
427.1487533344206 93.580382847233551
433.3617750198154 93.651399889842594
439.6651671865984 93.736693078781897
446.06024430368984 93.824611488922670
452.54833995940066 93.904805909533110
459.13080713953053 93.972832783131182
465.8090185095106 94.028432802403074
472.58436670065066 94.067421833503261
479.45826460054917 94.090327214029912
486.432145647728 94.096943214564774
493.50746413055253 94.082590615139509
500.6856954904994 94.048657275598345
507.9683366298358 93.997223622551786
515.3569062237735 93.932109390874160
522.8529450371643 93.861270185600688
530.4580162458005 93.792979000110407
538.1737057623901 93.733994988089023
546.0016225672724 93.690565054199993
553.9433990439449 93.661655652629150
562.0006913194694 93.640998617361049
570.1751796098309 93.624632122819349
578.4685685703187 93.607216006002346
586.8825876510039 93.584040495812090
595.4189914573883 93.554136882889054
604.0795601162986 93.519926787027543
612.8660996471021 93.485925915596482
621.780442338323 93.458627307604786
630.8244471297356 93.446288556495404
640.0000000000159 93.449500000000057
649.3090143600314 93.474634338772091
658.7534314518515 93.520267157259269
668.3352207535618 93.581512456973513
678.0563803899662 93.654131309983228
687.9189375492632 93.731955553516642
697.9249489057827 93.809522106574519
708.0765010488715 93.883246982499429
718.3757109180171 93.951023335421212
728.8247262443015 94.011800939592518
739.425725998274 94.065628629991366
750.1809208443404 94.110595531112608
761.0925536017613 94.146512988939122
772.1628997123541 94.172561964731869
783.3942677149998 94.189977119319622
794.7889997270506 94.200525999818041
806.34947193274 94.206381051974773
818.0780950786972 94.210370183101134
829.9773149766683 94.214797222296937
842.0496130135506 94.221537209760157
854.2975066688449 94.231618443890966
866.7235500396347 94.243723550039618
879.3303343732008 94.256546851091855
892.1204886073838 94.268908439746639
905.0966799188055 94.279822509939095
918.2616142790653 94.288612469776382
931.6180370190256 94.295809018509516
945.1687334013056 94.302883063925705
958.9165292011028 94.311072830750675
972.8642912954606 94.321357147150351
987.0149282611097 94.335939153511958
1001.3713909810035 94.354374234340696
1015.9366732596762 94.373780561049728
1030.7138124475518 94.385168587077928
1045.7058900743334 94.377880509638715
1060.916032491606 94.368408396750851
1076.3474115247852 94.365158537582801
1092.0032451345498 94.338299215230435
1107.8867980878947 94.269881368410623
1124.0013826389438 94.179382282947273
1140.350359219667 94.108974461170504
1156.9371371406426 94.107901287658052
1173.765175302013 94.142736819731539
1190.837982914782 94.191970762022208
1208.1591202326028 94.235353123164515
1225.73219929421 94.250317595322116
1243.5608846766518 94.246223658065190
1261.648894259477 94.228851105740517
1280.0000000000375 94.210999999999956
1298.6180287200684 94.187860450019343
1317.5068629037087 94.163238333063703
1336.6704415071292 94.124408833872707
1356.112760779938 94.073189907855181
1375.8378750985323 94.004295809012888
1395.8498978115715 93.913712985395023
1416.153002097749 93.797889637518395
1436.7514218360407 93.670940615882131
1457.6494524886093 93.534543504072900
1478.8514519965543 93.403857594817566
1500.3618416886875 93.294827632928644
1522.1851072035295 93.224120252660555
1544.3257994247153 93.185238268885939
1566.788535430007 93.168105732284999
1589.5779994541087 93.161959080076429
1612.6989438654878 93.158214190104218
1636.156190157402 93.151314400133884
1659.9546299533442 93.138133573834523
1684.099226027109 93.116080928767474
1708.5950133376978 93.082560377592671
1733.4471000792773 93.037430031835100
1758.6606687464096 92.982560821758483
1784.2409772147755 92.920712737418768
1810.193359837619 92.853681795635183
1836.5232285581387 92.779660778896755
1863.2360740380593 92.695556234193646
1890.3374668026197 92.601591868846612
1917.833058402214 92.501731006247894
1945.7285825909298 92.400462531020821
1974.0298565222283 92.299934307911315
2002.7427819620161 92.198671697969445
2031.8733465193618 92.094224730088314
2061.4276248951132 91.987527106615360
2091.411780148677 91.883482303524232
2121.832064983222 91.786503805050330
2152.694823049581 91.695819754308701
2184.0064902691106 91.607282638530137
2215.7735961758003 91.525066009560504
2248.002765277899 91.445293363333036
2280.7007184393456 91.369136764740759
2313.874274281297 91.300407640960856
2347.530350604038 91.239406231463065
2381.6759658295764 91.181421807662588
2416.318240465218 91.125750668627745
2451.4643985884327 91.077364586817396
2487.1217693533167 91.034095328066243
2523.2977885189675 90.991251431420750
2560.0000000000887 90.947999999999894
2597.236057440151 90.909918449739862
2635.0137258074315 90.877738790590598
2673.340883014273 90.847410815663949
2712.225521559891 90.818201284189414
2751.6757501970797 90.795870231146537
2791.699795623158 90.781197566422463
2832.3060041955137 90.770746558993068
2873.502843672097 90.764619772506236
2915.2989049772345 90.766630704343868
2957.7029039931244 90.779543335836848
3000.723683377391 90.799488486279742
3044.370214407075 90.830006029873147
3088.6515988494466 90.875415628648085
3133.57707086003 90.932329045661049
3179.1559989082334 90.999108678329605
3225.3978877309914 91.073668451388073
3272.3123803148205 91.154492913157227
3319.9092599067053 91.241128501223670
3368.198452054235 91.338036594519309
3417.190026675413 91.449771764821264
3466.8942001585724 91.572411268402774
3517.3213374928373 91.703094397855736
3568.4819544295697 91.843119111491390
3620.386719675257 91.991936955845262
3673.0464571162966 92.150213552489362
3726.472148076138 92.319534481247445
3780.6749336052594 92.498980134246239
3835.6661168044484 92.684421458303163
3891.45716518188 92.877002399983738
3948.059713044477 93.076172615275254
4005.4855639240527 93.285979438649804
4063.746693038744 93.503799878431209
4122.855249790247 93.729468917944189
4182.823560297375 93.959769865705709
4243.664129966465 94.191833181443513
4305.389646099183 94.425557494408565
4368.012980538242 94.663932767549809
4431.5471923516225 94.902301971318593
4496.00553055582 95.138886899283378
4561.401436878714 95.370939130048242
4627.748548562617 95.592585071782139
4695.060701208099 95.799966950749905
4763.351931659176 95.999191877015974
4832.63648093046 96.177311176521442
4902.928797176889 96.326240743106695
4974.243538706657 96.449365308059981
5046.595577037959 96.531683353473085
5120.000000000202 96.575000000000045
5194.472114880326 96.569705391645613
5270.027451614888 96.510534533667339
5346.6817660285715 96.398598670487672
5424.451043119808 96.239532630627863
5503.351500394186 96.036307702498675
5583.399591246343 95.790498792683437
5664.612008391055 95.505396769792213
5747.005687344222 95.197733189034906
5830.597809954497 94.876392453575647
5915.405807986278 94.550266045811867
6001.447366754812 94.225271387598241
6088.740428814181 93.912032268569334
6177.303197698925 93.618519813044855
6267.154141720092 93.344868848854475
6358.3119978165005 93.102053765502419
6450.795775462017 92.894646512444041
6544.624760629676 92.725885373417711
6639.818519813445 92.594505072610801
6736.396904108505 92.501386136165138
6834.380053350861 92.448733086395535
6933.788400317181 92.437237202049161
7034.642674985712 92.465167764242722
7136.963908859177 92.528625585720235
7240.773439350552 92.621996642531073
7346.092914232631 92.733702205655888
7452.944296152315 92.848326789479160
7561.349867210557 92.945557395981609
7671.332233608935 92.999989561712255
7782.914330363799 92.984010070564196
7896.119426088994 92.864917862314599
8010.971127848146 92.613300964820525
8127.49338607753 92.230788487700011
8245.710499580537 91.714725319138807
8365.647120594791 91.075063921729509
8487.328259932974 90.362080059897124
8610.77929219841 89.602476290290667
8736.025961076528 88.823015265450394
8863.094384703289 88.051250935905102
8992.011061111683 87.310409768811525
9122.802873757471 86.617110887666229
9255.497097125279 85.986052766492548
9390.121402416245 85.416749533368602
9526.7038633184 84.914712444215212
9665.272961860968 84.488740622646219
9805.857594353829 84.139335845941986
9948.487077413367 83.867496322267939
10093.19115407597 83.679057818975679
10240.000000000457 83.571899999999772
10388.944229760706 83.553935686683516
10540.05490322983 83.645546667745350
10693.363532057198 83.844014380650378
10848.902086239672 84.158667083005653
11006.703000788428 84.614115474380725
11166.799182492743 85.227860884300156
11329.224016782166 86.036170109256403
11494.0113746885 87.014446328775790
11661.195619909053 88.267561515586920
11830.811615972614 89.653561889430392
12002.894733509682 91.106009587257688
12177.48085762842 92.318479189753845
12354.606395397908 92.775075000100486
12534.308283440243 92.525487831301987
12716.62399563306 91.464588991849553
12901.591550924093 90.097175722235932
13089.249521259411 88.694566435386804
13279.637039626952 87.522262894114661
13472.793808217073 86.659184866308465
13668.760106701786 86.110513613805381
13867.576800634426 85.864943683844572
14069.285349971487 85.940469670372238
14273.927817718419 86.259370849277872
14481.54687870117 86.845094503300260
14692.18582846533 87.501657271439555
14905.888592304698 87.864577875811889
15122.699734421185 87.661615677225981
15342.664467217943 86.763221618986506
15565.828660727671 85.250258240604751
15792.238852178061 83.393515737078729
16021.942255696367 81.521167517193774
16254.986772155136 79.902516271502776
16491.42099916115 78.717980794202646
16731.294241189662 77.853905443776711
16974.65651986603 77.175984952924665
17221.558584396902 76.744530155926668
17472.051922153143 76.564768846708120
17726.188769406665 76.581928315410991
17984.022122223458 76.693150176222787
18245.605747515034 76.759445379403616
18510.99419425065 76.632448476394046
18780.242804832582 76.182065632591517
19053.40772663689 75.063668831812606
19330.545923722028 72.582134448751816
19611.71518870775 68.117509098873398
19896.974154826825 63.415318651386130
20186.382308152035 62.025499999999994
