20 103.480726872888468
20.290906698750476 103.489854174776582
20.586044732869844 103.498854171201913
20.885475648548283 103.506481496254565
21.189261887185914 103.514108800395178
21.49746679841394 103.520108810357740
21.810154653305165 103.526108805482124
22.12739065777668 103.531363437761030
22.449240966187475 103.535363434416567
22.77577269513385 103.538618061738219
23.107053937445478 103.541245374692693
23.44315377638505 103.542499999999990
23.784142300054445 103.542127312845849
24.130090616010463 103.540627313975520
24.481070866093134 103.537136566984799
24.837156241469714 103.533136566951896
25.1984209978975 103.527263883570498
25.56494047120865 103.520391198534512
25.936791093020236 103.512391198061550
26.3140504066728 103.504018498419839
26.69679708340074 103.494645829758781
27.08511093873791 103.484400449949760
27.47907294916184 103.473773132484368
27.878765268980047 103.462027762004425
28.284271247461966 103.449655075550112
28.695675446220072 103.436282383373509
29.11306365684382 103.421409718601893
29.536522918790062 103.405164332172859
29.966141537533712 103.388164334340985
30.402009102982383 103.369418935669017
30.844216508158908 103.349173565462166
31.29285596815558 103.328173581126208
31.74802103936409 103.306673592309707
32.20980663898519 103.284300906178544
32.67830906482211 103.261300903871117
33.153626015361866 103.237928203015386
33.63585661014871 103.213310159914471
34.125101410453844 103.188310127275201
34.62146244024586 103.162682823502024
35.12504320746613 103.135810133403936
35.635948725613716 103.108192069063449
36.15428553564419 103.080192105491392
36.68016172818701 103.051192092737836
37.21368696608603 103.021692077652617
37.754972507267915 102.991319399639053
38.30413122794313 102.960819411181859
38.86127764614443 102.929446738874233
39.4265279456077 102.897946703135077
40.000000000000206 102.865574033992345
40.58181339750116 102.832201344788530
41.1720894657399 102.797828643869764
41.77095129709678 102.762955968686981
42.37852377437204 102.727083297247944
42.9949335968281 102.690583289522891
43.62030930661056 102.653210599594473
44.25478131555359 102.614837932583669
44.89848193237519 102.575592508930640
45.55154539026795 102.535719822910849
46.21410787489121 102.494719864674181
46.88630755277036 102.452847156800246
47.56828460010916 102.410474483146032
48.260181232021196 102.367101783884067
48.962141732186545 102.322729102863178
49.674312482939705 102.277729118568871
50.39684199579528 102.231729096380320
51.129880942417586 102.184983714057125
51.873582186040764 102.137483758413282
52.628100813345895 102.089983740170112
53.393594166801776 102.041738359011191
54.17022187747612 101.993238351979826
54.95814589832399 101.943738349173373
55.75753053796041 101.894238361518020
56.56854249492426 101.843865659579791
57.39135089244048 101.792992998256409
58.226127313687975 101.741992982483509
59.073045837580466 101.689247623832969
59.932283075067765 101.636247614971495
60.804018205965114 101.582874931405655
61.68843301631817 101.529247614401470
62.58571193631152 101.475374907655066
63.49604207872855 101.421374922700807
64.41961327797075 101.367002221299032
65.35661812964459 101.311629558354838
66.3072520307241 101.256129537776559
67.27171322029778 101.199629575200390
68.25020282090806 101.141884189029071
69.2429248804921 101.083884193837164
70.25008641493265 101.025011499998001
71.27189745122783 100.965011493658210
72.30857107128878 100.903766109308776
73.36032345637442 100.842766126103712
74.42737393217246 100.780393407395223
75.50994501453623 100.717520739242005
76.60826245588666 100.654148048746777
77.72255529228926 100.590148048938829
78.85305589121582 100.525648074247130
80.00000000000082 100.460775395899020
81.16362679500274 100.395402689577026
82.34417893148023 100.329402703074422
83.541902594194 100.263402669854685
84.75704754874454 100.196529984558566
85.98986719365665 100.129529984530564
87.24061861322157 100.062157304405275
88.50956263110764 99.994657313318115
89.79696386475084 99.927657317715230
91.10309078053635 99.860030005531371
92.42821574978288 99.792157323537182
93.77261510554118 99.724284614743240
95.13656920021877 99.656157322184413
96.52036246404286 99.587284615636364
97.92428346437356 99.519284624390195
99.34862496587989 99.450157299334109
100.79368399159105 99.381657301196896
102.25976188483567 99.312411937857519
103.74716437208203 99.242539247148926
105.25620162669229 99.172539267065488
106.78718833360406 99.102039243149378
108.34044375495276 99.030166558011146
109.9162917966485 98.957421192276385
111.51506107592134 98.883048524407613
113.13708498984903 98.807548501079381
114.78270178488147 98.730803131392307
116.45225462737648 98.652930443798283
118.14609167516147 98.574057778920832
119.86456615013608 98.494185079202239
121.60803641193078 98.412812397108468
123.3768660326369 98.330939717040437
125.17142387262359 98.248067021979324
126.99208415745765 98.163821625761415
128.83922655594208 98.078076275880449
130.71323625928977 97.991576278158377
132.61450406144883 97.903330907240118
134.5434264405962 97.813958211268584
136.50040564181674 97.723212839657890
138.48584976098482 97.630840161014504
140.50017282986593 97.537467451796175
142.5437949024563 97.443467464472377
144.61714214257822 97.348222085392024
146.7206469127495 97.250976704443630
148.8547478643456 97.152231348854400
151.01989002907314 97.052358668219739
153.216524911774 96.951358661870358
155.4451105845792 96.850358639731553
157.70611178243232 96.750976717535536
160.00000000000236 96.655712838309398
162.3272535900062 96.569312400567838
164.6883578629612 96.498148062478521
167.08380518838874 96.447847170982072
169.51409509748981 96.421664331397352
171.97973438731407 96.420981491979092
174.4812372264439 96.442680592107052
177.01912526221608 96.480652835891760
179.5939277295025 96.528261638705217
182.20618156107355 96.576143578291905
184.85643149956664 96.617289397487127
187.54523021108326 96.646817161678513
190.27313840043846 96.662972239408646
193.04072492808663 96.667372686553549
195.84856692874806 96.664509253948609
198.69724993176072 96.657891194400150
201.58736798318304 96.652509254037597
204.5195237696723 96.653118059546998
207.49432874416505 96.659726865747444
210.5124032533856 96.674835669875591
213.57437666720915 96.696571792570495
216.68088750990657 96.723807911770308
219.83258359329807 96.752680593079873
223.03012215184378 96.780562537473060
226.2741699796992 96.804699101322598
229.5654035697641 96.822217612474134
232.90450925475412 96.830863432710643
236.2921833503241 96.828391193545457
239.72913230027333 96.813918956310530
243.21607282386276 96.786946719881001
246.75373206527502 96.748347163341379
250.34284774524843 96.699620302926803
253.9841683149166 96.643884179974748
257.67845311188546 96.582393442233894
261.42647251858085 96.519520744944984
265.22900812289896 96.456393428911369
269.08685288119375 96.394393430359486
273.0008112836349 96.334511498815473
276.97169952197106 96.276384179310014
281.00034565973334 96.219629556055736
285.0875898049141 96.163629553302670
289.23428428515797 96.107629556403452
293.44129382550057 96.051629555264299
297.7094957286928 95.993884182335535
302.0397800581479 95.935011492606918
306.4330498235497 95.874266126032040
310.89022116916016 95.812393436244179
315.41222356486645 95.749148060431352
320.00000000000654 95.685648061432602
324.6545071800142 95.622148059391037
329.3767157259242 95.558893432201046
334.16761037677935 95.496393433284538
339.02819019498156 95.435138804419225
343.95946877463007 95.375511496654170
348.9624744528898 95.317384179998726
354.03825052443415 95.261129552144297
359.187855459007 95.206374928773812
364.4123631221491 95.152747616315821
369.71286299913527 95.099247612403104
375.0904604221685 95.045874930774374
380.54627680087896 94.992747616480031
386.08144985617537 94.938747615086697
391.6971338574982 94.883502241793309
397.3944998635236 94.827629555201298
403.1747359663683 94.770384181004118
409.0390475393468 94.713384182091289
414.9886574883323 94.655884183422927
421.0248065067734 94.598756864593156
427.1487533344206 94.542129555303063
433.3617750198154 94.487002240618409
439.6651671865984 94.434992985766172
446.06024430368984 94.385611048155766
452.54833995940066 94.341847163763987
459.13080713953053 94.305201344472181
465.8090185095106 94.276928209531036
472.58436670065066 94.260900448614748
479.45826460054917 94.257745373019944
486.432145647728 94.268835671549795
493.50746413055253 94.294053284200430
500.6856954904994 94.330407463418084
507.9683366298358 94.377134325869307
515.3569062237735 94.432115819911189
522.8529450371643 94.494224623999088
530.4580162458005 94.564706116907786
538.1737057623901 94.643932985665487
546.0016225672724 94.732287163102171
553.9433990439449 94.828395963714115
562.0006913194694 94.932132082395526
570.1751796098309 95.040622833750191
578.4685685703187 95.151122834129637
586.8825876510039 95.258132083879488
595.4189914573883 95.359895964634205
604.0795601162986 95.453041790938641
612.8660996471021 95.538060298878150
621.780442338323 95.615578801902132
630.8244471297356 95.687960745459009
640.0000000000159 95.755970000036967
649.3090143600314 95.821597310292532
658.7534314518515 95.887097314108587
668.3352207535618 95.953842686075049
678.0563803899662 96.022588059687365
687.9189375492632 96.094206114309259
697.9249489057827 96.168451491380978
708.0765010488715 96.245569546674403
718.3757109180171 96.324687608830999
728.8247262443015 96.405187610999945
739.425725998274 96.484814924674595
750.1809208443404 96.563569551650005
761.0925536017613 96.640451491208665
772.1628997123541 96.714206116739263
783.3942677149998 96.785588057477810
794.7889997270506 96.855215369484128
806.34947193274 96.922597311271204
818.0780950786972 96.990342683065421
829.9773149766683 97.059215372295654
842.0496130135506 97.130833428266428
854.2975066688449 97.206696863050411
866.7235500396347 97.288305667161779
879.3303343732008 97.376041789824427
892.1204886073838 97.470150595807468
905.0966799188055 97.571632084591386
918.2616142790653 97.681486262357737
931.6180370190256 97.798722387330798
945.1687334013056 97.922585818034619
958.9165292011028 98.051321937457331
972.8642912954606 98.183939999274926
987.0149282611097 98.319185368722231
1001.3713909810035 98.455558055132670
1015.9366732596762 98.589567306812398
1030.7138124475518 98.720449251525110
1045.7058900743334 98.846213134991416
1060.916032491606 98.966477010892092
1076.3474115247852 99.081113577465430
1092.0032451345498 99.190004774878645
1107.8867980878947 99.293014027981272
1124.0013826389438 99.390277909829535
1140.350359219667 99.483041787940948
1156.9371371406426 99.571551043441758
1173.765175302013 99.655432981839553
1190.837982914782 99.736314922103219
1208.1591202326028 99.816314923024521
1225.73219929421 99.897560297696486
1243.5608846766518 99.981551043624393
1261.648894259477 100.069169103462713
1280.0000000000375 100.160659849514218
1298.6180287200684 100.256523282821405
1317.5068629037087 100.356641338999623
1336.6704415071292 100.459886711688029
1356.112760779938 100.565132085527438
1375.8378750985323 100.669759399636945
1395.8498978115715 100.774632087933398
1416.153002097749 100.879632087205323
1436.7514218360407 100.984632088009704
1457.6494524886093 101.090504771128636
1478.8514519965543 101.197377461752311
1500.3618416886875 101.305750147167004
1522.1851072035295 101.415495520439407
1544.3257994247153 101.525868204904924
1566.788535430007 101.637740890701835
1589.5779994541087 101.750613579787569
1612.6989438654878 101.864486264923016
1636.156190157402 101.979358952936252
1659.9546299533442 102.094358953826116
1684.099226027109 102.211104325752530
1708.5950133376978 102.328849696211336
1733.4471000792773 102.448222385239319
1758.6606687464096 102.569340446093406
1784.2409772147755 102.693085818102062
1810.193359837619 102.818831191657381
1836.5232285581387 102.947821936748625
1863.2360740380593 103.079194624812516
1890.3374668026197 103.212439996933142
1917.833058402214 103.348558056730226
1945.7285825909298 103.486803428389777
1974.0298565222283 103.627421487930604
2002.7427819620161 103.769921487801795
2031.8733465193618 103.914039548711116
2061.4276248951132 104.060284921618830
2091.411780148677 104.208030294361890
2121.832064983222 104.356902979947620
2152.694823049581 104.507775666701747
2184.0064902691106 104.659648352831056
2215.7735961758003 104.812521040752273
2248.002765277899 104.965893726809327
2280.7007184393456 105.120266413765506
2313.874274281297 105.274766412041757
2347.530350604038 105.428893727574234
2381.6759658295764 105.583766413790670
2416.318240465218 105.737521040284477
2451.4643985884327 105.890648353499628
2487.1217693533167 106.042275666480293
2523.2977885189675 106.192157607219798
2560.0000000000887 106.339912234930239
2597.236057440151 106.484794174174993
2635.0137258074315 106.625303429667809
2673.340883014273 106.761067310776696
2712.225521559891 106.890831189988916
2751.6757501970797 107.014595071508239
2791.699795623158 107.130113579632422
2832.3060041955137 107.237259400660548
2873.502843672097 107.334532534818848
2915.2989049772345 107.421932983141858
2957.7029039931244 107.498333430518443
3000.723683377391 107.563361192189859
3044.370214407075 107.616761640375074
3088.6515988494466 107.657416715501114
3133.57707086003 107.685071790564024
3179.1559989082334 107.699354178824763
3225.3978877309914 107.701009253862338
3272.3123803148205 107.687418955601828
3319.9092599067053 107.660946717442457
3368.198452054235 107.619856418934887
3417.190026675413 107.564638807414866
3466.8942001585724 107.494675823428054
3517.3213374928373 107.410830898037517
3568.4819544295697 107.312240600331236
3620.386719675257 107.200268362032659
3673.0464571162966 107.075050749791387
3726.472148076138 106.937205825103973
3780.6749336052594 106.788106272181253
3835.6661168044484 106.627879406541851
3891.45716518188 106.457652542878918
3948.059713044477 106.278298364145712
4005.4855639240527 106.089944185507363
4063.746693038744 105.892962693108387
4122.855249790247 105.687108511904910
4182.823560297375 105.472254334423468
4243.664129966465 105.249772840791735
4305.389646099183 105.020036721221473
4368.012980538242 104.782682542987203
4431.5471923516225 104.540064483056398
4496.00553055582 104.292328365569190
4561.401436878714 104.041210305272998
4627.748548562617 103.788710305259684
4695.060701208099 103.534837618156701
4763.351931659176 103.282082991772512
4832.63648093046 103.031328365548163
4902.928797176889 102.783819112099209
4974.243538706657 102.541682543045994
5046.595577037959 102.305664037282284
5120.000000000202 102.077518215674274
5194.472114880326 101.860117766416167
5270.027451614888 101.656208066156864
5346.6817660285715 101.469789108643738
5424.451043119808 101.301497466798821
5503.351500394186 101.151333138039718
5583.399591246343 101.017296122966712
5664.612008391055 100.895895675324851
5747.005687344222 100.785622540152971
5830.597809954497 100.680613285980556
5915.405807986278 100.578485973127584
6001.447366754812 100.477231346350194
6088.740428814181 100.380094778333444
6177.303197698925 100.294685076435385
6267.154141720092 100.228256867333329
6358.3119978165005 100.189437463306135
6450.795775462017 100.185599551936605
6544.624760629676 100.222379700047327
6639.818519813445 100.300159847920071
6736.396904108505 100.413958504326260
6834.380053350861 100.556648354156209
6933.788400317181 100.716247906231786
7034.642674985712 100.881865965041342
7136.963908859177 101.039275667920833
7240.773439350552 101.175585817362901
7346.092914232631 101.275432983025112
7452.944296152315 101.326553282669778
7561.349867210557 101.316455971107857
7671.332233608935 101.236249853567784
7782.914330363799 101.079680303220968
7896.119426088994 100.842620006939143
8010.971127848146 100.525677770526016
8127.49338607753 100.133098966314535
8245.710499580537 99.674610460973341
8365.647120594791 99.163594193766642
8487.328259932974 98.619404343890267
8610.77929219841 98.061168225032688
8736.025961076528 97.509385836951907
8863.094384703289 96.983311805484263
8992.011061111683 96.498828070741098
9122.802873757471 96.067571205758810
9255.497097125279 95.699668516616782
9390.121402416245 95.402747320016246
9526.7038633184 95.183062243829312
9665.272961860968 95.048858659325674
9805.857594353829 95.006763880751265
9948.487077413367 95.067141340535557
10093.19115407597 95.237627606184418
10240.000000000457 95.523741184191351
10388.944229760706 95.909537599670813
10540.05490322983 96.346727451185387
10693.363532057198 96.761720436770304
10848.902086239672 97.101787454819771
11006.703000788428 97.393951783544821
11166.799182492743 97.711222676680990
11329.224016782166 98.066667154489821
11494.0113746885 98.389951782875173
11661.195619909053 98.594284921298311
11830.811615972614 98.645636567295782
12002.894733509682 98.573995226674526
12177.48085762842 98.431752094043162
12354.606395397908 98.221691797608713
12534.308283440243 97.884170756790127
12716.62399563306 97.379304792138072
12901.591550924093 96.759489868438948
13089.249521259411 96.121070912892549
13279.637039626952 95.558075685392794
13472.793808217073 95.131851353856206
13668.760106701786 94.862735826494642
13867.576800634426 94.737803136319940
14069.285349971487 94.717726865400692
14273.927817718419 94.750280148094888
14481.54687870117 94.781453730802468
14692.18582846533 94.766837911431764
14905.888592304698 94.676659555712831
15122.699734421185 94.490272842274635
15342.664467217943 94.193541203358294
15565.828660727671 93.778436878827961
15792.238852178061 93.249568671474862
16021.942255696367 92.621154196880752
16254.986772155136 91.931864794506993
16491.42099916115 91.272934345423693
16731.294241189662 90.764635982307283
16974.65651986603 90.421812097893948
17221.558584396902 90.137048217324605
17472.051922153143 89.810932396955849
17726.188769406665 89.440624487525469
17984.022122223458 89.073705532277515
18245.605747515034 88.700925384605057
18510.99419425065 88.151163450583326
18780.242804832582 87.208982269490377
19053.40772663689 85.804972429388869
19330.545923722028 84.171921390066473
19611.71518870775 82.666484217471407
19896.974154826825 81.509850476306440
20186.382308152035 80.690274496075915
