20 103.356499999999997
20.290906698750476 103.360378768912568
20.586044732869844 103.363360447793866
20.885475648548283 103.365403170990319
21.189261887185914 103.365982101538307
21.49746679841394 103.366012664789594
21.810154653305165 103.364423832981046
22.12739065777668 103.361089140133345
22.449240966187475 103.356179319965818
22.77577269513385 103.350737134204891
23.107053937445478 103.345037337937953
23.44315377638505 103.339352685511940
23.784142300054445 103.335158576999447
24.130090616010463 103.332566363167842
24.481070866093134 103.332452677401847
24.837156241469714 103.334600149817646
25.1984209978975 103.339972367463204
25.56494047120865 103.347004993775670
25.936791093020236 103.354222860397272
26.3140504066728 103.359450414890318
26.69679708340074 103.358786032811736
27.08511093873791 103.349404104334695
27.47907294916184 103.327906800380845
27.878765268980047 103.300637974585172
28.284271247461966 103.270395385192899
28.695675446220072 103.239911367872168
29.11306365684382 103.211103116932520
29.536522918790062 103.185783422816854
29.966141537533712 103.165591347735912
30.402009102982383 103.147429681630001
30.844216508158908 103.131591904923809
31.29285596815558 103.115008971154367
31.74802103936409 103.097579158425432
32.20980663898519 103.077848894606674
32.67830906482211 103.055406237694058
33.153626015361866 103.030857821185833
33.63585661014871 103.005163743051966
34.125101410453844 102.978869625245949
34.62146244024586 102.952562490666963
35.12504320746613 102.926122796419236
35.635948725613716 102.899930666268091
36.15428553564419 102.873131437682147
36.68016172818701 102.845951428406096
37.21368696608603 102.817247216865269
37.754972507267915 102.786383794377969
38.30413122794313 102.753335665411640
38.86127764614443 102.717214610807360
39.4265279456077 102.679413449779304
40.000000000000206 102.637999999999977
40.58181339750116 102.592424465277304
41.1720894657399 102.540942247036526
41.77095129709678 102.486638508475409
42.37852377437204 102.431106381905437
42.9949335968281 102.374630935727197
43.62030930661056 102.316871444781299
44.25478131555359 102.257984758577521
44.89848193237519 102.199221255213445
45.55154539026795 102.148275461835183
46.21410787489121 102.113623815415622
46.88630755277036 102.096767022436097
47.56828460010916 102.087512253553143
48.260181232021196 102.082999999999998
48.962141732186545 102.084123458675862
49.674312482939705 102.087828742648753
50.39684199579528 102.091488159344436
51.129880942417586 102.092764370377751
51.873582186040764 102.090098403663447
52.628100813345895 102.082113620208531
53.393594166801776 102.067652126853616
54.17022187747612 102.044248884195341
54.95814589832399 102.010728970822143
55.75753053796041 101.970578119065948
56.56854249492426 101.926445891531699
57.39135089244048 101.879018946453570
58.226127313687975 101.827688660953442
59.073045837580466 101.771594608019058
59.932283075067765 101.708011052444988
60.804018205965114 101.640187076554042
61.68843301631817 101.571732949145982
62.58571193631152 101.505035922162307
63.49604207872855 101.440029033449633
64.41961327797075 101.376176103736981
65.35661812964459 101.313819821573105
66.3072520307241 101.252643122064370
67.27171322029778 101.192425493561828
68.25020282090806 101.133112932155967
69.2429248804921 101.072709882768009
70.25008641493265 101.004493432465125
71.27189745122783 100.923980870468796
72.30857107128878 100.831377177156270
73.36032345637442 100.727526360537070
74.42737393217246 100.612493058698419
75.50994501453623 100.483969191445340
76.60826245588666 100.342413216206467
77.72255529228926 100.188387165121085
78.85305589121582 100.022343097583317
80.00000000000082 99.845999999999862
81.16362679500274 99.663213167317906
82.34417893148023 99.477511796136071
83.541902594194 99.302725934162169
84.75704754874454 99.158230988655689
85.98986719365665 99.068308254339058
87.24061861322157 99.050597380257798
88.50956263110764 99.095838323993775
89.79696386475084 99.208700498809833
91.10309078053635 99.367604048437073
92.42821574978288 99.580293672363808
93.77261510554118 99.830859514748852
95.13656920021877 100.101801772547361
96.52036246404286 100.367549564444033
97.92428346437356 100.604500073790234
99.34862496587989 100.793391381003673
100.79368399159105 100.922968054047203
102.25976188483567 101.014254364049833
103.74716437208203 101.065041669757562
105.25620162669229 101.034260216024023
106.78718833360406 100.938960874979699
108.34044375495276 100.853002841475160
109.9162917966485 100.815473655136060
111.51506107592134 100.786891533528063
113.13708498984903 100.741755794328284
114.78270178488147 100.687105456542795
116.45225462737648 100.619759444091258
118.14609167516147 100.547347288178614
119.86456615013608 100.474973019040817
121.60803641193078 100.404038534329118
123.3768660326369 100.332769655126270
125.17142387262359 100.257743056058928
126.99208415745765 100.181816633701686
128.83922655594208 100.112966297097969
130.71323625928977 100.049249967184153
132.61450406144883 99.966509528651045
134.5434264405962 99.864100391190490
136.50040564181674 99.774610903946865
138.48584976098482 99.705252333485035
140.50017282986593 99.631326362528739
142.5437949024563 99.548900272267602
144.61714214257822 99.470261455188961
146.7206469127495 99.394744969906114
148.8547478643456 99.316874329019214
151.01989002907314 99.236560090918488
153.216524911774 99.154415358334944
155.4451105845792 99.071332107422819
157.70611178243232 98.991827309971370
160.00000000000236 98.911999999999907
162.3272535900062 98.823564363579763
164.6883578629612 98.736030759070445
167.08380518838874 98.648649491142649
169.51409509748981 98.556964386295391
171.97973438731407 98.462082252649680
174.4812372264439 98.365920490504550
177.01912526221608 98.270484715193106
179.5939277295025 98.179631315013324
182.20618156107355 98.090931063235715
184.85643149956664 98.007950623513437
187.54523021108326 97.954092928100252
190.27313840043846 97.930907446398237
193.04072492808663 97.922432579942466
195.84856692874806 97.927563981100747
198.69724993176072 97.940246799672451
201.58736798318304 97.949410174635830
204.5195237696723 97.946175158882923
207.49432874416505 97.925805767349033
210.5124032533856 97.886801547945822
213.57437666720915 97.832693249156222
216.68088750990657 97.771552471679342
219.83258359329807 97.707473890439076
223.03012215184378 97.635822251583505
226.2741699796992 97.561694090466915
229.5654035697641 97.486423285157059
232.90450925475412 97.409696287140662
236.2921833503241 97.331170214186187
239.72913230027333 97.250831532481101
243.21607282386276 97.172300416080986
246.75373206527502 97.095356327580276
250.34284774524843 97.017457349604541
253.9841683149166 96.937348297071821
257.67845311188546 96.857453451455484
261.42647251858085 96.779829004304275
265.22900812289896 96.702419837542010
269.08685288119375 96.625320844296922
273.0008112836349 96.549734382790035
276.97169952197106 96.472566009560580
281.00034565973334 96.392293190503253
285.0875898049141 96.311809516765166
289.23428428515797 96.231778313296445
293.44129382550057 96.151271287932929
297.7094957286928 96.071916228164923
302.0397800581479 95.992519041431535
306.4330498235497 95.911488578264326
310.89022116916016 95.830003463662820
315.41222356486645 95.750533421753758
320.00000000000654 95.672999999999902
324.6545071800142 95.599924237273768
329.3767157259242 95.530599950401509
334.16761037677935 95.467321065101871
339.02819019498156 95.413398364913689
343.95946877463007 95.366968834150867
348.9624744528898 95.321045235033409
354.03825052443415 95.275155745280102
359.187855459007 95.227134158685345
364.4123631221491 95.170081533031919
369.71286299913527 95.102232781011239
375.0904604221685 95.026694785337284
380.54627680087896 94.947975149015889
386.08144985617537 94.865778252157369
391.6971338574982 94.779194425208772
397.3944998635236 94.692082502047143
403.1747359663683 94.609347380462424
409.0390475393468 94.531245635950114
414.9886574883323 94.454147452651682
421.0248065067734 94.380214725172095
427.1487533344206 94.315161219990216
433.3617750198154 94.261212170671513
439.6651671865984 94.212653460609047
446.06024430368984 94.172042152532157
452.54833995940066 94.145100146125856
459.13080713953053 94.130418616332236
465.8090185095106 94.125817418209124
472.58436670065066 94.136806007222958
479.45826460054917 94.160333058402188
486.432145647728 94.191331084544316
493.50746413055253 94.229791052718042
500.6856954904994 94.272014189388813
507.9683366298358 94.309337725227920
515.3569062237735 94.338045225369626
522.8529450371643 94.358779417555738
530.4580162458005 94.369585878046081
538.1737057623901 94.370950369782179
546.0016225672724 94.369214633407267
553.9433990439449 94.372929248804923
562.0006913194694 94.384601417204919
570.1751796098309 94.401586851692926
578.4685685703187 94.429369704710567
586.8825876510039 94.466504032577163
595.4189914573883 94.509449705151297
604.0795601162986 94.556702498161457
612.8660996471021 94.609586912067499
621.780442338323 94.671431730988019
630.8244471297356 94.744384133533288
640.0000000000159 94.821000000000126
649.3090143600314 94.898264819188256
658.7534314518515 94.974027451614816
668.3352207535618 95.049848243953136
678.0563803899662 95.129062319197729
687.9189375492632 95.212310969168726
697.9249489057827 95.296569570808572
708.0765010488715 95.378208183338529
718.3757109180171 95.460505687344138
728.8247262443015 95.548068936764352
739.425725998274 95.636704812085583
750.1809208443404 95.721356906332559
761.0925536017613 95.803194152013219
772.1628997123541 95.886612628600830
783.3942677149998 95.974185572368270
794.7889997270506 96.064529122827778
806.34947193274 96.157060336792455
818.0780950786972 96.250189669079020
829.9773149766683 96.341638427133603
842.0496130135506 96.431197162099380
854.2975066688449 96.520656923349122
866.7235500396347 96.609928200280493
879.3303343732008 96.699245374049724
892.1204886073838 96.790767517973165
905.0966799188055 96.884026206084769
918.2616142790653 96.978053793908728
931.6180370190256 97.073089878789233
945.1687334013056 97.167785042133971
958.9165292011028 97.261558094157493
972.8642912954606 97.358132181710701
987.0149282611097 97.458028723078627
1001.3713909810035 97.558236875965122
1015.9366732596762 97.661806492353648
1030.7138124475518 97.769047673736253
1045.7058900743334 97.875314393974094
1060.916032491606 97.985309174854279
1076.3474115247852 98.099925931565920
1092.0032451345498 98.214960925815035
1107.8867980878947 98.329746671783241
1124.0013826389438 98.448232668827586
1140.350359219667 98.571431830879192
1156.9371371406426 98.694397879723851
1173.765175302013 98.819349138221483
1190.837982914782 98.948618562854307
1208.1591202326028 99.079384955997014
1225.73219929421 99.208536128157533
1243.5608846766518 99.339137549591186
1261.648894259477 99.469483742192921
1280.0000000000375 99.599500000000262
1298.6180287200684 99.725836623457610
1317.5068629037087 99.853795981454851
1336.6704415071292 99.980524913947050
1356.112760779938 100.108038583108595
1375.8378750985323 100.232090772488363
1395.8498978115715 100.351514397088266
1416.153002097749 100.471033495675087
1436.7514218360407 100.594021244291653
1457.6494524886093 100.722620627329832
1478.8514519965543 100.851761392540084
1500.3618416886875 100.976084208126849
1522.1851072035295 101.101786217492332
1544.3257994247153 101.231249184628837
1566.788535430007 101.362209276202634
1589.5779994541087 101.496884876746492
1612.6989438654878 101.634685705438301
1636.156190157402 101.773152150519238
1659.9546299533442 101.911935946328470
1684.099226027109 102.052457495477768
1708.5950133376978 102.194679177091899
1733.4471000792773 102.339168948466153
1758.6606687464096 102.488464012478460
1784.2409772147755 102.641391404655764
1810.193359837619 102.794121487058192
1836.5232285581387 102.946604261066042
1863.2360740380593 103.101269229420751
1890.3374668026197 103.259684304799407
1917.833058402214 103.422071705741104
1945.7285825909298 103.587213208938294
1974.0298565222283 103.754756750611591
2002.7427819620161 103.923908135379691
2031.8733465193618 104.092990299580265
2061.4276248951132 104.266779893104939
2091.411780148677 104.451205977583498
2121.832064983222 104.638721398022227
2152.694823049581 104.826644994161853
2184.0064902691106 105.015639103871393
2215.7735961758003 105.207824596767978
2248.002765277899 105.403816868195179
2280.7007184393456 105.603452727787328
2313.874274281297 105.806364311020602
2347.530350604038 106.011935138684635
2381.6759658295764 106.220223391560410
2416.318240465218 106.428821560093624
2451.4643985884327 106.633420291883482
2487.1217693533167 106.835025819910911
2523.2977885189675 107.030851946219997
2560.0000000000887 107.220250000000448
2597.236057440151 107.402371272840725
2635.0137258074315 107.579062681187267
2673.340883014273 107.749032841112097
2712.225521559891 107.912254213036221
2751.6757501970797 108.065951638258753
2791.699795623158 108.213308006579240
2832.3060041955137 108.353986534348650
2873.502843672097 108.486183673199889
2915.2989049772345 108.606930141990574
2957.7029039931244 108.714446388784864
3000.723683377391 108.808902136543693
3044.370214407075 108.892210853771672
3088.6515988494466 108.960145948417988
3133.57707086003 109.015434777946041
3179.1559989082334 109.057407919104747
3225.3978877309914 109.088214859374730
3272.3123803148205 109.108639961700732
3319.9092599067053 109.118893648193477
3368.198452054235 109.118998170274025
3417.190026675413 109.111546293864649
3466.8942001585724 109.098424913947667
3517.3213374928373 109.080398251627940
3568.4819544295697 109.059052759595289
3620.386719675257 109.036122108949385
3673.0464571162966 109.009593984014870
3726.472148076138 108.975175331904410
3780.6749336052594 108.929077919743605
3835.6661168044484 108.873357321002700
3891.45716518188 108.802594076027759
3948.059713044477 108.723704274944254
4005.4855639240527 108.631217411002098
4063.746693038744 108.526662726132457
4122.855249790247 108.410385006699215
4182.823560297375 108.281586484467397
4243.664129966465 108.143391476219023
4305.389646099183 108.001142233587728
4368.012980538242 107.850301963699252
4431.5471923516225 107.690313150713408
4496.00553055582 107.525252471573395
4561.401436878714 107.352471803922924
4627.748548562617 107.170916636596544
4695.060701208099 106.976495167064087
4763.351931659176 106.767201593048100
4832.63648093046 106.540788694455046
4902.928797176889 106.301601266822104
4974.243538706657 106.056074428639477
5046.595577037959 105.806245259219040
5120.000000000202 105.548999999999296
5194.472114880326 105.278906148833087
5270.027451614888 104.997084384871584
5346.6817660285715 104.709151616355172
5424.451043119808 104.418896125554994
5503.351500394186 104.129267023561226
5583.399591246343 103.845808935747215
5664.612008391055 103.575249552435395
5747.005687344222 103.320098193897820
5830.597809954497 103.085475584616034
5915.405807986278 102.874992367629844
6001.447366754812 102.688394739841328
6088.740428814181 102.534263946585043
6177.303197698925 102.413406299805530
6267.154141720092 102.325392546466674
6358.3119978165005 102.275175200873406
6450.795775462017 102.260531831018483
6544.624760629676 102.283696761299097
6639.818519813445 102.343049371445161
6736.396904108505 102.432490640957724
6834.380053350861 102.545678368555855
6933.788400317181 102.678655296456739
7034.642674985712 102.826483652603343
7136.963908859177 102.981869961010233
7240.773439350552 103.135286682287528
7346.092914232631 103.270584993082878
7452.944296152315 103.364325463614435
7561.349867210557 103.381996899898013
7671.332233608935 103.303675801305204
7782.914330363799 103.117074831885603
7896.119426088994 102.812701408978143
8010.971127848146 102.387904202879540
8127.49338607753 101.861956655298684
8245.710499580537 101.261777463668039
8365.647120594791 100.615060752170450
8487.328259932974 99.949877776866970
8610.77929219841 99.285522884817709
8736.025961076528 98.642928837420357
8863.094384703289 98.036102947050580
8992.011061111683 97.471018182127125
9122.802873757471 96.950028237593614
9255.497097125279 96.480564712317900
9390.121402416245 96.070600008697625
9526.7038633184 95.726475427768278
9665.272961860968 95.449406598718298
9805.857594353829 95.240615397479488
9948.487077413367 95.104273682988094
10093.19115407597 95.051536229446583
10240.000000000457 95.080200000000190
10388.944229760706 95.198756125321893
10540.05490322983 95.424907379644054
10693.363532057198 95.756929441766601
10848.902086239672 96.208030592517360
11006.703000788428 96.795645109398777
11166.799182492743 97.528764589000360
11329.224016782166 98.450409009799557
11494.0113746885 99.524277347881792
11661.195619909053 100.782759637676577
11830.811615972614 102.012844551165443
12002.894733509682 103.003315264220149
12177.48085762842 103.397034046187173
12354.606395397908 102.709353895126611
12534.308283440243 102.126470751496782
12716.62399563306 102.142765118704475
12901.591550924093 101.888994019680950
13089.249521259411 101.374543098147413
13279.637039626952 100.955963310081742
13472.793808217073 100.625353411510048
13668.760106701786 100.377851415972344
13867.576800634426 100.278216724034905
14069.285349971487 100.334115220563319
14273.927817718419 100.477706018765758
14481.54687870117 100.616274807139519
14692.18582846533 100.617737593605938
14905.888592304698 100.420262813988344
15122.699734421185 100.031588187460329
15342.664467217943 99.529643896955733
15565.828660727671 99.046092765870611
15792.238852178061 98.719640873250171
16021.942255696367 98.637755956739383
16254.986772155136 98.834162327599259
16491.42099916115 99.150038454879308
16731.294241189662 99.066669361112233
16974.65651986603 98.162171172694812
17221.558584396902 96.416592186606195
17472.051922153143 94.166175146945534
17726.188769406665 91.843944157778338
17984.022122223458 89.702838155323178
18245.605747515034 87.647424573967228
18510.99419425065 85.132800148208503
18780.242804832582 81.494759727585830
19053.40772663689 77.166664876174281
19330.545923722028 74.020686251056844
19611.71518870775 71.430448252720197
19896.974154826825 69.002946077163003
20186.382308152035 68.099553973822623
