20 102.746000000000009
20.290906698750476 102.670848852318969
20.586044732869844 102.598419029050120
20.885475648548283 102.527913222591167
21.189261887185914 102.459898393867149
21.49746679841394 102.395750259188901
21.810154653305165 102.334121213532470
22.12739065777668 102.275910443277979
22.449240966187475 102.217882859640994
22.77577269513385 102.160992482310292
23.107053937445478 102.104657617617818
23.44315377638505 102.049595312127366
23.784142300054445 101.995497587741426
24.130090616010463 101.941986342552909
24.481070866093134 101.890244710692940
24.837156241469714 101.839298202188246
25.1984209978975 101.789713165283842
25.56494047120865 101.741263861241549
25.936791093020236 101.694072063128431
26.3140504066728 101.648194191535481
26.69679708340074 101.604360328117423
27.08511093873791 101.562063416221122
27.47907294916184 101.521743894507097
27.878765268980047 101.482668842860676
28.284271247461966 101.444278502738570
28.695675446220072 101.406976236178849
29.11306365684382 101.371228780138807
29.536522918790062 101.336687735253165
29.966141537533712 101.303607101609913
30.402009102982383 101.271362711753824
30.844216508158908 101.241445698698712
31.29285596815558 101.212687571950468
31.74802103936409 101.185862800756240
32.20980663898519 101.160799861411761
32.67830906482211 101.137619473953350
33.153626015361866 101.115740455324072
33.63585661014871 101.094522309153461
34.125101410453844 101.073370842171386
34.62146244024586 101.053020039949928
35.12504320746613 101.032623314908818
35.635948725613716 101.012833948426675
36.15428553564419 100.993291435181163
36.68016172818701 100.974194339513446
37.21368696608603 100.955734643153079
37.754972507267915 100.937804466831437
38.30413122794313 100.920271962933754
38.86127764614443 100.903262492597634
39.4265279456077 100.886658244295575
40.000000000000206 100.869999999999990
40.58181339750116 100.853030386007504
41.1720894657399 100.836290822849918
41.77095129709678 100.819323020992329
42.37852377437204 100.802797207128179
42.9949335968281 100.786301726757017
43.62030930661056 100.769625101198216
44.25478131555359 100.752441698661116
44.89848193237519 100.735622558822172
45.55154539026795 100.718674549000895
46.21410787489121 100.701635571183886
46.88630755277036 100.684280640384998
47.56828460010916 100.666792887436003
48.260181232021196 100.649555674431497
48.962141732186545 100.632446491057493
49.674312482939705 100.614642215067221
50.39684199579528 100.596826964261197
51.129880942417586 100.578752963221035
51.873582186040764 100.559893614653788
52.628100813345895 100.540262365852627
53.393594166801776 100.520168140206621
54.17022187747612 100.499451107681210
54.95814589832399 100.477737382493274
55.75753053796041 100.456016374937775
56.56854249492426 100.433580810142118
57.39135089244048 100.410346499565435
58.226127313687975 100.386442307903053
59.073045837580466 100.361918193628952
59.932283075067765 100.337429932360564
60.804018205965114 100.311879423993304
61.68843301631817 100.285347017586147
62.58571193631152 100.258428657446473
63.49604207872855 100.230870716598787
64.41961327797075 100.202282181743925
65.35661812964459 100.172409910786541
66.3072520307241 100.141053430955381
67.27171322029778 100.108261750509882
68.25020282090806 100.074742901268223
69.2429248804921 100.039754704302283
70.25008641493265 100.003246802647482
71.27189745122783 99.965303845578958
72.30857107128878 99.926120013755380
73.36032345637442 99.885447385201388
74.42737393217246 99.843405042713101
75.50994501453623 99.799677193182760
76.60826245588666 99.754698345011562
77.72255529228926 99.708755416884713
78.85305589121582 99.661767351913056
80.00000000000082 99.613499999999959
81.16362679500274 99.563076046156667
82.34417893148023 99.512212276692509
83.541902594194 99.459415953143065
84.75704754874454 99.405331657197607
85.98986719365665 99.349955864925121
87.24061861322157 99.292471420994190
88.50956263110764 99.233544181250537
89.79696386475084 99.172178055780208
91.10309078053635 99.109183812316942
92.42821574978288 99.044033985701489
93.77261510554118 98.976379925344048
95.13656920021877 98.907057714966498
96.52036246404286 98.836365677753889
97.92428346437356 98.763633133451975
99.34862496587989 98.689925867841765
100.79368399159105 98.614199309776211
102.25976188483567 98.535719604257267
103.74716437208203 98.453872330166377
105.25620162669229 98.368536022643553
106.78718833360406 98.279555888317361
108.34044375495276 98.187633670539469
109.9162917966485 98.092090715757223
111.51506107592134 97.992481831682326
113.13708498984903 97.887773742428621
114.78270178488147 97.778577125040357
116.45225462737648 97.663002154099033
118.14609167516147 97.543295967105252
119.86456615013608 97.417384567372380
121.60803641193078 97.287177200700668
123.3768660326369 97.148989740275269
125.17142387262359 97.004600394699622
126.99208415745765 96.849860622196218
128.83922655594208 96.679495576533654
130.71323625928977 96.496378056949396
132.61450406144883 96.299672683317439
134.5434264405962 96.088136238653234
136.50040564181674 95.868454162474706
138.48584976098482 95.645920913612414
140.50017282986593 95.431149614119903
142.5437949024563 95.229512236290986
144.61714214257822 95.056341485200676
146.7206469127495 94.938935266214884
148.8547478643456 94.882972076054983
151.01989002907314 94.904492173011747
153.216524911774 95.001714289371179
155.4451105845792 95.144254143763817
157.70611178243232 95.289119372807022
160.00000000000236 95.424000000000120
162.3272535900062 95.537104524474302
164.6883578629612 95.626906912502164
167.08380518838874 95.697680067350234
169.51409509748981 95.750184720969287
171.97973438731407 95.778213556363283
174.4812372264439 95.778245030656535
177.01912526221608 95.757616397482735
179.5939277295025 95.724103797332859
182.20618156107355 95.679229968212894
184.85643149956664 95.623572365909268
187.54523021108326 95.559324014511844
190.27313840043846 95.488070635508080
193.04072492808663 95.411927122071091
195.84856692874806 95.330382418909053
198.69724993176072 95.246779751978949
201.58736798318304 95.169051239089896
204.5195237696723 95.105895318184281
207.49432874416505 95.063558602976968
210.5124032533856 95.042454521404252
213.57437666720915 95.037393594166801
216.68088750990657 95.046212884407197
219.83258359329807 95.058288480271514
223.03012215184378 95.065060244303680
226.2741699796992 95.059040405071045
229.5654035697641 95.037259473226769
232.90450925475412 95.005923077204045
236.2921833503241 94.969957276877324
239.72913230027333 94.928284270859194
243.21607282386276 94.880812925848034
246.75373206527502 94.828632452037198
250.34284774524843 94.773514436076027
253.9841683149166 94.715253306961330
257.67845311188546 94.654765330292875
261.42647251858085 94.592534894378602
265.22900812289896 94.529807244018258
269.08685288119375 94.467639304861308
273.0008112836349 94.406487425103677
276.97169952197106 94.345667432050931
281.00034565973334 94.286394953367889
285.0875898049141 94.226677393945806
289.23428428515797 94.164062307294117
293.44129382550057 94.099504075087282
297.7094957286928 94.034586614496732
302.0397800581479 93.968893354113249
306.4330498235497 93.902098744342837
310.89022116916016 93.834660404816447
315.41222356486645 93.767899091239983
320.00000000000654 93.699999999999903
324.6545071800142 93.635302350197804
329.3767157259242 93.572727352417786
334.16761037677935 93.511988109252570
339.02819019498156 93.454370174718719
343.95946877463007 93.401821524743838
348.9624744528898 93.354545235033413
354.03825052443415 93.313905470961856
359.187855459007 93.281791652791853
364.4123631221491 93.258026838574750
369.71286299913527 93.241361411002600
375.0904604221685 93.225534774971692
380.54627680087896 93.197476290738337
386.08144985617537 93.154491386251266
391.6971338574982 93.091308677174396
397.3944998635236 93.018977001910670
403.1747359663683 92.930910540546520
409.0390475393468 92.829284128445309
414.9886574883323 92.718713617303081
421.0248065067734 92.605392906801825
427.1487533344206 92.492501502758302
433.3617750198154 92.385514785097968
439.6651671865984 92.291781719319943
446.06024430368984 92.213725869937804
452.54833995940066 92.156671288276073
459.13080713953053 92.129377924498357
465.8090185095106 92.131205128064650
472.58436670065066 92.166298383554235
479.45826460054917 92.225308856119625
486.432145647728 92.301412889513642
493.50746413055253 92.387948845032497
500.6856954904994 92.475814057822305
507.9683366298358 92.564116081636755
515.3569062237735 92.650425968461519
522.8529450371643 92.731976141306831
530.4580162458005 92.806835886058579
538.1737057623901 92.871253163000105
546.0016225672724 92.928226802661811
553.9433990439449 92.991383279194267
562.0006913194694 93.061906187309262
570.1751796098309 93.134989026683570
578.4685685703187 93.205482832847707
586.8825876510039 93.265645725409371
595.4189914573883 93.318972049598585
604.0795601162986 93.365887855566953
612.8660996471021 93.406202291319516
621.780442338323 93.450370846311387
630.8244471297356 93.503565018125713
640.0000000000159 93.565500000000114
649.3090143600314 93.633455804828230
658.7534314518515 93.706776765324449
668.3352207535618 93.784848810179199
678.0563803899662 93.862145405080724
687.9189375492632 93.938079872251862
697.9249489057827 94.013040869348089
708.0765010488715 94.087458457656766
718.3757109180171 94.161386333063831
728.8247262443015 94.232125665836833
739.425725998274 94.299382073789133
750.1809208443404 94.364040294854959
761.0925536017613 94.426782183210122
772.1628997123541 94.489850352208776
783.3942677149998 94.554751324037113
794.7889997270506 94.621668248385049
806.34947193274 94.690596831596451
818.0780950786972 94.759565933146320
829.9773149766683 94.825343750840389
842.0496130135506 94.885560726312107
854.2975066688449 94.939190026675391
866.7235500396347 94.986532425138719
879.3303343732008 95.029140553275582
892.1204886073838 95.068361465822150
905.0966799188055 95.108351848072829
918.2616142790653 95.154342300524135
931.6180370190256 95.207999387388185
945.1687334013056 95.267259300305881
958.9165292011028 95.333211123955465
972.8642912954606 95.404075028549855
987.0149282611097 95.471839852927559
1001.3713909810035 95.533576989989413
1015.9366732596762 95.592653025712735
1030.7138124475518 95.650355249790209
1045.7058900743334 95.710803341880734
1060.916032491606 95.776396955959711
1076.3474115247852 95.851051453646363
1092.0032451345498 95.933517848240029
1107.8867980878947 96.021079546421419
1124.0013826389438 96.111007604514185
1140.350359219667 96.199751796098326
1156.9371371406426 96.279059454925147
1173.765175302013 96.353891671577173
1190.837982914782 96.423977199904215
1208.1591202326028 96.494753372425436
1225.73219929421 96.571977301501832
1243.5608846766518 96.654450795157715
1261.648894259477 96.737308320642967
1280.0000000000375 96.816500000000133
1298.6180287200684 96.887248509136271
1317.5068629037087 96.958274020162975
1336.6704415071292 97.024096262161919
1356.112760779938 97.095520033905274
1375.8378750985323 97.177706916046219
1395.8498978115715 97.266824540152072
1416.153002097749 97.358457726141495
1436.7514218360407 97.451212612716290
1457.6494524886093 97.543239656651252
1478.8514519965543 97.633984214545251
1500.3618416886875 97.726207892770603
1522.1851072035295 97.829213706000658
1544.3257994247153 97.934490805261646
1566.788535430007 98.039734575103836
1589.5779994541087 98.144475677510741
1612.6989438654878 98.248129331885451
1636.156190157402 98.352033484298858
1659.9546299533442 98.460884038577916
1684.099226027109 98.581453836025844
1708.5950133376978 98.715475875224612
1733.4471000792773 98.854459050436020
1758.6606687464096 98.993826531604981
1784.2409772147755 99.140445863288647
1810.193359837619 99.301256838944525
1836.5232285581387 99.476318883337669
1863.2360740380593 99.660623075304898
1890.3374668026197 99.851702763634648
1917.833058402214 100.051037987504202
1945.7285825909298 100.261866370994710
1974.0298565222283 100.486738852177837
2002.7427819620161 100.724902229382835
2031.8733465193618 100.968610780066513
2061.4276248951132 101.223753117776297
2091.411780148677 101.502788386118738
2121.832064983222 101.800091641709315
2152.694823049581 102.105178748190852
2184.0064902691106 102.416165876231474
2215.7735961758003 102.741756720419545
2248.002765277899 103.075061861783652
2280.7007184393456 103.410433946852038
2313.874274281297 103.746130170241088
2347.530350604038 104.076999193288700
2381.6759658295764 104.386977549727391
2416.318240465218 104.682897454512471
2451.4643985884327 104.954568244572044
2487.1217693533167 105.202220775151446
2523.2977885189675 105.432276067669505
2560.0000000000887 105.660500000000553
2597.236057440151 105.871619343662772
2635.0137258074315 106.045052158068245
2673.340883014273 106.165895667251561
2712.225521559891 106.255951043119779
2751.6757501970797 106.313470369011128
2791.699795623158 106.343916124819174
2832.3060041955137 106.343831039328720
2873.502843672097 106.320082469131847
2915.2989049772345 106.273398653484378
2957.7029039931244 106.206210424333207
3000.723683377391 106.123371712400882
3044.370214407075 106.024292974702661
3088.6515988494466 105.915104147861996
3133.57707086003 105.807478023636179
3179.1559989082334 105.713812042085266
3225.3978877309914 105.640220809317782
3272.3123803148205 105.587418857716656
3319.9092599067053 105.543785295687698
3368.198452054235 105.492569950411678
3417.190026675413 105.424995957319339
3466.8942001585724 105.341245729706642
3517.3213374928373 105.244837684889546
3568.4819544295697 105.140611993419384
3620.386719675257 105.035022693452731
3673.0464571162966 104.930789873194385
3726.472148076138 104.829261804578380
3780.6749336052594 104.731161546184964
3835.6661168044484 104.635807568440697
3891.45716518188 104.546777823097642
3948.059713044477 104.460458937607171
4005.4855639240527 104.381368766898731
4063.746693038744 104.305847856143572
4122.855249790247 104.232764050237705
4182.823560297375 104.165115934839122
4243.664129966465 104.102971638677104
4305.389646099183 104.045264577358253
4368.012980538242 103.988304876011100
4431.5471923516225 103.926271676055904
4496.00553055582 103.853126927106175
4561.401436878714 103.755988780609215
4627.748548562617 103.629080627259611
4695.060701208099 103.453951214757296
4763.351931659176 103.227473757124983
4832.63648093046 102.942729445198921
4902.928797176889 102.586538055385944
4974.243538706657 102.178468042114943
5046.595577037959 101.720919971609760
5120.000000000202 101.231714285712911
5194.472114880326 100.732713409936110
5270.027451614888 100.274591466924022
5346.6817660285715 99.894349663248221
5424.451043119808 99.609971796132015
5503.351500394186 99.433942970707761
5583.399591246343 99.357931543791693
5664.612008391055 99.362153002097756
5747.005687344222 99.411424891116027
5830.597809954497 99.487750799004260
5915.405807986278 99.571519285267513
6001.447366754812 99.649712169657164
6088.740428814181 99.722305048148172
6177.303197698925 99.788917215548537
6267.154141720092 99.846203058260556
6358.3119978165005 99.892323518995596
6450.795775462017 99.929024542534393
6544.624760629676 99.958941180582599
6639.818519813445 99.983959166958016
6736.396904108505 100.001139690410838
6834.380053350861 100.003202493331145
6933.788400317181 99.978612625846168
7034.642674985712 99.910298404639931
7136.963908859177 99.774171227243414
7240.773439350552 99.536179681948340
7346.092914232631 99.150390492239666
7452.944296152315 98.571862605355847
7561.349867210557 97.750992382030006
7671.332233608935 96.702534827055302
7782.914330363799 95.477535302635147
7896.119426088994 94.163634070556981
8010.971127848146 92.901554250358231
8127.49338607753 91.829764169780361
8245.710499580537 91.060898250805053
8365.647120594791 90.634462230565646
8487.328259932974 90.480802147648404
8610.77929219841 90.534505994934875
8736.025961076528 90.714485195311241
8863.094384703289 90.959521983265034
8992.011061111683 91.235403670778993
9122.802873757471 91.518569299713292
9255.497097125279 91.806093613675614
9390.121402416245 92.103363570577500
9526.7038633184 92.422758263421557
9665.272961860968 92.771950968602397
9805.857594353829 93.152975448697532
9948.487077413367 93.565178329659659
10093.19115407597 94.012484046880061
10240.000000000457 94.493500000001518
10388.944229760706 94.998498671003546
10540.05490322983 95.516313386707353
10693.363532057198 96.035390255938665
10848.902086239672 96.539678960621359
11006.703000788428 97.018774533590644
11166.799182492743 97.489006183139509
11329.224016782166 97.996645208885553
11494.0113746885 98.575566659796635
11661.195619909053 99.279284201478958
11830.811615972614 99.988826050244398
12002.894733509682 100.579865373169781
12177.48085762842 100.810405108305474
12354.606395397908 100.179800784681476
12534.308283440243 98.879824153951887
12716.62399563306 96.903778451238765
12901.591550924093 94.958928958350768
13089.249521259411 93.173497412017596
13279.637039626952 92.014802120338317
13472.793808217073 91.517849541645717
13668.760106701786 91.430816441613700
13867.576800634426 91.539102396536094
14069.285349971487 91.724557946553062
14273.927817718419 91.941820033144381
14481.54687870117 92.189625590425166
14692.18582846533 92.477600814939080
14905.888592304698 92.846205672948301
15122.699734421185 93.375347631946070
15342.664467217943 94.160119444611880
15565.828660727671 95.209677378462430
15792.238852178061 96.256799799730558
16021.942255696367 96.624291291234883
16254.986772155136 95.814422330607869
16491.42099916115 93.985367150489338
16731.294241189662 91.864644549753422
16974.65651986603 90.069290917931568
17221.558584396902 88.992618904880487
17472.051922153143 88.717678512205424
17726.188769406665 89.230853118260910
17984.022122223458 90.358821319783431
18245.605747515034 91.365301840557123
18510.99419425065 91.017901235899330
18780.242804832582 88.191161527660398
19053.40772663689 82.938786098341978
19330.545923722028 77.228111402216712
19611.71518870775 74.196123284568131
19896.974154826825 74.148317422345471
20186.382308152035 74.621000000000009
