20 103.133499999999998
20.290906698750476 103.092288080303945
20.586044732869844 103.050476989586812
20.885475648548283 103.008057616455659
21.189261887185914 102.965985572320704
21.49746679841394 102.923463783121591
21.810154653305165 102.881654382665161
22.12739065777668 102.839779976166824
22.449240966187475 102.797516627729891
22.77577269513385 102.754649646798086
23.107053937445478 102.711582941741895
23.44315377638505 102.668128531602150
23.784142300054445 102.624061500992923
24.130090616010463 102.579304981961940
24.481070866093134 102.534413452505873
24.837156241469714 102.489126944836983
25.1984209978975 102.443449349015438
25.56494047120865 102.397176213450450
25.936791093020236 102.350230084605784
26.3140504066728 102.302743776645144
26.69679708340074 102.255392357283412
27.08511093873791 102.207978244192731
27.47907294916184 102.159813600761680
27.878765268980047 102.111896624308628
28.284271247461966 102.063387450304560
28.695675446220072 102.014410297346032
29.11306365684382 101.965271552149275
29.536522918790062 101.915799864339135
29.966141537533712 101.866393723183620
30.402009102982383 101.815768953927176
30.844216508158908 101.765095444935540
31.29285596815558 101.714544773542684
31.74802103936409 101.663969664630585
32.20980663898519 101.615019336101483
32.67830906482211 101.570665420425300
33.153626015361866 101.530556292755676
33.63585661014871 101.491767327798243
34.125101410453844 101.453492292805521
34.62146244024586 101.415768854541312
35.12504320746613 101.377496716232571
35.635948725613716 101.338667896853366
36.15428553564419 101.298811442684112
36.68016172818701 101.256906900016844
37.21368696608603 101.213050294848770
37.754972507267915 101.166963121924525
38.30413122794313 101.119440670168956
38.86127764614443 101.070686679763028
39.4265279456077 101.020520652978135
40.000000000000206 100.968499999999977
40.58181339750116 100.915651773566225
41.1720894657399 100.861081804010041
41.77095129709678 100.805686921474944
42.37852377437204 100.748040224948625
42.9949335968281 100.689068705533003
43.62030930661056 100.628269901255962
44.25478131555359 100.566210860962457
44.89848193237519 100.502151840601954
45.55154539026795 100.436271832170206
46.21410787489121 100.369042284735514
46.88630755277036 100.299684210418150
47.56828460010916 100.230269099033393
48.260181232021196 100.162583779118094
48.962141732186545 100.102777743834537
49.674312482939705 100.050026795019306
50.39684199579528 100.001457211472456
51.129880942417586 99.953793333996970
51.873582186040764 99.905450348559683
52.628100813345895 99.854568101042588
53.393594166801776 99.801694370546087
54.17022187747612 99.749699991876540
54.95814589832399 99.701665778575631
55.75753053796041 99.657532749875571
56.56854249492426 99.617494231491094
57.39135089244048 99.581345964302386
58.226127313687975 99.550103116932519
59.073045837580466 99.524929514492015
59.932283075067765 99.506455913886043
60.804018205965114 99.495485645713487
61.68843301631817 99.492999999999995
62.58571193631152 99.492758930363465
63.49604207872855 99.489523747527628
64.41961327797075 99.483562707054205
65.35661812964459 99.481639708777863
66.3072520307241 99.491030536553041
67.27171322029778 99.508934264405951
68.25020282090806 99.524751014104538
69.2429248804921 99.523398577509667
70.25008641493265 99.495996024913097
71.27189745122783 99.445186152926340
72.30857107128878 99.381288594830579
73.36032345637442 99.311317843238356
74.42737393217246 99.236942763849669
75.50994501453623 99.158391461156612
76.60826245588666 99.076723136656696
77.72255529228926 98.992294803646558
78.85305589121582 98.905087339491189
80.00000000000082 98.820499999999939
81.16362679500274 98.738076229294549
82.34417893148023 98.658047863373952
83.541902594194 98.579776487662414
84.75704754874454 98.501589487929266
85.98986719365665 98.425370482814742
87.24061861322157 98.349662609134057
88.50956263110764 98.274438992308347
89.79696386475084 98.198911453267954
91.10309078053635 98.122652876934239
92.42821574978288 98.045668998757222
93.77261510554118 97.966122202312874
95.13656920021877 97.885021307623020
96.52036246404286 97.797806641286456
97.92428346437356 97.702647483746773
99.34862496587989 97.599310435806672
100.79368399159105 97.490680016639075
102.25976188483567 97.377738572982821
103.74716437208203 97.260760623698332
105.25620162669229 97.141039069680147
106.78718833360406 97.019287329422880
108.34044375495276 96.894984351685451
109.9162917966485 96.768123881550068
111.51506107592134 96.638161019632122
113.13708498984903 96.504690644686377
114.78270178488147 96.366879853311744
116.45225462737648 96.224068013383430
118.14609167516147 96.078913630611964
119.86456615013608 95.930860331188526
121.60803641193078 95.780736817777637
123.3768660326369 95.629638450207096
125.17142387262359 95.479400372771863
126.99208415745765 95.339882165082940
128.83922655594208 95.247580662005561
130.71323625928977 95.197517831358979
132.61450406144883 95.208426536442587
134.5434264405962 95.307245828467998
136.50040564181674 95.479044214958023
138.48584976098482 95.696915173230295
140.50017282986593 95.914850040220387
142.5437949024563 96.112400173904106
144.61714214257822 96.267274236766610
146.7206469127495 96.356131547624074
148.8547478643456 96.395337982914768
151.01989002907314 96.390425517598786
153.216524911774 96.350797132364448
155.4451105845792 96.289557660345707
157.70611178243232 96.220986867675137
160.00000000000236 96.148499999999927
162.3272535900062 96.069838828657794
164.6883578629612 95.984343773788211
167.08380518838874 95.890481314539798
169.51409509748981 95.790616462963925
171.97973438731407 95.688143049487735
174.4812372264439 95.586854263496960
177.01912526221608 95.488465589930911
179.5939277295025 95.392524674008413
182.20618156107355 95.299842409050214
184.85643149956664 95.209381329014732
187.54523021108326 95.122115955540863
190.27313840043846 95.039133614067367
193.04072492808663 94.960400426941675
195.84856692874806 94.885606973238311
198.69724993176072 94.813068751705984
201.58736798318304 94.742403168403598
204.5195237696723 94.674057461220755
207.49432874416505 94.610613425116696
210.5124032533856 94.553276741439049
213.57437666720915 94.500522784991048
216.68088750990657 94.450270688902748
219.83258359329807 94.400136808405563
223.03012215184378 94.350911871915400
226.2741699796992 94.303024535294355
229.5654035697641 94.257439484546552
232.90450925475412 94.214709549439789
236.2921833503241 94.175212937308856
239.72913230027333 94.136547261621928
243.21607282386276 94.100420299070322
246.75373206527502 94.066370328871727
250.34284774524843 94.033000082229080
253.9841683149166 94.001138527244478
257.67845311188546 93.972951795021871
261.42647251858085 93.949941164888514
265.22900812289896 93.934856869923195
269.08685288119375 93.932702656722796
273.0008112836349 93.944378955007721
276.97169952197106 93.965073122012313
281.00034565973334 93.990402212222293
285.0875898049141 94.016551815770953
289.23428428515797 94.042675990996500
293.44129382550057 94.065738857275150
297.7094957286928 94.085650831633387
302.0397800581479 94.101874312681716
306.4330498235497 94.113677116254948
310.89022116916016 94.119376498815313
315.41222356486645 94.118922887009191
320.00000000000654 94.112499999999983
324.6545071800142 94.102725534921973
329.3767157259242 94.091058210685190
334.16761037677935 94.077830690945007
339.02819019498156 94.064623886473555
343.95946877463007 94.051705381185968
348.9624744528898 94.037905071531910
354.03825052443415 94.020866123164481
359.187855459007 93.999911007072171
364.4123631221491 93.975320657013683
369.71286299913527 93.944222822005187
375.0904604221685 93.904250470787758
380.54627680087896 93.859045135078432
386.08144985617537 93.813123966193743
391.6971338574982 93.767629358273922
397.3944998635236 93.722322901064516
403.1747359663683 93.678189480252229
409.0390475393468 93.637246190994247
414.9886574883323 93.602309548186255
421.0248065067734 93.574184716365281
427.1487533344206 93.552449053886079
433.3617750198154 93.540925483320123
439.6651671865984 93.542688119864664
446.06024430368984 93.556882542088218
452.54833995940066 93.582467529817308
459.13080713953053 93.616219439267411
465.8090185095106 93.657710874939198
472.58436670065066 93.712122026484195
479.45826460054917 93.782677805548985
486.432145647728 93.868617893420463
493.50746413055253 93.971287867625946
500.6856954904994 94.083556839784308
507.9683366298358 94.200989428156106
515.3569062237735 94.316726126848124
522.8529450371643 94.425141594547966
530.4580162458005 94.523566804719167
538.1737057623901 94.608612982079336
546.0016225672724 94.680156069476368
553.9433990439449 94.743089643068600
562.0006913194694 94.799604355312653
570.1751796098309 94.850989764795543
578.4685685703187 94.897847412422294
586.8825876510039 94.940568808872470
595.4189914573883 94.977675965829548
604.0795601162986 95.009768515392508
612.8660996471021 95.037945877487516
621.780442338323 95.062904057775455
630.8244471297356 95.086767229606778
640.0000000000159 95.112000000000052
649.3090143600314 95.140857944516100
658.7534314518515 95.174950024799259
668.3352207535618 95.215758210277983
678.0563803899662 95.265295997047318
687.9189375492632 95.326181200315290
697.9249489057827 95.400125859129247
708.0765010488715 95.487073209230061
718.3757109180171 95.585663181450670
728.8247262443015 95.692835916628525
739.425725998274 95.803498836681968
750.1809208443404 95.912196132915682
761.0925536017613 96.014492690016510
772.1628997123541 96.108212005280507
783.3942677149998 96.193019869159031
794.7889997270506 96.270062748248563
806.34947193274 96.338951218291129
818.0780950786972 96.401358021168775
829.9773149766683 96.458323611820774
842.0496130135506 96.508517314925257
854.2975066688449 96.551250645562277
866.7235500396347 96.586627200097553
879.3303343732008 96.615011118590417
892.1204886073838 96.633095187847886
905.0966799188055 96.643835978296124
918.2616142790653 96.646759168681569
931.6180370190256 96.643445521375838
945.1687334013056 96.635422147174069
958.9165292011028 96.623826514898980
972.8642912954606 96.610135708704547
987.0149282611097 96.596447184364308
1001.3713909810035 96.584631452378687
1015.9366732596762 96.575656553138117
1030.7138124475518 96.570423520094906
1045.7058900743334 96.569319854388937
1060.916032491606 96.572549619494964
1076.3474115247852 96.582302497807291
1092.0032451345498 96.598066657828639
1107.8867980878947 96.619167125361827
1124.0013826389438 96.648280811902126
1140.350359219667 96.684777966415012
1156.9371371406426 96.728207775967732
1173.765175302013 96.776516172818788
1190.837982914782 96.833307671956646
1208.1591202326028 96.893982258056653
1225.73219929421 96.966567858695100
1243.5608846766518 97.048519880641408
1261.648894259477 97.137079581871433
1280.0000000000375 97.232000000000227
1298.6180287200684 97.341048453931819
1317.5068629037087 97.452041177422245
1336.6704415071292 97.567856171118137
1356.112760779938 97.692330126050095
1375.8378750985323 97.827969178812253
1395.8498978115715 97.973892996360348
1416.153002097749 98.130493416362441
1436.7514218360407 98.294536801239133
1457.6494524886093 98.467378499456373
1478.8514519965543 98.642121109651271
1500.3618416886875 98.821720391029316
1522.1851072035295 99.015947454111412
1544.3257994247153 99.211067034937486
1566.788535430007 99.406724487532472
1589.5779994541087 99.602787675327164
1612.6989438654878 99.798925107347401
1636.156190157402 99.995542625912734
1659.9546299533442 100.190637039626750
1684.099226027109 100.384521746299043
1708.5950133376978 100.582275807501844
1733.4471000792773 100.778360076599341
1758.6606687464096 100.967588948723431
1784.2409772147755 101.158176968199399
1810.193359837619 101.352838597191891
1836.5232285581387 101.543432135335820
1863.2360740380593 101.726975860497276
1890.3374668026197 101.912021771602028
1917.833058402214 102.102261425311355
1945.7285825909298 102.292125218314681
1974.0298565222283 102.475271678872701
2002.7427819620161 102.653868109066394
2031.8733465193618 102.832802524000158
2061.4276248951132 103.010827811888163
2091.411780148677 103.185594206185755
2121.832064983222 103.359759563906039
2152.694823049581 103.529893359179624
2184.0064902691106 103.698034073912837
2215.7735961758003 103.863036850353183
2248.002765277899 104.026446791019112
2280.7007184393456 104.182901650128315
2313.874274281297 104.334434234265842
2347.530350604038 104.481503990067168
2381.6759658295764 104.621203863318300
2416.318240465218 104.757053255116659
2451.4643985884327 104.886235224953651
2487.1217693533167 105.006718936285509
2523.2977885189675 105.115646031417981
2560.0000000000887 105.217750000000237
2597.236057440151 105.311935636420358
2635.0137258074315 105.397278595432141
2673.340883014273 105.469930067350333
2712.225521559891 105.533579133058510
2751.6757501970797 105.587074422133668
2791.699795623158 105.630492290513729
2832.3060041955137 105.662906443104674
2873.502843672097 105.687046336525896
2915.2989049772345 105.702712770045224
2957.7029039931244 105.710077029039923
3000.723683377391 105.710391447493393
3044.370214407075 105.703480283305012
3088.6515988494466 105.691671375359562
3133.57707086003 105.675274458270238
3179.1559989082334 105.655379800491289
3225.3978877309914 105.634062992766445
3272.3123803148205 105.612236305055177
3319.9092599067053 105.590540833041985
3368.198452054235 105.569902603698836
3417.190026675413 105.551999191463864
3466.8942001585724 105.537445391961938
3517.3213374928373 105.526555372626206
3568.4819544295697 105.519521443645630
3620.386719675257 105.516388398409731
3673.0464571162966 105.515500000000003
3726.472148076138 105.515500000000003
3780.6749336052594 105.513747146651127
3835.6661168044484 105.509306743647386
3891.45716518188 105.497392314033505
3948.059713044477 105.478642720054012
4005.4855639240527 105.444474409762648
4063.746693038744 105.395409860099363
4122.855249790247 105.330026444041906
4182.823560297375 105.245619274343113
4243.664129966465 105.140452003915115
4305.389646099183 105.013181743191723
4368.012980538242 104.864752288212713
4431.5471923516225 104.696899940268196
4496.00553055582 104.511150535878869
4561.401436878714 104.307526768979031
4627.748548562617 104.091413219839197
4695.060701208099 103.863325427957648
4763.351931659176 103.625982126371611
4832.63648093046 103.381766857506165
4902.928797176889 103.135425238351502
4974.243538706657 102.891428056865038
5046.595577037959 102.653064374626638
5120.000000000202 102.422499999999388
5194.472114880326 102.205525104444803
5270.027451614888 102.005304655236841
5346.6817660285715 101.821131938134272
5424.451043119808 101.654645391407811
5503.351500394186 101.509634874310180
5583.399591246343 101.385400613130486
5664.612008391055 101.281673349762912
5747.005687344222 101.194314653896441
5830.597809954497 101.121704631583896
5915.405807986278 101.060602457128368
6001.447366754812 101.008249178495944
6088.740428814181 100.963379512130459
6177.303197698925 100.922603606716905
6267.154141720092 100.883959489768955
6358.3119978165005 100.845800520906153
6450.795775462017 100.808181689815200
6544.624760629676 100.771319467157582
6639.818519813445 100.735068055069959
6736.396904108505 100.699033145479859
6834.380053350861 100.662263679459926
6933.788400317181 100.621964161858855
7034.642674985712 100.572926888633077
7136.963908859177 100.506798512001254
7240.773439350552 100.410110544746857
7346.092914232631 100.265485762373828
7452.944296152315 100.055816447734244
7561.349867210557 99.762905402794644
7671.332233608935 99.373353252197006
7782.914330363799 98.863160627022864
7896.119426088994 98.195716246941444
8010.971127848146 97.326842745352963
8127.49338607753 96.251522513980206
8245.710499580537 94.989782167938500
8365.647120594791 93.586035926246552
8487.328259932974 92.130455282970416
8610.77929219841 90.759927785817496
8736.025961076528 89.713334670922748
8863.094384703289 89.150103624056271
8992.011061111683 89.082207507814516
9122.802873757471 89.373504103257432
9255.497097125279 89.849234676326105
9390.121402416245 90.382533852295865
9526.7038633184 90.939599895451479
9665.272961860968 91.522084214685506
9805.857594353829 92.112805158258865
9948.487077413367 92.671331460784344
10093.19115407597 93.148218117373744
10240.000000000457 93.548600000001159
10388.944229760706 93.901030464742178
10540.05490322983 94.248689635291569
10693.363532057198 94.615618229993089
10848.902086239672 94.999606847495187
11006.703000788428 95.385588223789398
11166.799182492743 95.760638119733301
11329.224016782166 96.106575657231673
11494.0113746885 96.423896090568263
11661.195619909053 96.662139282599128
11830.811615972614 96.781124233801847
12002.894733509682 96.672910427196797
12177.48085762842 96.358822112115561
12354.606395397908 95.727934680049245
12534.308283440243 94.918610233828332
12716.62399563306 93.933353624818778
12901.591550924093 92.880137898158608
13089.249521259411 91.809951301617758
13279.637039626952 90.829289580536539
13472.793808217073 90.024048835349546
13668.760106701786 89.471716107136530
13867.576800634426 89.224363479904838
14069.285349971487 89.326673167116383
14273.927817718419 89.687526051910140
14481.54687870117 90.314450011843746
14692.18582846533 91.068443955730629
14905.888592304698 91.721782488068385
15122.699734421185 92.112208935483494
15342.664467217943 92.144852901306578
15565.828660727671 91.837412142648560
15792.238852178061 91.318396003328701
16021.942255696367 90.755731288916152
16254.986772155136 90.328210053162110
16491.42099916115 90.148520040637521
16731.294241189662 90.057346307724586
16974.65651986603 89.926938914073673
17221.558584396902 89.737968718326442
17472.051922153143 89.458807977990972
17726.188769406665 89.084954958195937
17984.022122223458 88.671756338975783
18245.605747515034 88.351273102981963
18510.99419425065 88.313651959198467
18780.242804832582 88.469535989527913
19053.40772663689 88.183073557050648
19330.545923722028 86.525555584159136
19611.71518870775 83.295243761159185
19896.974154826825 80.614212645756822
20186.382308152035 79.926000000000002
