20 95.627000000000010
20.290906698750476 95.660454381870920
20.586044732869844 95.698685821320339
20.885475648548283 95.734757077825805
21.189261887185914 95.761087178453550
21.49746679841394 95.774693008446832
21.810154653305165 95.781576167018954
22.12739065777668 95.785070098188868
22.449240966187475 95.791387564078633
22.77577269513385 95.804157164487791
23.107053937445478 95.816711628828784
23.44315377638505 95.824408723989379
23.784142300054445 95.828341423000552
24.130090616010463 95.835920460401979
24.481070866093134 95.861333434774764
24.837156241469714 95.903616169136114
25.1984209978975 95.955278939705650
25.56494047120865 95.992571748595850
25.936791093020236 95.997634493978865
26.3140504066728 95.968623942601283
26.69679708340074 95.924106324471666
27.08511093873791 95.892553001117676
27.47907294916184 95.892232612128311
27.878765268980047 95.905650610759196
28.284271247461966 95.907088745030450
28.695675446220072 95.892368122334346
29.11306365684382 95.872708554402095
29.536522918790062 95.873104448097166
29.966141537533712 95.909622030690372
30.402009102982383 95.948040181925705
30.844216508158908 95.944085159026969
31.29285596815558 95.902393003980549
31.74802103936409 95.854426127496595
32.20980663898519 95.836196132779705
32.67830906482211 95.855908107056123
33.153626015361866 95.886991414599109
33.63585661014871 95.897782867797019
34.125101410453844 95.887872870380477
34.62146244024586 95.883643873207376
35.12504320746613 95.902252506033037
35.635948725613716 95.928214410494022
36.15428553564419 95.936414289287114
36.68016172818701 95.922113369144341
37.21368696608603 95.903016764949584
37.754972507267915 95.892632401529085
38.30413122794313 95.887146307036744
38.86127764614443 95.878774463045204
39.4265279456077 95.867469442924659
40.000000000000206 95.859499999999997
40.58181339750116 95.845924308806005
41.1720894657399 95.815465348221920
41.77095129709678 95.778315487483070
42.37852377437204 95.761210438519555
42.9949335968281 95.767073812854562
43.62030930661056 95.788077985852453
44.25478131555359 95.817946433974839
44.89848193237519 95.847431671729126
45.55154539026795 95.863794544666462
46.21410787489121 95.868087788413106
46.88630755277036 95.900884247434476
47.56828460010916 95.965865210915410
48.260181232021196 96.016342523248298
48.962141732186545 96.016882706620706
49.674312482939705 96.005214071689068
50.39684199579528 96.003492106229629
51.129880942417586 95.999787407554891
51.873582186040764 95.987828899065136
52.628100813345895 95.976381182926303
53.393594166801776 95.967810050073794
54.17022187747612 95.966380000812336
54.95814589832399 95.969808986410953
55.75753053796041 95.966318523238442
56.56854249492426 95.980703461105335
57.39135089244048 95.993587026338645
58.226127313687975 95.982628316031366
59.073045837580466 95.943643531345558
59.932283075067765 95.962976369189022
60.804018205965114 95.957730139413570
61.68843301631817 95.906827560599311
62.58571193631152 95.910687387101490
63.49604207872855 95.927248021039361
64.41961327797075 95.916799861411747
65.35661812964459 95.908597435398434
66.3072520307241 95.923879772337955
67.27171322029778 95.924978882712850
68.25020282090806 95.898117394215944
69.2429248804921 95.860040079899818
70.25008641493265 95.818496370572831
71.27189745122783 95.776939794304567
72.30857107128878 95.737348586077161
73.36032345637442 95.689542533355791
74.42737393217246 95.629357564069664
75.50994501453623 95.570990028873993
76.60826245588666 95.528921486408450
77.72255529228926 95.505432060245766
78.85305589121582 95.491474725564359
80.00000000000082 95.458499999999958
81.16362679500274 95.411469966126873
82.34417893148023 95.380515379807136
83.541902594194 95.363676613048511
84.75704754874454 95.339365213378272
85.98986719365665 95.315439943718786
87.24061861322157 95.299492855248559
88.50956263110764 95.283961749475566
89.79696386475084 95.278812144541007
91.10309078053635 95.283515467691359
92.42821574978288 95.291085861050618
93.77261510554118 95.255279499812673
95.13656920021877 95.170862731477115
96.52036246404286 95.098998013074208
97.92428346437356 95.052764989164515
99.34862496587989 94.970081842749408
100.79368399159105 94.898218602913317
102.25976188483567 94.887376904502872
103.74716437208203 94.894598403663451
105.25620162669229 94.864673477349356
106.78718833360406 94.798516622207785
108.34044375495276 94.715396185150865
109.9162917966485 94.638480476064956
111.51506107592134 94.584296648008205
113.13708498984903 94.555891322824934
114.78270178488147 94.526436516316622
116.45225462737648 94.474801660248886
118.14609167516147 94.414414882010632
119.86456615013608 94.354598705234650
121.60803641193078 94.296598811618196
123.3768660326369 94.241710503007582
125.17142387262359 94.192500109638786
126.99208415745765 94.151822344903337
128.83922655594208 94.129841988856157
130.71323625928977 94.125023106761830
132.61450406144883 94.144937983643757
134.5434264405962 94.195449804404745
136.50040564181674 94.230999594358181
138.48584976098482 94.230228774641489
140.50017282986593 94.239919230309681
142.5437949024563 94.270232957719770
144.61714214257822 94.315407125886225
146.7206469127495 94.360977714550287
148.8547478643456 94.411368696608633
151.01989002907314 94.470392722866379
153.216524911774 94.539435066929741
155.4451105845792 94.613339941549810
157.70611178243232 94.671833679153238
160.00000000000236 94.714500000000044
162.3272535900062 94.765699578980133
164.6883578629612 94.813267157259219
167.08380518838874 94.833253114243362
169.51409509748981 94.846070475487451
171.97973438731407 94.844144584347916
174.4812372264439 94.825961359852585
177.01912526221608 94.811404373688916
179.5939277295025 94.786804366067273
182.20618156107355 94.741023786651823
184.85643149956664 94.686957511108915
187.54523021108326 94.634194902242726
190.27313840043846 94.584873348950964
193.04072492808663 94.526130746711544
195.84856692874806 94.464395508668289
198.69724993176072 94.417759600982649
201.58736798318304 94.373866673599593
204.5195237696723 94.323388810261065
207.49432874416505 94.269849246977117
210.5124032533856 94.215772607021265
213.57437666720915 94.151502148320589
216.68088750990657 94.085871584169439
219.83258359329807 94.033301975592153
223.03012215184378 93.990472116219081
226.2741699796992 93.933153685395865
229.5654035697641 93.875388139314012
232.90450925475412 93.834598143570332
236.2921833503241 93.793811185202159
239.72913230027333 93.750419704709046
243.21607282386276 93.719339271761370
246.75373206527502 93.683962679347246
250.34284774524843 93.637171547216241
253.9841683149166 93.591199875024188
257.67845311188546 93.544559529462447
261.42647251858085 93.498097402582573
265.22900812289896 93.447708008233320
269.08685288119375 93.392226157742499
273.0008112836349 93.333862323693211
276.97169952197106 93.271452807648473
281.00034565973334 93.206894434878308
285.0875898049141 93.140949660453018
289.23428428515797 93.067553168152699
293.44129382550057 92.991368452375895
297.7094957286928 92.915583824747870
302.0397800581479 92.842098601547832
306.4330498235497 92.769854677911439
310.89022116916016 92.693393684831989
315.41222356486645 92.615662420545362
320.00000000000654 92.533999999999878
324.6545071800142 92.453011575067762
329.3767157259242 92.374346518949665
334.16761037677935 92.291483579444048
339.02819019498156 92.203686938451341
343.95946877463007 92.114729562056652
348.9624744528898 92.027845439410299
354.03825052443415 91.935696190350427
359.187855459007 91.843874958375579
364.4123631221491 91.755372299547901
369.71286299913527 91.669151619414009
375.0904604221685 91.583597863456390
380.54627680087896 91.499032709586373
386.08144985617537 91.420584136970405
391.6971338574982 91.346937259852524
397.3944998635236 91.274547651678660
403.1747359663683 91.210752640336324
409.0390475393468 91.156668095915563
414.9886574883323 91.113568055070004
421.0248065067734 91.087289810910193
427.1487533344206 91.075246560554916
433.3617750198154 91.076149033359755
439.6651671865984 91.090899192407363
446.06024430368984 91.116614473417229
452.54833995940066 91.148761035780780
459.13080713953053 91.189145304059764
465.8090185095106 91.237519893448706
472.58436670065066 91.293467116955526
479.45826460054917 91.359537988419902
486.432145647728 91.437356104078418
493.50746413055253 91.519300656367818
500.6856954904994 91.595456938459179
507.9683366298358 91.674655660849453
515.3569062237735 91.756808367986991
522.8529450371643 91.847448576705261
530.4580162458005 91.940295812842066
538.1737057623901 92.029410763386295
546.0016225672724 92.115160125894533
553.9433990439449 92.197705215797953
562.0006913194694 92.273906187309251
570.1751796098309 92.346945231781106
578.4685685703187 92.415365690705130
586.8825876510039 92.480995924912733
595.4189914573883 92.541578192337369
604.0795601162986 92.597997250726863
612.8660996471021 92.651696597882605
621.780442338323 92.703729702100304
630.8244471297356 92.753081013292189
640.0000000000159 92.798500000000075
649.3090143600314 92.840856015338147
658.7534314518515 92.882515098388140
668.3352207535618 92.926342015466389
678.0563803899662 92.970253711754850
687.9189375492632 93.012259537706910
697.9249489057827 93.054284785404292
708.0765010488715 93.096921304405271
718.3757109180171 93.139340414763865
728.8247262443015 93.180416432352786
739.425725998274 93.221760331393270
750.1809208443404 93.264208606640324
761.0925536017613 93.306945834940223
772.1628997123541 93.352324241123910
783.3942677149998 93.400159922464610
794.7889997270506 93.451116248748974
806.34947193274 93.505953675672117
818.0780950786972 93.563890475393492
829.9773149766683 93.624343750840396
842.0496130135506 93.687766669947834
854.2975066688449 93.754494412234379
866.7235500396347 93.824751250228672
879.3303343732008 93.898482006239206
892.1204886073838 93.976647029365779
905.0966799188055 94.057778972819108
918.2616142790653 94.142441324132349
931.6180370190256 94.230280860279720
945.1687334013056 94.321187647683871
958.9165292011028 94.415672660307621
972.8642912954606 94.513885753783256
987.0149282611097 94.614952948329474
1001.3713909810035 94.718419728095938
1015.9366732596762 94.823806492353640
1030.7138124475518 94.931226126848145
1045.7058900743334 95.040867703038913
1060.916032491606 95.151156502772352
1076.3474115247852 95.263291190413440
1092.0032451345498 95.376898324404578
1107.8867980878947 95.490977129199251
1124.0013826389438 95.605731977508100
1140.350359219667 95.720952514537672
1156.9371371406426 95.836113986738042
1173.765175302013 95.951635580201341
1190.837982914782 96.067031116429689
1208.1591202326028 96.182688504385681
1225.73219929421 96.297349852605635
1243.5608846766518 96.411718936285453
1261.648894259477 96.524723144408767
1280.0000000000375 96.637500000000230
1298.6180287200684 96.748942200481551
1317.5068629037087 96.861539804841513
1336.6704415071292 96.972688560741346
1356.112760779938 97.083439917426148
1375.8378750985323 97.193796153674313
1395.8498978115715 97.304174437963638
1416.153002097749 97.414495428029483
1436.7514218360407 97.525620106822814
1457.6494524886093 97.637042098189625
1478.8514519965543 97.749181608461953
1500.3618416886875 97.861881576781172
1522.1851072035295 97.975362557458354
1544.3257994247153 98.090107641020026
1566.788535430007 98.205793072110225
1589.5779994541087 98.323222477183208
1612.6989438654878 98.442018592591296
1636.156190157402 98.562342817409046
1659.9546299533442 98.684865890559252
1684.099226027109 98.809633990820430
1708.5950133376978 98.936522169089272
1733.4471000792773 99.065593862413834
1758.6606687464096 99.197728330981050
1784.2409772147755 99.332607540149723
1810.193359837619 99.469320939942634
1836.5232285581387 99.608112182215820
1863.2360740380593 99.749680635363234
1890.3374668026197 99.895015571398091
1917.833058402214 100.043655176540000
1945.7285825909298 100.195678060946477
1974.0298565222283 100.351644808002703
2002.7427819620161 100.510676726856488
2031.8733465193618 100.671959518066444
2061.4276248951132 100.836994699412628
2091.411780148677 101.004858909494303
2121.832064983222 101.174213762281468
2152.694823049581 101.346114953213288
2184.0064902691106 101.520135858736836
2215.7735961758003 101.695254778966898
2248.002765277899 101.871981691343251
2280.7007184393456 102.048927188957819
2313.874274281297 102.225571177881505
2347.530350604038 102.401365650630936
2381.6759658295764 102.575192677866497
2416.318240465218 102.747187407605153
2451.4643985884327 102.914882673365639
2487.1217693533167 103.079333324912483
2523.2977885189675 103.237680490631561
2560.0000000000887 103.389750000000362
2597.236057440151 103.534204313964565
2635.0137258074315 103.670296896508717
2673.340883014273 103.793564976306556
2712.225521559891 103.906490609649040
2751.6757501970797 104.004021800472998
2791.699795623158 104.086607096355735
2832.3060041955137 104.149197585999588
2873.502843672097 104.193067246500959
2915.2989049772345 104.214764945248874
2957.7029039931244 104.210953909124953
3000.723683377391 104.179432567018353
3044.370214407075 104.112686734279066
3088.6515988494466 104.014137857890773
3133.57707086003 103.893010634663170
3179.1559989082334 103.758532003275292
3225.3978877309914 103.627171724249024
3272.3123803148205 103.512751506126278
3319.9092599067053 103.423237924941816
3368.198452054235 103.358391625343046
3417.190026675413 103.311076078392915
3466.8942001585724 103.271322523876307
3517.3213374928373 103.230430436381226
3568.4819544295697 103.181854669671765
3620.386719675257 103.120181795635148
3673.0464571162966 103.042703810329272
3726.472148076138 102.946614589770775
3780.6749336052594 102.828633012696258
3835.6661168044484 102.693574839955801
3891.45716518188 102.532312251524232
3948.059713044477 102.355075523529479
4005.4855639240527 102.155931978644503
4063.746693038744 101.942481123546699
4122.855249790247 101.721483163272580
4182.823560297375 101.501198212110538
4243.664129966465 101.289994520259270
4305.389646099183 101.094445775555897
4368.012980538242 100.919013979006380
4431.5471923516225 100.768424475171173
4496.00553055582 100.637889077152266
4561.401436878714 100.528630794195564
4627.748548562617 100.435008028010799
4695.060701208099 100.354971110857093
4763.351931659176 100.283815664923779
4832.63648093046 100.218753531971899
4902.928797176889 100.157040111011412
4974.243538706657 100.096178354921904
5046.595577037959 100.034311314804768
5120.000000000202 99.970357142856969
5194.472114880326 99.903339780680852
5270.027451614888 99.833411935683642
5346.6817660285715 99.761444083310536
5424.451043119808 99.688724031388745
5503.351500394186 99.616983649645235
5583.399591246343 99.547714099995318
5664.612008391055 99.483102633454976
5747.005687344222 99.423066075732493
5830.597809954497 99.368600281176612
5915.405807986278 99.320528183126655
6001.447366754812 99.278912007255855
6088.740428814181 99.243753555011878
6177.303197698925 99.210663789442549
6267.154141720092 99.170333502368464
6358.3119978165005 99.100727641976064
6450.795775462017 98.972329540800303
6544.624760629676 98.746163242048013
6639.818519813445 98.406266753788202
6736.396904108505 98.014419702469851
6834.380053350861 97.733603437312752
6933.788400317181 97.724583626639117
7034.642674985712 97.992760005694407
7136.963908859177 98.403911793107198
7240.773439350552 98.823381061580804
7346.092914232631 99.172368766137879
7452.944296152315 99.410916974574363
7561.349867210557 99.512506200203958
7671.332233608935 99.468755254647022
7782.914330363799 99.265712388715571
7896.119426088994 98.891193925498044
8010.971127848146 98.364173013633717
8127.49338607753 97.747104727230592
8245.710499580537 97.078268673527049
8365.647120594791 96.449076599965707
8487.328259932974 95.800688211524687
8610.77929219841 95.069247407577876
8736.025961076528 94.347296977506417
8863.094384703289 93.751300955810137
8992.011061111683 93.247236751053322
9122.802873757471 92.794356778869059
9255.497097125279 92.436738375243209
9390.121402416245 92.179251761717921
9526.7038633184 92.008525643248120
9665.272961860968 91.924619534404201
9805.857594353829 91.933780428163303
9948.487077413367 92.044762599267472
10093.19115407597 92.276146183761554
10240.000000000457 92.625900000001238
10388.944229760706 93.104887331577373
10540.05490322983 93.730493633082375
10693.363532057198 94.489459449262000
10848.902086239672 95.362461773810892
11006.703000788428 96.279211192082727
11166.799182492743 97.131005851150661
11329.224016782166 97.724503432972455
11494.0113746885 97.992210047641507
11661.195619909053 97.661553673962274
11830.811615972614 97.018281257879707
12002.894733509682 96.034098197196556
12177.48085762842 94.967790171432483
12354.606395397908 93.879219883420433
12534.308283440243 92.822831056513849
12716.62399563306 91.824503223072000
12901.591550924093 90.910293111119657
13089.249521259411 90.035270803727542
13279.637039626952 89.330455307284637
13472.793808217073 88.890235677810836
13668.760106701786 88.766708153084139
13867.576800634426 88.960564863206997
14069.285349971487 89.391833580842871
14273.927817718419 89.921516501527833
14481.54687870117 90.359355632550376
14692.18582846533 90.541908114662874
14905.888592304698 90.492902176171015
15122.699734421185 90.312827868765766
15342.664467217943 90.113945662783237
15565.828660727671 89.962085669636167
15792.238852178061 89.818975466568901
16021.942255696367 89.493879060257683
16254.986772155136 88.696451747830537
16491.42099916115 87.414032500549922
16731.294241189662 85.587459519804355
16974.65651986603 83.243663357471860
17221.558584396902 80.692176956609813
17472.051922153143 78.279901078036232
17726.188769406665 76.416154910450132
17984.022122223458 75.464961979040311
18245.605747515034 75.204208749097319
18510.99419425065 75.224156821594192
18780.242804832582 75.086467122959206
19053.40772663689 74.892187329541088
19330.545923722028 74.663594024668555
19611.71518870775 74.453380392635864
19896.974154826825 74.678795546302140
20186.382308152035 74.855999999999995
