20 96.141500000000008
20.290906698750476 96.159439306220634
20.586044732869844 96.176685945464243
20.885475648548283 96.193201160670156
21.189261887185914 96.208945147687444
21.49746679841394 96.224629684498865
21.810154653305165 96.239533169132670
22.12739065777668 96.255869532888838
22.449240966187475 96.271962040102579
22.77577269513385 96.288162310805831
23.107053937445478 96.303460595595539
23.44315377638505 96.316510400472140
23.784142300054445 96.327524269001643
24.130090616010463 96.337469094657266
24.481070866093134 96.346526774018457
24.837156241469714 96.355428892466392
25.1984209978975 96.364460524947447
25.56494047120865 96.373211169880108
25.936791093020236 96.380893849658605
26.3140504066728 96.386640497868399
26.69679708340074 96.391205959896752
27.08511093873791 96.397393689231222
27.47907294916184 96.405779134553967
27.878765268980047 96.413726848793374
28.284271247461966 96.415715728752531
28.695675446220072 96.410412438398282
29.11306365684382 96.399108090294675
29.536522918790062 96.387536522918793
29.966141537533712 96.387966141537532
30.402009102982383 96.399570318369996
30.844216508158908 96.413244857045726
31.29285596815558 96.418517860079618
31.74802103936409 96.414279684409536
32.20980663898519 96.410080386722029
32.67830906482211 96.412709563166800
33.153626015361866 96.420497138199693
33.63585661014871 96.424184860339096
34.125101410453844 96.419998377432734
34.62146244024586 96.413514150239024
35.12504320746613 96.412875302452264
35.635948725613716 96.415635948725622
36.15428553564419 96.414302859107920
36.68016172818701 96.407617412348998
37.21368696608603 96.400363130339144
37.754972507267915 96.397317877040706
38.30413122794313 96.396583479088235
38.86127764614443 96.393488029552429
39.4265279456077 96.388188801370916
40.000000000000206 96.381500000000003
40.58181339750116 96.374227308288937
41.1720894657399 96.367325632938204
41.77095129709678 96.360814684497072
42.37852377437204 96.353061834955454
42.9949335968281 96.341601295067761
43.62030930661056 96.329093825898667
44.25478131555359 96.318385764979098
44.89848193237519 96.307691973433663
45.55154539026795 96.295116366000599
46.21410787489121 96.283882442317378
46.88630755277036 96.278506808974441
47.56828460010916 96.273780633882865
48.260181232021196 96.260875133735425
48.962141732186545 96.241510275494278
49.674312482939705 96.222142215067223
50.39684199579528 96.204326964261199
51.129880942417586 96.185310444732011
51.873582186040764 96.164059394466818
52.628100813345895 96.142459677699236
53.393594166801776 96.121422143544891
54.17022187747612 96.102037774889439
54.95814589832399 96.086318834931603
55.75753053796041 96.072591677286511
56.56854249492426 96.053149352637035
57.39135089244048 96.029563797780554
58.226127313687975 96.005912135442017
59.073045837580466 95.986856468654452
59.932283075067765 95.967523630810973
60.804018205965114 95.951959807997753
61.68843301631817 95.943923241444978
62.58571193631152 95.938348233998141
63.49604207872855 95.929051452976523
64.41961327797075 95.914527347718547
65.35661812964459 95.897259182731219
66.3072520307241 95.883081105708129
67.27171322029778 95.875413147118820
68.25020282090806 95.870498377432739
69.2429248804921 95.863042450717046
70.25008641493265 95.857499654340273
71.27189745122783 95.852188871664566
72.30857107128878 95.838748579824710
73.36032345637442 95.810969649396014
74.42737393217246 95.780884086526129
75.50994501453623 95.756101253247294
76.60826245588666 95.729008263091671
77.72255529228926 95.702260864262144
78.85305589121582 95.688027361229445
80.00000000000082 95.666999999999973
81.16362679500274 95.627242651777365
82.34417893148023 95.588154069603178
83.541902594194 95.558154687781482
84.75704754874454 95.528073826465956
85.98986719365665 95.498903041072282
87.24061861322157 95.470385948655476
88.50956263110764 95.428630244930503
89.79696386475084 95.378850730562959
91.10309078053635 95.356751708464003
92.42821574978288 95.316291568853316
93.77261510554118 95.257221918625277
95.13656920021877 95.218561489896615
96.52036246404286 95.170446107799478
97.92428346437356 95.111702329447098
99.34862496587989 95.060455672105917
100.79368399159105 95.021628777549168
102.25976188483567 94.973616032529804
103.74716437208203 94.910877651288232
105.25620162669229 94.862503047036569
106.78718833360406 94.834192174995934
108.34044375495276 94.788481510210303
109.9162917966485 94.707454131201018
111.51506107592134 94.621420103790953
113.13708498984903 94.563519219989075
114.78270178488147 94.523117598615272
116.45225462737648 94.476582593367908
118.14609167516147 94.424673435522863
119.86456615013608 94.373780113846053
121.60803641193078 94.320318838026679
123.3768660326369 94.262760072984861
125.17142387262359 94.210100120602675
126.99208415745765 94.166158316850840
128.83922655594208 94.129695026913126
130.71323625928977 94.093285695533794
132.61450406144883 94.062740455324061
134.5434264405962 94.042880875254923
136.50040564181674 94.026496754865462
138.48584976098482 94.010370277031626
140.50017282986593 93.999417329181142
142.5437949024563 94.007251213792756
144.61714214257822 94.027597134639649
146.7206469127495 94.071919008375787
148.8547478643456 94.139583771835049
151.01989002907314 94.221071733128042
153.216524911774 94.304151591841503
155.4451105845792 94.390789661930455
157.70611178243232 94.506223144408636
160.00000000000236 94.620000000000090
162.3272535900062 94.709831988574237
164.6883578629612 94.778649363308091
167.08380518838874 94.830009625843132
169.51409509748981 94.875156530774319
171.97973438731407 94.900233821975974
174.4812372264439 94.897763793430087
177.01912526221608 94.871770496853401
179.5939277295025 94.825796587593544
182.20618156107355 94.765051642534232
184.85643149956664 94.701916930310318
187.54523021108326 94.644577303693893
190.27313840043846 94.588108561429735
193.04072492808663 94.522265586826606
195.84856692874806 94.452982960638792
198.69724993176072 94.385068751705973
201.58736798318304 94.310963871106708
204.5195237696723 94.239810715182372
207.49432874416505 94.176862479907385
210.5124032533856 94.120785010274659
213.57437666720915 94.072171538325478
216.68088750990657 94.023440910780238
219.83258359329807 93.969513495320626
223.03012215184378 93.918775576108459
226.2741699796992 93.870145506964406
229.5654035697641 93.819308677407037
232.90450925475412 93.768932361178685
236.2921833503241 93.730833826928290
239.72913230027333 93.699471667760008
243.21607282386276 93.667690390100148
246.75373206527502 93.638062493953328
250.34284774524843 93.612185777719574
253.9841683149166 93.587606863874313
257.67845311188546 93.559911601660858
261.42647251858085 93.524091892943829
265.22900812289896 93.484923658617390
269.08685288119375 93.441341961584087
273.0008112836349 93.387863134976840
276.97169952197106 93.329424507170444
281.00034565973334 93.267294227482452
285.0875898049141 93.198975937394493
289.23428428515797 93.126823453438249
293.44129382550057 93.052933228671179
297.7094957286928 92.976729076883530
302.0397800581479 92.898274013938789
306.4330498235497 92.821138152999652
310.89022116916016 92.743907407185844
315.41222356486645 92.654667752267528
320.00000000000654 92.567499999999882
324.6545071800142 92.484649772195752
329.3767157259242 92.396217744352626
334.16761037677935 92.308649491142617
339.02819019498156 92.222201033548828
343.95946877463007 92.134521455811580
348.9624744528898 92.045467954738555
354.03825052443415 91.954311490560187
359.187855459007 91.864968886105089
364.4123631221491 91.776872299547904
369.71286299913527 91.686410042714783
375.0904604221685 91.594455711364404
380.54627680087896 91.501317131756423
386.08144985617537 91.410380512329965
391.6971338574982 91.319465145681747
397.3944998635236 91.231040301992550
403.1747359663683 91.151728432437210
409.0390475393468 91.077771667642992
414.9886574883323 91.011613425116678
421.0248065067734 90.960758469667837
427.1487533344206 90.922756233327902
433.3617750198154 90.895233787430641
439.6651671865984 90.878692618304854
446.06024430368984 90.874216870253065
452.54833995940066 90.883870849898500
459.13080713953053 90.908588632127888
465.8090185095106 90.946576038520945
472.58436670065066 90.998002388369542
479.45826460054917 91.060171961176678
486.432145647728 91.136356104078416
493.50746413055253 91.230850765762455
500.6856954904994 91.343742535274799
507.9683366298358 91.468457764785938
515.3569062237735 91.606663617777173
522.8529450371643 91.756898973548815
530.4580162458005 91.907001926562671
538.1737057623901 92.050015035732912
546.0016225672724 92.185098316829084
553.9433990439449 92.314744147621397
562.0006913194694 92.435909298246855
570.1751796098309 92.545330626922734
578.4685685703187 92.631996541559829
586.8825876510039 92.705469606885885
595.4189914573883 92.769703889774590
604.0795601162986 92.825967415683252
612.8660996471021 92.874373233874167
621.780442338323 92.915527673212580
630.8244471297356 92.949926787310574
640.0000000000159 92.982500000000044
649.3090143600314 93.010892493798082
658.7534314518515 93.037071936492595
668.3352207535618 93.063421857072285
678.0563803899662 93.090557865091910
687.9189375492632 93.119360865770318
697.9249489057827 93.149671094162642
708.0765010488715 93.180633328199065
718.3757109180171 93.213721060483550
728.8247262443015 93.249445305542849
739.425725998274 93.287903899893706
750.1809208443404 93.330776451956950
761.0925536017613 93.377605542540891
772.1628997123541 93.426060406431091
783.3942677149998 93.476919917618659
794.7889997270506 93.531944998635254
806.34947193274 93.590541043655293
818.0780950786972 93.652228204269903
829.9773149766683 93.717640973137321
842.0496130135506 93.786116540952349
854.2975066688449 93.857105977235193
866.7235500396347 93.931704650240846
879.3303343732008 94.008198522957855
892.1204886073838 94.087359078226513
905.0966799188055 94.169278972819100
918.2616142790653 94.253459661495498
931.6180370190256 94.340526320394360
945.1687334013056 94.430590253233760
958.9165292011028 94.522815050057403
972.8642912954606 94.618296466995673
987.0149282611097 94.716180272576906
1001.3713909810035 94.816191162932427
1015.9366732596762 94.919150380143705
1030.7138124475518 95.024047673736248
1045.7058900743334 95.130207775844454
1060.916032491606 95.238973296274025
1076.3474115247852 95.348021708108490
1092.0032451345498 95.458522715941854
1107.8867980878947 95.569640200969275
1124.0013826389438 95.681453930883862
1140.350359219667 95.793560788001059
1156.9371371406426 95.906483337907076
1173.765175302013 96.020194286375840
1190.837982914782 96.133197425436251
1208.1591202326028 96.247457170075037
1225.73219929421 96.360713371670059
1243.5608846766518 96.474718936285456
1261.648894259477 96.588499737359399
1280.0000000000375 96.702500000000228
1298.6180287200684 96.816601918870134
1317.5068629037087 96.932041177422249
1336.6704415071292 97.046605888005104
1356.112760779938 97.162370926640619
1375.8378750985323 97.278151569326411
1395.8498978115715 97.394429407307115
1416.153002097749 97.511110545360424
1436.7514218360407 97.628814318919524
1457.6494524886093 97.746683944886428
1478.8514519965543 97.864760015020977
1500.3618416886875 97.983482892454020
1522.1851072035295 98.103074387475345
1544.3257994247153 98.223245832881958
1566.788535430007 98.344322320613429
1589.5779994541087 98.466054957095864
1612.6989438654878 98.589058381364396
1636.156190157402 98.714074055440534
1659.9546299533442 98.840958631351782
1684.099226027109 98.969771851505300
1708.5950133376978 99.100897371223311
1733.4471000792773 99.234114340428093
1758.6606687464096 99.370267611230616
1784.2409772147755 99.508401276959788
1810.193359837619 99.648951877516652
1836.5232285581387 99.792186363356279
1863.2360740380593 99.937768964247795
1890.3374668026197 100.086662816750462
1917.833058402214 100.239151804716300
1945.7285825909298 100.394665490857392
1974.0298565222283 100.553547793654928
2002.7427819620161 100.715588144150786
2031.8733465193618 100.881178075160364
2061.4276248951132 101.049708843146902
2091.411780148677 101.222164795193180
2121.832064983222 101.398125976902691
2152.694823049581 101.577129973687576
2184.0064902691106 101.758937968074292
2215.7735961758003 101.943986857819638
2248.002765277899 102.130782659190515
2280.7007184393456 102.319350785718910
2313.874274281297 102.508389649689320
2347.530350604038 102.696501273342335
2381.6759658295764 102.882550215479711
2416.318240465218 103.066898791767983
2451.4643985884327 103.247163517853934
2487.1217693533167 103.424611307008689
2523.2977885189675 103.596417161326173
2560.0000000000887 103.762750000000395
2597.236057440151 103.922529638376631
2635.0137258074315 104.075303301885526
2673.340883014273 104.216943656776024
2712.225521559891 104.349103370428963
2751.6757501970797 104.467151569326461
2791.699795623158 104.569956994167313
2832.3060041955137 104.651558347929523
2873.502843672097 104.711323184912743
2915.2989049772345 104.744518748144770
2957.7029039931244 104.745644415446122
3000.723683377391 104.706534541160792
3044.370214407075 104.614107867499115
3088.6515988494466 104.467390779386491
3133.57707086003 104.276661333886608
3179.1559989082334 104.052095965557086
3225.3978877309914 103.822566265627387
3272.3123803148205 103.614866097756462
3319.9092599067053 103.451147720454685
3368.198452054235 103.339518507672139
3417.190026675413 103.273904178126159
3466.8942001585724 103.240411261938164
3517.3213374928373 103.223516092376656
3568.4819544295697 103.210270594126825
3620.386719675257 103.189898905768871
3673.0464571162966 103.155371440593470
3726.472148076138 103.101498143789399
3780.6749336052594 103.022009932876884
3835.6661168044484 102.922004526534351
3891.45716518188 102.790504404985640
3948.059713044477 102.640153887225608
4005.4855639240527 102.462714786919818
4063.746693038744 102.267949019248363
4122.855249790247 102.062078006978894
4182.823560297375 101.854182251018671
4243.664129966465 101.653408371110658
4305.389646099183 101.467254222470771
4368.012980538242 101.300732484582625
4431.5471923516225 101.158337685616374
4496.00553055582 101.035889768471733
4561.401436878714 100.934352376718280
4627.748548562617 100.847653740390996
4695.060701208099 100.773262028103503
4763.351931659176 100.707864745268438
4832.63648093046 100.648011720827725
4902.928797176889 100.589716139481993
4974.243538706657 100.530178354921901
5046.595577037959 100.466563980665825
5120.000000000202 100.398214285714090
5194.472114880326 100.324392569192810
5270.027451614888 100.244095146368807
5346.6817660285715 100.158983013217863
5424.451043119808 100.070063792961363
5503.351500394186 99.978764692401015
5583.399591246343 99.888175459847872
5664.612008391055 99.800688211063530
5747.005687344222 99.717404483276113
5830.597809954497 99.639532894389362
5915.405807986278 99.567868614970351
6001.447366754812 99.503032073482728
6088.740428814181 99.445006016173949
6177.303197698925 99.388557898654994
6267.154141720092 99.321303119695187
6358.3119978165005 99.215570362936802
6450.795775462017 99.035050350118055
6544.624760629676 98.731761605221479
6639.818519813445 98.283210844639115
6736.396904108505 97.755642361786556
6834.380053350861 97.339910176492751
6933.788400317181 97.245440280539199
7034.642674985712 97.509388489687552
7136.963908859177 97.990354258320750
7240.773439350552 98.533890947048860
7346.092914232631 99.049914153471960
7452.944296152315 99.495070553532699
7561.349867210557 99.837133392575083
7671.332233608935 100.053637205314828
7782.914330363799 100.116282380660721
7896.119426088994 99.995096956299179
8010.971127848146 99.691592522452368
8127.49338607753 99.262029101258875
8245.710499580537 98.741873801845642
8365.647120594791 98.237282093501875
8487.328259932974 97.706097259544066
8610.77929219841 97.070755037494990
8736.025961076528 96.424073793062973
8863.094384703289 95.910189167674758
8992.011061111683 95.508398859535248
9122.802873757471 95.175638092059160
9255.497097125279 94.950369752806012
9390.121402416245 94.844614377288579
9526.7038633184 94.852134978962653
9665.272961860968 94.975556273381756
9805.857594353829 95.218246055183869
9948.487077413367 95.585392966837105
10093.19115407597 96.073177517493235
10240.000000000457 96.629100000001785
10388.944229760706 97.177981383796777
10540.05490322983 97.588626277428602
10693.363532057198 97.745795129958481
10848.902086239672 97.518486624920797
11006.703000788428 96.865152911709970
11166.799182492743 95.885708328602135
11329.224016782166 94.691089273714198
11494.0113746885 93.443463647156477
11661.195619909053 92.252778391282504
11830.811615972614 91.137062917758158
12002.894733509682 90.143282913981579
12177.48085762842 89.225676137366378
12354.606395397908 88.416903110244178
12534.308283440243 87.647979647343021
12716.62399563306 86.916556017103858
12901.591550924093 86.232107479173123
13089.249521259411 85.571015257963268
13279.637039626952 85.068782365501335
13472.793808217073 84.834856650137212
13668.760106701786 84.944236790462696
13867.576800634426 85.407754296152291
14069.285349971487 86.166012660872838
14273.927817718419 87.078718067024141
14481.54687870117 88.000614274236455
14692.18582846533 88.774753354132116
14905.888592304698 89.368980154546421
15122.699734421185 89.781877810661456
15342.664467217943 89.930878226309517
15565.828660727671 89.603817014410765
15792.238852178061 88.502556317181558
16021.942255696367 86.439321750879003
16254.986772155136 83.589655374516482
16491.42099916115 80.633754668487313
16731.294241189662 77.745880632417879
16974.65651986603 74.866458561263016
17221.558584396902 72.105927244519208
17472.051922153143 69.569480778468574
17726.188769406665 67.482299354901926
17984.022122223458 66.049342530993442
18245.605747515034 65.112739267617854
18510.99419425065 64.853175615852720
18780.242804832582 66.099365837928303
19053.40772663689 68.401520270831710
19330.545923722028 71.101481945058950
19611.71518870775 73.091590323901045
19896.974154826825 73.962795546302146
20186.382308152035 74.140000000000001
