20 98.619000000000000
20.290906698750476 98.678999939122335
20.586044732869844 98.737000142470805
20.885475648548283 98.794000122128281
21.189261887185914 98.849999979648601
21.49746679841394 98.902499966111009
21.810154653305165 98.950500093006298
22.12739065777668 98.995500088198554
22.449240966187475 99.038999859177153
22.77577269513385 99.083000090554435
23.107053937445478 99.126499991721559
23.44315377638505 99.170500100544331
23.784142300054445 99.215000039171827
24.130090616010463 99.259999950231759
24.481070866093134 99.305499982893281
24.837156241469714 99.351500030857892
25.1984209978975 99.397999999727446
25.56494047120865 99.444499932435136
25.936791093020236 99.492000139570877
26.3140504066728 99.539499926347304
26.69679708340074 99.587000134405159
27.08511093873791 99.634499872011773
27.47907294916184 99.682999993828162
27.878765268980047 99.731500031954710
28.284271247461966 99.779500029580504
28.695675446220072 99.827500051501545
29.11306365684382 99.875499960678795
29.536522918790062 99.920999888060862
29.966141537533712 99.961500047033084
30.402009102982383 99.998499926178482
30.844216508158908 100.033999960103571
31.29285596815558 100.068999997453915
31.74802103936409 100.103500081319964
32.20980663898519 100.138999897216294
32.67830906482211 100.174999928399515
33.153626015361866 100.211000078187340
33.63585661014871 100.247499971001119
34.125101410453844 100.284999876983136
34.62146244024586 100.322499881019411
35.12504320746613 100.360000092505416
35.635948725613716 100.398500053388659
36.15428553564419 100.437000038845923
36.68016172818701 100.475000052052479
37.21368696608603 100.511999930487207
37.754972507267915 100.544999912069699
38.30413122794313 100.573500010265207
38.86127764614443 100.597999941890450
39.4265279456077 100.622499953533975
40.000000000000206 100.647500000000008
40.58181339750116 100.675499971108906
41.1720894657399 100.706000024976760
41.77095129709678 100.738000070705624
42.37852377437204 100.770499935679879
42.9949335968281 100.801999979796960
43.62030930661056 100.833500066138043
44.25478131555359 100.866000067687281
44.89848193237519 100.898499947116676
45.55154539026795 100.928500052647934
46.21410787489121 100.952499995672639
46.88630755277036 100.973500015455969
47.56828460010916 100.991000039457290
48.260181232021196 101.007000004975964
48.962141732186545 101.020999976605225
49.674312482939705 101.031999992765819
50.39684199579528 101.043499983381977
51.129880942417586 101.058499952454170
51.873582186040764 101.078500039440030
52.628100813345895 101.102499994330657
53.393594166801776 101.126500036188034
54.17022187747612 101.149499968316078
54.95814589832399 101.171000023684570
55.75753053796041 101.191500013314482
56.56854249492426 101.210500010262635
57.39135089244048 101.226500016094235
58.226127313687975 101.240499989350511
59.073045837580466 101.251999972015227
59.932283075067765 101.260000016723012
60.804018205965114 101.265499991797626
61.68843301631817 101.269999991060587
62.58571193631152 101.274499999646366
63.49604207872855 101.277500006776677
64.41961327797075 101.280999983937932
65.35661812964459 101.282999993895459
66.3072520307241 101.283500001072568
67.27171322029778 101.285000000225949
68.25020282090806 101.285499999999999
69.2429248804921 101.285500003131062
70.25008641493265 101.281999985768394
71.27189745122783 101.275499987355332
72.30857107128878 101.266499999319734
73.36032345637442 101.256499979206808
74.42737393217246 101.247500017378201
75.50994501453623 101.238000033013861
76.60826245588666 101.229499986887163
77.72255529228926 101.219000016797423
78.85305589121582 101.205000029738301
80.00000000000082 101.188999999999993
81.16362679500274 101.172500016509190
82.34417893148023 101.157499974104638
83.541902594194 101.141499976299755
84.75704754874454 101.123000038190000
85.98986719365665 101.102500013685912
87.24061861322157 101.080499950396543
88.50956263110764 101.056499946670613
89.79696386475084 101.030500063090614
91.10309078053635 101.003499941034292
92.42821574978288 100.975999983767963
93.77261510554118 100.947499974782332
95.13656920021877 100.916499925727436
96.52036246404286 100.883500013121136
97.92428346437356 100.847000066585125
99.34862496587989 100.809000000907020
100.79368399159105 100.770500052623703
102.25976188483567 100.732500109075730
103.74716437208203 100.692499933740720
105.25620162669229 100.650000038991692
106.78718833360406 100.605999930639598
108.34044375495276 100.559000069128530
109.9162917966485 100.507999941352409
111.51506107592134 100.455499964050873
113.13708498984903 100.402000000330503
114.78270178488147 100.348999945279573
116.45225462737648 100.298500011119231
118.14609167516147 100.252500086056358
119.86456615013608 100.210999932905679
121.60803641193078 100.173500077922512
123.3768660326369 100.133000071876424
125.17142387262359 100.082000033801762
126.99208415745765 100.017999876479806
128.83922655594208 99.944000264183359
130.71323625928977 99.860000265547527
132.61450406144883 99.769499900250707
134.5434264405962 99.676000027162758
136.50040564181674 99.580500310779044
138.48584976098482 99.483000257663292
140.50017282986593 99.385499772294054
142.5437949024563 99.289499911593168
144.61714214257822 99.194499993741545
146.7206469127495 99.104999815171539
148.8547478643456 99.027500144818262
151.01989002907314 98.961000205312956
153.216524911774 98.907499950171172
155.4451105845792 98.877500033594799
157.70611178243232 98.877999988848160
160.00000000000236 98.895000000000024
162.3272535900062 98.914499988530082
164.6883578629612 98.930500006473835
167.08380518838874 98.927499958488681
169.51409509748981 98.897500057600297
171.97973438731407 98.853500030630329
174.4812372264439 98.794999840855439
177.01912526221608 98.710999753467775
179.5939277295025 98.609500208037417
182.20618156107355 98.512999841094796
184.85643149956664 98.418499942907943
187.54523021108326 98.312499862959911
190.27313840043846 98.194499712193789
193.04072492808663 98.070000048239393
195.84856692874806 97.938500237546720
198.69724993176072 97.805500003126767
201.58736798318304 97.684000163410559
204.5195237696723 97.568500285011837
207.49432874416505 97.442999787023865
210.5124032533856 97.307000078999437
213.57437666720915 97.176499778460737
216.68088750990657 97.055500213071696
219.83258359329807 96.928999890928594
223.03012215184378 96.793499951536276
226.2741699796992 96.659000000829309
229.5654035697641 96.524499813201956
232.90450925475412 96.388000030466628
236.2921833503241 96.254000296993183
239.72913230027333 96.120999758823245
243.21607282386276 95.989500266577124
246.75373206527502 95.863000210614601
250.34284774524843 95.738500078244726
253.9841683149166 95.618999771469092
257.67845311188546 95.505500419530478
261.42647251858085 95.400500284215724
265.22900812289896 95.303999904540973
269.08685288119375 95.216500002638924
273.0008112836349 95.138500242796113
276.97169952197106 95.067500181415880
281.00034565973334 95.002499855311896
285.0875898049141 94.941999931386846
289.23428428515797 94.883499982524597
293.44129382550057 94.826499870620069
297.7094957286928 94.771000093360513
302.0397800581479 94.718000178781779
306.4330498235497 94.666499933124470
310.89022116916016 94.614500080932928
315.41222356486645 94.559000091744650
320.00000000000654 94.499999999999915
324.6545071800142 94.441500034409785
329.3767157259242 94.386499928142129
334.16761037677935 94.336499926888351
339.02819019498156 94.289000075200377
343.95946877463007 94.245000037565688
348.9624744528898 94.206999920741183
354.03825052443415 94.171999925881266
359.187855459007 94.140000063227049
364.4123631221491 94.110999955091998
369.71286299913527 94.085999987686023
375.0904604221685 94.064499974009635
380.54627680087896 94.042999955066250
386.08144985617537 94.022500004118058
391.6971338574982 94.004500028793530
397.3944998635236 93.990500002583815
403.1747359663683 93.979000015233183
409.0390475393468 93.968500027026977
414.9886574883323 93.957999980817448
421.0248065067734 93.948000006675400
427.1487533344206 93.940499989983778
433.3617750198154 93.936000005282764
439.6651671865984 93.937500006796313
446.06024430368984 93.946000004632566
452.54833995940066 93.960999999894000
459.13080713953053 93.983500038458430
465.8090185095106 94.015499986622928
472.58436670065066 94.063499888546986
479.45826460054917 94.129500132375284
486.432145647728 94.204999851198068
493.50746413055253 94.298999820575318
500.6856954904994 94.410999944465004
507.9683366298358 94.525500220315692
515.3569062237735 94.646999535519868
522.8529450371643 94.776999632191462
530.4580162458005 94.904500132999104
538.1737057623901 95.027499996256438
546.0016225672724 95.140499640661886
553.9433990439449 95.246499726561552
562.0006913194694 95.341500227018685
570.1751796098309 95.432000092730888
578.4685685703187 95.521000015733776
586.8825876510039 95.603500182518161
595.4189914573883 95.682999864202912
604.0795601162986 95.769999694008064
612.8660996471021 95.859500109081765
621.780442338323 95.952499844312968
630.8244471297356 96.053999818159156
640.0000000000159 96.162500000000193
649.3090143600314 96.276499918267703
658.7534314518515 96.394000167668338
668.3352207535618 96.513000190288736
678.0563803899662 96.629999812799099
687.9189375492632 96.740999917951655
697.9249489057827 96.841500201407797
708.0765010488715 96.933000215599066
718.3757109180171 97.026499806239741
728.8247262443015 97.130500204053206
739.425725998274 97.243500065488035
750.1809208443404 97.362000142947039
761.0925536017613 97.482500265412909
772.1628997123541 97.602499964195090
783.3942677149998 97.721499798116071
794.7889997270506 97.838999986976546
806.34947193274 97.954499849357205
818.0780950786972 98.070999702591649
829.9773149766683 98.184500182680893
842.0496130135506 98.294999917670140
854.2975066688449 98.409000197765508
866.7235500396347 98.521999801015824
879.3303343732008 98.633000110682886
892.1204886073838 98.747500050308631
905.0966799188055 98.863499999276769
918.2616142790653 98.979000150611469
931.6180370190256 99.095999956152951
945.1687334013056 99.215499751859369
958.9165292011028 99.329500199469635
972.8642912954606 99.440999776355554
987.0149282611097 99.556999789765058
1001.3713909810035 99.665999941005396
1015.9366732596762 99.768500188842054
1030.7138124475518 99.869999628483683
1045.7058900743334 99.966499726122720
1060.916032491606 100.063000106184802
1076.3474115247852 100.162499996931530
1092.0032451345498 100.264499669797402
1107.8867980878947 100.370499711961685
1124.0013826389438 100.482000274965628
1140.350359219667 100.594500111485473
1156.9371371406426 100.701000019854547
1173.765175302013 100.808500249924506
1190.837982914782 100.919999803347622
1208.1591202326028 101.031499614931590
1225.73219929421 101.145000136651930
1243.5608846766518 101.260499814797996
1261.648894259477 101.379999788435214
1280.0000000000375 101.501500000000249
1298.6180287200684 101.622999914714143
1317.5068629037087 101.741000160623514
1336.6704415071292 101.854500180530380
1356.112760779938 101.964999818361804
1375.8378750985323 102.070499916461898
1395.8498978115715 102.170500212236206
1416.153002097749 102.267500224972991
1436.7514218360407 102.363999797468495
1457.6494524886093 102.462000180368491
1478.8514519965543 102.560500053733804
1500.3618416886875 102.656500113412562
1522.1851072035295 102.753000214133124
1544.3257994247153 102.850499971296912
1566.788535430007 102.944499840888113
1589.5779994541087 103.034999986047012
1612.6989438654878 103.122999883268676
1636.156190157402 103.209499781392196
1659.9546299533442 103.297000149466214
1684.099226027109 103.387499936259786
1708.5950133376978 103.481500167555893
1733.4471000792773 103.581999818625079
1758.6606687464096 103.691000107141917
1784.2409772147755 103.807500046612788
1810.193359837619 103.927000003927105
1836.5232285581387 104.050000165657252
1863.2360740380593 104.173999953923470
1890.3374668026197 104.300499732933417
1917.833058402214 104.426000224856693
1945.7285825909298 104.550499752605731
1974.0298565222283 104.676499774300254
2002.7427819620161 104.806499927648161
2031.8733465193618 104.937000243210321
2061.4276248951132 105.067499514453971
2091.411780148677 105.200499622165836
2121.832064983222 105.333000145872248
2152.694823049581 105.463499996041719
2184.0064902691106 105.595999569441787
2215.7735961758003 105.728499641971098
2248.002765277899 105.860500316332178
2280.7007184393456 105.991500137533535
2313.874274281297 106.124000024724609
2347.530350604038 106.255000296525424
2381.6759658295764 106.385999772083039
2416.318240465218 106.519499543147333
2451.4643985884327 106.653500163170719
2487.1217693533167 106.786499789471279
2523.2977885189675 106.921499763956717
2560.0000000000887 107.058000000000334
2597.236057440151 107.194999901921335
2635.0137258074315 107.334000197256984
2673.340883014273 107.474500229322430
2712.225521559891 107.615499767172892
2751.6757501970797 107.755499891080916
2791.699795623158 107.895000302274042
2832.3060041955137 108.034000325742198
2873.502843672097 108.172499711862429
2915.2989049772345 108.306500236847555
2957.7029039931244 108.434000065977060
3000.723683377391 108.555000132056122
3044.370214407075 108.667500231808162
3088.6515988494466 108.770499972385977
3133.57707086003 108.861999847731681
3179.1559989082334 108.941499988062475
3225.3978877309914 109.013499907586592
3272.3123803148205 109.078499837315135
3319.9092599067053 109.139500097983429
3368.198452054235 109.198499958673949
3417.190026675413 109.255500095147028
3466.8942001585724 109.308999909474522
3517.3213374928373 109.356500038051450
3568.4819544295697 109.393000010665645
3620.386719675257 109.416500000167304
3673.0464571162966 109.426500001317152
3726.472148076138 109.423500002601088
3780.6749336052594 109.410000036061575
3835.6661168044484 109.386999943785810
3891.45716518188 109.352500074529189
3948.059713044477 109.301500101298288
4005.4855639240527 109.227500045080745
4063.746693038744 109.123999760560338
4122.855249790247 108.987500539504396
4182.823560297375 108.817000504718692
4243.664129966465 108.613999750248951
4305.389646099183 108.381000007364150
4368.012980538242 108.120500864353644
4431.5471923516225 107.840000762735059
4496.00553055582 107.542999248257843
4561.401436878714 107.234499669143986
4627.748548562617 106.921499936908035
4695.060701208099 106.611499313320479
4763.351931659176 106.312000515405174
4832.63648093046 106.027500955220432
4902.928797176889 105.769999718636228
4974.243538706657 105.548500333996643
5046.595577037959 105.374000281020898
5120.000000000202 105.259999999999835
5194.472114880326 105.219500014214304
5270.027451614888 105.265500163441544
5346.6817660285715 105.405500335607059
5424.451043119808 105.634499587186042
5503.351500394186 105.920499772048004
5583.399591246343 106.182000372366616
5664.612008391055 106.301999866422250
5747.005687344222 106.176500402716840
5830.597809954497 105.778498956048679
5915.405807986278 105.164999622911367
6001.447366754812 104.453999177544972
6088.740428814181 103.759498593696918
6177.303197698925 103.145500168232019
6267.154141720092 102.633500835155004
6358.3119978165005 102.229500058292189
6450.795775462017 101.936000349850673
6544.624760629676 101.749500411796006
6639.818519813445 101.651499926470365
6736.396904108505 101.624000007818339
6834.380053350861 101.660000134148348
6933.788400317181 101.750999818949055
7034.642674985712 101.897500175036726
7136.963908859177 102.087500080129075
7240.773439350552 102.282000002303704
7346.092914232631 102.456000204289268
7452.944296152315 102.602999947978219
7561.349867210557 102.711999794236959
7671.332233608935 102.756499947151696
7782.914330363799 102.694000189141491
7896.119426088994 102.486000437561245
8010.971127848146 102.138000208193034
8127.49338607753 101.680999055438633
8245.710499580537 101.177501869789069
8365.647120594791 100.687501371562888
8487.328259932974 100.197999440548472
8610.77929219841 99.684500020036268
8736.025961076528 99.190501553304728
8863.094384703289 98.786501003855051
8992.011061111683 98.512999520060319
9122.802873757471 98.330999834043425
9255.497097125279 98.179999974318292
9390.121402416245 98.068499866290097
9526.7038633184 98.033000020894789
9665.272961860968 98.094999698711888
9805.857594353829 98.258000277725515
9948.487077413367 98.504499580264294
10093.19115407597 98.811499444897066
10240.000000000457 99.166000000001191
10388.944229760706 99.562499711449988
10540.05490322983 99.985500580499433
10693.363532057198 100.383500545922601
10848.902086239672 100.692499535997229
11006.703000788428 100.878999878432396
11166.799182492743 100.945999986857643
11329.224016782166 100.922999857419853
11494.0113746885 100.859500137405803
11661.195619909053 100.825000069232388
11830.811615972614 100.894000090010451
12002.894733509682 101.083500281720973
12177.48085762842 101.332500568124090
12354.606395397908 101.592499926893922
12534.308283440243 101.857999541956318
12716.62399563306 102.109999963356103
12901.591550924093 102.306999765372737
13089.249521259411 102.395999857650793
13279.637039626952 102.335999690136532
13472.793808217073 102.106500192628644
13668.760106701786 101.709499152113523
13867.576800634426 101.198000922663240
14069.285349971487 100.665999542430995
14273.927817718419 100.218499869688969
14481.54687870117 99.950499998430502
14692.18582846533 99.928000233968817
14905.888592304698 100.167499887781673
15122.699734421185 100.597999019980676
15342.664467217943 101.043000543062078
15565.828660727671 101.241999802977659
15792.238852178061 100.868001003711754
16021.942255696367 99.576000841021710
16254.986772155136 97.545996182161502
16491.42099916115 95.901504665450233
16731.294241189662 96.233497644305658
16974.65651986603 97.479501021273592
17221.558584396902 98.203499979963908
17472.051922153143 97.991501475800789
17726.188769406665 96.966002948201719
17984.022122223458 96.169499434356709
18245.605747515034 96.065500475023370
18510.99419425065 96.749500244937934
18780.242804832582 98.008502128027274
19053.40772663689 98.709999193760382
19330.545923722028 98.471001244928459
19611.71518870775 98.221999905403521
19896.974154826825 98.088000301418788
20186.382308152035 97.640000941940102
