20 99.564500000000010
20.290906698750476 99.576621152851786
20.586044732869844 99.588441791175484
20.885475648548283 99.601370611437090
21.189261887185914 99.614052538457628
21.49746679841394 99.626289512670255
21.810154653305165 99.636804668075811
22.12739065777668 99.646162481411082
22.449240966187475 99.655559292064964
22.77577269513385 99.665773158431207
23.107053937445478 99.675890052652619
23.44315377638505 99.686294628976128
23.784142300054445 99.695833735376425
24.130090616010463 99.704318639409024
24.481070866093134 99.711395080513853
24.837156241469714 99.717785928310917
25.1984209978975 99.723476314968451
25.56494047120865 99.728974113253415
25.936791093020236 99.734209892613293
26.3140504066728 99.738830580846454
26.69679708340074 99.742967970834002
27.08511093873791 99.746851103217040
27.47907294916184 99.750093044851326
27.878765268980047 99.753787652689795
28.284271247461966 99.756989898732229
28.695675446220072 99.760261079015976
29.11306365684382 99.764130636568439
29.536522918790062 99.768365229187907
29.966141537533712 99.772661415375325
30.402009102982383 99.778026787950466
30.844216508158908 99.783802698358727
31.29285596815558 99.789892839522338
31.74802103936409 99.795976252472371
32.20980663898519 99.801307873028833
32.67830906482211 99.806283090648208
33.153626015361866 99.810882634138267
33.63585661014871 99.815358566101480
34.125101410453844 99.820000811283634
34.62146244024586 99.823971699521962
35.12504320746613 99.828000345659717
35.635948725613716 99.831815692353672
36.15428553564419 99.834771427678220
36.68016172818701 99.837220646912755
37.21368696608603 99.838500000000010
37.754972507267915 99.837225139284897
38.30413122794313 99.833958697720561
38.86127764614443 99.827984039403248
39.4265279456077 99.820918401827896
40.000000000000206 99.813999999999993
40.58181339750116 99.809636384973359
41.1720894657399 99.806162816469097
41.77095129709678 99.803621032498882
42.37852377437204 99.800607380260459
42.9949335968281 99.795463093572721
43.62030930661056 99.787128960011543
44.25478131555359 99.776885764979085
44.89848193237519 99.765776572105338
45.55154539026795 99.755190002167211
46.21410787489121 99.744776640403018
46.88630755277036 99.734267022436100
47.56828460010916 99.724524507106281
48.260181232021196 99.714717656983723
48.962141732186545 99.705629623972413
49.674312482939705 99.696571107533615
50.39684199579528 99.687539468851895
51.129880942417586 99.679201185288406
51.873582186040764 99.672564715588663
52.628100813345895 99.666254121950871
53.393594166801776 99.657342076779827
54.17022187747612 99.643037774889450
54.95814589832399 99.622410135890547
55.75753053796041 99.598425636557010
56.56854249492426 99.572806640162426
57.39135089244048 99.545889745103239
58.226127313687975 99.519055371559887
59.073045837580466 99.495831266598714
59.932283075067765 99.482083470798912
60.804018205965114 99.474965549712365
61.68843301631817 99.465500534696190
62.58571193631152 99.445875075265661
63.49604207872855 99.420118737638148
64.41961327797075 99.393250828216821
65.35661812964459 99.367549619564414
66.3072520307241 99.341896943139716
67.27171322029778 99.313669320340324
68.25020282090806 99.280992698447307
69.2429248804921 99.245497629182779
70.25008641493265 99.211497407552031
71.27189745122783 99.181250922640004
72.30857107128878 99.150625725718754
73.36032345637442 99.115348193842337
74.42737393217246 99.075973477543528
75.50994501453623 99.037501790353275
76.60826245588666 99.001309915710010
77.72255529228926 98.964111396802792
78.85305589121582 98.921201035633231
80.00000000000082 98.871499999999955
81.16362679500274 98.818651817606508
82.34417893148023 98.764631793985799
83.541902594194 98.709011568089664
84.75704754874454 98.651540270285309
85.98986719365665 98.594630973534834
87.24061861322157 98.539773088102862
88.50956263110764 98.485576056687563
89.79696386475084 98.428501268662700
91.10309078053635 98.368941546162617
92.42821574978288 98.306395939385027
93.77261510554118 98.241327256437799
95.13656920021877 98.175956042796287
96.52036246404286 98.108858546561194
97.92428346437356 98.036980391166963
99.34862496587989 97.961011495612695
100.79368399159105 97.884199309776207
102.25976188483567 97.810024921604665
103.74716437208203 97.739843963213445
105.25620162669229 97.672808782226525
106.78718833360406 97.605076524987822
108.34044375495276 97.532938847680583
109.9162917966485 97.457403402165539
111.51506107592134 97.380380950438138
113.13708498984903 97.301725127340461
114.78270178488147 97.219955479067593
116.45225462737648 97.134076761374118
118.14609167516147 97.045133519132477
119.86456615013608 96.952600206992827
121.60803641193078 96.861158098589129
123.3768660326369 96.769861853896487
125.17142387262359 96.673228839260446
126.99208415745765 96.570271343287345
128.83922655594208 96.469781213519084
130.71323625928977 96.369923267897832
132.61450406144883 96.265934146543501
134.5434264405962 96.157296406106312
136.50040564181674 96.047227486879166
138.48584976098482 95.937035338265346
140.50017282986593 95.826157391463852
142.5437949024563 95.716483006901512
144.61714214257822 95.615994319298835
146.7206469127495 95.527453476577278
148.8547478643456 95.442664833290522
151.01989002907314 95.357408376842884
153.216524911774 95.269409088581966
155.4451105845792 95.178839488149180
157.70611178243232 95.086673083989737
160.00000000000236 94.993999999999900
162.3272535900062 94.901375307117746
164.6883578629612 94.804777327618581
167.08380518838874 94.706563987276070
169.51409509748981 94.611755929236892
171.97973438731407 94.528856605851018
174.4812372264439 94.472771502916402
177.01912526221608 94.453212023793810
179.5939277295025 94.468588992927806
182.20618156107355 94.508181377601602
184.85643149956664 94.561542488891064
187.54523021108326 94.617268913588404
190.27313840043846 94.662113777765001
193.04072492808663 94.691068784525370
195.84856692874806 94.706206274014747
198.69724993176072 94.709781650040952
201.58736798318304 94.706354386694699
204.5195237696723 94.703493492076774
207.49432874416505 94.705988657488319
210.5124032533856 94.713789276969052
213.57437666720915 94.722042347501230
216.68088750990657 94.722664889061264
219.83258359329807 94.718376686915079
223.03012215184378 94.704743215585694
226.2741699796992 94.684580810142108
229.5654035697641 94.655983800610500
232.90450925475412 94.620050398197705
236.2921833503241 94.580066845633695
239.72913230027333 94.539682695471782
243.21607282386276 94.499204226246462
246.75373206527502 94.461616596806451
250.34284774524843 94.430642921751428
253.9841683149166 94.405608842834937
257.67845311188546 94.387567541079562
261.42647251858085 94.377862127768367
265.22900812289896 94.378358780460871
269.08685288119375 94.393267200450538
273.0008112836349 94.432385850918621
276.97169952197106 94.486954030389313
281.00034565973334 94.545904804670300
285.0875898049141 94.602437210912584
289.23428428515797 94.646806841851188
293.44129382550057 94.659473681973154
297.7094957286928 94.650662017085239
302.0397800581479 94.636910494869170
306.4330498235497 94.627633900352905
310.89022116916016 94.608507727092629
315.41222356486645 94.576996099698633
320.00000000000654 94.537999999999926
324.6545071800142 94.491920378917854
329.3767157259242 94.448234215321492
334.16761037677935 94.406658550759701
339.02819019498156 94.358009640991696
343.95946877463007 94.304049896601612
348.9624744528898 94.250894018244651
354.03825052443415 94.206886345699644
359.187855459007 94.171360153970554
364.4123631221491 94.132907276583893
369.71286299913527 94.092682241206575
375.0904604221685 94.060892622879734
380.54627680087896 94.024260712908386
386.08144985617537 93.976134371351947
391.6971338574982 93.928161503943457
397.3944998635236 93.885175200873448
403.1747359663683 93.847335093557547
409.0390475393468 93.809759206840695
414.9886574883323 93.780541589209449
421.0248065067734 93.757616831580521
427.1487533344206 93.729107479993473
433.3617750198154 93.695175197825847
439.6651671865984 93.671646712948757
446.06024430368984 93.657237946519160
452.54833995940066 93.653548339959400
459.13080713953053 93.673113343863776
465.8090185095106 93.711345711357453
472.58436670065066 93.770706393184838
479.45826460054917 93.844314700491907
486.432145647728 93.917321456477282
493.50746413055253 93.978778263976153
500.6856954904994 94.038742699732921
507.9683366298358 94.099734819274872
515.3569062237735 94.162651303376606
522.8529450371643 94.216744506769231
530.4580162458005 94.258475195060015
538.1737057623901 94.291694823049554
546.0016225672724 94.323364212614536
553.9433990439449 94.359824307420951
562.0006913194694 94.405004493576541
570.1751796098309 94.458418954839630
578.4685685703187 94.525595405419580
586.8825876510039 94.596846124416089
595.4189914573883 94.660349141910245
604.0795601162986 94.722351673379507
612.8660996471021 94.791276375723044
621.780442338323 94.858384682917659
630.8244471297356 94.931326916010335
640.0000000000159 95.024000000000186
649.3090143600314 95.129657312986353
658.7534314518515 95.230724044962216
668.3352207535618 95.315266137442961
678.0563803899662 95.376227006261814
687.9189375492632 95.425906847113922
697.9249489057827 95.482757198544135
708.0765010488715 95.544266656398122
718.3757109180171 95.601228838957297
728.8247262443015 95.654564867533722
739.425725998274 95.708099916291275
750.1809208443404 95.755133222955180
761.0925536017613 95.793323937606175
772.1628997123541 95.834415433542233
783.3942677149998 95.875348506354229
794.7889997270506 95.910386874260752
806.34947193274 95.941431925153978
818.0780950786972 95.975201831011375
829.9773149766683 96.014112037609749
842.0496130135506 96.060891992436538
854.2975066688449 96.117413156677017
866.7235500396347 96.171440800146343
879.3303343732008 96.215424036556925
892.1204886073838 96.263618101011758
905.0966799188055 96.322983399594023
918.2616142790653 96.382546457116263
931.6180370190256 96.434699448649368
945.1687334013056 96.488571025280379
958.9165292011028 96.535249587603317
972.8642912954606 96.564975010518367
987.0149282611097 96.603196334281620
1001.3713909810035 96.655571303270008
1015.9366732596762 96.703903687104997
1030.7138124475518 96.749641437342660
1045.7058900743334 96.794830906482275
1060.916032491606 96.843713749461386
1076.3474115247852 96.916000590821298
1092.0032451345498 97.003268253881842
1107.8867980878947 97.093522945465367
1124.0013826389438 97.190730249209423
1140.350359219667 97.282380753220195
1156.9371371406426 97.352275561939351
1173.765175302013 97.419443288859057
1190.837982914782 97.502106760070632
1208.1591202326028 97.588832932541749
1225.73219929421 97.671704339630679
1243.5608846766518 97.753877609270489
1261.648894259477 97.845962546624605
1280.0000000000375 97.946500000000185
1298.6180287200684 98.039856115439193
1317.5068629037087 98.132027451614832
1336.6704415071292 98.205764438764760
1356.112760779938 98.291410242529224
1375.8378750985323 98.384625853595495
1395.8498978115715 98.474239550370910
1416.153002097749 98.553342974568181
1436.7514218360407 98.631661759614659
1457.6494524886093 98.720482317194183
1478.8514519965543 98.821059866066065
1500.3618416886875 98.907911182585877
1522.1851072035295 98.993021918093774
1544.3257994247153 99.080916681710363
1566.788535430007 99.144799797157816
1589.5779994541087 99.211066478274986
1612.6989438654878 99.299367395253512
1636.156190157402 99.401417865283122
1659.9546299533442 99.506494927389113
1684.099226027109 99.616902393286324
1708.5950133376978 99.730537061353402
1733.4471000792773 99.843505124351992
1758.6606687464096 99.957358716358272
1784.2409772147755 100.074714758377894
1810.193359837619 100.185977306547215
1836.5232285581387 100.290671055947911
1863.2360740380593 100.390885145056259
1890.3374668026197 100.476865155055492
1917.833058402214 100.554432563526206
1945.7285825909298 100.645806324112797
1974.0298565222283 100.748449274871362
2002.7427819620161 100.848639763180344
2031.8733465193618 100.939214588740384
2061.4276248951132 101.013235949762247
2091.411780148677 101.081458861364268
2121.832064983222 101.156125964082634
2152.694823049581 101.235641281081385
2184.0064902691106 101.319218172753523
2215.7735961758003 101.409151919053230
2248.002765277899 101.503041813518891
2280.7007184393456 101.607060788001093
2313.874274281297 101.724334814840802
2347.530350604038 101.846232744644340
2381.6759658295764 101.950108906031332
2416.318240465218 102.042111513186313
2451.4643985884327 102.134417266224062
2487.1217693533167 102.230514140076508
2523.2977885189675 102.328986473714181
2560.0000000000887 102.417750000000183
2597.236057440151 102.487931339750233
2635.0137258074315 102.546521046238070
2673.340883014273 102.609179501124260
2712.225521559891 102.675653812011149
2751.6757501970797 102.734929837785756
2791.699795623158 102.783454764966649
2832.3060041955137 102.816583383062721
2873.502843672097 102.841486450272768
2915.2989049772345 102.860201627692263
2957.7029039931244 102.871229709600684
3000.723683377391 102.867280427308742
3044.370214407075 102.885340639364600
3088.6515988494466 102.903165724928087
3133.57707086003 102.891237897641233
3179.1559989082334 102.856051160971674
3225.3978877309914 102.811848133391692
3272.3123803148205 102.762902629259997
3319.9092599067053 102.715878036480234
3368.198452054235 102.669435749178717
3417.190026675413 102.602557951984267
3466.8942001585724 102.509542657681266
3517.3213374928373 102.410609098888386
3568.4819544295697 102.313829827950940
3620.386719675257 102.214469099813755
3673.0464571162966 102.105954077774840
3726.472148076138 101.965348277252346
3780.6749336052594 101.804508945864484
3835.6661168044484 101.648394740980621
3891.45716518188 101.494116895218554
3948.059713044477 101.319002762768648
4005.4855639240527 101.109160543808017
4063.746693038744 100.900166694485961
4122.855249790247 100.713934250629265
4182.823560297375 100.534573862879512
4243.664129966465 100.363785692308426
4305.389646099183 100.220911715892669
4368.012980538242 100.102209102995289
4431.5471923516225 100.011454685102706
4496.00553055582 99.941160905671026
4561.401436878714 99.905011366990919
4627.748548562617 99.907213700375593
4695.060701208099 99.955889500640509
4763.351931659176 100.037814010310029
4832.63648093046 100.148135678577177
4902.928797176889 100.297353084753922
4974.243538706657 100.468896669831310
5046.595577037959 100.644120607247586
5120.000000000202 100.813357142857598
5194.472114880326 100.955920253259990
5270.027451614888 101.064535687099351
5346.6817660285715 101.155433464706789
5424.451043119808 101.219170625871882
5503.351500394186 101.248600039389885
5583.399591246343 101.287869775185484
5664.612008391055 101.332536604615086
5747.005687344222 101.350119772506218
5830.597809954497 101.352742660542944
5915.405807986278 101.364424348479190
6001.447366754812 101.369101974142424
6088.740428814181 101.343379512130468
6177.303197698925 101.296557898654996
6267.154141720092 101.230187259852414
6358.3119978165005 101.149269842030662
6450.795775462017 101.049799048322882
6544.624760629676 100.926070973283828
6639.818519813445 100.782586738694761
6736.396904108505 100.628355030823684
6834.380053350861 100.473773720507225
6933.788400317181 100.338156991644752
7034.642674985712 100.236632286761292
7136.963908859177 100.164854669671740
7240.773439350552 100.105832069192928
7346.092914232631 100.037504495465996
7452.944296152315 99.942849603117025
7561.349867210557 99.789994596869036
7671.332233608935 99.561695099300394
7782.914330363799 99.243508410690325
7896.119426088994 98.827373038832150
8010.971127848146 98.354206914672829
8127.49338607753 97.893695411630489
8245.710499580537 97.494485312954964
8365.647120594791 97.174869520276815
8487.328259932974 96.869573752333679
8610.77929219841 96.545358036442536
8736.025961076528 96.193449786807037
8863.094384703289 95.812927279980698
8992.011061111683 95.408558638313025
9122.802873757471 95.000608832344341
9255.497097125279 94.630385243643133
9390.121402416245 94.337907993180963
9526.7038633184 94.106006115005954
9665.272961860968 93.948393532157041
9805.857594353829 93.872394949016979
9948.487077413367 93.854143911532333
10093.19115407597 93.876176514158487
10240.000000000457 93.941300000000254
10388.944229760706 94.055549806784626
10540.05490322983 94.235636104642481
10693.363532057198 94.490589804946950
10848.902086239672 94.847711299048768
11006.703000788428 95.331954030744058
11166.799182492743 95.939629560836806
11329.224016782166 96.746541754073775
11494.0113746885 97.763950120338635
11661.195619909053 99.079143519371200
11830.811615972614 100.527560228493087
12002.894733509682 102.069358775810784
12177.48085762842 103.468819624077625
12354.606395397908 104.341722878130014
12534.308283440243 104.630045616421171
12716.62399563306 104.118695860044255
12901.591550924093 103.125434778946200
13089.249521259411 101.997610377230941
13279.637039626952 100.987479599126274
13472.793808217073 100.201563473157307
13668.760106701786 99.666386390330985
13867.576800634426 99.360351529547970
14069.285349971487 99.323044938143198
14273.927817718419 99.491533903254833
14481.54687870117 99.871101218238067
14692.18582846533 100.370283474944529
14905.888592304698 100.863990658900889
15122.699734421185 101.248061831907762
15342.664467217943 101.423388026393383
15565.828660727671 101.341715663198073
15792.238852178061 101.025743480616981
16021.942255696367 100.515829242566682
16254.986772155136 99.946600238853364
16491.42099916115 99.406111595917608
16731.294241189662 98.541813431175356
16974.65651986603 97.152519663187746
17221.558584396902 95.409164426679894
17472.051922153143 93.533781337719745
17726.188769406665 91.642917443308477
17984.022122223458 89.754362198057635
18245.605747515034 87.855384696030910
18510.99419425065 85.892194631778779
18780.242804832582 83.729892219633030
19053.40772663689 81.800581523799451
19330.545923722028 81.708487759091739
19611.71518870775 83.911267811226040
19896.974154826825 86.415964682024480
20186.382308152035 87.946399480020290
