20 79.456000000000003
20.290906698750476 79.565575221780080
20.586044732869844 79.709161941899751
20.885475648548283 79.874914777691885
21.189261887185914 80.039200898410741
21.49746679841394 80.170529625294719
21.810154653305165 80.274013511625469
22.12739065777668 80.349025944710860
22.449240966187475 80.420489520478668
22.77577269513385 80.498448133244807
23.107053937445478 80.585261507106793
23.44315377638505 80.679276156270504
23.784142300054445 80.779972867891402
24.130090616010463 80.882726404397715
24.481070866093134 80.981341836801192
24.837156241469714 81.076660481650407
25.1984209978975 81.171829590690209
25.56494047120865 81.276219321694967
25.936791093020236 81.395522046865466
26.3140504066728 81.524967010503246
26.69679708340074 81.643603183352212
27.08511093873791 81.730117651472568
27.47907294916184 81.767337403661941
27.878765268980047 81.796407395173503
28.284271247461966 81.864059876977166
28.695675446220072 81.972094520021528
29.11306365684382 82.108763261385832
29.536522918790062 82.249029921474602
29.966141537533712 82.378774744335175
30.402009102982383 82.503539107503258
30.844216508158908 82.619373697338773
31.29285596815558 82.727597942635981
31.74802103936409 82.829816607620728
32.20980663898519 82.930318234020802
32.67830906482211 83.030801521742291
33.153626015361866 83.131261463225997
33.63585661014871 83.231986461690639
34.125101410453844 83.332020282090767
34.62146244024586 83.430077863646716
35.12504320746613 83.523882561306579
35.635948725613716 83.612067488451885
36.15428553564419 83.699191397666453
36.68016172818701 83.791969596258213
37.21368696608603 83.888963653895473
37.754972507267915 83.982206157680025
38.30413122794313 84.071244315559127
38.86127764614443 84.159207487757826
39.4265279456077 84.251060776237210
40.000000000000206 84.346500000000020
40.58181339750116 84.437166223331332
41.1720894657399 84.521522626254807
41.77095129709678 84.607336482038818
42.37852377437204 84.696212435229569
42.9949335968281 84.779578920176135
43.62030930661056 84.852034729320039
44.25478131555359 84.931139982552168
44.89848193237519 85.034657272304997
45.55154539026795 85.154652249577481
46.21410787489121 85.265369167153636
46.88630755277036 85.351445896312669
47.56828460010916 85.417499281296330
48.260181232021196 85.479740185986373
48.962141732186545 85.570380727894118
49.674312482939705 85.699848507408433
50.39684199579528 85.862029693452911
51.129880942417586 85.990051332205155
51.873582186040764 86.037437944972268
52.628100813345895 86.067580644601520
53.393594166801776 86.133763385761441
54.17022187747612 86.219637791136336
54.95814589832399 86.297369304958451
55.75753053796041 86.372616915916154
56.56854249492426 86.444110383316030
57.39135089244048 86.512895097733903
58.226127313687975 86.587939322789907
59.073045837580466 86.685226417261262
59.932283075067765 86.805519630509494
60.804018205965114 86.900764118871820
61.68843301631817 86.958478938924600
62.58571193631152 87.019205147474210
63.49604207872855 87.077030335369429
64.41961327797075 87.131855249790135
65.35661812964459 87.203770267640351
66.3072520307241 87.298300585179945
67.27171322029778 87.393231480335459
68.25020282090806 87.472263589000846
69.2429248804921 87.537682805030755
70.25008641493265 87.603006221875148
71.27189745122783 87.677936103744543
72.30857107128878 87.757297115882309
73.36032345637442 87.836163935771708
74.42737393217246 87.912988801319898
75.50994501453623 87.983946687846455
76.60826245588666 88.052723143766997
77.72255529228926 88.125065246558250
78.85305589121582 88.201382130270332
80.00000000000082 88.274500000000046
81.16362679500274 88.343348090824549
82.34417893148023 88.410630205799180
83.541902594194 88.476403779597263
84.75704754874454 88.540346194862593
85.98986719365665 88.604968157587365
87.24061861322157 88.656023815838182
88.50956263110764 88.703462193836870
89.79696386475084 88.765686586796292
91.10309078053635 88.823300719991707
92.42821574978288 88.870015166303631
93.77261510554118 88.909209966406081
95.13656920021877 88.951235165762967
96.52036246404286 89.004814588989575
97.92428346437356 89.059992185982878
99.34862496587989 89.116087898783860
100.79368399159105 89.173659991680466
102.25976188483567 89.224305872391511
103.74716437208203 89.277653376225629
105.25620162669229 89.341726343209061
106.78718833360406 89.398640442230516
108.34044375495276 89.440950798037193
109.9162917966485 89.481625372816637
111.51506107592134 89.527451853060711
113.13708498984903 89.576744205671702
114.78270178488147 89.615835107131318
116.45225462737648 89.622970524879435
118.14609167516147 89.630444227983844
119.86456615013608 89.659195649970087
121.60803641193078 89.696340911092705
123.3768660326369 89.755173833712121
125.17142387262359 89.821599846505706
126.99208415745765 89.878122244198863
128.83922655594208 89.934133150441994
130.71323625928977 89.999188058715347
132.61450406144883 90.081839707133895
134.5434264405962 90.175595623725343
136.50040564181674 90.250135242455883
138.48584976098482 90.299417469383144
140.50017282986593 90.353339670428426
142.5437949024563 90.428272479756728
144.61714214257822 90.506855686953614
146.7206469127495 90.579657865650930
148.8547478643456 90.646371486357509
151.01989002907314 90.711912612895446
153.216524911774 90.780858712123830
155.4451105845792 90.852531361771213
157.70611178243232 90.920523795769185
160.00000000000236 90.982000000000042
162.3272535900062 91.028079621082128
164.6883578629612 91.079643872985145
167.08380518838874 91.139428651785067
169.51409509748981 91.193907273125291
171.97973438731407 91.257160934702554
174.4812372264439 91.321719672996963
177.01912526221608 91.372151904824776
179.5939277295025 91.423716125681850
182.20618156107355 91.480977230655824
184.85643149956664 91.528030621792539
187.54523021108326 91.568940788390535
190.27313840043846 91.625954417129549
193.04072492808663 91.684557483662417
195.84856692874806 91.734916497631474
198.69724993176072 91.781634898880881
201.58736798318304 91.828662449061454
204.5195237696723 91.879357935777321
207.49432874416505 91.935390355720529
210.5124032533856 91.987690183218575
213.57437666720915 92.032147679174130
216.68088750990657 92.080559089219761
219.83258359329807 92.128988753899463
223.03012215184378 92.179981954429493
226.2741699796992 92.239088257944246
229.5654035697641 92.297039427947624
232.90450925475412 92.342258620311810
236.2921833503241 92.384554043985744
239.72913230027333 92.432241710666290
243.21607282386276 92.481971001328105
246.75373206527502 92.530613815897539
250.34284774524843 92.579542732624546
253.9841683149166 92.627790230172650
257.67845311188546 92.675819890454505
261.42647251858085 92.720261052093321
265.22900812289896 92.764419853566963
269.08685288119375 92.813643562935709
273.0008112836349 92.864885445276798
276.97169952197106 92.915038931823403
281.00034565973334 92.961403594861224
285.0875898049141 93.003884657029630
289.23428428515797 93.045766271280087
293.44129382550057 93.082062738751659
297.7094957286928 93.119385461558238
302.0397800581479 93.163202498161439
306.4330498235497 93.211452531451201
310.89022116916016 93.252511990522436
315.41222356486645 93.290668789727306
320.00000000000654 93.331500000000062
324.6545071800142 93.370132409594135
329.3767157259242 93.404074681654066
334.16761037677935 93.436839750562086
339.02819019498156 93.463446589013898
343.95946877463007 93.487901396995696
348.9624744528898 93.514793609490880
354.03825052443415 93.546344803356391
359.187855459007 93.586840414763856
364.4123631221491 93.626151487103897
369.71286299913527 93.651236597196203
375.0904604221685 93.668187382303074
380.54627680087896 93.679488716230395
386.08144985617537 93.680459275071911
391.6971338574982 93.674128582678122
397.3944998635236 93.668323850095533
403.1747359663683 93.660679650728326
409.0390475393468 93.645623095497115
414.9886574883323 93.629275520651248
421.0248065067734 93.620123366316108
427.1487533344206 93.619327816112289
433.3617750198154 93.629010808379576
439.6651671865984 93.643211072542698
446.06024430368984 93.657650610759219
452.54833995940066 93.676674023853849
459.13080713953053 93.703203459169416
465.8090185095106 93.734862510756670
472.58436670065066 93.772851290675248
479.45826460054917 93.818844747146784
486.432145647728 93.869797877793189
493.50746413055253 93.927918988510299
500.6856954904994 94.006114049599404
507.9683366298358 94.097602228912308
515.3569062237735 94.190267247417552
522.8529450371643 94.290621376131369
530.4580162458005 94.393467568934255
538.1737057623901 94.485398355831833
546.0016225672724 94.570230859079999
553.9433990439449 94.648869128955255
562.0006913194694 94.719205599687697
570.1751796098309 94.785182462366350
578.4685685703187 94.841162837849652
586.8825876510039 94.891763137758375
595.4189914573883 94.941159200879980
604.0795601162986 94.989682608132370
612.8660996471021 95.035330498235510
621.780442338323 95.077480625142215
630.8244471297356 95.116174121449475
640.0000000000159 95.151500000000055
649.3090143600314 95.185943353132117
658.7534314518515 95.222638382662225
668.3352207535618 95.263341449240301
678.0563803899662 95.304336797637859
687.9189375492632 95.340612228299875
697.9249489057827 95.375341073724954
708.0765010488715 95.413998354090609
718.3757109180171 95.450396202667164
728.8247262443015 95.483797887669553
739.425725998274 95.516248464294733
750.1809208443404 95.550572916007070
761.0925536017613 95.585126419738913
772.1628997123541 95.614579891555394
783.3942677149998 95.639434248331156
794.7889997270506 95.664275249385867
806.34947193274 95.692138241162382
818.0780950786972 95.721695237696736
829.9773149766683 95.750677546676030
842.0496130135506 95.777599226027093
854.2975066688449 95.801557825004082
866.7235500396347 95.825810450082315
879.3303343732008 95.851660668746405
892.1204886073838 95.877240977214768
905.0966799188055 95.903830444827463
918.2616142790653 95.929578240647572
931.6180370190256 95.954736074038038
945.1687334013056 95.984227044603045
958.9165292011028 96.012961536352165
972.8642912954606 96.037803581088298
987.0149282611097 96.064143518645935
1001.3713909810035 96.094197068929304
1015.9366732596762 96.122904568961332
1030.7138124475518 96.153259037817193
1045.7058900743334 96.189944870796893
1060.916032491606 96.225106874730699
1076.3474115247852 96.261452407139359
1092.0032451345498 96.308699162202288
1107.8867980878947 96.366075492829594
1124.0013826389438 96.426505184896030
1140.350359219667 96.487911778707911
1156.9371371406426 96.551933224147092
1173.765175302013 96.618560701208054
1190.837982914782 96.687060354407492
1208.1591202326028 96.757330483862319
1225.73219929421 96.834840820566257
1243.5608846766518 96.917235337899569
1261.648894259477 97.004691285396120
1280.0000000000375 97.098000000000212
1298.6180287200684 97.197473467732934
1317.5068629037087 97.299038432260772
1336.6704415071292 97.406354472439915
1356.112760779938 97.517245555465138
1375.8378750985323 97.631755622448949
1395.8498978115715 97.750306891978852
1416.153002097749 97.875148613006047
1436.7514218360407 98.004884241934263
1457.6494524886093 98.142863287872771
1478.8514519965543 98.287383134935951
1500.3618416886875 98.437467760316849
1522.1851072035295 98.586302431128075
1544.3257994247153 98.737301952076564
1566.788535430007 98.893855518718652
1589.5779994541087 99.056170036080502
1612.6989438654878 99.224464226849989
1636.156190157402 99.394432073920711
1659.9546299533442 99.562881502272475
1684.099226027109 99.731284659587047
1708.5950133376978 99.900305592030122
1733.4471000792773 100.074488062572385
1758.6606687464096 100.255663961474426
1784.2409772147755 100.434284186427590
1810.193359837619 100.607572307731530
1836.5232285581387 100.779900985627904
1863.2360740380593 100.952740316805091
1890.3374668026197 101.125739539528610
1917.833058402214 101.296494978589607
1945.7285825909298 101.463627780590116
1974.0298565222283 101.628853764959374
2002.7427819620161 101.791813865954595
2031.8733465193618 101.954116071204567
2061.4276248951132 102.113352268209837
2091.411780148677 102.267582430412531
2121.832064983222 102.419839713544036
2152.694823049581 102.566372241892424
2184.0064902691106 102.711229530724452
2215.7735961758003 102.854981182791107
2248.002765277899 102.997478234745870
2280.7007184393456 103.129092658225574
2313.874274281297 103.247210056747036
2347.530350604038 103.355551914362451
2381.6759658295764 103.452796057312725
2416.318240465218 103.541663777116526
2451.4643985884327 103.619843542018060
2487.1217693533167 103.689819184835969
2523.2977885189675 103.748529127491423
2560.0000000000887 103.798500000000104
2597.236057440151 103.839805156004147
2635.0137258074315 103.874511438172860
2673.340883014273 103.905964467449095
2712.225521559891 103.938391693325912
2751.6757501970797 103.969152759525272
2791.699795623158 103.994123629928595
2832.3060041955137 104.013537701887984
2873.502843672097 104.027610739354742
2915.2989049772345 104.032205164253412
2957.7029039931244 104.023379635123234
3000.723683377391 104.002821546833701
3044.370214407075 103.960391558177591
3088.6515988494466 103.896724861898406
3133.57707086003 103.813167004736925
3179.1559989082334 103.707776242685739
3225.3978877309914 103.585893872107846
3272.3123803148205 103.445654135386278
3319.9092599067053 103.285224849533989
3368.198452054235 103.108345882193902
3417.190026675413 102.918052292231323
3466.8942001585724 102.716571663353022
3517.3213374928373 102.512561076778510
3568.4819544295697 102.311529294990450
3620.386719675257 102.115476871595050
3673.0464571162966 101.923993683523662
3726.472148076138 101.734847481733510
3780.6749336052594 101.549081652416561
3835.6661168044484 101.366681748561859
3891.45716518188 101.193933148148687
3948.059713044477 101.026248100105732
4005.4855639240527 100.866417542568570
4063.746693038744 100.712289379613082
4122.855249790247 100.567742244209711
4182.823560297375 100.437236076874171
4243.664129966465 100.323811871991083
4305.389646099183 100.228915530851225
4368.012980538242 100.148033449813738
4431.5471923516225 100.074281105993123
4496.00553055582 100.004294054652490
4561.401436878714 99.944460289331886
4627.748548562617 99.892059446101996
4695.060701208099 99.840059015470729
4763.351931659176 99.785913825613079
4832.63648093046 99.729627167162590
4902.928797176889 99.665423259764310
4974.243538706657 99.610739239598558
5046.595577037959 99.595791222356496
5120.000000000202 99.626000000000147
5194.472114880326 99.733949992162906
5270.027451614888 99.982484463314364
5346.6817660285715 100.418560725881250
5424.451043119808 101.062974820227907
5503.351500394186 101.926188226029282
5583.399591246343 102.989470647520193
5664.612008391055 104.198133347418164
5747.005687344222 105.462913011651835
5830.597809954497 106.728045145788158
5915.405807986278 107.931382093507310
6001.447366754812 109.010509851716989
6088.740428814181 109.862741604859323
6177.303197698925 110.443849914981413
6267.154141720092 110.720804333838146
6358.3119978165005 110.682575483460852
6450.795775462017 110.402649785304902
6544.624760629676 109.941808235820289
6639.818519813445 109.379527899359431
6736.396904108505 108.786754606307881
6834.380053350861 108.215753507103770
6933.788400317181 107.690443664450569
7034.642674985712 107.226004312808158
7136.963908859177 106.838943198486191
7240.773439350552 106.527100659278830
7346.092914232631 106.285271140102182
7452.944296152315 106.111084086117415
7561.349867210557 105.997375110657870
7671.332233608935 105.926190221546875
7782.914330363799 105.889468128433549
7896.119426088994 105.883611942608894
8010.971127848146 105.894959973686710
8127.49338607753 105.904211792843171
8245.710499580537 105.899664980785360
8365.647120594791 105.857244321321133
8487.328259932974 105.783131033209685
8610.77929219841 105.675760217405582
8736.025961076528 105.509972445153792
8863.094384703289 105.275767941069034
8992.011061111683 104.963359861906014
9122.802873757471 104.579606265961871
9255.497097125279 104.158028720936585
9390.121402416245 103.717683717046526
9526.7038633184 103.270436371283964
9665.272961860968 102.835855241193485
9805.857594353829 102.430969658343301
9948.487077413367 102.062421297514689
10093.19115407597 101.723834805887037
10240.000000000457 101.387799999998947
10388.944229760706 101.020650950402754
10540.05490322983 100.594776050189779
10693.363532057198 100.117869426775826
10848.902086239672 99.594947149714727
11006.703000788428 99.026533025225064
11166.799182492743 98.416271742188854
11329.224016782166 97.764501687634407
11494.0113746885 97.090603268988076
11661.195619909053 96.419385751955730
11830.811615972614 95.764289219790271
12002.894733509682 95.148761145523054
12177.48085762842 94.585344235250261
12354.606395397908 94.127039127783362
12534.308283440243 93.721854184616305
12716.62399563306 93.351753288864884
12901.591550924093 92.912846997690053
13089.249521259411 92.414749127857164
13279.637039626952 91.745218989161202
13472.793808217073 90.849869311792148
13668.760106701786 89.717871705371380
13867.576800634426 88.370189355368694
14069.285349971487 86.875314682050686
14273.927817718419 85.315256936259914
14481.54687870117 83.782130441546400
14692.18582846533 82.324645871815463
14905.888592304698 80.853239376205238
15122.699734421185 79.354690840461188
15342.664467217943 78.122042984981746
15565.828660727671 77.760823402904691
15792.238852178061 78.725962429734892
16021.942255696367 80.384388809960456
16254.986772155136 81.740466321656257
16491.42099916115 82.521172139230117
16731.294241189662 82.658208293359138
16974.65651986603 82.201961003877329
17221.558584396902 81.447602404630615
17472.051922153143 80.777056275491674
17726.188769406665 80.417192640392358
17984.022122223458 80.377171070866609
18245.605747515034 80.591650634823168
18510.99419425065 81.007954934241738
18780.242804832582 81.509408577735869
19053.40772663689 81.850049819916066
19330.545923722028 81.708303386810741
19611.71518870775 80.857026827986019
19896.974154826825 79.331699723170232
20186.382308152035 77.380694090347902
