20 105.181500000000000
20.290906698750476 105.116045774600394
20.586044732869844 105.043442287751148
20.885475648548283 104.964824745882282
21.189261887185914 104.880006941564801
21.49746679841394 104.784457709915699
21.810154653305165 104.681445539115487
22.12739065777668 104.570731746422595
22.449240966187475 104.459011923292252
22.77577269513385 104.346611251200102
23.107053937445478 104.233779963764164
23.44315377638505 104.121497671761347
23.784142300054445 104.011995175482838
24.130090616010463 103.901069953616386
24.481070866093134 103.781172486339742
24.837156241469714 103.656909876794998
25.1984209978975 103.537009228178050
25.56494047120865 103.415507747380403
25.936791093020236 103.287806963873209
26.3140504066728 103.163355312882572
26.69679708340074 103.056348772898801
27.08511093873791 102.951903178734369
27.47907294916184 102.843406181309490
27.878765268980047 102.735778747134063
28.284271247461966 102.630726560649734
28.695675446220072 102.526581138444982
29.11306365684382 102.423816976984853
29.536522918790062 102.324611049541346
29.966141537533712 102.231813427892718
30.402009102982383 102.141084786767692
30.844216508158908 102.050656826260280
31.29285596815558 101.962375226130050
31.74802103936409 101.877608191875098
32.20980663898519 101.798430937762376
32.67830906482211 101.728106585313839
33.153626015361866 101.666564878156578
33.63585661014871 101.609240633222754
34.125101410453844 101.552863540618716
34.62146244024586 101.496896206692469
35.12504320746613 101.441745592838458
35.635948725613716 101.392624101950901
36.15428553564419 101.354551438932646
36.68016172818701 101.324591104949718
37.21368696608603 101.293537721136573
37.754972507267915 101.262205023970992
38.30413122794313 101.235771962933754
38.86127764614443 101.219871270925836
39.4265279456077 101.207153123290226
40.000000000000206 101.194000000000003
40.58181339750116 101.180909154920073
41.1720894657399 101.171441930416137
41.77095129709678 101.161484129995486
42.37852377437204 101.147776595476358
42.9949335968281 101.132626618834692
43.62030930661056 101.117859463548427
44.25478131555359 101.102130511924713
44.89848193237519 101.082299348195633
45.55154539026795 101.059475005418037
46.21410787489121 101.033435723123432
46.88630755277036 101.006362716186516
47.56828460010916 100.977183324161388
48.260181232021196 100.943129907006806
48.962141732186545 100.903895037213829
49.674312482939705 100.863498501823528
50.39684199579528 100.818457211472463
51.129880942417586 100.770793333996963
51.873582186040764 100.722717192597059
52.628100813345895 100.668589785711262
53.393594166801776 100.609004420619883
54.17022187747612 100.551084435598909
54.95814589832399 100.498220559151008
55.75753053796041 100.446260534733241
56.56854249492426 100.394966094067229
57.39135089244048 100.342562191991362
58.226127313687975 100.289545424835580
59.073045837580466 100.239190295582745
59.932283075067765 100.188495298570999
60.804018205965114 100.139793298274228
61.68843301631817 100.094578362643574
62.58571193631152 100.050437637987045
63.49604207872855 100.006441959181672
64.41961327797075 99.961229142740450
65.35661812964459 99.914669093517773
66.3072520307241 99.867598276509881
67.27171322029778 99.821501191866304
68.25020282090806 99.776365568827771
69.2429248804921 99.730203993057117
70.25008641493265 99.683370981705636
71.27189745122783 99.636944358322808
72.30857107128878 99.593502871612799
73.36032345637442 99.551447385201385
74.42737393217246 99.509405042713098
75.50994501453623 99.466102148423914
76.60826245588666 99.423268593141330
77.72255529228926 99.382210582745444
78.85305589121582 99.342532617032305
80.00000000000082 99.299999999999983
81.16362679500274 99.254424503256985
82.34417893148023 99.207672897315433
83.541902594194 99.163430569987753
84.75704754874454 99.120503357052343
85.98986719365665 99.076529670218150
87.24061861322157 99.029376422320198
88.50956263110764 98.977607932124585
89.79696386475084 98.924824481545215
91.10309078053635 98.873755125392023
92.42821574978288 98.825595270749545
93.77261510554118 98.775032310562722
95.13656920021877 98.721764834237035
96.52036246404286 98.668431845414062
97.92428346437356 98.612049587162062
99.34862496587989 98.550769135929812
100.79368399159105 98.487607027031061
102.25976188483567 98.426103016683356
103.74716437208203 98.363178183400436
105.25620162669229 98.291422402435046
106.78718833360406 98.218576524987810
108.34044375495276 98.155123433148432
109.9162917966485 98.095566331585701
111.51506107592134 98.032897529252381
113.13708498984903 97.968016676211576
114.78270178488147 97.900144656081210
116.45225462737648 97.829609152491571
118.14609167516147 97.756285396688071
119.86456615013608 97.677301605254598
121.60803641193078 97.594178191018841
123.3768660326369 97.506484458361115
125.17142387262359 97.419557360568433
126.99208415745765 97.336676353176841
128.83922655594208 97.258232042682408
130.71323625928977 97.180594497829432
132.61450406144883 97.104302471680313
134.5434264405962 97.034474497290773
136.50040564181674 96.972112526514138
138.48584976098482 96.910209882767987
140.50017282986593 96.842660329571586
142.5437949024563 96.767727520243270
144.61714214257822 96.682675744476057
146.7206469127495 96.588382630161178
148.8547478643456 96.490410648667236
151.01989002907314 96.390177102651009
153.216524911774 96.288539854058399
155.4451105845792 96.185757846758605
157.70611178243232 96.080395190938646
160.00000000000236 95.973499999999888
162.3272535900062 95.870169940603716
164.6883578629612 95.764023896166748
167.08380518838874 95.655395244447149
169.51409509748981 95.542240349437478
171.97973438731407 95.428036271306084
174.4812372264439 95.321580531379936
177.01912526221608 95.227715315612670
179.5939277295025 95.141819170472303
182.20618156107355 95.053048590611297
184.85643149956664 94.958639752315520
187.54523021108326 94.868588817414206
190.27313840043846 94.784024358707200
193.04072492808663 94.704833006884130
195.84856692874806 94.632625253552803
198.69724993176072 94.562547651678699
201.58736798318304 94.490551239089896
204.5195237696723 94.415998889911748
207.49432874416505 94.339396507442402
210.5124032533856 94.262941985874249
213.57437666720915 94.191363713321408
216.68088750990657 94.139440910780237
219.83258359329807 94.099257872270385
223.03012215184378 94.073259022785251
226.2741699796992 94.050338866802008
229.5654035697641 94.030962713104671
232.90450925475412 94.014461538602021
236.2921833503241 93.999806064542980
239.72913230027333 93.991643310786856
243.21607282386276 93.990824109235788
246.75373206527502 93.996130598097920
250.34284774524843 94.005242823076529
253.9841683149166 94.018442610141577
257.67845311188546 94.031374585891598
261.42647251858085 94.047490817268795
265.22900812289896 94.066259544675944
269.08685288119375 94.087506641806968
273.0008112836349 94.110504867701820
276.97169952197106 94.134330197131831
281.00034565973334 94.160102627013970
285.0875898049141 94.191367139068646
289.23428428515797 94.232419414423063
293.44129382550057 94.273036420724807
297.7094957286928 94.314011158995442
302.0397800581479 94.356142828074212
306.4330498235497 94.398613973323720
310.89022116916016 94.437553157584006
315.41222356486645 94.473215343805961
320.00000000000654 94.509000000000057
324.6545071800142 94.548563311030108
329.3767157259242 94.586513725807393
334.16761037677935 94.616088901222994
339.02819019498156 94.641543769994399
343.95946877463007 94.670256812647779
348.9624744528898 94.700274846717349
354.03825052443415 94.728710377884397
359.187855459007 94.761639846029453
364.4123631221491 94.793915415045106
369.71286299913527 94.810224730097673
375.0904604221685 94.807151081228767
380.54627680087896 94.786107218053758
386.08144985617537 94.755603155877338
391.6971338574982 94.710955074809547
397.3944998635236 94.660033901337471
403.1747359663683 94.601429833683667
409.0390475393468 94.536797699335906
414.9886574883323 94.463149343070285
421.0248065067734 94.379424248044160
427.1487533344206 94.289984951095164
433.3617750198154 94.198467003872736
439.6651671865984 94.101476586844910
446.06024430368984 93.996647533862586
452.54833995940066 93.888462058661773
459.13080713953053 93.787128008212690
465.8090185095106 93.699109196095009
472.58436670065066 93.638617249745124
479.45826460054917 93.611901918270377
486.432145647728 93.621182866072729
493.50746413055253 93.672735618712096
500.6856954904994 93.748642633949686
507.9683366298358 93.835123997479315
515.3569062237735 93.918467089030941
522.8529450371643 93.989290469649092
530.4580162458005 94.044204203182915
538.1737057623901 94.080983894623799
546.0016225672724 94.102504056418184
553.9433990439449 94.124058971773309
562.0006913194694 94.154403422031379
570.1751796098309 94.195357641976187
578.4685685703187 94.259631406419970
586.8825876510039 94.350649757986545
595.4189914573883 94.458843535956134
604.0795601162986 94.574309144048229
612.8660996471021 94.690454452504781
621.780442338323 94.809067336947606
630.8244471297356 94.932171258607923
640.0000000000159 95.056500000000199
649.3090143600314 95.174259031654401
658.7534314518515 95.278850074397766
668.3352207535618 95.360432049141522
678.0563803899662 95.415490359008317
687.9189375492632 95.450444653280186
697.9249489057827 95.478793609490907
708.0765010488715 95.509940978303945
718.3757109180171 95.546152559304858
728.8247262443015 95.585092723416125
739.425725998274 95.626260331393269
750.1809208443404 95.666670914797749
761.0925536017613 95.707134886273195
772.1628997123541 95.745679268235079
783.3942677149998 95.779391377342691
794.7889997270506 95.806926624419987
806.34947193274 95.828582453221230
818.0780950786972 95.846883369730406
829.9773149766683 95.862168750168081
842.0496130135506 95.873874677511282
854.2975066688449 95.883544067223767
866.7235500396347 95.890271725010678
879.3303343732008 95.893149550155982
892.1204886073838 95.895898796961973
905.0966799188055 95.897575276673436
918.2616142790653 95.892665036268340
931.6180370190256 95.886981840458617
945.1687334013056 95.889883063925708
958.9165292011028 95.897329786650602
972.8642912954606 95.905685717720289
987.0149282611097 95.919477040886534
1001.3713909810035 95.943611329583320
1015.9366732596762 95.982341242221025
1030.7138124475518 96.027498343566435
1045.7058900743334 96.081623196269675
1060.916032491606 96.150171765707185
1076.3474115247852 96.229276022233847
1092.0032451345498 96.314956869396852
1107.8867980878947 96.410562030633315
1124.0013826389438 96.515009332812866
1140.350359219667 96.625952514537673
1156.9371371406426 96.743794244269665
1173.765175302013 96.866018167852360
1190.837982914782 96.995577522092844
1208.1591202326028 97.129464516113302
1225.73219929421 97.267402227804652
1243.5608846766518 97.407487077413208
1261.648894259477 97.552967747026443
1280.0000000000375 97.699000000000268
1298.6180287200684 97.835177581495358
1317.5068629037087 97.972548040325961
1336.6704415071292 98.112527745077401
1356.112760779938 98.264693629181011
1375.8378750985323 98.421411107033322
1395.8498978115715 98.581299182492586
1416.153002097749 98.747223833903178
1436.7514218360407 98.911804449316207
1457.6494524886093 99.064281222171402
1478.8514519965543 99.211499367255385
1500.3618416886875 99.365155917994969
1522.1851072035295 99.525338686873909
1544.3257994247153 99.668525568352692
1566.788535430007 99.796501174156433
1589.5779994541087 99.914098437281467
1612.6989438654878 100.024669120658558
1636.156190157402 100.129694741479980
1659.9546299533442 100.231309445804044
1684.099226027109 100.333990640957651
1708.5950133376978 100.441161859219378
1733.4471000792773 100.551167240348818
1758.6606687464096 100.659508741860279
1784.2409772147755 100.759397878884599
1810.193359837619 100.848526485873890
1836.5232285581387 100.935909441668827
1863.2360740380593 101.035209017632994
1890.3374668026197 101.147224109907057
1917.833058402214 101.252199010247978
1945.7285825909298 101.343916892639157
1974.0298565222283 101.440162706436467
2002.7427819620161 101.545191162932454
2031.8733465193618 101.648275269911693
2061.4276248951132 101.755543943342687
2091.411780148677 101.871817705226690
2121.832064983222 101.985637417693795
2152.694823049581 102.087599489623017
2184.0064902691106 102.189121255631335
2215.7735961758003 102.292961357523552
2248.002765277899 102.400143057893942
2280.7007184393456 102.514774169230378
2313.874274281297 102.624547774462656
2347.530350604038 102.723669326711445
2381.6759658295764 102.818879855604209
2416.318240465218 102.915735014651460
2451.4643985884327 103.012722181171128
2487.1217693533167 103.102950795157739
2523.2977885189675 103.181051688820361
2560.0000000000887 103.254250000000170
2597.236057440151 103.315837776108197
2635.0137258074315 103.359512353226677
2673.340883014273 103.388463334996956
2712.225521559891 103.408019783264621
2751.6757501970797 103.418127043794343
2791.699795623158 103.423169979562317
2832.3060041955137 103.422707759832178
2873.502843672097 103.426230511860979
2915.2989049772345 103.440332332036121
2957.7029039931244 103.464350074477466
3000.723683377391 103.479683388522403
3044.370214407075 103.457838437965790
3088.6515988494466 103.402522601725821
3133.57707086003 103.335723820481462
3179.1559989082334 103.271264721506640
3225.3978877309914 103.196275844329591
3272.3123803148205 103.095719049212946
3319.9092599067053 102.976328665035112
3368.198452054235 102.861191343562851
3417.190026675413 102.758979447982938
3466.8942001585724 102.663069961700302
3517.3213374928373 102.567589458763621
3568.4819544295697 102.473711038381140
3620.386719675257 102.390346990864373
3673.0464571162966 102.317348212035327
3726.472148076138 102.248939257866354
3780.6749336052594 102.189325066394744
3835.6661168044484 102.136527139548178
3891.45716518188 102.080849079934580
3948.059713044477 102.011864724727047
4005.4855639240527 101.923774497473630
4063.746693038744 101.842035631723661
4122.855249790247 101.763074362825108
4182.823560297375 101.668852879405250
4243.664129966465 101.547171740067071
4305.389646099183 101.401103268977806
4368.012980538242 101.238682809096076
4431.5471923516225 101.068641449058163
4496.00553055582 100.884050674142742
4561.401436878714 100.678363891309331
4627.748548562617 100.463350356979845
4695.060701208099 100.261664906170552
4763.351931659176 100.093868362324187
4832.63648093046 99.962907995320563
4902.928797176889 99.861398180752403
4974.243538706657 99.789458797260238
5046.595577037959 99.772747334138927
5120.000000000202 99.802857142857277
5194.472114880326 99.873419326368364
5270.027451614888 99.970287745970467
5346.6817660285715 100.093484851587675
5424.451043119808 100.236774489378490
5503.351500394186 100.377340797107138
5583.399591246343 100.499514397088362
5664.612008391055 100.602180530153191
5747.005687344222 100.683309635185537
5830.597809954497 100.735067386787250
5915.405807986278 100.749262025284665
6001.447366754812 100.719360198680590
6088.740428814181 100.649134160992148
6177.303197698925 100.561051551053311
6267.154141720092 100.459593883478888
6358.3119978165005 100.355690562445517
6450.795775462017 100.265823590857281
6544.624760629676 100.202803238700909
6639.818519813445 100.175504537004656
6736.396904108505 100.185283040273632
6834.380053350861 100.223049528009199
6933.788400317181 100.281320822223620
7034.642674985712 100.354501646364071
7136.963908859177 100.429820277568538
7240.773439350552 100.490124844527230
7346.092914232631 100.501863519443702
7452.944296152315 100.417142972040466
7561.349867210557 100.202125331973605
7671.332233608935 99.855304288925154
7782.914330363799 99.377978449999858
7896.119426088994 98.780298371727156
8010.971127848146 98.103807528649511
8127.49338607753 97.401760201426896
8245.710499580537 96.703824550553378
8365.647120594791 96.025983361874779
8487.328259932974 95.371241010441651
8610.77929219841 94.741295092093068
8736.025961076528 94.141591670100695
8863.094384703289 93.580185981696729
8992.011061111683 93.060222053516213
9122.802873757471 92.566028237593613
9255.497097125279 92.096311000142890
9390.121402416245 91.679334833395600
9526.7038633184 91.312907938286955
9665.272961860968 90.986230272986404
9805.857594353829 90.711182741993042
9948.487077413367 90.485264463395737
10093.19115407597 90.318430120284546
10240.000000000457 90.218799999999788
10388.944229760706 90.187141078329120
10540.05490322983 90.235840123187501
10693.363532057198 90.361853226245387
10848.902086239672 90.582858768674669
11006.703000788428 90.920419626872501
11166.799182492743 91.362057588353593
11329.224016782166 91.941718418115741
11494.0113746885 92.660202797512454
11661.195619909053 93.603517850347089
11830.811615972614 94.685632597711148
12002.894733509682 95.920659895111797
12177.48085762842 97.123915363483377
12354.606395397908 97.963630349055450
12534.308283440243 98.275606746495612
12716.62399563306 97.751828022198623
12901.591550924093 96.476517672469072
13089.249521259411 94.903675798244336
13279.637039626952 93.269770644755994
13472.793808217073 91.716465509604518
13668.760106701786 90.353640236048136
13867.576800634426 89.190668896748576
14069.285349971487 88.233357417531323
14273.927817718419 87.410353626409091
14481.54687870117 86.758590027912717
14692.18582846533 86.297487901938155
14905.888592304698 85.997163450403434
15122.699734421185 85.903733169192861
15342.664467217943 86.075844265336059
15565.828660727671 86.575375172368680
15792.238852178061 87.451224426039559
16021.942255696367 88.679417682112273
16254.986772155136 89.915133121019238
16491.42099916115 90.395567470295461
16731.294241189662 89.425373590120145
16974.65651986603 86.832042855738877
17221.558584396902 83.177707696985522
17472.051922153143 79.316518321955471
17726.188769406665 75.889808315516945
17984.022122223458 73.502936174077945
18245.605747515034 72.311289823625714
18510.99419425065 72.087196588073795
18780.242804832582 73.671317182853386
19053.40772663689 76.965716958529015
19330.545923722028 79.311747738101388
19611.71518870775 78.963845134706986
19896.974154826825 75.950004488475457
20186.382308152035 74.513000000000005
