20 101.703000000000003
20.290906698750476 101.699500004127302
20.586044732869844 101.695499990174426
20.885475648548283 101.690999989286979
21.189261887185914 101.685500002220152
21.49746679841394 101.679500003910263
21.810154653305165 101.672999983465559
22.12739065777668 101.665999983590964
22.449240966187475 101.658000025604153
22.77577269513385 101.649499978940810
23.107053937445478 101.640000001693309
23.44315377638505 101.629499977149010
23.784142300054445 101.618499991295153
24.130090616010463 101.607000014377491
24.481070866093134 101.594500004941949
24.837156241469714 101.580499989937650
25.1984209978975 101.565500000086985
25.56494047120865 101.550000021563250
25.936791093020236 101.532999950568652
26.3140504066728 101.515000029774484
26.69679708340074 101.496499943997847
27.08511093873791 101.476500054463088
27.47907294916184 101.455500002828757
27.878765268980047 101.433499984688382
28.284271247461966 101.409999985511590
28.695675446220072 101.385999973176283
29.11306365684382 101.360500021298975
29.536522918790062 101.334000068689932
29.966141537533712 101.304999962868607
30.402009102982383 101.275000061517943
30.844216508158908 101.243000035463496
31.29285596815558 101.211500002263193
31.74802103936409 101.178999925456708
32.20980663898519 101.146500093973671
32.67830906482211 101.113500065633787
33.153626015361866 101.079999930265345
33.63585661014871 101.047000026582310
34.125101410453844 101.012500113304995
34.62146244024586 100.977500112718459
35.12504320746613 100.940499907494583
35.635948725613716 100.900999942396453
36.15428553564419 100.858999953998264
36.68016172818701 100.813999934249480
37.21368696608603 100.766000092683726
37.754972507267915 100.712000151130184
38.30413122794313 100.650499972489285
38.86127764614443 100.583000164643707
39.4265279456077 100.510500135680815
40.000000000000206 100.433499999999967
40.58181339750116 100.350000087705084
41.1720894657399 100.258499924289225
41.77095129709678 100.159999785740524
42.37852377437204 100.061500194970364
42.9949335968281 99.983000046271485
43.62030930661056 99.945999989665921
44.25478131555359 99.947500034869222
44.89848193237519 99.966999963642721
45.55154539026795 99.994500073707115
46.21410787489121 100.032499992286006
46.88630755277036 100.083500043927472
47.56828460010916 100.134500078914584
48.260181232021196 100.159499999004808
48.962141732186545 100.147000039591163
49.674312482939705 100.106500032553825
50.39684199579528 100.054500073396241
51.129880942417586 100.004500137043891
51.873582186040764 99.959499933740744
52.628100813345895 99.917500010352683
53.393594166801776 99.874499935163101
54.17022187747612 99.830500064808021
54.95814589832399 99.784999945863859
55.75753053796041 99.735499963385223
56.56854249492426 99.677499959553160
57.39135089244048 99.608499917382915
58.226127313687975 99.529500066354501
59.073045837580466 99.443500223878232
59.932283075067765 99.349999765877840
60.804018205965114 99.250000209160461
61.68843301631817 99.145500236894350
62.58571193631152 99.036000007779649
63.49604207872855 98.922499737968366
64.41961327797075 98.806500465799772
65.35661812964459 98.686500369324762
66.3072520307241 98.564499868073696
67.27171322029778 98.442499972885315
68.25020282090806 98.323000385236185
69.2429248804921 98.206500363203872
70.25008641493265 98.090499729599500
71.27189745122783 97.979499863718644
72.30857107128878 97.892999996734744
73.36032345637442 97.862000055448533
74.42737393217246 97.906999872559908
75.50994501453623 98.042999413086747
76.60826245588666 98.273000360602964
77.72255529228926 98.554999558686092
78.85305589121582 98.845999460993198
80.00000000000082 99.117000000000161
81.16362679500274 99.335999790539688
82.34417893148023 99.488500166701414
83.541902594194 99.576500059250606
84.75704754874454 99.608999959800002
85.98986719365665 99.604500007820519
87.24061861322157 99.579499933862053
88.50956263110764 99.546999928210454
89.79696386475084 99.513000080076552
91.10309078053635 99.479999934716531
92.42821574978288 99.449999983208230
93.77261510554118 99.418499971528433
95.13656920021877 99.379999890912188
96.52036246404286 99.331500019295774
97.92428346437356 99.276500100777497
99.34862496587989 99.217500001432128
100.79368399159105 99.156000085859745
102.25976188483567 99.093000176199254
103.74716437208203 99.028499895878284
105.25620162669229 98.963000058940935
106.78718833360406 98.896499897467208
108.34044375495276 98.829000096491910
109.9162917966485 98.760999924434842
111.51506107592134 98.693499956062183
113.13708498984903 98.626500000424016
114.78270178488147 98.557499925966482
116.45225462737648 98.488500015344528
118.14609167516147 98.420000134952033
119.86456615013608 98.348999871251451
121.60803641193078 98.278000145592060
123.3768660326369 98.207500118679690
125.17142387262359 98.136000044443051
126.99208415745765 98.065499883342028
128.83922655594208 97.998500229422405
130.71323625928977 97.932500204502105
132.61450406144883 97.864999925992464
134.5434264405962 97.795000020516554
136.50040564181674 97.723000236321568
138.48584976098482 97.652000184045221
140.50017282986593 97.579999826848606
142.5437949024563 97.505499930011254
144.61714214257822 97.428499994625895
146.7206469127495 97.348999810550836
148.8547478643456 97.266500160265551
151.01989002907314 97.184000266265244
153.216524911774 97.105999905587481
155.4451105845792 97.036500102311408
157.70611178243232 96.979000098508038
160.00000000000236 96.943999999999988
162.3272535900062 96.941499996981605
164.6883578629612 96.964000055027668
167.08380518838874 96.999500069185530
169.51409509748981 97.039499935999658
171.97973438731407 97.068999983055548
174.4812372264439 97.078999987599133
177.01912526221608 97.068499936536256
179.5939277295025 97.038500069345815
182.20618156107355 96.993499913638459
184.85643149956664 96.941999969774798
187.54523021108326 96.886999931479949
190.27313840043846 96.828499863059960
193.04072492808663 96.769500022768995
195.84856692874806 96.711000106176186
198.69724993176072 96.652500001408242
201.58736798318304 96.593000081705270
204.5195237696723 96.534500144962919
207.49432874416505 96.474999908499143
210.5124032533856 96.417000033445021
213.57437666720915 96.358999893807621
216.68088750990657 96.301000102133543
219.83258359329807 96.242499953603954
223.03012215184378 96.185999980044357
226.2741699796992 96.130500000342948
229.5654035697641 96.074999923083169
232.90450925475412 96.020000012008751
236.2921833503241 95.965500121497200
239.72913230027333 95.912499903891955
243.21607282386276 95.859500108681431
246.75373206527502 95.806000090263410
250.34284774524843 95.753500033175769
253.9841683149166 95.700999896664285
257.67845311188546 95.649000194782019
261.42647251858085 95.597500144894298
265.22900812289896 95.546499945298763
269.08685288119375 95.495500001564949
273.0008112836349 95.445000161864073
276.97169952197106 95.394500131460774
281.00034565973334 95.344499883775143
285.0875898049141 95.294999941853263
289.23428428515797 95.245499984670687
293.44129382550057 95.195499889102919
297.7094957286928 95.146500084873196
302.0397800581479 95.097000171905563
306.4330498235497 95.047499935747055
310.89022116916016 94.999000073297736
315.41222356486645 94.951500076999963
320.00000000000654 94.904499999999942
324.6545071800142 94.860000026561920
329.3767157259242 94.818999947867809
334.16761037677935 94.783499954305228
339.02819019498156 94.754500044800224
343.95946877463007 94.730000019636606
348.9624744528898 94.706999943386563
354.03825052443415 94.680999925881267
359.187855459007 94.646500073424960
364.4123631221491 94.607999932637995
369.71286299913527 94.568499978170678
375.0904604221685 94.528999953926188
380.54627680087896 94.488499912272232
386.08144985617537 94.448000008236107
391.6971338574982 94.406000075583052
397.3944998635236 94.362500008745243
403.1747359663683 94.319000060932723
409.0390475393468 94.275000108107889
414.9886574883323 94.230999925013663
421.0248065067734 94.188500031151847
427.1487533344206 94.149999938233321
433.3617750198154 94.113000065154125
439.6651671865984 94.075499965047527
446.06024430368984 94.041999990022163
452.54833995940066 94.016500000143395
459.13080713953053 93.998499983517817
465.8090185095106 93.989500002229505
472.58436670065066 93.989999991588462
479.45826460054917 94.001500034453841
486.432145647728 94.021999958030221
493.50746413055253 94.048499951065992
500.6856954904994 94.079999984898379
507.9683366298358 94.110000049987590
515.3569062237735 94.136499902609003
522.8529450371643 94.159999935912140
530.4580162458005 94.178500016088606
538.1737057623901 94.192999999570418
546.0016225672724 94.204499964389925
553.9433990439449 94.214499973707831
562.0006913194694 94.224500022452389
570.1751796098309 94.234000011461120
578.4685685703187 94.246000002434982
586.8825876510039 94.261000048517474
595.4189914573883 94.283999957563410
604.0795601162986 94.317999872789869
612.8660996471021 94.365500068325929
621.780442338323 94.427499890199670
630.8244471297356 94.506499854877021
640.0000000000159 94.597000000000165
649.3090143600314 94.692999931771297
658.7534314518515 94.791000139488801
668.3352207535618 94.890500170771929
678.0563803899662 94.994999833599195
687.9189375492632 95.102999918704398
697.9249489057827 95.213000238224254
708.0765010488715 95.323500274185761
718.3757109180171 95.442999751171016
728.8247262443015 95.574500247778900
739.425725998274 95.709500072764484
750.1809208443404 95.839000148853955
761.0925536017613 95.962000256491478
772.1628997123541 96.075999966562364
783.3942677149998 96.182999820357509
794.7889997270506 96.283499988980140
806.34947193274 96.377999877927380
818.0780950786972 96.471499766140454
829.9773149766683 96.562500149466189
842.0496130135506 96.652499933246048
854.2975066688449 96.746000166263045
866.7235500396347 96.841499830951506
879.3303343732008 96.938000097090239
892.1204886073838 97.037500044236907
905.0966799188055 97.139499999364062
918.2616142790653 97.238500129837476
931.6180370190256 97.338499962841496
945.1687334013056 97.438499789711329
958.9165292011028 97.534000172269231
972.8642912954606 97.630499806042877
987.0149282611097 97.732999813325875
1001.3713909810035 97.835499943788165
1015.9366732596762 97.940000205504589
1030.7138124475518 98.051999584343122
1045.7058900743334 98.166999669064936
1060.916032491606 98.287500134071706
1076.3474115247852 98.413999996072363
1092.0032451345498 98.542999579153559
1107.8867980878947 98.675499641971058
1124.0013826389438 98.814500343098700
1140.350359219667 98.955000140659237
1156.9371371406426 99.089000024724555
1173.765175302013 99.222000301710665
1190.837982914782 99.356499762963651
1208.1591202326028 99.486499556483693
1225.73219929421 99.612500146241530
1243.5608846766518 99.733999808466308
1261.648894259477 99.852499793680622
1280.0000000000375 99.968500000000233
1298.6180287200684 100.079999921110584
1317.5068629037087 100.188000149351694
1336.6704415071292 100.294000174024788
1356.112760779938 100.400999823315573
1375.8378750985323 100.507499914855401
1395.8498978115715 100.614000229561611
1416.153002097749 100.720500250751144
1436.7514218360407 100.828499772413039
1457.6494524886093 100.941000205875156
1478.8514519965543 101.054000063249163
1500.3618416886875 101.166000134677404
1522.1851072035295 101.281000257833767
1544.3257994247153 101.400499964195120
1566.788535430007 101.520999792983460
1589.5779994541087 101.643499980775886
1612.6989438654878 101.768499832282572
1636.156190157402 101.895999674630232
1659.9546299533442 102.027000222538589
1684.099226027109 102.161499905440337
1708.5950133376978 102.297500241075312
1733.4471000792773 102.439499748188211
1758.6606687464096 102.591000147203673
1784.2409772147755 102.749000063598800
1810.193359837619 102.909500005076509
1836.5232285581387 103.068500212415358
1863.2360740380593 103.225999942032757
1890.3374668026197 103.381499674052606
1917.833058402214 103.533500270190714
1945.7285825909298 103.681499709064326
1974.0298565222283 103.829499735202660
2002.7427819620161 103.979499916517099
2031.8733465193618 104.130500288458762
2061.4276248951132 104.284999426172874
2091.411780148677 104.446999537576104
2121.832064983222 104.616500194496325
2152.694823049581 104.794999994446144
2184.0064902691106 104.987999362255877
2215.7735961758003 105.195499434691214
2248.002765277899 105.407000515864780
2280.7007184393456 105.617500216719520
2313.874274281297 105.822500036899584
2347.530350604038 106.015000415135589
2381.6759658295764 106.194499694384064
2416.318240465218 106.365499427229494
2451.4643985884327 106.523500182800291
2487.1217693533167 106.669999772059114
2523.2977885189675 106.804499769202124
2560.0000000000887 106.927500000000265
2597.236057440151 107.038999922532071
2635.0137258074315 107.138500128217046
2673.340883014273 107.226500128485611
2712.225521559891 107.302499879458296
2751.6757501970797 107.367999950986416
2791.699795623158 107.422000100757998
2832.3060041955137 107.466000084364879
2873.502843672097 107.499499935273448
2915.2989049772345 107.520000020040953
2957.7029039931244 107.527499997854392
3000.723683377391 107.519499977990648
3044.370214407075 107.496499920522922
3088.6515988494466 107.456500012029863
3133.57707086003 107.402500099231048
3179.1559989082334 107.335000010852298
3225.3978877309914 107.255000109575903
3272.3123803148205 107.166500231317542
3319.9092599067053 107.069999830604928
3368.198452054235 106.967500072145484
3417.190026675413 106.858999807975977
3466.8942001585724 106.746500198459728
3517.3213374928373 106.630499888699518
3568.4819544295697 106.512999953782185
3620.386719675257 106.394999998494256
3673.0464571162966 106.277499843257885
3726.472148076138 106.158500044218556
3780.6749336052594 106.038000256673513
3835.6661168044484 105.915999773329887
3891.45716518188 105.790000249084386
3948.059713044477 105.661500229254017
4005.4855639240527 105.528500074021451
4063.746693038744 105.392999736050768
4122.855249790247 105.250500535809181
4182.823560297375 105.098500434227248
4243.664129966465 104.936999815449440
4305.389646099183 104.767500005277640
4368.012980538242 104.588500585947600
4431.5471923516225 104.400000511166297
4496.00553055582 104.198999490676329
4561.401436878714 103.989999778019921
4627.748548562617 103.779999957938685
4695.060701208099 103.572999537681113
4763.351931659176 103.370500349987964
4832.63648093046 103.174000667627183
4902.928797176889 102.984999782913306
4974.243538706657 102.809000273845584
5046.595577037959 102.643000282755608
5120.000000000202 102.485499999999590
5194.472114880326 102.338000103053616
5270.027451614888 102.200999818241726
5346.6817660285715 102.075499812834522
5424.451043119808 101.962000183289405
5503.351500394186 101.858500077799320
5583.399591246343 101.764999813816672
5664.612008391055 101.682499824239784
5747.005687344222 101.610000145310195
5830.597809954497 101.548499903439051
5915.405807986278 101.497999978007627
6001.447366754812 101.459499967565151
6088.740428814181 101.434999969092246
6177.303197698925 101.424500001992584
6267.154141720092 101.430999982780321
6358.3119978165005 101.451999996124187
6450.795775462017 101.488999945872166
6544.624760629676 101.540499860192710
6639.818519813445 101.605000121992362
6736.396904108505 101.679499945982371
6834.380053350861 101.758500139307898
6933.788400317181 101.839499858989171
7034.642674985712 101.919000072297777
7136.963908859177 101.992000025495614
7240.773439350552 102.050000000489064
7346.092914232631 102.078999997346898
7452.944296152315 102.063000011147523
7561.349867210557 101.986000199399228
7671.332233608935 101.833499606371177
7782.914330363799 101.596000510287951
7896.119426088994 101.273000614371711
8010.971127848146 100.866500233395357
8127.49338607753 100.386999008304841
8245.710499580537 99.848002039769881
8365.647120594791 99.266001671327160
8487.328259932974 98.656999319882459
8610.77929219841 98.036000024105519
8736.025961076528 97.414502002180740
8863.094384703289 96.805001623883186
8992.011061111683 96.214498587116310
9122.802873757471 95.642499409110030
9255.497097125279 95.086999890195528
9390.121402416245 94.548998805676050
9526.7038633184 94.027000900217629
9665.272961860968 93.524501701593195
9805.857594353829 93.052499466378919
9948.487077413367 92.626000656631987
10093.19115407597 92.254500619286702
10240.000000000457 91.941999999999183
10388.944229760706 91.690000167728570
10540.05490322983 91.501999808378827
10693.363532057198 91.381999876883924
10848.902086239672 91.321500074306499
11006.703000788428 91.320999988235400
11166.799182492743 91.390000275989422
11329.224016782166 91.536000479162766
11494.0113746885 91.761999485769181
11661.195619909053 92.076000703255289
11830.811615972614 92.488000265693529
12002.894733509682 93.008000707794821
12177.48085762842 93.649001640513319
12354.606395397908 94.430499771752778
12534.308283440243 95.360998333134248
12716.62399563306 96.435999834130328
12901.591550924093 97.607998431841509
13089.249521259411 98.732997239442000
13279.637039626952 99.567000757999338
13472.793808217073 99.866499898393670
13668.760106701786 99.534498720430946
13867.576800634426 98.693001634680726
14069.285349971487 97.616998974512711
14273.927817718419 96.570999628087463
14481.54687870117 95.706999987867277
14692.18582846533 95.081499422348173
14905.888592304698 94.708000115190998
15122.699734421185 94.593500105833613
15342.664467217943 94.735500594088052
15565.828660727671 95.113999150833706
15792.238852178061 95.624499078442597
16021.942255696367 95.989999841514617
16254.986772155136 95.929999185527791
16491.42099916115 95.377002487747987
16731.294241189662 94.354503209739605
16974.65651986603 92.932498250342221
17221.558584396902 91.317500063363639
17472.051922153143 89.662005373594184
17726.188769406665 87.931504717122749
17984.022122223458 86.046995009606036
18245.605747515034 83.945997515343379
18510.99419425065 81.443999395396276
18780.242804832582 78.165990724158021
19053.40772663689 74.232006559384843
19330.545923722028 74.223494650911761
19611.71518870775 78.494504606121382
19896.974154826825 81.821495469199618
20186.382308152035 83.112498700712450
