20 102.160855622489962
20.290906698750476 102.142903140527181
20.586044732869844 102.124901338981772
20.885475648548283 102.106619807722240
21.189261887185914 102.088031110691432
21.49746679841394 102.069155763082136
21.810154653305165 102.050231851786009
22.12739065777668 102.031241911155774
22.449240966187475 102.012361029088069
22.77577269513385 101.993549547275748
23.107053937445478 101.975054638246519
23.44315377638505 101.956943180743878
23.784142300054445 101.939346637269963
24.130090616010463 101.922277559815484
24.481070866093134 101.905486123327776
24.837156241469714 101.888801848354547
25.1984209978975 101.871909013231715
25.56494047120865 101.854513513449874
25.936791093020236 101.836316830114271
26.3140504066728 101.817066000387896
26.69679708340074 101.796472188736260
27.08511093873791 101.774398800938570
27.47907294916184 101.751240592875888
27.878765268980047 101.727384499650327
28.284271247461966 101.703259126915384
28.695675446220072 101.679313179506266
29.11306365684382 101.656150920521569
29.536522918790062 101.634605240801662
29.966141537533712 101.614318563053644
30.402009102982383 101.594648413922442
30.844216508158908 101.575043674963439
31.29285596815558 101.555067726553034
31.74802103936409 101.534198270150597
32.20980663898519 101.511526046645741
32.67830906482211 101.485993203294512
33.153626015361866 101.457957194981049
33.63585661014871 101.428447946094110
34.125101410453844 101.398276626868807
34.62146244024586 101.368633752073478
35.12504320746613 101.340615704853121
35.635948725613716 101.314993028486853
36.15428553564419 101.290868982303380
36.68016172818701 101.267037034899374
37.21368696608603 101.242646731675592
37.754972507267915 101.216923727090560
38.30413122794313 101.189258290565164
38.86127764614443 101.158943219347719
39.4265279456077 101.126306122545998
40.000000000000206 101.092923752495011
40.58181339750116 101.061483622782177
41.1720894657399 101.036861440992425
41.77095129709678 101.022960850166982
42.37852377437204 101.017725838310625
42.9949335968281 101.013807377423021
43.62030930661056 101.001369860818642
44.25478131555359 100.972648433513626
44.89848193237519 100.928492026573736
45.55154539026795 100.876807431559371
46.21410787489121 100.825692838680141
46.88630755277036 100.780740646633660
47.56828460010916 100.743371985579870
48.260181232021196 100.709542469337180
48.962141732186545 100.676596061066761
49.674312482939705 100.642595240359924
50.39684199579528 100.606528768524683
51.129880942417586 100.568710413439220
51.873582186040764 100.530159005100188
52.628100813345895 100.491119056030655
53.393594166801776 100.450778025590665
54.17022187747612 100.408779544501115
54.95814589832399 100.366382594929064
55.75753053796041 100.326124211164199
56.56854249492426 100.289451758816028
57.39135089244048 100.254808942830181
58.226127313687975 100.219303213677421
59.073045837580466 100.182683684218631
59.932283075067765 100.145222517974972
60.804018205965114 100.107263126798756
61.68843301631817 100.069526706216465
62.58571193631152 100.032681225957418
63.49604207872855 99.995436720908174
64.41961327797075 99.954303299656800
65.35661812964459 99.905670424619501
66.3072520307241 99.851620263447415
67.27171322029778 99.802148439667491
68.25020282090806 99.765091593448290
69.2429248804921 99.735890997486052
70.25008641493265 99.705651729386318
71.27189745122783 99.673232918900794
72.30857107128878 99.640039522489019
73.36032345637442 99.608181385966589
74.42737393217246 99.578291326850149
75.50994501453623 99.549918634257722
76.60826245588666 99.523392805053703
77.72255529228926 99.498540270639978
78.85305589121582 99.474071814926063
80.00000000000082 99.449301753507001
81.16362679500274 99.423716855718794
82.34417893148023 99.395526133998914
83.541902594194 99.363733052596928
84.75704754874454 99.327414852466021
85.98986719365665 99.284330277562177
87.24061861322157 99.235516526660120
88.50956263110764 99.183653652235876
89.79696386475084 99.129524399084147
91.10309078053635 99.075214455371338
92.42821574978288 99.022013233640010
93.77261510554118 98.969614497658142
95.13656920021877 98.918011923894269
96.52036246404286 98.864873206796659
97.92428346437356 98.806255978834287
99.34862496587989 98.742773901534036
100.79368399159105 98.677798101642097
102.25976188483567 98.611715540238137
103.74716437208203 98.543423868130390
105.25620162669229 98.469138478514168
106.78718833360406 98.385279777908622
108.34044375495276 98.294780171491823
109.9162917966485 98.206359186114994
111.51506107592134 98.130260471201183
113.13708498984903 98.063848345696869
114.78270178488147 97.983812810834934
116.45225462737648 97.878787593190168
118.14609167516147 97.760634427794542
119.86456615013608 97.643252671182609
121.60803641193078 97.534005187277558
123.3768660326369 97.425303300012629
125.17142387262359 97.315538148236101
126.99208415745765 97.218074105306400
128.83922655594208 97.124433052808200
130.71323625928977 97.023509849125958
132.61450406144883 96.965005064126700
134.5434264405962 96.958870188288031
136.50040564181674 96.967670047015133
138.48584976098482 97.011853561657347
140.50017282986593 97.127133027547217
142.5437949024563 97.304656488916052
144.61714214257822 97.520566332528176
146.7206469127495 97.715250151594660
148.8547478643456 97.878048712993348
151.01989002907314 98.045141781811580
153.216524911774 98.191380035425254
155.4451105845792 98.266562133836544
157.70611178243232 98.299387866748631
160.00000000000236 98.338710193933409
162.3272535900062 98.368878519404547
164.6883578629612 98.366641314218498
167.08380518838874 98.351951910164445
169.51409509748981 98.337563180573625
171.97973438731407 98.310462156272735
174.4812372264439 98.266749320366998
177.01912526221608 98.225372832415758
179.5939277295025 98.186825014268976
182.20618156107355 98.133592257720807
184.85643149956664 98.061448364299878
187.54523021108326 97.991848273251804
190.27313840043846 97.934547880819480
193.04072492808663 97.872139904059651
195.84856692874806 97.796568404761373
198.69724993176072 97.718175107364630
201.58736798318304 97.641359898332610
204.5195237696723 97.573537554972972
207.49432874416505 97.510764710996312
210.5124032533856 97.438446510379791
213.57437666720915 97.350800096739860
216.68088750990657 97.259490428892349
219.83258359329807 97.180577911103427
223.03012215184378 97.115914694650883
226.2741699796992 97.049589112303096
229.5654035697641 96.976553817001616
232.90450925475412 96.896154911810925
236.2921833503241 96.822039048821409
239.72913230027333 96.756117224096968
243.21607282386276 96.684354340008241
246.75373206527502 96.611380712011879
250.34284774524843 96.542649219449572
253.9841683149166 96.471127767420796
257.67845311188546 96.399459291928366
261.42647251858085 96.336869418762817
265.22900812289896 96.273250525465073
269.08685288119375 96.213827760837674
273.0008112836349 96.169452507226993
276.97169952197106 96.125864864530769
281.00034565973334 96.070933341959687
285.0875898049141 96.024285128242852
289.23428428515797 95.987097706008200
293.44129382550057 95.942541692424584
297.7094957286928 95.892752695020704
302.0397800581479 95.837493367059054
306.4330498235497 95.777038438807892
310.89022116916016 95.727491775275070
315.41222356486645 95.671818485369016
320.00000000000654 95.602744204346635
324.6545071800142 95.533960871578643
329.3767157259242 95.461733004359559
334.16761037677935 95.388267774685602
339.02819019498156 95.318169261143595
343.95946877463007 95.250634232025419
348.9624744528898 95.191542790693205
354.03825052443415 95.124696509002632
359.187855459007 95.035608489254230
364.4123631221491 94.951001677492940
369.71286299913527 94.876600205958539
375.0904604221685 94.793063717319498
380.54627680087896 94.726327371518380
386.08144985617537 94.686203119120137
391.6971338574982 94.625831754675531
397.3944998635236 94.545744351606913
403.1747359663683 94.490723434117399
409.0390475393468 94.450111909710245
414.9886574883323 94.426300530397100
421.0248065067734 94.403812768105894
427.1487533344206 94.385176439799494
433.3617750198154 94.367452392404772
439.6651671865984 94.344781193590137
446.06024430368984 94.328110679057218
452.54833995940066 94.328947773466879
459.13080713953053 94.337949078837170
465.8090185095106 94.334934312199394
472.58436670065066 94.325742315784069
479.45826460054917 94.327939029088171
486.432145647728 94.329542877586078
493.50746413055253 94.320871333392233
500.6856954904994 94.317716277298075
507.9683366298358 94.317310032071560
515.3569062237735 94.310563783755924
522.8529450371643 94.306409313363645
530.4580162458005 94.312959703567429
538.1737057623901 94.323550512399521
546.0016225672724 94.340901809775943
553.9433990439449 94.367306665760367
562.0006913194694 94.400525340964435
570.1751796098309 94.438959954925878
578.4685685703187 94.478850273797647
586.8825876510039 94.518007918880031
595.4189914573883 94.556958359655965
604.0795601162986 94.604077750417531
612.8660996471021 94.653852630561204
621.780442338323 94.706705369775293
630.8244471297356 94.767018243266676
640.0000000000159 94.834330975395545
649.3090143600314 94.903638799958856
658.7534314518515 94.973419561011653
668.3352207535618 95.044626636904738
678.0563803899662 95.121644054758974
687.9189375492632 95.205684196014317
697.9249489057827 95.290086464249612
708.0765010488715 95.372476274801500
718.3757109180171 95.460353722846278
728.8247262443015 95.547291720562896
739.425725998274 95.635580689225833
750.1809208443404 95.727369019684744
761.0925536017613 95.812921724661820
772.1628997123541 95.891303061670314
783.3942677149998 95.979628187046416
794.7889997270506 96.070817486360085
806.34947193274 96.158337250345738
818.0780950786972 96.242202289995475
829.9773149766683 96.322188339173920
842.0496130135506 96.402713656759516
854.2975066688449 96.489662558340058
866.7235500396347 96.581113441580300
879.3303343732008 96.675002297310442
892.1204886073838 96.772942517713986
905.0966799188055 96.874584729107653
918.2616142790653 96.979643303775404
931.6180370190256 97.085338584337194
945.1687334013056 97.190328414462897
958.9165292011028 97.296284569341566
972.8642912954606 97.403962886831664
987.0149282611097 97.513447038344765
1001.3713909810035 97.625623569281672
1015.9366732596762 97.739924008902008
1030.7138124475518 97.853139282086488
1045.7058900743334 97.965766224475544
1060.916032491606 98.081988881612176
1076.3474115247852 98.203868619697744
1092.0032451345498 98.323841591562172
1107.8867980878947 98.446597340142318
1124.0013826389438 98.572868324728290
1140.350359219667 98.697620269939875
1156.9371371406426 98.829291869242496
1173.765175302013 98.967569377171884
1190.837982914782 99.104683883804228
1208.1591202326028 99.242276861066955
1225.73219929421 99.386222422460023
1243.5608846766518 99.529234540545588
1261.648894259477 99.662948789661129
1280.0000000000375 99.799335644428112
1298.6180287200684 99.938651298194543
1317.5068629037087 100.077695513516261
1336.6704415071292 100.219210638716731
1356.112760779938 100.361591566399682
1375.8378750985323 100.503787466050497
1395.8498978115715 100.650421106031345
1416.153002097749 100.796922940837391
1436.7514218360407 100.940356517686240
1457.6494524886093 101.085090751116255
1478.8514519965543 101.236142926888732
1500.3618416886875 101.388981094500906
1522.1851072035295 101.542572220320466
1544.3257994247153 101.696648926643661
1566.788535430007 101.854719205237359
1589.5779994541087 102.021012701146731
1612.6989438654878 102.191648764198945
1636.156190157402 102.362993931455932
1659.9546299533442 102.542557069212023
1684.099226027109 102.730563797588331
1708.5950133376978 102.923963443119106
1733.4471000792773 103.124259650954770
1758.6606687464096 103.332070335506671
1784.2409772147755 103.545745674020822
1810.193359837619 103.765887052328310
1836.5232285581387 103.989693707265786
1863.2360740380593 104.212314572633446
1890.3374668026197 104.436124818252367
1917.833058402214 104.659522231853487
1945.7285825909298 104.874644006572225
1974.0298565222283 105.077258169513101
2002.7427819620161 105.263002436352622
2031.8733465193618 105.431463544697266
2061.4276248951132 105.583706044760049
2091.411780148677 105.718908847702963
2121.832064983222 105.835687507340779
2152.694823049581 105.937540446911726
2184.0064902691106 106.026146245884888
2215.7735961758003 106.099972933905391
2248.002765277899 106.162060712969748
2280.7007184393456 106.215569081851044
2313.874274281297 106.261384198276318
2347.530350604038 106.300693978480297
2381.6759658295764 106.333623973644308
2416.318240465218 106.361020826959759
2451.4643985884327 106.384060690145972
2487.1217693533167 106.402520479669533
2523.2977885189675 106.417196911821492
2560.0000000000887 106.428553407205712
2597.236057440151 106.435815649553291
2635.0137258074315 106.438527057352388
2673.340883014273 106.436490291308402
2712.225521559891 106.428864757669004
2751.6757501970797 106.414407218678406
2791.699795623158 106.390034445134603
2832.3060041955137 106.344443564520873
2873.502843672097 106.234322513647669
2915.2989049772345 106.018498757393331
2957.7029039931244 106.082304789532259
3000.723683377391 106.367287009273113
3044.370214407075 106.506172955740112
3088.6515988494466 106.490414147176693
3133.57707086003 106.455485030053836
3179.1559989082334 106.422034721028268
3225.3978877309914 106.388876508507337
3272.3123803148205 106.355347208149993
3319.9092599067053 106.319353777801183
3368.198452054235 106.279611364823069
3417.190026675413 106.236229952888351
3466.8942001585724 106.186368560701737
3517.3213374928373 106.126194172587589
3568.4819544295697 106.055837223364620
3620.386719675257 105.974378149477914
3673.0464571162966 105.878765083640474
3726.472148076138 105.766948580793198
3780.6749336052594 105.637082633941930
3835.6661168044484 105.488023143032649
3891.45716518188 105.317897715201269
3948.059713044477 105.129241381080988
4005.4855639240527 104.920141567316179
4063.746693038744 104.689749994750343
4122.855249790247 104.440582493941847
4182.823560297375 104.176311431150793
4243.664129966465 103.899076925775717
4305.389646099183 103.617525074745913
4368.012980538242 103.335367514997699
4431.5471923516225 103.060940247149745
4496.00553055582 102.800535643226254
4561.401436878714 102.555007380733258
4627.748548562617 102.331276426655194
4695.060701208099 102.134094103779631
4763.351931659176 101.957768566794158
4832.63648093046 101.801314159243816
4902.928797176889 101.658070448013603
4974.243538706657 101.668164909437252
5046.595577037959 101.994463386150187
5120.000000000202 102.380752408394684
5194.472114880326 102.604255950894824
5270.027451614888 102.772427661990761
5346.6817660285715 102.877692408822597
5424.451043119808 102.832342442128649
5503.351500394186 102.597959519311104
5583.399591246343 102.192855062261671
5664.612008391055 101.701015678469986
5747.005687344222 101.240143225540862
5830.597809954497 100.876094842598008
5915.405807986278 100.623988790228424
6001.447366754812 100.476309603868316
6088.740428814181 100.420519998581128
6177.303197698925 100.449071267819761
6267.154141720092 100.544944334362867
6358.3119978165005 100.695215717960423
6450.795775462017 100.916445500037611
6544.624760629676 101.253610094310346
6639.818519813445 101.671772214751556
6736.396904108505 102.090320162292969
6834.380053350861 102.510100888277464
6933.788400317181 102.947166872516163
7034.642674985712 103.380735464160210
7136.963908859177 103.785755043077373
7240.773439350552 104.135074887719156
7346.092914232631 104.403448178419865
7452.944296152315 104.564607212863137
7561.349867210557 104.621013762006385
7671.332233608935 104.579958487538676
7782.914330363799 104.453127211580806
7896.119426088994 104.260786273539082
8010.971127848146 104.026312965551583
8127.49338607753 103.767076318882715
8245.710499580537 103.517824194824414
8365.647120594791 103.304405172923907
8487.328259932974 103.124792837900600
8610.77929219841 102.973690180732433
8736.025961076528 102.855049314024626
8863.094384703289 102.766212950545537
8992.011061111683 102.715972468645077
9122.802873757471 102.687165356299417
9255.497097125279 102.651001023199100
9390.121402416245 102.590665222397462
9526.7038633184 102.494568808791570
9665.272961860968 102.351334273876603
9805.857594353829 102.150098608562942
9948.487077413367 101.869909733268088
10093.19115407597 101.520958144581428
10240.000000000457 101.137669822901955
10388.944229760706 100.744400533213252
10540.05490322983 100.359869804872915
10693.363532057198 100.010539377842719
10848.902086239672 99.707937835123658
11006.703000788428 99.462393042209698
11166.799182492743 99.268023780410545
11329.224016782166 99.096499755407308
11494.0113746885 98.932083456713940
11661.195619909053 98.730238069544626
11830.811615972614 98.412009164991346
12002.894733509682 97.970372470896166
12177.48085762842 97.543948375545824
12354.606395397908 97.316503655667830
12534.308283440243 97.430749622843138
12716.62399563306 97.904879189838269
12901.591550924093 98.589012999989251
13089.249521259411 99.174563332483729
13279.637039626952 99.388085798498025
13472.793808217073 99.126466282105611
13668.760106701786 98.475014565579727
13867.576800634426 97.661858987623759
14069.285349971487 96.903386519818355
14273.927817718419 96.297956185081119
14481.54687870117 95.813530415220072
14692.18582846533 95.449643331613089
14905.888592304698 95.378248939997974
15122.699734421185 95.728757993869976
15342.664467217943 96.475345430550988
15565.828660727671 97.509280445686528
15792.238852178061 98.322753133478557
16021.942255696367 98.217609031889793
16254.986772155136 97.668667741133589
16491.42099916115 97.712968958380003
16731.294241189662 98.118205104700564
16974.65651986603 98.069923035833881
17221.558584396902 97.394961630852194
17472.051922153143 96.050625397399216
17726.188769406665 94.089888377098362
17984.022122223458 91.596500487489067
18245.605747515034 88.901062085611926
18510.99419425065 88.562403147239010
18780.242804832582 90.409930537323561
19053.40772663689 90.423979665896482
19330.545923722028 88.245802397208934
19611.71518870775 84.425939952725599
19896.974154826825 80.002490900866746
20186.382308152035 75.515005934737900
