20 100.745499999999993
20.290906698750476 100.655803468896835
20.586044732869844 100.566709824884839
20.885475648548283 100.478760476425848
21.189261887185914 100.391578535411583
21.49746679841394 100.305818397230183
21.810154653305165 100.220308765330302
22.12739065777668 100.137196905622503
22.449240966187475 100.054689799487136
22.77577269513385 99.973814732550323
23.107053937445478 99.895199088488766
23.44315377638505 99.818051692180404
23.784142300054445 99.741758516112952
24.130090616010463 99.665596787493669
24.481070866093134 99.589796082142186
24.837156241469714 99.513968710451280
25.1984209978975 99.438327642936258
25.56494047120865 99.362893294974469
25.936791093020236 99.287641718187359
26.3140504066728 99.212760291566440
26.69679708340074 99.138124568736856
27.08511093873791 99.063637556079172
27.47907294916184 98.990022719525399
27.878765268980047 98.916276881824928
28.284271247461966 98.843399717951769
28.695675446220072 98.770952472357706
29.11306365684382 98.699005305650232
29.536522918790062 98.628010241318435
29.966141537533712 98.557552787844472
30.402009102982383 98.487688590075763
30.844216508158908 98.419507080023465
31.29285596815558 98.351571604776666
31.74802103936409 98.284536949292203
32.20980663898519 98.218627070542070
32.67830906482211 98.153928276249019
33.153626015361866 98.090374991987602
33.63585661014871 98.028017923731412
34.125101410453844 97.967362729335093
34.62146244024586 97.908031819371729
35.12504320746613 97.850745247178722
35.635948725613716 97.794817537633719
36.15428553564419 97.739454304292991
36.68016172818701 97.684763180268561
37.21368696608603 97.629917616425303
37.754972507267915 97.575684908657109
38.30413122794313 97.521503498117454
38.86127764614443 97.468279497494478
39.4265279456077 97.414933933800683
40.000000000000206 97.361499999999978
40.58181339750116 97.309621465794365
41.1720894657399 97.257942247036524
41.77095129709678 97.206017475976523
42.37852377437204 97.155978389993166
42.9949335968281 97.105580288193323
43.62030930661056 97.055808894182192
44.25478131555359 97.007495264686284
44.89848193237519 96.959529281779780
45.55154539026795 96.912428645919078
46.21410787489121 96.866547782770795
46.88630755277036 96.821266654327900
47.56828460010916 96.776061507333608
48.260181232021196 96.731148465150653
48.962141732186545 96.686522606087408
49.674312482939705 96.641855537668050
50.39684199579528 96.597193397374284
51.129880942417586 96.552471482108245
51.873582186040764 96.507851944896231
52.628100813345895 96.463349104527310
53.393594166801776 96.419114303781015
54.17022187747612 96.375108881758308
54.95814589832399 96.330974764986564
55.75753053796041 96.287532749875567
56.56854249492426 96.244082976521554
57.39135089244048 96.200845429039305
58.226127313687975 96.158080570658754
59.073045837580466 96.115347708120979
59.932283075067765 96.072385846246618
60.804018205965114 96.029301910846144
61.68843301631817 95.985847552282323
62.58571193631152 95.942437637987055
63.49604207872855 95.898938001260404
64.41961327797075 95.855068369296390
65.35661812964459 95.810917256971521
66.3072520307241 95.766866406586701
67.27171322029778 95.722501191866300
68.25020282090806 95.677615771648675
69.2429248804921 95.632811305258343
70.25008641493265 95.588496197742955
71.27189745122783 95.543672460871591
72.30857107128878 95.498731443934588
73.36032345637442 95.453866414832277
74.42737393217246 95.409050294848754
75.50994501453623 95.363752237941583
76.60826245588666 95.318198345011552
77.72255529228926 95.272426612868330
78.85305589121582 95.226355773619446
80.00000000000082 95.179999999999964
81.16362679500274 95.133454811836913
82.34417893148023 95.087112966273537
83.541902594194 95.040125454092106
84.75704754874454 94.992515661463329
85.98986719365665 94.945054996047318
87.24061861322157 94.896976184161815
88.50956263110764 94.849139807561613
89.79696386475084 94.800647694427710
91.10309078053635 94.751633992314865
92.42821574978288 94.703595270749531
93.77261510554118 94.659884837625199
95.13656920021877 94.626654801215778
96.52036246404286 94.598462357110677
97.92428346437356 94.572167092579804
99.34862496587989 94.546399091594822
100.79368399159105 94.521242810812424
102.25976188483567 94.495830793996191
103.74716437208203 94.469924642167655
105.25620162669229 94.444586738674673
106.78718833360406 94.421216967218356
108.34044375495276 94.400354379103931
109.9162917966485 94.381405362857947
111.51506107592134 94.363368958989497
113.13708498984903 94.344418174146512
114.78270178488147 94.322987857927529
116.45225462737648 94.292935217765091
118.14609167516147 94.255229624671912
119.86456615013608 94.204997255224669
121.60803641193078 94.151098811618198
123.3768660326369 94.092276596310612
125.17142387262359 94.031614447039914
126.99208415745765 93.969269138646439
128.83922655594208 93.904308285954130
130.71323625928977 93.835773073945973
132.61450406144883 93.763073463557419
134.5434264405962 93.686262942376146
136.50040564181674 93.608359078558692
138.48584976098482 93.531280633963064
140.50017282986593 93.457077313093009
142.5437949024563 93.385891144231095
144.61714214257822 93.317038594830564
146.7206469127495 93.249095169409458
148.8547478643456 93.179564270049468
151.01989002907314 93.106711804994063
153.216524911774 93.028701968299657
155.4451105845792 92.944907753552158
157.70611178243232 92.857796751059198
160.00000000000236 92.766499999999894
162.3272535900062 92.671548053527744
164.6883578629612 92.570838283465264
167.08380518838874 92.464979049635531
169.51409509748981 92.355060082573971
171.97973438731407 92.243120058815933
174.4812372264439 92.131136819700600
177.01912526221608 92.021581438777162
179.5939277295025 91.915148963090388
182.20618156107355 91.812458919118143
184.85643149956664 91.712398175616300
187.54523021108326 91.617543587203116
190.27313840043846 91.530633614067369
193.04072492808663 91.452873731812218
195.84856692874806 91.385170954339031
198.69724993176072 91.328428401201009
201.58736798318304 91.287774390854452
204.5195237696723 91.269467460383879
207.49432874416505 91.285180999720666
210.5124032533856 91.362231659673142
213.57437666720915 91.522728077535390
216.68088750990657 91.793120319646533
219.83258359329807 92.113626049364456
223.03012215184378 92.532354889312359
226.2741699796992 93.022851083432073
229.5654035697641 93.569487799720378
232.90450925475412 94.081564982343679
236.2921833503241 94.478372107696345
239.72913230027333 94.770942387060771
243.21607282386276 94.980008530629220
246.75373206527502 95.102942189268305
250.34284774524843 95.151928559681551
253.9841683149166 95.156480210393653
257.67845311188546 95.127532181743902
261.42647251858085 95.075744457545397
265.22900812289896 95.014778618002907
269.08685288119375 94.952124829381091
273.0008112836349 94.890362323693211
276.97169952197106 94.829167432050923
281.00034565973334 94.771395471857488
285.0875898049141 94.717983958262991
289.23428428515797 94.669882302292166
293.44129382550057 94.625898802979890
297.7094957286928 94.585072639296030
302.0397800581479 94.547171814520283
306.4330498235497 94.511535601411595
310.89022116916016 94.477823341231300
315.41222356486645 94.446738102115390
320.00000000000654 94.415999999999968
324.6545071800142 94.385745703329917
329.3767157259242 94.356364362499278
334.16761037677935 94.326660815663956
339.02819019498156 94.296525220791125
343.95946877463007 94.267931027984616
348.9624744528898 94.239017648173245
354.03825052443415 94.209981972010723
359.187855459007 94.179791652791863
364.4123631221491 94.148967057579313
369.71286299913527 94.117222822005203
375.0904604221685 94.085437853090809
380.54627680087896 94.051533851308818
386.08144985617537 94.015970575934858
391.6971338574982 93.978294346461894
397.3944998635236 93.939238500955327
403.1747359663683 93.898512286904889
409.0390475393468 93.856973413262949
414.9886574883323 93.814830342790970
421.0248065067734 93.772110296844957
427.1487533344206 93.729316852214794
433.3617750198154 93.689222979051081
439.6651671865984 93.656577854914588
446.06024430368984 93.632849389240761
452.54833995940066 93.620706494036540
459.13080713953053 93.622630807139529
465.8090185095106 93.637244473737667
472.58436670065066 93.667249288267584
479.45826460054917 93.715166116804397
486.432145647728 93.782480743865918
493.50746413055253 93.874956309163053
500.6856954904994 93.987371103179271
507.9683366298358 94.113451827904044
515.3569062237735 94.246347832122837
522.8529450371643 94.379266610955909
530.4580162458005 94.510500016024992
538.1737057623901 94.636593178881384
546.0016225672724 94.751878815720005
553.9433990439449 94.854956401206607
562.0006913194694 94.947407224288469
570.1751796098309 95.032734278137326
578.4685685703187 95.114838828846160
586.8825876510039 95.200546523422787
595.4189914573883 95.293192704322749
604.0795601162986 95.392944776381043
612.8660996471021 95.497893195765215
621.780442338323 95.602928038820352
630.8244471297356 95.700497137158436
640.0000000000159 95.789500000000146
649.3090143600314 95.869092072778272
658.7534314518515 95.941963750606675
668.3352207535618 96.011096828387963
678.0563803899662 96.077380567632275
687.9189375492632 96.142369040947671
697.9249489057827 96.205927178106435
708.0765010488715 96.269478131555445
718.3757109180171 96.334685764329407
728.8247262443015 96.403243193212390
739.425725998274 96.476037509388078
750.1809208443404 96.552289061015927
761.0925536017613 96.630034444412559
772.1628997123541 96.704513251921142
783.3942677149998 96.773219893388841
794.7889997270506 96.840102498407788
806.34947193274 96.911771567562809
818.0780950786972 96.986371207798044
829.9773149766683 97.053620834117694
842.0496130135506 97.107517314925246
854.2975066688449 97.149892520006532
866.7235500396347 97.185898925108233
879.3303343732008 97.219758869370324
892.1204886073838 97.253962668860183
905.0966799188055 97.290152954766569
918.2616142790653 97.328544011518773
931.6180370190256 97.367845031286379
945.1687334013056 97.406512714078644
958.9165292011028 97.443034367102840
972.8642912954606 97.475653584093550
987.0149282611097 97.504067743896798
1001.3713909810035 97.526919947373415
1015.9366732596762 97.547124007911606
1030.7138124475518 97.564892265559436
1045.7058900743334 97.583898907917032
1060.916032491606 97.605587789652120
1076.3474115247852 97.632874477919543
1092.0032451345498 97.667321119888641
1107.8867980878947 97.710632093785648
1124.0013826389438 97.765449782967039
1140.350359219667 97.830468343025103
1156.9371371406426 97.913654254273524
1173.765175302013 98.007752992550337
1190.837982914782 98.126075376132178
1208.1591202326028 98.253735630482097
1225.73219929421 98.401770908034422
1243.5608846766518 98.560617047573572
1261.648894259477 98.730276198989714
1280.0000000000375 98.904000000000352
1298.6180287200684 99.079275441807511
1317.5068629037087 99.256563138714114
1336.6704415071292 99.430784256677200
1356.112760779938 99.604403570941457
1375.8378750985323 99.776789513357230
1395.8498978115715 99.946535389062490
1416.153002097749 100.110993233483612
1436.7514218360407 100.272973234862107
1457.6494524886093 100.427617090768678
1478.8514519965543 100.577304728376902
1500.3618416886875 100.721337497308923
1522.1851072035295 100.862315792534787
1544.3257994247153 101.001092988410221
1566.788535430007 101.137231212580048
1589.5779994541087 101.270469276855664
1612.6989438654878 101.400598170137499
1636.156190157402 101.528074055440527
1659.9546299533442 101.653764075757380
1684.099226027109 101.778770021779337
1708.5950133376978 101.903646966955250
1733.4471000792773 102.027390790388466
1758.6606687464096 102.149724783232898
1784.2409772147755 102.270562953820843
1810.193359837619 102.390685588056300
1836.5232285581387 102.511045922225122
1863.2360740380593 102.632591776132784
1890.3374668026197 102.755018600611791
1917.833058402214 102.878035440473866
1945.7285825909298 103.000791191748277
1974.0298565222283 103.124270174436930
2002.7427819620161 103.249476814567458
2031.8733465193618 103.376586612475251
2061.4276248951132 103.504162580797242
2091.411780148677 103.633617713977600
2121.832064983222 103.765469482677020
2152.694823049581 103.900198536130034
2184.0064902691106 104.036827259130263
2215.7735961758003 104.169460424129568
2248.002765277899 104.306412582014445
2280.7007184393456 104.457328412586889
2313.874274281297 104.612590423789271
2347.530350604038 104.762757025127570
2381.6759658295764 104.913999947087348
2416.318240465218 105.070519964791160
2451.4643985884327 105.229321488665590
2487.1217693533167 105.386408971041817
2523.2977885189675 105.543927824770492
2560.0000000000887 105.701750000000374
2597.236057440151 105.856521483350619
2635.0137258074315 106.009805589520099
2673.340883014273 106.160945921680309
2712.225521559891 106.306252728334272
2751.6757501970797 106.445761072567251
2791.699795623158 106.582779305118734
2832.3060041955137 106.716317573677372
2873.502843672097 106.841453161338919
2915.2989049772345 106.955135306243989
2957.7029039931244 107.056522040305694
3000.723683377391 107.145748353826008
3044.370214407075 107.219836810890257
3088.6515988494466 107.279148773633722
3133.57707086003 107.325129937002515
3179.1559989082334 107.354661119432279
3225.3978877309914 107.370071619791588
3272.3123803148205 107.371822514362222
3319.9092599067053 107.360934481235461
3368.198452054235 107.338034975205829
3417.190026675413 107.303904178126160
3466.8942001585724 107.260781567847772
3517.3213374928373 107.210985809007454
3568.4819544295697 107.156854669671759
3620.386719675257 107.099259139570208
3673.0464571162966 107.038305180602777
3726.472148076138 106.975792308231675
3780.6749336052594 106.913662039691175
3835.6661168044484 106.852237255019247
3891.45716518188 106.793908727535722
3948.059713044477 106.736952413748995
4005.4855639240527 106.682062992468360
4063.746693038744 106.629752866033101
4122.855249790247 106.578549243930041
4182.823560297375 106.527059637171561
4243.664129966465 106.474476001957555
4305.389646099183 106.418687738126579
4368.012980538242 106.357453902470724
4431.5471923516225 106.288237711215714
4496.00553055582 106.211326650578386
4561.401436878714 106.123549355360723
4627.748548562617 106.026925178489932
4695.060701208099 105.918605890699808
4763.351931659176 105.794559104205035
4832.63648093046 105.658089754855339
4902.928797176889 105.504969383575514
4974.243538706657 105.336032604523581
5046.595577037959 105.149895387918875
5120.000000000202 104.948571428570858
5194.472114880326 104.732942577029903
5270.027451614888 104.504478257856817
5346.6817660285715 104.258450172105711
5424.451043119808 104.000859035352079
5503.351500394186 103.736510309388137
5583.399591246343 103.458601430637799
5664.612008391055 103.164343109330702
5747.005687344222 102.858493644022445
5830.597809954497 102.543687289322222
5915.405807986278 102.221533581172963
6001.447366754812 101.889310039445149
6088.740428814181 101.546100169452757
6177.303197698925 101.195202140682170
6267.154141720092 100.831936299262111
6358.3119978165005 100.462044848854077
6450.795775462017 100.097690243348538
6544.624760629676 99.744950252292227
6639.818519813445 99.405223384440816
6736.396904108505 99.089309287674496
6834.380053350861 98.816675473024944
6933.788400317181 98.602215009452863
7034.642674985712 98.452491258139645
7136.963908859177 98.374965285975136
7240.773439350552 98.374124844527230
7346.092914232631 98.445553843374967
7452.944296152315 98.578887001266949
7561.349867210557 98.763775376573079
7671.332233608935 98.975967035550156
7782.914330363799 99.188068206570208
7896.119426088994 99.365679126233800
8010.971127848146 99.462540026313278
8127.49338607753 99.443345060246259
8245.710499580537 99.291026856309685
8365.647120594791 98.999050978219060
8487.328259932974 98.602608725975372
8610.77929219841 98.124268117352926
8736.025961076528 97.590427128460277
8863.094384703289 97.034475906030806
8992.011061111683 96.477985586201243
9122.802873757471 95.936004110643765
9255.497097125279 95.416512741867706
9390.121402416245 94.916569021422333
9526.7038633184 94.437375856174839
9665.272961860968 93.985653818230986
9805.857594353829 93.565739388203838
9948.487077413367 93.180645775660579
10093.19115407597 92.832417796904252
10240.000000000457 92.516199999999060
10388.944229760706 92.233218044394164
10540.05490322983 91.994857032453780
10693.363532057198 91.803055267642989
10848.902086239672 91.657911268421074
11006.703000788428 91.555146115179042
11166.799182492743 91.496774501769778
11329.224016782166 91.496973890054306
11494.0113746885 91.544679407691802
11661.195619909053 91.665698592842119
11830.811615972614 91.834214187778315
12002.894733509682 92.067188254597710
12177.48085762842 92.339602138561489
12354.606395397908 92.666334825673232
12534.308283440243 93.018345288770092
12716.62399563306 93.380416791484464
12901.591550924093 93.709900405089570
13089.249521259411 94.018195642069031
13279.637039626952 94.288139040326229
13472.793808217073 94.525440817531802
13668.760106701786 94.740384904567748
13867.576800634426 94.909546080380650
14069.285349971487 94.976182210255274
14273.927817718419 94.938323353722097
14481.54687870117 94.748322183724810
14692.18582846533 94.453136778666845
14905.888592304698 94.160797509127093
15122.699734421185 93.945665392279068
15342.664467217943 93.871476906640282
15565.828660727671 93.978361246444095
15792.238852178061 94.263383660180921
16021.942255696367 94.642761625336931
16254.986772155136 94.937427539620856
16491.42099916115 94.981404305843981
16731.294241189662 94.689256313689128
16974.65651986603 94.139803743513497
17221.558584396902 93.508878852255990
17472.051922153143 92.811534098749661
17726.188769406665 91.888863512574318
17984.022122223458 90.629889388882702
18245.605747515034 89.116644857502266
18510.99419425065 87.596122715236291
18780.242804832582 86.299077341636192
19053.40772663689 85.329732975234862
19330.545923722028 84.749799137159755
19611.71518870775 84.567935987358084
19896.974154826825 84.352887475501106
20186.382308152035 84.203500000000005
