20 106.689499999999995
20.290906698750476 106.653000038177510
20.586044732869844 106.615499906657050
20.885475648548283 106.576999916438552
21.189261887185914 106.538000014430992
21.49746679841394 106.498000026068453
21.810154653305165 106.456999913194124
22.12739065777668 106.414499913852552
22.449240966187475 106.371500140822846
22.77577269513385 106.327499907339643
23.107053937445478 106.283000008466587
23.44315377638505 106.238499892600373
23.784142300054445 106.192499959087201
24.130090616010463 106.146000050874193
24.481070866093134 106.099000017867013
24.837156241469714 106.050999967800465
25.1984209978975 106.002500000284158
25.56494047120865 105.953500071877528
25.936791093020236 105.903999851705947
26.3140504066728 105.853500078353903
26.69679708340074 105.801999851594303
27.08511093873791 105.748500147050308
27.47907294916184 105.694000006943298
27.878765268980047 105.636999962719514
28.284271247461966 105.579999964986357
28.695675446220072 105.521999937768982
29.11306365684382 105.463000049151503
29.536522918790062 105.404500147556135
29.966141537533712 105.346499928212666
30.402009102982383 105.288500118934678
30.844216508158908 105.230500064277606
31.29285596815558 105.171500004172742
31.74802103936409 105.111499862207836
32.20980663898519 105.050000182073973
32.67830906482211 104.986000129278665
33.153626015361866 104.920999860530685
33.63585661014871 104.854500053970142
34.125101410453844 104.787000220135440
34.62146244024586 104.719000212912647
35.12504320746613 104.649999831592709
35.635948725613716 104.579999900247500
36.15428553564419 104.508499926397221
36.68016172818701 104.436499900004421
37.21368696608603 104.364000139025592
37.754972507267915 104.291000200590986
38.30413122794313 104.217499970025642
38.86127764614443 104.144000179171087
39.4265279456077 104.069500139398087
40.000000000000206 103.993999999999971
40.58181339750116 103.916500080482308
41.1720894657399 103.837999937558124
41.77095129709678 103.757499826449830
42.37852377437204 103.676000164820309
42.9949335968281 103.595000052788592
43.62030930661056 103.514499836721740
44.25478131555359 103.435499837960748
44.89848193237519 103.356000132208266
45.55154539026795 103.276999833632487
46.21410787489121 103.197000015239823
46.88630755277036 103.117999934922267
47.56828460010916 103.037499807355587
48.260181232021196 102.952999969812481
48.962141732186545 102.860000170961854
49.674312482939705 102.758500074512085
50.39684199579528 102.654500144022848
51.129880942417586 102.559000260103687
51.873582186040764 102.476999883257491
52.628100813345895 102.404000017747478
53.393594166801776 102.328499877865383
54.17022187747612 102.245500122415152
54.95814589832399 102.153999891727693
55.75753053796041 102.056999932096218
56.56854249492426 101.953499934198447
57.39135089244048 101.842999877683795
58.226127313687975 101.728500094207021
59.073045837580466 101.615500284935933
59.932283075067765 101.506499749154813
60.804018205965114 101.401500215312240
61.68843301631817 101.298000227954930
62.58571193631152 101.202500006648066
63.49604207872855 101.113499787664026
64.41961327797075 101.014500417613590
65.35661812964459 100.895000384586112
66.3072520307241 100.760999859493126
67.27171322029778 100.636999976726557
68.25020282090806 100.540000294592375
69.2429248804921 100.454500269271819
70.25008641493265 100.353999722483692
71.27189745122783 100.232499817354892
72.30857107128878 100.102499991156577
73.36032345637442 99.972999697343454
74.42737393217246 99.843000249087453
75.50994501453623 99.716000465862393
76.60826245588666 99.591999838712127
77.72255529228926 99.466500195460824
78.85305589121582 99.333500250916956
80.00000000000082 99.194499999999906
81.16362679500274 99.060500136200787
82.34417893148023 98.933999797692465
83.541902594194 98.808999835414994
84.75704754874454 98.683500253260007
85.98986719365665 98.557000082767118
87.24061861322157 98.426499725114184
88.50956263110764 98.291499712841784
89.79696386475084 98.150000346998368
91.10309078053635 98.002499684112280
92.42821574978288 97.851999914921691
93.77261510554118 97.700999879605945
95.13656920021877 97.553999663452487
96.52036246404286 97.406000058273236
97.92428346437356 97.243500300532872
99.34862496587989 97.073000004081564
100.79368399159105 96.909000222958355
102.25976188483567 96.753000433506102
103.74716437208203 96.597999749161318
105.25620162669229 96.437500146898969
106.78718833360406 96.270499745175869
108.34044375495276 96.100500246270428
109.9162917966485 95.930999810523190
111.51506107592134 95.762499885495373
113.13708498984903 95.586000001128667
114.78270178488147 95.397499796139599
116.45225462737648 95.209500041363526
118.14609167516147 95.029000350092943
119.86456615013608 94.847499664528442
121.60803641193078 94.663500375258423
123.3768660326369 94.481000302549603
125.17142387262359 94.295500118932125
126.99208415745765 94.084499605421584
128.83922655594208 93.856000789073988
130.71323625928977 93.652000595192732
132.61450406144883 93.470499804791700
134.5434264405962 93.288500052591729
136.50040564181674 93.110000572998871
138.48584976098482 92.930500475888323
140.50017282986593 92.749999575423288
142.5437949024563 92.569999830553556
144.61714214257822 92.386999988299408
146.7206469127495 92.223499697343399
148.8547478643456 92.100500222054677
151.01989002907314 92.002500304761426
153.216524911774 91.916499908210056
155.4451105845792 91.857000074824768
157.70611178243232 91.844999999999999
160.00000000000236 91.873500000000035
162.3272535900062 91.912999977060139
164.6883578629612 91.929999978960012
167.08380518838874 91.907999923895915
169.51409509748981 91.860500081600435
171.97973438731407 91.803500038450849
174.4812372264439 91.731499822254136
177.01912526221608 91.642499772995080
179.5939277295025 91.550000187641587
182.20618156107355 91.455499813459099
184.85643149956664 91.342999932273145
187.54523021108326 91.222499858234386
190.27313840043846 91.100999705230748
193.04072492808663 90.973000049783053
195.84856692874806 90.848500219550772
198.69724993176072 90.737500002530055
201.58736798318304 90.649000113556482
204.5195237696723 90.577500171989897
207.49432874416505 90.499499869059122
210.5124032533856 90.417000047284347
213.57437666720915 90.337499855358644
216.68088750990657 90.258500139112925
219.83258359329807 90.181499939766539
223.03012215184378 90.107999975055435
226.2741699796992 90.041500000392830
229.5654035697641 89.985999927203707
232.90450925475412 89.932500012008745
236.2921833503241 89.881500114747354
239.72913230027333 89.831999912958750
243.21607282386276 89.785000094327287
246.75373206527502 89.739500075219496
250.34284774524843 89.698500025038300
253.9841683149166 89.662999938396027
257.67845311188546 89.633000108628437
261.42647251858085 89.610000055728577
265.22900812289896 89.595499984983974
269.08685288119375 89.582500000368228
273.0008112836349 89.576500016186401
276.97169952197106 89.575999999999993
281.00034565973334 89.577500021347419
285.0875898049141 89.590000026747504
289.23428428515797 89.616000009810762
293.44129382550057 89.648000078552101
297.7094957286928 89.683999935496374
302.0397800581479 89.723999859037448
306.4330498235497 89.754000024914404
310.89022116916016 89.771999974040384
315.41222356486645 89.796999955765983
320.00000000000654 89.824500000000029
324.6545071800142 89.847499987322720
329.3767157259242 89.870000036633428
334.16761037677935 89.897000038078971
339.02819019498156 89.920999963199819
343.95946877463007 89.935499989754817
348.9624744528898 89.944000024909911
354.03825052443415 89.957000038182372
359.187855459007 89.973999965327110
364.4123631221491 89.985500015545085
369.71286299913527 89.995000008955628
375.0904604221685 90.013000027171728
380.54627680087896 90.035500049213141
386.08144985617537 90.057999995470141
391.6971338574982 90.078999962208485
397.3944998635236 90.097499996422400
403.1747359663683 90.118499968148797
409.0390475393468 90.144499931204066
414.9886574883323 90.172000048828309
421.0248065067734 90.199999979232103
427.1487533344206 90.229000035056771
433.3617750198154 90.248999966542470
439.6651671865984 90.269500026214359
446.06024430368984 90.298500011403249
452.54833995940066 90.330999999794244
459.13080713953053 90.365000049446564
465.8090185095106 90.401499986251338
472.58436670065066 90.447499892752774
479.45826460054917 90.510000117868401
486.432145647728 90.574499877906106
493.50746413055253 90.643499869509327
500.6856954904994 90.723999960053789
507.9683366298358 90.809000164773920
515.3569062237735 90.900999644148285
522.8529450371643 91.008499687920022
530.4580162458005 91.124500128708803
538.1737057623901 91.243499996379171
546.0016225672724 91.353499650373735
553.9433990439449 91.455499737078412
562.0006913194694 91.548500224523963
570.1751796098309 91.637500091688963
578.4685685703187 91.725500015733786
586.8825876510039 91.809000189449222
595.4189914573883 91.890999860807980
604.0795601162986 91.976999700884292
612.8660996471021 92.061500099492164
621.780442338323 92.143999865617502
630.8244471297356 92.228499851380079
640.0000000000159 92.315000000000140
649.3090143600314 92.398999940299888
658.7534314518515 92.480500111309240
668.3352207535618 92.560000131738349
678.0563803899662 92.642499865599348
687.9189375492632 92.729999932253662
697.9249489057827 92.823500210070492
708.0765010488715 92.922000250751097
718.3757109180171 93.032499767487678
728.8247262443015 93.160500253244606
739.425725998274 93.300500078921488
750.1809208443404 93.442500166574661
761.0925536017613 93.582000303329039
772.1628997123541 93.718499959460559
783.3942677149998 93.852499772452859
794.7889997270506 93.983999985529493
806.34947193274 94.110999836370752
818.0780950786972 94.236999682256041
829.9773149766683 94.358500199288258
842.0496130135506 94.478999910253037
854.2975066688449 94.603500218767152
866.7235500396347 94.728499779884771
879.3303343732008 94.854000125246429
892.1204886073838 94.983500055946678
905.0966799188055 95.112999999189498
918.2616142790653 95.240000160998477
931.6180370190256 95.363999953923440
945.1687334013056 95.485499747653606
958.9165292011028 95.602000208536438
972.8642912954606 95.718499766459786
987.0149282611097 95.842499773453738
1001.3713909810035 95.964999932657093
1015.9366732596762 96.086500229572692
1030.7138124475518 96.210499543880957
1045.7058900743334 96.331499654800496
1060.916032491606 96.451000128708841
1076.3474115247852 96.570499996348531
1092.0032451345498 96.688499621238194
1107.8867980878947 96.804499687734165
1124.0013826389438 96.925500296865550
1140.350359219667 97.046500122946597
1156.9371371406426 97.163500021914942
1173.765175302013 97.282000274691825
1190.837982914782 97.403499787545201
1208.1591202326028 97.522999594302917
1225.73219929421 97.640500139049323
1243.5608846766518 97.755999817963840
1261.648894259477 97.870499800674509
1280.0000000000375 97.986000000000246
1298.6180287200684 98.100499918978443
1317.5068629037087 98.214000159214535
1336.6704415071292 98.327000187035992
1356.112760779938 98.441999810105500
1375.8378750985323 98.555499909232637
1395.8498978115715 98.666500236058624
1416.153002097749 98.776000257781561
1436.7514218360407 98.886499768237144
1457.6494524886093 99.000000205875139
1478.8514519965543 99.113000061010254
1500.3618416886875 99.221500128770501
1522.1851072035295 99.330500240353501
1544.3257994247153 99.441499966858316
1566.788535430007 99.551999810092269
1589.5779994541087 99.662999982481239
1612.6989438654878 99.775499848383447
1636.156190157402 99.888999707675595
1659.9546299533442 100.004500192645352
1684.099226027109 100.119499920149622
1708.5950133376978 100.234500196621710
1733.4471000792773 100.350499793972176
1758.6606687464096 100.470000112731924
1784.2409772147755 100.590500047402855
1810.193359837619 100.710000003799394
1836.5232285581387 100.828500158977533
1863.2360740380593 100.947999955409813
1890.3374668026197 101.069499743447849
1917.833058402214 101.190000215789894
1945.7285825909298 101.308499766459803
1974.0298565222283 101.425999790294725
2002.7427819620161 101.543499934326789
2031.8733465193618 101.658500213044704
2061.4276248951132 101.770999588021539
2091.411780148677 101.880999692657284
2121.832064983222 101.986000111614374
2152.694823049581 102.084999997023615
2184.0064902691106 102.180499692458426
2215.7735961758003 102.271999760416747
2248.002765277899 102.356500192232630
2280.7007184393456 102.434000077102141
2313.874274281297 102.506000012736905
2347.530350604038 102.571500134576922
2381.6759658295764 102.628999903307957
2416.318240465218 102.678999836351281
2451.4643985884327 102.721000044166516
2487.1217693533167 102.754999949346484
2523.2977885189675 102.779999961533690
2560.0000000000887 102.797000000000025
2597.236057440151 102.804999995735713
2635.0137258074315 102.805999992955122
2673.340883014273 102.798999978856799
2712.225521559891 102.784000028071361
2751.6757501970797 102.762500017115855
2791.699795623158 102.734499929907471
2832.3060041955137 102.700499910948182
2873.502843672097 102.661000085606076
2915.2989049772345 102.619499919836201
2957.7029039931244 102.575999976398450
3000.723683377391 102.531999950189359
3044.370214407075 102.489499909484437
3088.6515988494466 102.449000010936246
3133.57707086003 102.411500063302569
3179.1559989082334 102.376500005426152
3225.3978877309914 102.343000043566320
3272.3123803148205 102.309000088968276
3319.9092599067053 102.274499938552765
3368.198452054235 102.238000025215896
3417.190026675413 102.203499944641720
3466.8942001585724 102.174000047003616
3517.3213374928373 102.152499989535855
3568.4819544295697 102.143500000000003
3620.386719675257 102.146500000115822
3673.0464571162966 102.157500019757407
3726.472148076138 102.172999994054649
3780.6749336052594 102.189499966059714
3835.6661168044484 102.203500016320248
3891.45716518188 102.210499990193540
3948.059713044477 102.207000010662981
4005.4855639240527 102.189500011687599
4063.746693038744 102.153999903847065
4122.855249790247 102.097500229104611
4182.823560297375 102.017000242490553
4243.664129966465 101.910999860758267
4305.389646099183 101.777500004326441
4368.012980538242 101.616000540625691
4431.5471923516225 101.429500513842555
4496.00553055582 101.219999446600241
4561.401436878714 100.990499744194409
4627.748548562617 100.745499949243325
4695.060701208099 100.492499419835127
4763.351931659176 100.236000447497048
4832.63648093046 99.980000873050926
4902.928797176889 99.731499710146821
4974.243538706657 99.495500368820927
5046.595577037959 99.274500376429245
5120.000000000202 99.067999999999472
5194.472114880326 98.872000138589357
5270.027451614888 98.673499699887500
5346.6817660285715 98.450499583718141
5424.451043119808 98.174500485469210
5503.351500394186 97.819000293303418
5583.399591246343 97.388998988038935
5664.612008391055 96.925998940751839
5747.005687344222 96.489500873937033
5830.597809954497 96.143499557277181
5915.405807986278 95.943999970498041
6001.447366754812 95.945500205034563
6088.740428814181 96.180000885286546
6177.303197698925 96.628499858810358
6267.154141720092 97.243498880720111
6358.3119978165005 97.972999883260584
6450.795775462017 98.782998906881659
6544.624760629676 99.654497750373707
6639.818519813445 100.566001542451261
6736.396904108505 101.487999345391643
6834.380053350861 102.389001485950899
6933.788400317181 103.234998558556029
7034.642674985712 103.991000637362021
7136.963908859177 104.628500216510389
7240.773439350552 105.127500004993493
7346.092914232631 105.477500318372876
7452.944296152315 105.682499936830695
7561.349867210557 105.759999898179132
7671.332233608935 105.735499843277410
7782.914330363799 105.632500236426850
7896.119426088994 105.468000319687604
8010.971127848146 105.244000130942467
8127.49338607753 104.957999375948475
8245.710499580537 104.612501330284715
8365.647120594791 104.212001167949438
8487.328259932974 103.766999484427032
8610.77929219841 103.291000018679838
8736.025961076528 102.798501598515259
8863.094384703289 102.311001299106550
8992.011061111683 101.849998934827738
9122.802873757471 101.424499579294789
9255.497097125279 101.035499927808104
9390.121402416245 100.691499311054116
9526.7038633184 100.403000475356691
9665.272961860968 100.174000739525411
9805.857594353829 99.994499813232622
9948.487077413367 99.845000230536655
10093.19115407597 99.697000263673885
10240.000000000457 99.514999999999304
10388.944229760706 99.270500186207144
10540.05490322983 98.959499518129107
10693.363532057198 98.613499441117796
10848.902086239672 98.277500539960528
11006.703000788428 98.006000194508161
11166.799182492743 97.853499908003528
11329.224016782166 97.851500273473391
11494.0113746885 98.008499589864485
11661.195619909053 98.321000748802931
11830.811615972614 98.757500268404684
12002.894733509682 99.258500579739831
12177.48085762842 99.744000966691743
12354.606395397908 100.161999889224745
12534.308283440243 100.490999474799537
12716.62399563306 100.708499972330131
12901.591550924093 100.782499952279196
13089.249521259411 100.715000249111128
13279.637039626952 100.576499813415552
13472.793808217073 100.502500025401588
13668.760106701786 100.672000768773344
13867.576800634426 101.219998870172745
14069.285349971487 102.079500871378798
14273.927817718419 102.959500284094219
14481.54687870117 103.567000005219896
14692.18582846533 103.750499804365049
14905.888592304698 103.500000131169088
15122.699734421185 102.900001422403847
15342.664467217943 102.092498427306779
15565.828660727671 101.239501660898355
15792.238852178061 100.512501203739703
16021.942255696367 100.064000202662484
16254.986772155136 99.929999956636891
16491.42099916115 99.851000498287803
16731.294241189662 99.232002347210454
16974.65651986603 97.700497761096230
17221.558584396902 95.625000081772029
17472.051922153143 93.829005334842293
17726.188769406665 92.703002522052557
17984.022122223458 92.161998479374574
18245.605747515034 91.315998126238185
18510.99419425065 89.209499508933163
18780.242804832582 87.074498753551666
19053.40772663689 87.328498161634656
19330.545923722028 90.264989192379289
19611.71518870775 92.537501446841190
19896.974154826825 93.428499065601756
20186.382308152035 93.298500595000846
