20 107.278500000000008
20.290906698750476 107.279999997936358
20.586044732869844 107.281000000000006
20.885475648548283 107.281499999999994
21.189261887185914 107.281499999999994
21.49746679841394 107.281499999999994
21.810154653305165 107.281000000000006
22.12739065777668 107.280500000000004
22.449240966187475 107.280000003200513
22.77577269513385 107.278499995788167
23.107053937445478 107.276500000376302
23.44315377638505 107.274999993144704
23.784142300054445 107.271999997388548
24.130090616010463 107.269000003317871
24.481070866093134 107.265500001140452
24.837156241469714 107.261499996645881
25.1984209978975 107.256500000028979
25.56494047120865 107.251500007187758
25.936791093020236 107.245499979645913
26.3140504066728 107.239500007835403
26.69679708340074 107.231999977599145
27.08511093873791 107.224000021785230
27.47907294916184 107.215000001157222
27.878765268980047 107.205499993342784
28.284271247461966 107.195499993359476
28.695675446220072 107.184499988197558
29.11306365684382 107.173500009011107
29.536522918790062 107.161000033072924
29.966141537533712 107.147499982672016
30.402009102982383 107.133000030758964
30.844216508158908 107.118000016623512
31.29285596815558 107.102500001131588
31.74802103936409 107.086499961598903
32.20980663898519 107.070000046986834
32.67830906482211 107.053000035800238
33.153626015361866 107.035999961962915
33.63585661014871 107.018000014499435
34.125101410453844 107.000000058271155
34.62146244024586 106.981500059490287
35.12504320746613 106.961499952561326
35.635948725613716 106.939999970495734
36.15428553564419 106.917999976488005
36.68016172818701 106.894999967124747
37.21368696608603 106.872000042480039
37.754972507267915 106.850000057704250
38.30413122794313 106.829999992609061
38.86127764614443 106.811500046003403
39.4265279456077 106.793500035314182
40.000000000000206 106.773999999999987
40.58181339750116 106.750000024763779
41.1720894657399 106.720999976584295
41.77095129709678 106.689999931436972
42.37852377437204 106.658500062310125
42.9949335968281 106.627500019551320
43.62030930661056 106.599499948329651
44.25478131555359 106.573999948721763
44.89848193237519 106.548000044620295
45.55154539026795 106.518499926292876
46.21410787489121 106.481000007525836
46.88630755277036 106.436999961766816
47.56828460010916 106.389999895554240
48.260181232021196 106.346999987394227
48.962141732186545 106.311500059386745
49.674312482939705 106.282000020255708
50.39684199579528 106.253000040160202
51.129880942417586 106.219000097888483
51.873582186040764 106.178499930585531
52.628100813345895 106.133500011338668
53.393594166801776 106.087499933655266
54.17022187747612 106.045000059047311
54.95814589832399 106.005499956014376
55.75753053796041 105.965999973371055
56.56854249492426 105.923499972834222
57.39135089244048 105.876999948498437
58.226127313687975 105.827500041778762
59.073045837580466 105.776000132291685
59.932283075067765 105.722499868604899
60.804018205965114 105.667000114833201
61.68843301631817 105.611500125151736
62.58571193631152 105.555500004031273
63.49604207872855 105.498999871243086
64.41961327797075 105.442000228884368
65.35661812964459 105.385000173979435
66.3072520307241 105.328499938863416
67.27171322029778 105.271999987120523
68.25020282090806 105.215500181287609
69.2429248804921 105.158000178470871
70.25008641493265 105.101999864799751
71.27189745122783 105.044999921322102
72.30857107128878 104.987999995986442
73.36032345637442 104.927999856757964
74.42737393217246 104.865000123578255
75.50994501453623 104.800000242101717
76.60826245588666 104.732499909521437
77.72255529228926 104.663000106892639
78.85305589121582 104.591500133822393
80.00000000000082 104.518999999999949
81.16362679500274 104.444500076354984
82.34417893148023 104.367999876997018
83.541902594194 104.290999897298960
84.75704754874454 104.213500154770017
85.98986719365665 104.135500050833343
87.24061861322157 104.056999840855582
88.50956263110764 103.980499846165245
89.79696386475084 103.906000179565581
91.10309078053635 103.833999852585734
92.42821574978288 103.764499961938640
93.77261510554118 103.695999943056862
95.13656920021877 103.625999835207750
96.52036246404286 103.554000028171828
97.92428346437356 103.479500136769445
99.34862496587989 103.402500001861767
100.79368399159105 103.320500114941268
102.25976188483567 103.237000232135529
103.74716437208203 103.152999864326247
105.25620162669229 103.066000079796964
106.78718833360406 102.975499861279161
108.34044375495276 102.882500135376716
109.9162917966485 102.788999893983217
111.51506107592134 102.694999936090454
113.13708498984903 102.599000000598636
114.78270178488147 102.500999892705067
116.45225462737648 102.400500022460847
118.14609167516147 102.298000201450122
119.86456615013608 102.195499815037294
121.60803641193078 102.093000211211034
123.3768660326369 101.987500178855299
125.17142387262359 101.877500069481400
126.99208415745765 101.767999821581924
128.83922655594208 101.665500351085782
130.71323625928977 101.564500308279321
132.61450406144883 101.465999897032987
134.5434264405962 101.370500027451726
136.50040564181674 101.274000317253609
138.48584976098482 101.172000273438584
140.50017282986593 101.060999715367586
142.5437949024563 100.939499883045116
144.61714214257822 100.810999991156535
146.7206469127495 100.679499692722686
148.8547478643456 100.545500260672881
151.01989002907314 100.411000436290038
153.216524911774 100.275499822976514
155.4451105845792 100.141000204622827
157.70611178243232 100.006500249058064
160.00000000000236 99.878499999999875
162.3272535900062 99.767500063990141
164.6883578629612 99.670999852720087
167.08380518838874 99.583999877195666
169.51409509748981 99.522500083200441
171.97973438731407 99.495000013685910
174.4812372264439 99.489500010334069
177.01912526221608 99.499000065904653
179.5939277295025 99.534999908218794
182.20618156107355 99.618500208994902
184.85643149956664 99.748500084518639
187.54523021108326 99.900500180751152
190.27313840043846 100.050500324942476
193.04072492808663 100.185499949831012
195.84856692874806 100.296499811042366
198.69724993176072 100.379499998186006
201.58736798318304 100.433499936297579
204.5195237696723 100.455999965602018
207.49432874416505 100.442999938473548
210.5124032533856 100.396000031715118
213.57437666720915 100.320999833387816
216.68088750990657 100.226000174331375
219.83258359329807 100.119999908835837
223.03012215184378 100.007499959732343
226.2741699796992 99.894500000704596
229.5654035697641 99.784999853033895
232.90450925475412 99.680000022905574
236.2921833503241 99.577500229494731
239.72913230027333 99.476999822290793
243.21607282386276 99.379000200958131
246.75373206527502 99.281500163811359
250.34284774524843 99.181500062595788
253.9841683149166 99.077999789354124
257.67845311188546 98.970500408293063
261.42647251858085 98.859000312080013
265.22900812289896 98.741999872363778
269.08685288119375 98.622500003682234
273.0008112836349 98.502000388473760
276.97169952197106 98.383000312876661
281.00034565973334 98.263999722483476
285.0875898049141 98.147499865099562
289.23428428515797 98.031499964742594
293.44129382550057 97.916999741240119
297.7094957286928 97.805000190115948
302.0397800581479 97.696000374754107
306.4330498235497 97.585499855758684
310.89022116916016 97.475500167973991
315.41222356486645 97.366500176936114
320.00000000000654 97.259499999999861
324.6545071800142 97.155500062782735
329.3767157259242 97.053999859102234
334.16761037677935 96.954499846160900
339.02819019498156 96.854500158400796
343.95946877463007 96.754000086230320
348.9624744528898 96.652999769017157
354.03825052443415 96.550999773151759
359.187855459007 96.450000205997796
364.4123631221491 96.350999829004138
369.71286299913527 96.252999944587089
375.0904604221685 96.154499881861994
380.54627680087896 96.054499786029822
386.08144985617537 95.955000020384347
391.6971338574982 95.854500179959615
397.3944998635236 95.754000020074315
403.1747359663683 95.653500139868328
409.0390475393468 95.553000245699735
414.9886574883323 95.453999825613153
421.0248065067734 95.355500071945954
427.1487533344206 95.261999844748601
433.3617750198154 95.166000174331302
439.6651671865984 95.057999894171672
446.06024430368984 94.950999964721234
452.54833995940066 94.855000000579849
459.13080713953053 94.765999883251169
465.8090185095106 94.681000031584759
472.58436670065066 94.597500176642512
479.45826460054917 94.519999878504876
486.432145647728 94.457500110647601
493.50746413055253 94.406000088806167
500.6856954904994 94.362000019973109
507.9683366298358 94.326999940755442
515.3569062237735 94.296000112374230
522.8529450371643 94.264000089165705
530.4580162458005 94.233999967822797
538.1737057623901 94.203000000981916
546.0016225672724 94.172000100355689
553.9433990439449 94.140000084134911
562.0006913194694 94.108499917674550
570.1751796098309 94.074999963532804
578.4685685703187 94.039999994006195
586.8825876510039 94.009499946861808
595.4189914573883 93.988000033949277
604.0795601162986 93.976500030943001
612.8660996471021 93.975000010788307
621.780442338323 93.988499970501408
630.8244471297356 94.020499935306617
640.0000000000159 94.069000000000102
649.3090143600314 94.130499953803493
658.7534314518515 94.199500098628448
668.3352207535618 94.270500117100767
678.0563803899662 94.342499884799452
687.9189375492632 94.413499946555675
697.9249489057827 94.480000138603202
708.0765010488715 94.543500152325421
718.3757109180171 94.608999865387602
728.8247262443015 94.679000132998965
739.425725998274 94.752000040860054
750.1809208443404 94.825000087422168
761.0925536017613 94.897500158355612
772.1628997123541 94.967499979582328
783.3942677149998 95.034999885370993
794.7889997270506 95.100999992764756
806.34947193274 95.167499912990792
818.0780950786972 95.234999827147291
829.9773149766683 95.304000117912210
842.0496130135506 95.375999945855142
854.2975066688449 95.451000134760562
866.7235500396347 95.527499866169933
879.3303343732008 95.605000075730402
892.1204886073838 95.683500034261911
905.0966799188055 95.762999999501233
918.2616142790653 95.840500101273221
931.6180370190256 95.918999970644776
945.1687334013056 95.998999833871963
958.9165292011028 96.075500136002034
972.8642912954606 96.151499847605123
987.0149282611097 96.232499853198021
1001.3713909810035 96.310999956588873
1015.9366732596762 96.389000148111421
1030.7138124475518 96.468999705729658
1045.7058900743334 96.547499777474712
1060.916032491606 96.626000086878463
1076.3474115247852 96.706499997545222
1092.0032451345498 96.786999737780292
1107.8867980878947 96.868499776568399
1124.0013826389438 96.952500211699203
1140.350359219667 97.038500085437462
1156.9371371406426 97.120500015359198
1173.765175302013 97.204000193635210
1190.837982914782 97.290999845487420
1208.1591202326028 97.377999700884345
1225.73219929421 97.462500101889589
1243.5608846766518 97.546999867034458
1261.648894259477 97.629499856625515
1280.0000000000375 97.710500000000167
1298.6180287200684 97.789499944564199
1317.5068629037087 97.866000108491320
1336.6704415071292 97.942500125232797
1356.112760779938 98.020499869550747
1375.8378750985323 98.098999937346434
1395.8498978115715 98.176500168922672
1416.153002097749 98.254500180447081
1436.7514218360407 98.331999837139605
1457.6494524886093 98.411500145752314
1478.8514519965543 98.491000043098992
1500.3618416886875 98.567500092147696
1522.1851072035295 98.645500172617517
1544.3257994247153 98.724499976623264
1566.788535430007 98.803999866551322
1589.5779994541087 98.883499987597347
1612.6989438654878 98.964499891319122
1636.156190157402 99.045999791560007
1659.9546299533442 99.129500144484012
1684.099226027109 99.215999939762000
1708.5950133376978 99.302500150458343
1733.4471000792773 99.390999843277967
1758.6606687464096 99.483500087576886
1784.2409772147755 99.577500037527244
1810.193359837619 99.672500003065068
1836.5232285581387 99.769000132258611
1863.2360740380593 99.868499962841497
1890.3374668026197 99.971499783402692
1917.833058402214 100.077500195842930
1945.7285825909298 100.185499786251341
1974.0298565222283 100.298499795626213
2002.7427819620161 100.417499932657122
2031.8733465193618 100.538000231898224
2061.4276248951132 100.662499536524251
2091.411780148677 100.792999627805159
2121.832064983222 100.925500148082435
2152.694823049581 101.059999995857623
2184.0064902691106 101.198999546780826
2215.7735961758003 101.342999609667743
2248.002765277899 101.487500352832043
2280.7007184393456 101.633000154204268
2313.874274281297 101.781000028096130
2347.530350604038 101.929000337582792
2381.6759658295764 102.076999744456742
2416.318240465218 102.227499485188417
2451.4643985884327 102.374000175439193
2487.1217693533167 102.515499778390804
2523.2977885189675 102.653499760459766
2560.0000000000887 102.788000000000309
2597.236057440151 102.915999910449898
2635.0137258074315 103.035500157805600
2673.340883014273 103.144500159387206
2712.225521559891 103.238999849735706
2751.6757501970797 103.316999943206469
2791.699795623158 103.374500085425268
2832.3060041955137 103.407500028121632
2873.502843672097 103.411500008351823
2915.2989049772345 103.381999892507650
2957.7029039931244 103.314499947432921
3000.723683377391 103.206999841300984
3044.370214407075 103.060499613653064
3088.6515988494466 102.877500052220569
3133.57707086003 102.669000366128316
3179.1559989082334 102.442500035657531
3225.3978877309914 102.207500312885401
3272.3123803148205 101.971500597358471
3319.9092599067053 101.740999623012911
3368.198452054235 101.515000157599360
3417.190026675413 101.292499614222024
3466.8942001585724 101.068500391696830
3517.3213374928373 100.837499775496454
3568.4819544295697 100.599999904009167
3620.386719675257 100.354499996756886
3673.0464571162966 100.098999650952422
3726.472148076138 99.832000099956247
3780.6749336052594 99.560500576985092
3835.6661168044484 99.293499532152893
3891.45716518188 99.042000480517146
3948.059713044477 98.830000350101102
4005.4855639240527 98.696000060664204
4063.746693038744 98.685000214930085
4122.855249790247 98.850999194438629
4182.823560297375 99.227498787547276
4243.664129966465 99.804000769144821
4305.389646099183 100.525999977048400
4368.012980538242 101.298497500820162
4431.5471923516225 102.027498105205567
4496.00553055582 102.648001268411861
4561.401436878714 103.129000393221816
4627.748548562617 103.467000048532299
4695.060701208099 103.679500315011396
4763.351931659176 103.798999825876621
4832.63648093046 103.854999849355920
4902.928797176889 103.872500002425554
4974.243538706657 103.872500003165840
5046.595577037959 103.871000001734700
5120.000000000202 103.878500000000059
5194.472114880326 103.906999975124990
5270.027451614888 103.965000121172181
5346.6817660285715 104.061500209754428
5424.451043119808 104.204499742404096
5503.351500394186 104.400499836621435
5583.399591246343 104.654000652736784
5664.612008391055 104.968500850679391
5747.005687344222 105.346999182111176
5830.597809954497 105.788000890911334
5915.405807986278 106.295000299310743
6001.447366754812 106.869000719358553
6088.740428814181 107.507001521103319
6177.303197698925 108.212999794193323
6267.154141720092 108.983998646532314
6358.3119978165005 109.800499872253283
6450.795775462017 110.637998892359548
6544.624760629676 111.463497920684404
6639.818519813445 112.238501191514345
6736.396904108505 112.924999530899541
6834.380053350861 113.500000828967970
6933.788400317181 113.949999272314528
7034.642674985712 114.275500230211350
7136.963908859177 114.494500065155464
7240.773439350552 114.641500001505776
7346.092914232631 114.753500136635040
7452.944296152315 114.855499962469992
7561.349867210557 114.949999806964570
7671.332233608935 115.016500041914185
7782.914330363799 115.016000047285374
7896.119426088994 114.900000269680618
8010.971127848146 114.627500173128936
8127.49338607753 114.173498887642310
8245.710499580537 113.540502497979077
8365.647120594791 112.755002313275156
8487.328259932974 111.858998958981374
8610.77929219841 110.899500037592219
8736.025961076528 109.915503184113220
8863.094384703289 108.941502595529002
8992.011061111683 108.000997779054615
9122.802873757471 107.105499093052600
9255.497097125279 106.260999837821018
9390.121402416245 105.476498343357093
9526.7038633184 104.767501196227300
9665.272961860968 104.149002040542328
9805.857594353829 103.611499398463508
9948.487077413367 103.127000752026476
10093.19115407597 102.690500735511378
10240.000000000457 102.313999999998998
10388.944229760706 102.004500207528565
10540.05490322983 101.768499744974761
10693.363532057198 101.604499807226134
10848.902086239672 101.498000155218008
11006.703000788428 101.436000041568278
11166.799182492743 101.389499848862926
11329.224016782166 101.308999801322756
11494.0113746885 101.251000064539085
11661.195619909053 101.338500322477159
11830.811615972614 101.520000085130363
12002.894733509682 101.659000100115719
12177.48085762842 101.731000079273130
12354.606395397908 101.759999993861314
12534.308283440243 101.777499965560622
12716.62399563306 101.833999988782494
12901.591550924093 102.005999717651932
13089.249521259411 102.406998792573631
13279.637039626952 103.160501630948033
13472.793808217073 104.139999308512571
13668.760106701786 104.833000321612104
13867.576800634426 104.817500379510534
14069.285349971487 104.077498908873935
14273.927817718419 102.832999397007967
14481.54687870117 101.288499970638071
14692.18582846533 99.609997785888339
14905.888592304698 97.962500601965829
15122.699734421185 96.486003003558125
15342.664467217943 95.271998214091127
15565.828660727671 94.377501593910750
15792.238852178061 93.833000814399554
16021.942255696367 93.619000076205509
16254.986772155136 93.675500331822008
16491.42099916115 93.829499512785276
16731.294241189662 93.619001052002758
16974.65651986603 92.639498340293272
17221.558584396902 91.027000066347725
17472.051922153143 89.273505654545318
17726.188769406665 87.523504727843473
17984.022122223458 85.641995291203358
18245.605747515034 83.774499033100980
18510.99419425065 83.669500399562480
18780.242804832582 86.036005484372737
19053.40772663689 88.173496776779103
19330.545923722028 89.307996679050717
19611.71518870775 90.197001212775518
19896.974154826825 91.204998388202682
20186.382308152035 91.934498999080233
