20 104.501808917307358
20.290906698750476 104.522794187187543
20.586044732869844 104.543279486548229
20.885475648548283 104.562779491261210
21.189261887185914 104.581264752722404
21.49746679841394 104.599264765616624
21.810154653305165 104.616735356975681
22.12739065777668 104.632735326942878
22.449240966187475 104.648205941659057
22.77577269513385 104.662691236293824
23.107053937445478 104.676676512619906
23.44315377638505 104.688676519834843
23.784142300054445 104.701161805263098
24.130090616010463 104.712147084012912
24.481070866093134 104.722147096505822
24.837156241469714 104.732117665502642
25.1984209978975 104.740117681811952
25.56494047120865 104.747602960085260
25.936791093020236 104.754558837980312
26.3140504066728 104.759058837052407
26.69679708340074 104.763044128558278
27.08511093873791 104.765529419546340
27.47907294916184 104.767514709891316
27.878765268980047 104.768000000000001
28.284271247461966 104.767970581860567
28.695675446220072 104.766485289719867
29.11306365684382 104.764470582889999
29.536522918790062 104.761455874263106
29.966141537533712 104.757941165015808
30.402009102982383 104.753411738866760
30.844216508158908 104.747411749986682
31.29285596815558 104.740882318735046
31.74802103936409 104.733352897483940
32.20980663898519 104.723338205676257
32.67830906482211 104.711808773299509
33.153626015361866 104.698308782521337
33.63585661014871 104.684308787641669
34.125101410453844 104.670294064388202
34.62146244024586 104.656279347593397
35.12504320746613 104.641779364042208
35.635948725613716 104.626794082821874
36.15428553564419 104.612279365267710
36.68016172818701 104.597294071349722
37.21368696608603 104.582779348072052
37.754972507267915 104.568279369629877
38.30413122794313 104.554308772033949
38.86127764614443 104.541338197965530
39.4265279456077 104.529838201229367
40.000000000000206 104.518323495310455
40.58181339750116 104.505235231531202
41.1720894657399 104.486661675312661
41.77095129709678 104.462617579967755
42.37852377437204 104.435602828239780
42.9949335968281 104.407573434542655
43.62030930661056 104.377558705670594
44.25478131555359 104.346544005704317
44.89848193237519 104.315014615322070
45.55154539026795 104.281514602550118
46.21410787489121 104.248529298274391
46.88630755277036 104.218132286060239
47.56828460010916 104.194191099043181
48.260181232021196 104.173191094425334
48.962141732186545 104.152676387687180
49.674312482939705 104.130176389302278
50.39684199579528 104.107661694434000
51.129880942417586 104.084146963504537
51.873582186040764 104.059132261644606
52.628100813345895 104.033088140633112
53.393594166801776 104.004544004897696
54.17022187747612 103.974029287258645
54.95814589832399 103.942043994514790
55.75753053796041 103.911544022521298
56.56854249492426 103.881558726831628
57.39135089244048 103.851558726610094
58.226127313687975 103.819985160310310
59.073045837580466 103.783426321197595
59.932283075067765 103.743367477317108
60.804018205965114 103.701396927423261
61.68843301631817 103.660941041986817
62.58571193631152 103.623955763749763
63.49604207872855 103.587411630853950
64.41961327797075 103.545308649590510
65.35661812964459 103.495690963959390
66.3072520307241 103.440161586646525
67.27171322029778 103.384705679511583
68.25020282090806 103.331735096298999
69.2429248804921 103.279720414321687
70.25008641493265 103.226176292424199
71.27189745122783 103.169617441417557
72.30857107128878 103.109073334124389
73.36032345637442 103.044485065937920
74.42737393217246 102.974426224325128
75.50994501453623 102.900396783634136
76.60826245588666 102.824882116328723
77.72255529228926 102.748337967206965
78.85305589121582 102.667779154730681
80.00000000000082 102.582690851291375
81.16362679500274 102.492617320218471
82.34417893148023 102.397058519939691
83.541902594194 102.297984943244956
84.75704754874454 102.193926110150187
85.98986719365665 102.085837862963643
87.24061861322157 101.970190784827167
88.50956263110764 101.843999508896331
89.79696386475084 101.704837722234316
91.10309078053635 101.554661263288978
92.42821574978288 101.394131781942974
93.77261510554118 101.235808315258510
95.13656920021877 101.094749561244626
96.52036246404286 100.988514490616126
97.92428346437356 100.939588253674856
99.34862496587989 100.967779733213717
100.79368399159105 101.071559344310657
102.25976188483567 101.216191673600420
103.74716437208203 101.361412236903988
105.25620162669229 101.480809126132925
106.78718833360406 101.556103091076153
108.34044375495276 101.586102963953067
109.9162917966485 101.589485290755050
111.51506107592134 101.592250062686702
113.13708498984903 101.616706036208029
114.78270178488147 101.672088475670705
116.45225462737648 101.750264985198413
118.14609167516147 101.836206149965733
119.86456615013608 101.914956102615292
121.60803641193078 101.974132490751231
123.3768660326369 102.010308898194992
125.17142387262359 102.023941163648630
126.99208415745765 102.013617560470720
128.83922655594208 101.981308674025996
130.71323625928977 101.930102737689182
132.61450406144883 101.864911496163401
134.5434264405962 101.788808559594173
136.50040564181674 101.706735009158280
138.48584976098482 101.621235010657372
140.50017282986593 101.535749730800717
142.5437949024563 101.450749709885542
144.61714214257822 101.365220277034439
146.7206469127495 101.277705590123361
148.8547478643456 101.190190877445900
151.01989002907314 101.101690889387939
153.216524911774 101.013205571074366
155.4451105845792 100.925205582574804
157.70611178243232 100.836705571324899
160.00000000000236 100.749249723942228
162.3272535900062 100.664264413812219
164.6883578629612 100.580734993783381
167.08380518838874 100.494205582578189
169.51409509748981 100.406235003389725
171.97973438731407 100.319735010751060
174.4812372264439 100.233176150515732
177.01912526221608 100.142161471577850
179.5939277295025 100.051190865842528
182.20618156107355 99.963279120430471
184.85643149956664 99.881411503072243
187.54523021108326 99.809058605211703
190.27313840043846 99.747661575220320
193.04072492808663 99.691690980674792
195.84856692874806 99.635176279881520
198.69724993176072 99.578146864076899
201.58736798318304 99.521146862927850
204.5195237696723 99.462014483005845
207.49432874416505 99.392352683037799
210.5124032533856 99.312308548907396
213.57437666720915 99.232337971991043
216.68088750990657 99.154323269107707
219.83258359329807 99.073279132668858
223.03012215184378 98.989249712868883
226.2741699796992 98.904220283618272
229.5654035697641 98.816676151977532
232.90450925475412 98.726190861814217
236.2921833503241 98.637190885248060
239.72913230027333 98.547661456338574
243.21607282386276 98.455132029273756
246.75373206527502 98.361632048290431
250.34284774524843 98.269117320591064
253.9841683149166 98.175602624037452
257.67845311188546 98.080602613544684
261.42647251858085 97.986587915051800
265.22900812289896 97.889529074124596
269.08685288119375 97.788514351635826
273.0008112836349 97.688558498808248
276.97169952197106 97.591058501234869
281.00034565973334 97.492043779794372
285.0875898049141 97.392029070453532
289.23428428515797 97.291029077923611
293.44129382550057 97.190014371181263
297.7094957286928 97.087499657297514
302.0397800581479 96.984984938340986
306.4330498235497 96.883029079898279
310.89022116916016 96.783014362478355
315.41222356486645 96.680470242743127
320.00000000000654 96.574940810694329
324.6545071800142 96.469499644705508
329.3767157259242 96.367014352541588
334.16761037677935 96.265514361822653
339.02819019498156 96.166073201497682
343.95946877463007 96.070132028398632
348.9624744528898 95.978676167791377
354.03825052443415 95.888646744540267
359.187855459007 95.796646738244846
364.4123631221491 95.703543788349549
369.71286299913527 95.600837856245619
375.0904604221685 95.484146629692489
380.54627680087896 95.357631930076423
386.08144985617537 95.233220178477637
391.6971338574982 95.113749594748185
397.3944998635236 94.994308437393812
403.1747359663683 94.880911399934575
409.0390475393468 94.771852568050832
414.9886574883323 94.660984936112868
421.0248065067734 94.564323257794328
427.1487533344206 94.488499773359351
433.3617750198154 94.420529186812303
439.6651671865984 94.355073317567914
446.06024430368984 94.293117444104922
452.54833995940066 94.234705701273100
459.13080713953053 94.184441047658026
465.8090185095106 94.151720523793699
472.58436670065066 94.138544127888764
479.45826460054917 94.146808894691105
486.432145647728 94.173044241477328
493.50746413055253 94.212647209112532
500.6856954904994 94.258206042638250
507.9683366298358 94.306661914749782
515.3569062237735 94.349470698469418
522.8529450371643 94.376720638273156
530.4580162458005 94.390102964811291
538.1737057623901 94.396529418530562
546.0016225672724 94.397500000000008
553.9433990439449 94.398558837167982
562.0006913194694 94.404176511496729
570.1751796098309 94.420926569568479
578.4685685703187 94.455206048154878
586.8825876510039 94.505309012069844
595.4189914573883 94.561882554530897
604.0795601162986 94.622367850654953
612.8660996471021 94.683485524013008
621.780442338323 94.754706161423954
630.8244471297356 94.838235581818225
640.0000000000159 94.922235583978107
649.3090143600314 95.007867961118961
658.7534314518515 95.100264998002046
668.3352207535618 95.183059068799707
678.0563803899662 95.252426683374750
687.9189375492632 95.314897265575809
697.9249489057827 95.375911973299296
708.0765010488715 95.437882557736486
718.3757109180171 95.495250172956673
728.8247262443015 95.544176627822907
739.425725998274 95.590191334257000
750.1809208443404 95.637206045831448
761.0925536017613 95.682603081300300
772.1628997123541 95.722073661482426
783.3942677149998 95.762647208664546
794.7889997270506 95.808250175410706
806.34947193274 95.858720753856772
818.0780950786972 95.907706046075049
829.9773149766683 95.955206045198850
842.0496130135506 96.004235463878558
854.2975066688449 96.054264883273035
866.7235500396347 96.107323720280476
879.3303343732008 96.164397263942206
892.1204886073838 96.226441392809136
905.0966799188055 96.290941395963785
918.2616142790653 96.356529649050998
931.6180370190256 96.427617904990910
945.1687334013056 96.504176743528689
958.9165292011028 96.584176741849816
972.8642912954606 96.664191453135572
987.0149282611097 96.746794418044104
1001.3713909810035 96.835867963832598
1015.9366732596762 96.929926800411764
1030.7138124475518 97.027412089169431
1045.7058900743334 97.123970928226740
1060.916032491606 97.227118018463017
1076.3474115247852 97.339191565507122
1092.0032451345498 97.453706273401011
1107.8867980878947 97.570235696455484
1124.0013826389438 97.689279824258705
1140.350359219667 97.811838661933137
1156.9371371406426 97.936838659832802
1173.765175302013 98.061323954484777
1190.837982914782 98.184853371817184
1208.1591202326028 98.310838659711493
1225.73219929421 98.435823948113381
1243.5608846766518 98.558779823564663
1261.648894259477 98.681338663420007
1280.0000000000375 98.807382787934955
1298.6180287200684 98.935397494657053
1317.5068629037087 99.064426915359434
1336.6704415071292 99.196515172369189
1356.112760779938 99.335662261427871
1375.8378750985323 99.484809355894072
1395.8498978115715 99.642868196689108
1416.153002097749 99.803853487297360
1436.7514218360407 99.965956448701334
1457.6494524886093 100.135559418286647
1478.8514519965543 100.310603543410579
1500.3618416886875 100.487132962822045
1522.1851072035295 100.666103546101382
1544.3257994247153 100.844132959111704
1566.788535430007 101.025250636824381
1589.5779994541087 101.213794763374182
1612.6989438654878 101.402750632065718
1636.156190157402 101.589294765713788
1659.9546299533442 101.781427145720244
1684.099226027109 101.981485983347014
1708.5950133376978 102.183985986864883
1733.4471000792773 102.388103660589707
1758.6606687464096 102.600691914670762
1784.2409772147755 102.819794883496343
1810.193359837619 103.044883133234080
1836.5232285581387 103.276971388229200
1863.2360740380593 103.515074353850949
1890.3374668026197 103.761206742386136
1917.833058402214 104.015280282920543
1945.7285825909298 104.272794998607111
1974.0298565222283 104.530265579764730
2002.7427819620161 104.787280286889853
2031.8733465193618 105.045809704192294
2061.4276248951132 105.304221451553019
2091.411780148677 105.554589064873312
2121.832064983222 105.797530229677747
2152.694823049581 106.037500812317788
2184.0064902691106 106.273868426278085
2215.7735961758003 106.499191916561969
2248.002765277899 106.713000695628750
2280.7007184393456 106.913250638252066
2313.874274281297 107.094427031124127
2347.530350604038 107.253603427301357
2381.6759658295764 107.391309240457460
2416.318240465218 107.507456218491541
2451.4643985884327 107.599573777839694
2487.1217693533167 107.665720754997281
2523.2977885189675 107.709411859862797
2560.0000000000887 107.731073546407686
2597.236057440151 107.729205814281670
2635.0137258074315 107.703970466008087
2673.340883014273 107.663779244881823
2712.225521559891 107.610573314974971
2751.6757501970797 107.543882095292048
2791.699795623158 107.466293839678599
2832.3060041955137 107.383293839640586
2873.502843672097 107.302882095201767
2915.2989049772345 107.229602734071179
2957.7029039931244 107.173911628635210
3000.723683377391 107.140264651378686
3044.370214407075 107.130029418556006
3088.6515988494466 107.136735348647477
3133.57707086003 107.154308895044466
3179.1559989082334 107.176897150567527
3225.3978877309914 107.205514824910296
3272.3123803148205 107.243176626575547
3319.9092599067053 107.294426684362037
3368.198452054235 107.363750288593607
3417.190026675413 107.454632729492261
3466.8942001585724 107.573074010074578
3517.3213374928373 107.722500578313543
3568.4819544295697 107.900427147114669
3620.386719675257 108.107853714556455
3673.0464571162966 108.341692032027794
3726.472148076138 108.600177434130416
3780.6749336052594 108.895295224278840
3835.6661168044484 109.229207088680369
3891.45716518188 109.588457142967457
3948.059713044477 109.960030689093614
4005.4855639240527 110.337633657116143
4063.746693038744 110.723883713238308
4122.855249790247 111.128119059826588
4182.823560297375 111.547824991375251
4243.664129966465 111.978280860228494
4305.389646099183 112.402045514036857
4368.012980538242 112.804427726014694
4431.5471923516225 113.157368655505820
4496.00553055582 113.429353599815514
4561.401436878714 113.590456103279692
4627.748548562617 113.616779129798147
4695.060701208099 113.497322795125172
4763.351931659176 113.250748900597898
4832.63648093046 112.907248672422185
4902.928797176889 112.504733844211017
4974.243538706657 112.074586751630619
5046.595577037959 111.642395648461985
5120.000000000202 111.237484019572861
5194.472114880326 110.874145935647419
5270.027451614888 110.557396111562554
5346.6817660285715 110.293249247407971
5424.451043119808 110.088146514281988
5503.351500394186 109.944587908638653
5583.399591246343 109.865514593633094
5664.612008391055 109.851014824957531
5747.005687344222 109.902456219246375
5830.597809954497 110.016353484403510
5915.405807986278 110.192280170435254
6001.447366754812 110.431162725676757
6088.740428814181 110.730059991519312
6177.303197698925 111.088854293290680
6267.154141720092 111.497942663388855
6358.3119978165005 111.943854524758720
6450.795775462017 112.414428072364558
6544.624760629676 112.877339701238796
6639.818519813445 113.290177668450525
6736.396904108505 113.612912552396750
6834.380053350861 113.804559068505853
6933.788400317181 113.829484943959997
7034.642674985712 113.681557911835014
7136.963908859177 113.376057450078605
7240.773439350552 112.943145358048952
7346.092914232631 112.426968732272030
7452.944296152315 111.878468730735335
7561.349867210557 111.341057101255387
7671.332233608935 110.853689718424619
7782.914330363799 110.450145937608170
7896.119426088994 110.147190412169323
8010.971127848146 109.949793723589409
8127.49338607753 109.864485290717155
8245.710499580537 109.895235694854691
8365.647120594791 110.045000809237635
8487.328259932974 110.313618830286472
8610.77929219841 110.685736734775617
8736.025961076528 111.115677899626675
8863.094384703289 111.507515634902006
8992.011061111683 111.706279245042396
9122.802873757471 111.542586522261900
9255.497097125279 110.907481941093152
9390.121402416245 109.810407121022564
9526.7038633184 108.379465269017473
9665.272961860968 106.797038691025733
9805.857594353829 105.215583058714174
9948.487077413367 103.723480547074530
10093.19115407597 102.373716479251613
10240.000000000457 101.230114438604403
10388.944229760706 100.371703850877140
10540.05490322983 99.883514130986811
10693.363532057198 99.833603889533762
10848.902086239672 100.227370042092389
11006.703000788428 101.031974167835045
11166.799182492743 102.140489454143818
11329.224016782166 103.372239512781732
11494.0113746885 104.602651135599331
11661.195619909053 105.786062652958094
11830.811615972614 106.872826727395562
12002.894733509682 107.719751792452314
12177.48085762842 108.086764304585529
12354.606395397908 107.773188332816204
12534.308283440243 106.774230608508475
12716.62399563306 105.319715209065407
12901.591550924093 103.745553749771659
13089.249521259411 102.312245779031286
13279.637039626952 101.148085020666016
13472.793808217073 100.283659605680072
13668.760106701786 99.732440123229992
13867.576800634426 99.515206045533219
14069.285349971487 99.667633887173309
14273.927817718419 100.220385099843043
14481.54687870117 101.059885101279860
14692.18582846533 101.745544821310148
14905.888592304698 101.681085248325047
15122.699734421185 100.484522599887526
15342.664467217943 98.268079241960294
15565.828660727671 95.580152664554163
15792.238852178061 92.974212544547555
16021.942255696367 90.720346431222396
16254.986772155136 88.957201305288436
16491.42099916115 87.747188099345010
16731.294241189662 86.909453675650099
16974.65651986603 86.345410819483703
17221.558584396902 86.195868426040818
17472.051922153143 86.581620562991432
17726.188769406665 87.642843860820122
17984.022122223458 89.515257915476838
18245.605747515034 91.878081057670713
18510.99419425065 93.869989337677026
18780.242804832582 94.660336810913805
19053.40772663689 93.878421020227648
19330.545923722028 92.113889985909182
19611.71518870775 89.997066147747262
19896.974154826825 87.835080973893639
20186.382308152035 85.715963763719174
