20 83.866999999999990
20.290906698750476 83.991120605202212
20.586044732869844 84.116569031239578
20.885475648548283 84.242875565137865
21.189261887185914 84.367596978422966
21.49746679841394 84.483369797123345
21.810154653305165 84.591648236783413
22.12739065777668 84.688876435655231
22.449240966187475 84.785279832594924
22.77577269513385 84.879721291676006
23.107053937445478 84.973796778578247
23.44315377638505 85.066628841782432
23.784142300054445 85.158527887389496
24.130090616010463 85.249390036076136
24.481070866093134 85.338494078885503
24.837156241469714 85.427560331832751
25.1984209978975 85.516613144484893
25.56494047120865 85.605998164263511
25.936791093020236 85.695829938175166
26.3140504066728 85.786181865863242
26.69679708340074 85.876993310953424
27.08511093873791 85.968809442803149
27.47907294916184 86.061582072008207
27.878765268980047 86.155161381624083
28.284271247461966 86.249450929411182
28.695675446220072 86.344505352630620
29.11306365684382 86.439826259133014
29.536522918790062 86.534060244189533
29.966141537533712 86.622991298269483
30.402009102982383 86.708385076788034
30.844216508158908 86.792901015052735
31.29285596815558 86.877901563989369
31.74802103936409 86.963379934361086
32.20980663898519 87.048055388378344
32.67830906482211 87.130134231954941
33.153626015361866 87.209848292534701
33.63585661014871 87.289552197284678
34.125101410453844 87.370641732724891
34.62146244024586 87.452176915319825
35.12504320746613 87.533006740364712
35.635948725613716 87.612436103744514
36.15428553564419 87.692105686953568
36.68016172818701 87.772744906140801
37.21368696608603 87.854266731878994
37.754972507267915 87.935381575534706
38.30413122794313 88.016807143507634
38.86127764614443 88.098183546862685
39.4265279456077 88.179438378979086
40.000000000000206 88.260000000000019
40.58181339750116 88.336605686023262
41.1720894657399 88.410034335157704
41.77095129709678 88.481538470532271
42.37852377437204 88.551117022618200
42.9949335968281 88.619442877127341
43.62030930661056 88.685632414032042
44.25478131555359 88.751063036652610
44.89848193237519 88.817094363383006
45.55154539026795 88.884412258246329
46.21410787489121 88.954004738337517
46.88630755277036 89.025624033972818
47.56828460010916 89.097621098124108
48.260181232021196 89.169698563898180
48.962141732186545 89.240839549544745
49.674312482939705 89.310745361237821
50.39684199579528 89.380944116397814
51.129880942417586 89.450867480515527
51.873582186040764 89.520456568898709
52.628100813345895 89.588993905926827
53.393594166801776 89.654225562688850
54.17022187747612 89.713151119866382
54.95814589832399 89.763161468027107
55.75753053796041 89.811300270489184
56.56854249492426 89.870062043356626
57.39135089244048 89.940874010228072
58.226127313687975 90.019238394575069
59.073045837580466 90.093394071117899
59.932283075067765 90.150962966029539
60.804018205965114 90.197203830868460
61.68843301631817 90.242460016633942
62.58571193631152 90.290955197651328
63.49604207872855 90.342770440566255
64.41961327797075 90.398225829873169
65.35661812964459 90.458750032815828
66.3072520307241 90.522471381997065
67.27171322029778 90.582987653556984
68.25020282090806 90.637135242455855
69.2429248804921 90.687632093785595
70.25008641493265 90.740879796028764
71.27189745122783 90.798134103445605
72.30857107128878 90.858205693206031
73.36032345637442 90.920259083926084
74.42737393217246 90.980650818405138
75.50994501453623 91.029060597749648
76.60826245588666 91.064020662469403
77.72255529228926 91.096158985123481
78.85305589121582 91.143440021738257
80.00000000000082 91.207000000000050
81.16362679500274 91.266636022333955
82.34417893148023 91.317347654349376
83.541902594194 91.363672353381190
84.75704754874454 91.406996642947661
85.98986719365665 91.450970329781853
87.24061861322157 91.498123577679792
88.50956263110764 91.547860192438392
89.79696386475084 91.596352305572282
91.10309078053635 91.643067896147073
92.42821574978288 91.686180821883397
93.77261510554118 91.727167831281065
95.13656920021877 91.773666126006120
96.52036246404286 91.818255552522132
97.92428346437356 91.851985649705199
99.34862496587989 91.884129955665031
100.79368399159105 91.929543501036221
102.25976188483567 91.974760316928950
103.74716437208203 92.007842201869749
105.25620162669229 92.041440142859159
106.78718833360406 92.084640442230523
108.34044375495276 92.128351537628774
109.9162917966485 92.166689274284082
111.51506107592134 92.203742505344593
113.13708498984903 92.228581825853496
114.78270178488147 92.240185129656140
116.45225462737648 92.259483265916515
118.14609167516147 92.289955632666803
119.86456615013608 92.330604194785280
121.60803641193078 92.371760871479978
123.3768660326369 92.408865172436862
125.17142387262359 92.438671369053225
126.99208415745765 92.461569037941985
128.83922655594208 92.487667403911047
130.71323625928977 92.518186990508440
132.61450406144883 92.556940845444046
134.5434264405962 92.596292830507451
136.50040564181674 92.618753447955442
138.48584976098482 92.638544821534282
140.50017282986593 92.668586127416162
142.5437949024563 92.701624684256373
144.61714214257822 92.738512844102047
146.7206469127495 92.778192291342236
148.8547478643456 92.815217864975267
151.01989002907314 92.846034702343061
153.216524911774 92.870665249117735
155.4451105845792 92.892595017378142
157.70611178243232 92.913190116615951
160.00000000000236 92.932000000000016
162.3272535900062 92.947359873694040
164.6883578629612 92.947624656854813
167.08380518838874 92.928745753304497
169.51409509748981 92.898816763732626
171.97973438731407 92.855280993518505
174.4812372264439 92.784477893425532
177.01912526221608 92.688542639616230
179.5939277295025 92.592862245100207
182.20618156107355 92.511814553167795
184.85643149956664 92.433720913912737
187.54523021108326 92.363550165567247
190.27313840043846 92.307793668633252
193.04072492808663 92.272202260172591
195.84856692874806 92.278531370073722
198.69724993176072 92.317958748976409
201.58736798318304 92.361045958417208
204.5195237696723 92.417455554625690
207.49432874416505 92.485622396743707
210.5124032533856 92.542438116009677
213.57437666720915 92.587434867507739
216.68088750990657 92.637399532974712
219.83258359329807 92.690153921086079
223.03012215184378 92.755117504112803
226.2741699796992 92.821999512913777
229.5654035697641 92.875908620808090
232.90450925475412 92.915901856429670
236.2921833503241 92.954725337716638
239.72913230027333 92.998546436828491
243.21607282386276 93.048227919401256
246.75373206527502 93.092890867324101
250.34284774524843 93.133442749070355
253.9841683149166 93.175317935621536
257.67845311188546 93.207686464728994
261.42647251858085 93.233200380435605
265.22900812289896 93.265175577167540
269.08685288119375 93.301781675930755
273.0008112836349 93.336757098731809
276.97169952197106 93.370287746414789
281.00034565973334 93.400502592447992
285.0875898049141 93.431262031302765
289.23428428515797 93.467338273280873
293.44129382550057 93.498777315543606
297.7094957286928 93.523276529070600
302.0397800581479 93.546483707841617
306.4330498235497 93.579086431804086
310.89022116916016 93.618525712876306
315.41222356486645 93.642700780060267
320.00000000000654 93.650500000000036
324.6545071800142 93.672376183746067
329.3767157259242 93.701135637500727
334.16761037677935 93.720836919431761
339.02819019498156 93.745752227052904
343.95946877463007 93.787427112726590
348.9624744528898 93.831077280294849
354.03825052443415 93.867056278513701
359.187855459007 93.901558631575341
364.4123631221491 93.933474178732894
369.71286299913527 93.948782157497831
375.0904604221685 93.953316611477590
380.54627680087896 93.972411968803073
386.08144985617537 93.997499104295258
391.6971338574982 94.016091401572510
397.3944998635236 94.030788999727051
403.1747359663683 94.037322806652654
409.0390475393468 94.034954444537419
414.9886574883323 94.029756616465136
421.0248065067734 94.025839423923742
427.1487533344206 94.017090928330347
433.3617750198154 93.994494310315929
439.6651671865984 93.959818627795656
446.06024430368984 93.924572274684010
452.54833995940066 93.900619482109619
459.13080713953053 93.883968039803989
465.8090185095106 93.873825817908738
472.58436670065066 93.879204004815307
479.45826460054917 93.893827214029898
486.432145647728 93.916398938896606
493.50746413055253 93.960333697982122
500.6856954904994 94.016185572146895
507.9683366298358 94.071260545763138
515.3569062237735 94.134441595729243
522.8529450371643 94.206336432528957
530.4580162458005 94.276007642150745
538.1737057623901 94.343563351861505
546.0016225672724 94.414014603105443
553.9433990439449 94.483547192351551
562.0006913194694 94.546905150330048
570.1751796098309 94.607796329112745
578.4685685703187 94.669167407420360
586.8825876510039 94.729022242939578
595.4189914573883 94.785410595754428
604.0795601162986 94.839232333205047
612.8660996471021 94.892891754975068
621.780442338323 94.949104240579345
630.8244471297356 95.008194016917344
640.0000000000159 95.066000000000088
649.3090143600314 95.122784987596191
658.7534314518515 95.177769902420749
668.3352207535618 95.232510758295291
678.0563803899662 95.292352377437282
687.9189375492632 95.356764987825130
697.9249489057827 95.422012167887587
708.0765010488715 95.482343706083441
718.3757109180171 95.539147624503187
728.8247262443015 95.596977230655867
739.425725998274 95.657697924490080
750.1809208443404 95.713844297273596
761.0925536017613 95.764765250141551
772.1628997123541 95.819814498561769
783.3942677149998 95.873711343420965
794.7889997270506 95.924070373851336
806.34947193274 95.976953675672107
818.0780950786972 96.037228204269908
829.9773149766683 96.100152315648984
842.0496130135506 96.160060726312111
854.2975066688449 96.213690026675380
866.7235500396347 96.265029275172253
879.3303343732008 96.323950772177966
892.1204886073838 96.393637386581105
905.0966799188055 96.463620484583885
918.2616142790653 96.525732276345252
931.6180370190256 96.583772086814918
945.1687334013056 96.646648878106305
958.9165292011028 96.714582646005510
972.8642912954606 96.784321456477301
987.0149282611097 96.858309429683530
1001.3713909810035 96.930219815806922
1015.9366732596762 97.001839478508316
1030.7138124475518 97.078094555539451
1045.7058900743334 97.153316214112380
1060.916032491606 97.227885506621902
1076.3474115247852 97.310949727996231
1092.0032451345498 97.403707275038670
1107.8867980878947 97.500859873695333
1124.0013826389438 97.603008987153132
1140.350359219667 97.708885608391228
1156.9371371406426 97.812726458298044
1173.765175302013 97.916642669093960
1190.837982914782 98.026446888946083
1208.1591202326028 98.139651173006953
1225.73219929421 98.259306509446020
1243.5608846766518 98.380930293140096
1261.648894259477 98.500770998587868
1280.0000000000375 98.625500000000244
1298.6180287200684 98.753698426329606
1317.5068629037087 98.883045295164479
1336.6704415071292 99.006607586683316
1356.112760779938 99.131927307030608
1375.8378750985323 99.256778613120758
1395.8498978115715 99.380873118986457
1416.153002097749 99.504225662691383
1436.7514218360407 99.630365172021158
1457.6494524886093 99.759702693031201
1478.8514519965543 99.885066753661590
1500.3618416886875 99.999903287282493
1522.1851072035295 100.114693663890563
1544.3257994247153 100.225355965146576
1566.788535430007 100.330055721560825
1589.5779994541087 100.432809437554411
1612.6989438654878 100.531565669848504
1636.156190157402 100.620823541747754
1659.9546299533442 100.700058445454431
1684.099226027109 100.770112034108848
1708.5950133376978 100.827518126408648
1733.4471000792773 100.874191128133191
1758.6606687464096 100.915337429869453
1784.2409772147755 100.951219533569144
1810.193359837619 100.977858555066845
1836.5232285581387 100.997374866277198
1863.2360740380593 101.012088594057502
1890.3374668026197 101.023021488048954
1917.833058402214 101.034346545696977
1945.7285825909298 101.044962289732723
1974.0298565222283 101.050344777043563
2002.7427819620161 101.057508530079105
2031.8733465193618 101.073998677215485
2061.4276248951132 101.097784862405604
2091.411780148677 101.124770602133808
2121.832064983222 101.152240461734053
2152.694823049581 101.186320640540686
2184.0064902691106 101.228910384430577
2215.7735961758003 101.283286813020837
2248.002765277899 101.344705945347485
2280.7007184393456 101.418930141405696
2313.874274281297 101.505885492178265
2347.530350604038 101.600753671731582
2381.6759658295764 101.699631250478646
2416.318240465218 101.803586545442187
2451.4643985884327 101.919247260183027
2487.1217693533167 102.045279820962165
2523.2977885189675 102.176954483381252
2560.0000000000887 102.307750000000311
2597.236057440151 102.441127060374555
2635.0137258074315 102.580801471777875
2673.340883014273 102.719276612625308
2712.225521559891 102.846899116835658
2751.6757501970797 102.963651569326458
2791.699795623158 103.074778190518401
2832.3060041955137 103.173096049817502
2873.502843672097 103.260095516723879
2915.2989049772345 103.331541565520183
2957.7029039931244 103.383855584553885
3000.723683377391 103.421898025857558
3044.370214407075 103.443718510720359
3088.6515988494466 103.436606780517749
3133.57707086003 103.408727770083487
3179.1559989082334 103.360429681331965
3225.3978877309914 103.292077569734630
3272.3123803148205 103.203867125142025
3319.9092599067053 103.096425942832298
3368.198452054235 102.979097606713623
3417.190026675413 102.874229852251005
3466.8942001585724 102.788638221747874
3517.3213374928373 102.706553726262172
3568.4819544295697 102.618286940659658
3620.386719675257 102.530288982913092
3673.0464571162966 102.452387282893000
3726.472148076138 102.384498143789386
3780.6749336052594 102.326263279731961
3835.6661168044484 102.276063734732759
3891.45716518188 102.241746597515316
3948.059713044477 102.217336748749574
4005.4855639240527 102.217008530079113
4063.746693038744 102.234154348497270
4122.855249790247 102.269498012279769
4182.823560297375 102.334058033051477
4243.664129966465 102.432272095517305
4305.389646099183 102.562510899881573
4368.012980538242 102.714631802318678
4431.5471923516225 102.877764208904168
4496.00553055582 103.056315485556297
4561.401436878714 103.260624741699758
4627.748548562617 103.479053640352461
4695.060701208099 103.693935138684708
4763.351931659176 103.899362263347797
4832.63648093046 104.090833013470316
4902.928797176889 104.242683069083128
4974.243538706657 104.349809343867548
5046.595577037959 104.390940116615980
5120.000000000202 104.359499999999798
5194.472114880326 104.225943503921528
5270.027451614888 103.978584384871567
5346.6817660285715 103.623546577689098
5424.451043119808 103.161250712270402
5503.351500394186 102.603628636394092
5583.399591246343 101.990153167840845
5664.612008391055 101.352357373878490
5747.005687344222 100.715081634000313
5830.597809954497 100.090848757377387
5915.405807986278 99.492594712728106
6001.447366754812 98.941892278495033
6088.740428814181 98.492602357152379
6177.303197698925 98.147984516115670
6267.154141720092 97.889819932314026
6358.3119978165005 97.710702083624597
6450.795775462017 97.599593485243830
6544.624760629676 97.555653142952778
6639.818519813445 97.577182945279674
6736.396904108505 97.661678114656183
6834.380053350861 97.802524594697786
6933.788400317181 97.997895914740610
7034.642674985712 98.248979849835194
7136.963908859177 98.546881854273522
7240.773439350552 98.881294889021106
7346.092914232631 99.242938451812350
7452.944296152315 99.626217237994425
7561.349867210557 100.017337024171155
7671.332233608935 100.403806479279922
7782.914330363799 100.779705637899127
7896.119426088994 101.137977678556609
8010.971127848146 101.464287837162544
8127.49338607753 101.744362764243419
8245.710499580537 101.963064424224001
8365.647120594791 102.108442154860725
8487.328259932974 102.180058532132591
8610.77929219841 102.104800272003672
8736.025961076528 101.513853911349315
8863.094384703289 100.228055794542499
8992.011061111683 98.993034034550078
9122.802873757471 99.088238703115977
9255.497097125279 99.510015979068868
9390.121402416245 99.557469012724710
9526.7038633184 99.420953969143483
9665.272961860968 99.255003234847379
9805.857594353829 99.116458435221020
9948.487077413367 99.029749080566972
10093.19115407597 99.003529805115946
10240.000000000457 99.012500000000060
10388.944229760706 99.025582527414898
10540.05490322983 99.019119852822200
10693.363532057198 98.987980634571045
10848.902086239672 98.912169727393803
11006.703000788428 98.763626699132743
11166.799182492743 98.526874220628173
11329.224016782166 98.178592228627096
11494.0113746885 97.775146231516999
11661.195619909053 97.265788883506104
11830.811615972614 96.589513373192347
12002.894733509682 95.670854268802159
12177.48085762842 94.696359111518007
12354.606395397908 93.754843982300045
12534.308283440243 92.909923783404622
12716.62399563306 92.227251214338111
12901.591550924093 91.694586675930594
13089.249521259411 91.216326934390310
13279.637039626952 90.761450234673873
13472.793808217073 90.279862980964680
13668.760106701786 89.687589222275676
13867.576800634426 88.906740573030888
14069.285349971487 87.825675044773178
14273.927817718419 86.463097280358198
14481.54687870117 84.617453247162217
14692.18582846533 82.198157063641787
14905.888592304698 79.884046226431451
15122.699734421185 78.962739454462820
15342.664467217943 79.719514359953820
15565.828660727671 81.334688151519799
15792.238852178061 82.741046135388743
16021.942255696367 83.458020369255507
16254.986772155136 83.167364736822051
16491.42099916115 82.188999905471164
16731.294241189662 81.535019199058837
16974.65651986603 81.055906047055885
17221.558584396902 79.985671808761481
17472.051922153143 78.085634388128057
17726.188769406665 75.799706045472419
17984.022122223458 73.625607013967453
18245.605747515034 71.554661863601410
18510.99419425065 69.862129391525443
18780.242804832582 68.642380416479966
19053.40772663689 67.908269835316091
19330.545923722028 67.659206846221252
19611.71518870775 67.593824797913641
19896.974154826825 67.308780835373625
20186.382308152035 66.519134170248662
