20 102.019061800000003
20.290906698750476 101.985314164927303
20.586044732869844 101.950815100557492
20.885475648548283 101.914690543931471
21.189261887185914 101.876052463843365
21.49746679841394 101.833622459262813
21.810154653305165 101.786337543269127
22.12739065777668 101.735019576821429
22.449240966187475 101.681119108902038
22.77577269513385 101.625029289651224
23.107053937445478 101.568151445892966
23.44315377638505 101.510967044678225
23.784142300054445 101.454482318004580
24.130090616010463 101.399236062462137
24.481070866093134 101.345290015497284
24.837156241469714 101.292095308745559
25.1984209978975 101.239160285161148
25.56494047120865 101.186460839237014
25.936791093020236 101.133433427814083
26.3140504066728 101.079858050239253
26.69679708340074 101.025837437803318
27.08511093873791 100.971867564275783
27.47907294916184 100.918315908140215
27.878765268980047 100.864505460833925
28.284271247461966 100.809885141009687
28.695675446220072 100.754573097981222
29.11306365684382 100.698315658395302
29.536522918790062 100.641364107787581
29.966141537533712 100.583727895247478
30.402009102982383 100.525461348933902
30.844216508158908 100.466338203817486
31.29285596815558 100.406297077730201
31.74802103936409 100.345194390408821
32.20980663898519 100.282054608288973
32.67830906482211 100.214559358921804
33.153626015361866 100.141377881252453
33.63585661014871 100.064635274844676
34.125101410453844 99.986959720958211
34.62146244024586 99.911527243215517
35.12504320746613 99.841082278075930
35.635948725613716 99.775495656228912
36.15428553564419 99.711924385663835
36.68016172818701 99.648954594705970
37.21368696608603 99.586397646223645
37.754972507267915 99.524160116493803
38.30413122794313 99.462756334154818
38.86127764614443 99.402444842305528
39.4265279456077 99.341864862970596
40.000000000000206 99.278472763419458
40.58181339750116 99.208767247863307
41.1720894657399 99.131589273317388
41.77095129709678 99.048792087974732
42.37852377437204 98.963499640364603
42.9949335968281 98.879590200800692
43.62030930661056 98.799774464681960
44.25478131555359 98.723049056327966
44.89848193237519 98.645848705810721
45.55154539026795 98.568484457237247
46.21410787489121 98.493877766931348
46.88630755277036 98.421908609351291
47.56828460010916 98.349393023974869
48.260181232021196 98.275365589811571
48.962141732186545 98.199484024720860
49.674312482939705 98.121910050096631
50.39684199579528 98.043674163784175
51.129880942417586 97.967977534965996
51.873582186040764 97.896077611981255
52.628100813345895 97.824913520220392
53.393594166801776 97.755664754894553
54.17022187747612 97.694654418087111
54.95814589832399 97.640430726368464
55.75753053796041 97.586501900747095
56.56854249492426 97.529837087468508
57.39135089244048 97.470327855297398
58.226127313687975 97.407904748461306
59.073045837580466 97.342163955464230
59.932283075067765 97.272963103706161
60.804018205965114 97.200910323344488
61.68843301631817 97.125495250606591
62.58571193631152 97.045285505239548
63.49604207872855 96.960692071507793
64.41961327797075 96.874611496702968
65.35661812964459 96.787617494845051
66.3072520307241 96.701125256370347
67.27171322029778 96.621421817517330
68.25020282090806 96.555036212982174
69.2429248804921 96.496286397627927
70.25008641493265 96.429559932831225
71.27189745122783 96.351972163653386
72.30857107128878 96.271574924521758
73.36032345637442 96.194349031762187
74.42737393217246 96.119915950851407
75.50994501453623 96.046228197152459
76.60826245588666 95.974305454480913
77.72255529228926 95.911518875684934
78.85305589121582 95.865156204885892
80.00000000000082 95.827883366633330
81.16362679500274 95.780784687073591
82.34417893148023 95.717162951048280
83.541902594194 95.642161880071285
84.75704754874454 95.559643047427130
85.98986719365665 95.478671685649203
87.24061861322157 95.405912455335084
88.50956263110764 95.339790200223604
89.79696386475084 95.276572820116513
91.10309078053635 95.212811283824863
92.42821574978288 95.143905864627200
93.77261510554118 95.072560464322208
95.13656920021877 95.006256638162853
96.52036246404286 94.946672323484336
97.92428346437356 94.891439958866812
99.34862496587989 94.837343837115128
100.79368399159105 94.780680895068770
102.25976188483567 94.719040034580189
103.74716437208203 94.651974468696267
105.25620162669229 94.578968514961787
106.78718833360406 94.504952102921195
108.34044375495276 94.441616910436267
109.9162917966485 94.390773130285680
111.51506107592134 94.340318827434572
113.13708498984903 94.278089080847963
114.78270178488147 94.207677815976950
116.45225462737648 94.149904186906397
118.14609167516147 94.104531508535615
119.86456615013608 94.048719682346288
121.60803641193078 93.983743935571681
123.3768660326369 93.926509970766659
125.17142387262359 93.876640768134706
126.99208415745765 93.831016720242218
128.83922655594208 93.785294854876710
130.71323625928977 93.736183034568597
132.61450406144883 93.692369853038372
134.5434264405962 93.666874901219046
136.50040564181674 93.649140273368957
138.48584976098482 93.618385448529239
140.50017282986593 93.580147827039099
142.5437949024563 93.552822050975436
144.61714214257822 93.533006047608467
146.7206469127495 93.502920026395174
148.8547478643456 93.464627825354285
151.01989002907314 93.421204147963351
153.216524911774 93.373705216688961
155.4451105845792 93.342065907998261
157.70611178243232 93.328420276096580
160.00000000000236 93.314928940763039
162.3272535900062 93.293110918348674
164.6883578629612 93.266898662169041
167.08380518838874 93.240892526020687
169.51409509748981 93.218058674094735
171.97973438731407 93.196294803319986
174.4812372264439 93.167518975247532
177.01912526221608 93.132660444226545
179.5939277295025 93.103372194267621
182.20618156107355 93.078373403782436
184.85643149956664 93.051785392301596
187.54523021108326 93.020652471391600
190.27313840043846 92.984652146194492
193.04072492808663 92.944720752716506
195.84856692874806 92.908822809084725
198.69724993176072 92.879611323285303
201.58736798318304 92.853593542836606
204.5195237696723 92.831979031491130
207.49432874416505 92.816686440516008
210.5124032533856 92.810573366465817
213.57437666720915 92.813039593088064
216.68088750990657 92.819776438248994
219.83258359329807 92.832579578864951
223.03012215184378 92.847471700578069
226.2741699796992 92.861649272186781
229.5654035697641 92.878520358381166
232.90450925475412 92.891538351038022
236.2921833503241 92.896137682769350
239.72913230027333 92.899611424314486
243.21607282386276 92.906147479580227
246.75373206527502 92.913118807085596
250.34284774524843 92.921216732903048
253.9841683149166 92.926971079095864
257.67845311188546 92.928191799798981
261.42647251858085 92.930546759139816
265.22900812289896 92.932623021220309
269.08685288119375 92.935566131880222
273.0008112836349 92.940163366761794
276.97169952197106 92.946668898940544
281.00034565973334 92.957826871558083
285.0875898049141 92.975396826279194
289.23428428515797 92.995765419581204
293.44129382550057 93.015278292542988
297.7094957286928 93.035253167384553
302.0397800581479 93.057220261236353
306.4330498235497 93.076427050090984
310.89022116916016 93.093507576339420
315.41222356486645 93.110648877663039
320.00000000000654 93.125554035874458
324.6545071800142 93.140209784257621
329.3767157259242 93.158701464094221
334.16761037677935 93.179787444792481
339.02819019498156 93.200920303452165
343.95946877463007 93.218688750953163
348.9624744528898 93.235456469899319
354.03825052443415 93.249344972771354
359.187855459007 93.264557838813346
364.4123631221491 93.283264062000995
369.71286299913527 93.305658327942865
375.0904604221685 93.332265007063043
380.54627680087896 93.364292873581803
386.08144985617537 93.401653448122104
391.6971338574982 93.440896327835503
397.3944998635236 93.481020240743518
403.1747359663683 93.527225814865218
409.0390475393468 93.584172750836117
414.9886574883323 93.631910557348249
421.0248065067734 93.668049280341876
427.1487533344206 93.717006382722374
433.3617750198154 93.764487023064703
439.6651671865984 93.817832159817641
446.06024430368984 93.890107688118462
452.54833995940066 93.965900752193448
459.13080713953053 94.049044530346777
465.8090185095106 94.140586443602089
472.58436670065066 94.246373228001602
479.45826460054917 94.365183316021984
486.432145647728 94.483261768640517
493.50746413055253 94.608937420165759
500.6856954904994 94.746006566475671
507.9683366298358 94.876816936087309
515.3569062237735 95.016660782850181
522.8529450371643 95.173874312482326
530.4580162458005 95.339790220631215
538.1737057623901 95.513449337092482
546.0016225672724 95.682876728892481
553.9433990439449 95.851827850639765
562.0006913194694 96.009782319375972
570.1751796098309 96.164740332134471
578.4685685703187 96.319621565122844
586.8825876510039 96.462680689442067
595.4189914573883 96.592627985665914
604.0795601162986 96.729639625760427
612.8660996471021 96.869198021222246
621.780442338323 97.006060801394355
630.8244471297356 97.147430192810802
640.0000000000159 97.296226483475465
649.3090143600314 97.448391260440062
658.7534314518515 97.596360018326337
668.3352207535618 97.747016933942504
678.0563803899662 97.913704519840920
687.9189375492632 98.076801838676772
697.9249489057827 98.215544677568175
708.0765010488715 98.323636250306109
718.3757109180171 98.424702168626965
728.8247262443015 98.536752070451129
739.425725998274 98.658793177433878
750.1809208443404 98.782534309816015
761.0925536017613 98.909847219150208
772.1628997123541 99.038110464058590
783.3942677149998 99.163044481395389
794.7889997270506 99.275237776317027
806.34947193274 99.370199524991278
818.0780950786972 99.468412941078043
829.9773149766683 99.570859218778594
842.0496130135506 99.670131122489678
854.2975066688449 99.766880185317206
866.7235500396347 99.869487308664418
879.3303343732008 99.973531986353564
892.1204886073838 100.068072358305443
905.0966799188055 100.160503783924185
918.2616142790653 100.251596976044027
931.6180370190256 100.340304887349902
945.1687334013056 100.425125978620343
958.9165292011028 100.502780648974493
972.8642912954606 100.575083706648655
987.0149282611097 100.647514024558888
1001.3713909810035 100.713083881687567
1015.9366732596762 100.770919877386575
1030.7138124475518 100.824626672331405
1045.7058900743334 100.873504152304051
1060.916032491606 100.917481920728633
1076.3474115247852 100.957588659179009
1092.0032451345498 100.993776967491044
1107.8867980878947 101.026291045824394
1124.0013826389438 101.055314988352592
1140.350359219667 101.080066076311383
1156.9371371406426 101.098922927853465
1173.765175302013 101.114049135955980
1190.837982914782 101.127305751322695
1208.1591202326028 101.136661129237950
1225.73219929421 101.143464246462671
1243.5608846766518 101.150339060997183
1261.648894259477 101.156694228666211
1280.0000000000375 101.162797195477992
1298.6180287200684 101.172344352420112
1317.5068629037087 101.186142146233607
1336.6704415071292 101.200192299943637
1356.112760779938 101.212585741324460
1375.8378750985323 101.222032580420063
1395.8498978115715 101.227576158618575
1416.153002097749 101.229583707944300
1436.7514218360407 101.228212225498552
1457.6494524886093 101.225739728191797
1478.8514519965543 101.226767566938719
1500.3618416886875 101.229113782721839
1522.1851072035295 101.230486707169433
1544.3257994247153 101.239769175304843
1566.788535430007 101.254611386152931
1589.5779994541087 101.267376208458785
1612.6989438654878 101.288141423081356
1636.156190157402 101.311968934194823
1659.9546299533442 101.337764235148555
1684.099226027109 101.378579618206956
1708.5950133376978 101.421349708552412
1733.4471000792773 101.464904336790298
1758.6606687464096 101.510880963304430
1784.2409772147755 101.557390269962696
1810.193359837619 101.606777485882390
1836.5232285581387 101.656100043858274
1863.2360740380593 101.711241709999072
1890.3374668026197 101.784833355400067
1917.833058402214 101.877123245943153
1945.7285825909298 101.983484522791443
1974.0298565222283 102.095359048254238
2002.7427819620161 102.199697395316264
2031.8733465193618 102.296097776107203
2061.4276248951132 102.396038073208985
2091.411780148677 102.508021092488093
2121.832064983222 102.618807307228010
2152.694823049581 102.722027905016120
2184.0064902691106 102.818109084581550
2215.7735961758003 102.909060197349845
2248.002765277899 102.998272438271670
2280.7007184393456 103.088576813542730
2313.874274281297 103.178441816053805
2347.530350604038 103.263007214074349
2381.6759658295764 103.345042075468200
2416.318240465218 103.430853175579131
2451.4643985884327 103.516872009177973
2487.1217693533167 103.598824584785149
2523.2977885189675 103.678464900779986
2560.0000000000887 103.757386472314309
2597.236057440151 103.834164846698286
2635.0137258074315 103.908322737022729
2673.340883014273 103.981364741976108
2712.225521559891 104.051578105877027
2751.6757501970797 104.116813912967075
2791.699795623158 104.178597933797775
2832.3060041955137 104.236584347212315
2873.502843672097 104.288740865227183
2915.2989049772345 104.331861100042502
2957.7029039931244 104.363591260250502
3000.723683377391 104.384510168239856
3044.370214407075 104.393233569725155
3088.6515988494466 104.387510333304832
3133.57707086003 104.366873470712562
3179.1559989082334 104.329788783074122
3225.3978877309914 104.275676559717482
3272.3123803148205 104.204462694754312
3319.9092599067053 104.116118049272501
3368.198452054235 104.012367966242863
3417.190026675413 103.894752884643225
3466.8942001585724 103.761180111438847
3517.3213374928373 103.610511758040332
3568.4819544295697 103.445331079450980
3620.386719675257 103.267843610496641
3673.0464571162966 103.076168645015315
3726.472148076138 102.872856858638556
3780.6749336052594 102.662303482349657
3835.6661168044484 102.444099215281199
3891.45716518188 102.214406017076456
3948.059713044477 101.979161538357729
4005.4855639240527 101.745149631609365
4063.746693038744 101.518183632009766
4122.855249790247 101.301798913060026
4182.823560297375 101.095198932257830
4243.664129966465 100.888945860915271
4305.389646099183 100.650959530454372
4368.012980538242 100.455423246050600
4431.5471923516225 100.380328582923866
4496.00553055582 100.379464480207872
4561.401436878714 100.407801634800535
4627.748548562617 100.486711927585674
4695.060701208099 100.629009539301649
4763.351931659176 100.837371819431297
4832.63648093046 101.095695569280394
4902.928797176889 101.379147150891129
4974.243538706657 101.666071489557979
5046.595577037959 101.945936395631094
5120.000000000202 102.222607350220329
5194.472114880326 102.511362764278090
5270.027451614888 102.829019086570355
5346.6817660285715 103.171340785800595
5424.451043119808 103.529647232618004
5503.351500394186 103.888624143712860
5583.399591246343 104.225903156278122
5664.612008391055 104.521235950386910
5747.005687344222 104.752976031594912
5830.597809954497 104.913596329249486
5915.405807986278 105.006630403132945
6001.447366754812 105.039147332501045
6088.740428814181 105.022209663320353
6177.303197698925 104.974040092773606
6267.154141720092 104.914184189576375
6358.3119978165005 104.859697166871712
6450.795775462017 104.822281765452402
6544.624760629676 104.809623739754102
6639.818519813445 104.825908161400775
6736.396904108505 104.870959521839495
6834.380053350861 104.938654838368194
6933.788400317181 105.016345619675945
7034.642674985712 105.091450771154030
7136.963908859177 105.165745628387072
7240.773439350552 105.248846203823064
7346.092914232631 105.341995641555172
7452.944296152315 105.431809316110275
7561.349867210557 105.498248760504040
7671.332233608935 105.521253260664423
7782.914330363799 105.488774557845375
7896.119426088994 105.392038893662402
8010.971127848146 105.236125567357163
8127.49338607753 105.032973441851340
8245.710499580537 104.791469792540539
8365.647120594791 104.517948114067366
8487.328259932974 104.227306399930654
8610.77929219841 103.930652481424147
8736.025961076528 103.635242703182570
8863.094384703289 103.346121451331655
8992.011061111683 103.064420386443928
9122.802873757471 102.788004802359467
9255.497097125279 102.513863675217991
9390.121402416245 102.241134879942464
9526.7038633184 101.972499042180374
9665.272961860968 101.710176970324511
9805.857594353829 101.455223201736914
9948.487077413367 101.207185234480335
10093.19115407597 100.967579259922928
10240.000000000457 100.739483534131182
10388.944229760706 100.530006032700300
10540.05490322983 100.346289191700095
10693.363532057198 100.185900889074645
10848.902086239672 100.024516671612361
11006.703000788428 99.835422228437253
11166.799182492743 99.621041109055398
11329.224016782166 99.386461193234254
11494.0113746885 99.115721824310469
11661.195619909053 98.798255717120512
11830.811615972614 98.458817844457926
12002.894733509682 98.143907741106460
12177.48085762842 97.908542770085091
12354.606395397908 97.788957566593922
12534.308283440243 97.816010790589104
12716.62399563306 97.998814624047100
12901.591550924093 98.316065122914893
13089.249521259411 98.740389179085412
13279.637039626952 99.272680568723317
13472.793808217073 99.948712224149943
13668.760106701786 100.774239735655271
13867.576800634426 101.704965308813755
14069.285349971487 102.598437897691653
14273.927817718419 103.202246892394498
14481.54687870117 103.248803153162072
14692.18582846533 102.567047841866582
14905.888592304698 101.379633925485791
15122.699734421185 99.999313739316136
15342.664467217943 98.684153679007892
15565.828660727671 97.575144438619446
15792.238852178061 96.715501351686669
16021.942255696367 96.097741015544983
16254.986772155136 95.666772933204740
16491.42099916115 95.312320654371433
16731.294241189662 94.894766476466145
16974.65651986603 94.294841037910842
17221.558584396902 93.486695512268170
17472.051922153143 92.480132767567881
17726.188769406665 91.241210983776185
17984.022122223458 89.786774910439533
18245.605747515034 88.114960072293826
18510.99419425065 86.247701650167826
18780.242804832582 84.383244273283083
19053.40772663689 82.658403317086069
19330.545923722028 80.811973471344359
19611.71518870775 78.678735490853938
19896.974154826825 76.639276032416262
20186.382308152035 75.280624902210292
