20 102.036500000000004
20.290906698750476 102.059772613475417
20.586044732869844 102.082430099753026
20.885475648548283 102.104434880893535
21.189261887185914 102.125266163070506
21.49746679841394 102.145348022524900
21.810154653305165 102.164109336151625
22.12739065777668 102.182028771211051
22.449240966187475 102.198379972099147
22.77577269513385 102.213783451067300
23.107053937445478 102.227425324124084
23.44315377638505 102.239271809973474
23.784142300054445 102.250714802626845
24.130090616010463 102.262119549905492
24.481070866093134 102.273158467523075
24.837156241469714 102.284343263790760
25.1984209978975 102.295452629936932
25.56494047120865 102.306242050402375
25.936791093020236 102.316932753010562
26.3140504066728 102.327731410627095
26.69679708340074 102.338411919793515
27.08511093873791 102.348627758042596
27.47907294916184 102.358825656979647
27.878765268980047 102.368969131724498
28.284271247461966 102.378822509939084
28.695675446220072 102.388500535263063
29.11306365684382 102.398100464107415
29.536522918790062 102.407803504213391
29.966141537533712 102.417255113825746
30.402009102982383 102.426040181925700
30.844216508158908 102.434884317373957
31.29285596815558 102.443616049402920
31.74802103936409 102.451716357669198
32.20980663898519 102.459566712862738
32.67830906482211 102.467531254101971
33.153626015361866 102.475150764215073
33.63585661014871 102.482037849152235
34.125101410453844 102.489001216925459
34.62146244024586 102.495200474163440
35.12504320746613 102.502375648111993
35.635948725613716 102.510175179609831
36.15428553564419 102.518468568570313
36.68016172818701 102.526882587650988
37.21368696608603 102.535205304491285
37.754972507267915 102.542960336226727
38.30413122794313 102.550353692963256
38.86127764614443 102.557515960596760
39.4265279456077 102.564581598172097
40.000000000000206 102.570999999999998
40.58181339750116 102.577302999482924
41.1720894657399 102.583220886052970
41.77095129709678 102.588257935002247
42.37852377437204 102.593458776696366
42.9949335968281 102.597799568310748
43.62030930661056 102.601968724700441
44.25478131555359 102.605670168702929
44.89848193237519 102.608577006641582
45.55154539026795 102.611147272333227
46.21410787489121 102.613011755768269
46.88630755277036 102.613130106730836
47.56828460010916 102.610061028197833
48.260181232021196 102.605518558143842
48.962141732186545 102.599940325760940
49.674312482939705 102.593985478857974
50.39684199579528 102.587031575081511
51.129880942417586 102.579701185288414
51.873582186040764 102.571997339439079
52.628100813345895 102.563148745644114
53.393594166801776 102.553580066765051
54.17022187747612 102.543475553840608
54.95814589832399 102.532455067945278
55.75753053796041 102.520637046476907
56.56854249492426 102.507903320081198
57.39135089244048 102.494347034828508
58.226127313687975 102.480155835667304
59.073045837580466 102.465758220761131
59.932283075067765 102.451151187723838
60.804018205965114 102.436422486852820
61.68843301631817 102.419635129515555
62.58571193631152 102.403026841267518
63.49604207872855 102.384831137386072
64.41961327797075 102.365478314523628
65.35661812964459 102.345332710212645
66.3072520307241 102.324433203293353
67.27171322029778 102.301978882712859
68.25020282090806 102.278244929477296
69.2429248804921 102.253305415547459
70.25008641493265 102.227247666796814
71.27189745122783 102.199114973914391
72.30857107128878 102.168280011254410
73.36032345637442 102.134249002483273
74.42737393217246 102.097541912373970
75.50994501453623 102.059014447009176
76.60826245588666 102.019082642767273
77.72255529228926 101.978368190778212
78.85305589121582 101.937143144165304
80.00000000000082 101.896999999999963
81.16362679500274 101.860151726037572
82.34417893148023 101.832595862513855
83.541902594194 101.818580998101908
84.75704754874454 101.814803691323306
85.98986719365665 101.819036902646516
87.24061861322157 101.827604525009264
88.50956263110764 101.837557375786645
89.79696386475084 101.845281783188511
91.10309078053635 101.847878866922855
92.42821574978288 101.841386529686105
93.77261510554118 101.819952952593852
95.13656920021877 101.784618393872307
96.52036246404286 101.739903320643236
97.92428346437356 101.692650113015901
99.34862496587989 101.642569590132382
100.79368399159105 101.590133692311127
102.25976188483567 101.535382302337851
103.74716437208203 101.478680843961342
105.25620162669229 101.421660036582423
106.78718833360406 101.366448408323862
108.34044375495276 101.313485208168231
109.9162917966485 101.261720479384522
111.51506107592134 101.210087300292088
113.13708498984903 101.157544799421913
114.78270178488147 101.102424374244151
116.45225462737648 101.043510902089707
118.14609167516147 100.981909179669145
119.86456615013608 100.916144432827053
121.60803641193078 100.847678521124891
123.3768660326369 100.776269655126271
125.17142387262359 100.701685914768063
126.99208415745765 100.623348297071857
128.83922655594208 100.539076793838746
130.71323625928977 100.449927475093773
132.61450406144883 100.357274796927555
134.5434264405962 100.260421108139738
136.50040564181674 100.161354616498699
138.48584976098482 100.061343124630014
140.50017282986593 99.959157909953461
142.5437949024563 99.855614391608896
144.61714214257822 99.750430036264163
146.7206469127495 99.643935266214868
148.8547478643456 99.535949758064106
151.01989002907314 99.426189586523094
153.216524911774 99.315030449428946
155.4451105845792 99.203333492887964
157.70611178243232 99.090653188521898
160.00000000000236 98.975499999999883
162.3272535900062 98.856810066909674
164.6883578629612 98.732892376408245
167.08380518838874 98.601890714638614
169.51409509748981 98.464599398462582
171.97973438731407 98.323363246168185
174.4812372264439 98.180965725537988
177.01912526221608 98.038428985315903
179.5939277295025 97.895915189331461
182.20618156107355 97.754366195702033
184.85643149956664 97.615965562022524
187.54523021108326 97.488118423218936
190.27313840043846 97.375620740783347
193.04072492808663 97.270885032675181
195.84856692874806 97.166433310250568
198.69724993176072 97.060701752524849
201.58736798318304 96.954825629944352
204.5195237696723 96.852342699754360
207.49432874416505 96.762153123907552
210.5124032533856 96.712173513270784
213.57437666720915 96.728977215008953
216.68088750990657 96.836198170682763
219.83258359329807 96.989040973021332
223.03012215184378 97.262878157748361
226.2741699796992 97.628739020822806
229.5654035697641 98.064829481918153
232.90450925475412 98.497213524111700
236.2921833503241 98.883608766276041
239.72913230027333 99.226014805414735
243.21607282386276 99.518992041724388
246.75373206527502 99.715332129622766
250.34284774524843 99.790300032891622
253.9841683149166 99.777555410897790
257.67845311188546 99.692435771787643
261.42647251858085 99.556507280553220
265.22900812289896 99.399238528761430
269.08685288119375 99.234866654470068
273.0008112836349 99.071466331729155
276.97169952197106 98.908010556680921
281.00034565973334 98.749587245155837
285.0875898049141 98.599039464593915
289.23428428515797 98.458881191161652
293.44129382550057 98.319437303758491
297.7094957286928 98.179941388817483
302.0397800581479 98.040736983153806
306.4330498235497 97.902669947166032
310.89022116916016 97.765375699048320
315.41222356486645 97.629504294262375
320.00000000000654 97.495999999999810
324.6545071800142 97.366604700395612
329.3767157259242 97.238391003827445
334.16761037677935 97.110224802939996
339.02819019498156 96.980447321794003
343.95946877463007 96.847594343084992
348.9624744528898 96.711720694881393
354.03825052443415 96.572448110578051
359.187855459007 96.430833974877316
364.4123631221491 96.289366195701973
369.71286299913527 96.151436848322405
375.0904604221685 96.018361257161587
380.54627680087896 95.889370169922074
386.08144985617537 95.763167378236062
391.6971338574982 95.641511622063788
397.3944998635236 95.520933852825067
403.1747359663683 95.404034403333696
409.0390475393468 95.290511350714013
414.9886574883323 95.179957000837931
421.0248065067734 95.070337425270452
427.1487533344206 94.959643377202553
433.3617750198154 94.846700791303391
439.6651671865984 94.731075145217432
446.06024430368984 94.614072228482968
452.54833995940066 94.498158884706427
459.13080713953053 94.389112028114681
465.8090185095106 94.289673740866846
472.58436670065066 94.204642509120859
479.45826460054917 94.134920276180651
486.432145647728 94.080918195030677
493.50746413055253 94.044462679347234
500.6856954904994 94.020114337401125
507.9683366298358 94.000087074267952
515.3569062237735 93.977801814820197
522.8529450371643 93.952408074240282
530.4580162458005 93.924868317124350
538.1737057623901 93.897429252494987
546.0016225672724 93.872209765705463
553.9433990439449 93.850884427270628
562.0006913194694 93.831698340833270
570.1751796098309 93.812000738111976
578.4685685703187 93.788364579574591
586.8825876510039 93.759222684456390
595.4189914573883 93.725782135024701
604.0795601162986 93.690426787027533
612.8660996471021 93.656773494142698
621.780442338323 93.630111624914676
630.8244471297356 93.619118335347295
640.0000000000159 93.626000000000033
649.3090143600314 93.651599789490078
658.7534314518515 93.692015098388140
668.3352207535618 93.743760475182270
678.0563803899662 93.800935463320300
687.9189375492632 93.858429837785735
697.9249489057827 93.913690971536511
708.0765010488715 93.966593980401683
718.3757109180171 94.017122197952375
728.8247262443015 94.064270031787146
739.425725998274 94.107674190293011
750.1809208443404 94.148610607849648
761.0925536017613 94.185437368405942
772.1628997123541 94.217425176104399
783.3942677149998 94.246808525738075
794.7889997270506 94.276038249294885
806.34947193274 94.308283854467689
818.0780950786972 94.347442197213653
829.9773149766683 94.396355093352071
842.0496130135506 94.458297678081294
854.2975066688449 94.536977860571255
866.7235500396347 94.633195200341476
879.3303343732008 94.746720760138714
892.1204886073838 94.879850675440736
905.0966799188055 95.026735435699095
918.2616142790653 95.188474335080443
931.6180370190256 95.362325340215449
945.1687334013056 95.546368781493015
958.9165292011028 95.739317497015634
972.8642912954606 95.940532223784174
987.0149282611097 96.154958712294643
1001.3713909810035 96.384445099055753
1015.9366732596762 96.622861441458696
1030.7138124475518 96.865022972367626
1045.7058900743334 97.104981732985351
1060.916032491606 97.329919871728691
1076.3474115247852 97.517671617440556
1092.0032451345498 97.655335722994124
1107.8867980878947 97.772279025853067
1124.0013826389438 97.929794983951297
1140.350359219667 98.137982277051023
1156.9371371406426 98.378246150747060
1173.765175302013 98.621491807315437
1190.837982914782 98.848268509647085
1208.1591202326028 99.070255219917470
1225.73219929421 99.274144749429581
1243.5608846766518 99.467035660879304
1261.648894259477 99.643552791940351
1280.0000000000375 99.807000000000272
1298.6180287200684 99.944241468850777
1317.5068629037087 100.080291863712631
1336.6704415071292 100.177185163384934
1356.112760779938 100.232976263910842
1375.8378750985323 100.225870231146544
1395.8498978115715 100.132344324809907
1416.153002097749 99.914087108020496
1436.7514218360407 99.629018903415187
1457.6494524886093 99.248488665521890
1478.8514519965543 98.841173864062029
1500.3618416886875 98.455115795672327
1522.1851072035295 98.130385604811494
1544.3257994247153 97.833399447593763
1566.788535430007 97.547635994999112
1589.5779994541087 97.295221285589918
1612.6989438654878 97.132116689237250
1636.156190157402 97.116992913157205
1659.9546299533442 97.270523614510111
1684.099226027109 97.560620761913611
1708.5950133376978 97.929020213403163
1733.4471000792773 98.326146775263680
1758.6606687464096 98.722508231820058
1784.2409772147755 99.106863808702826
1810.193359837619 99.477279967349403
1836.5232285581387 99.834145687825099
1863.2360740380593 100.176421482514215
1890.3374668026197 100.503061860262761
1917.833058402214 100.814803609432630
1945.7285825909298 101.114637547115677
1974.0298565222283 101.406065730787617
2002.7427819620161 101.686916446181357
2031.8733465193618 101.955517112740537
2061.4276248951132 102.207040299188876
2091.411780148677 102.437717753356736
2121.832064983222 102.645813001271392
2152.694823049581 102.822584912264745
2184.0064902691106 102.976524338509165
2215.7735961758003 103.074948140678515
2248.002765277899 103.142536282963093
2280.7007184393456 103.164394892234100
2313.874274281297 103.143694681339014
2347.530350604038 103.086186263731520
2381.6759658295764 102.998223497385709
2416.318240465218 102.896229366581082
2451.4643985884327 102.803790358334822
2487.1217693533167 102.742878230646681
2523.2977885189675 102.749511897884645
2560.0000000000887 102.821250000000248
2597.236057440151 102.967119343662773
2635.0137258074315 103.180838988984846
2673.340883014273 103.443720269401339
2712.225521559891 103.722394180590555
2751.6757501970797 104.008545135806287
2791.699795623158 104.292087311697969
2832.3060041955137 104.562427387522575
2873.502843672097 104.803770156772273
2915.2989049772345 105.008643444705285
2957.7029039931244 105.177880379897800
3000.723683377391 105.316236840105745
3044.370214407075 105.418439222839510
3088.6515988494466 105.489013933518663
3133.57707086003 105.534772229916527
3179.1559989082334 105.552456519814399
3225.3978877309914 105.546348802662237
3272.3123803148205 105.516918857716661
3319.9092599067053 105.463330665734347
3368.198452054235 105.384331033973695
3417.190026675413 105.281603437312782
3466.8942001585724 105.160912963590889
3517.3213374928373 105.028905602144278
3568.4819544295697 104.892022820761639
3620.386719675257 104.754475192860568
3673.0464571162966 104.616079211497635
3726.472148076138 104.481672680174981
3780.6749336052594 104.356576932731201
3835.6661168044484 104.239577716903511
3891.45716518188 104.140070857556154
3948.059713044477 104.050568078748427
4005.4855639240527 103.979197288206748
4063.746693038744 103.924002204640843
4122.855249790247 103.885453075076910
4182.823560297375 103.864419326848648
4243.664129966465 103.862681024858105
4305.389646099183 103.877270572293099
4368.012980538242 103.910407139296041
4431.5471923516225 103.960737753881304
4496.00553055582 104.023972243310453
4561.401436878714 104.097693091245361
4627.748548562617 104.173765118466790
4695.060701208099 104.243377360398881
4763.351931659176 104.302488013697626
4832.63648093046 104.342922768325650
4902.928797176889 104.360468908188295
4974.243538706657 104.364929274354893
5046.595577037959 104.362752665861080
5120.000000000202 104.360642857142849
5194.472114880326 104.357141078329121
5270.027451614888 104.344243823386648
5346.6817660285715 104.313575594910361
5424.451043119808 104.258399105897311
5503.351500394186 104.171334953089968
5583.399591246343 104.046786921888838
5664.612008391055 103.881553362085100
5747.005687344222 103.684490298215195
5830.597809954497 103.459531296380817
5915.405807986278 103.212704169482123
6001.447366754812 102.948458886806776
6088.740428814181 102.675029533944809
6177.303197698925 102.402530224177582
6267.154141720092 102.132895281925727
6358.3119978165005 101.875642006004625
6450.795775462017 101.638582181136542
6544.624760629676 101.424726136055654
6639.818519813445 101.230645719755387
6736.396904108505 101.055763123700416
6834.380053350861 100.902539825575545
6933.788400317181 100.770284977617791
7034.642674985712 100.653605551140231
7136.963908859177 100.548329827950894
7240.773439350552 100.448357498223473
7346.092914232631 100.343102440055731
7452.944296152315 100.218731300925043
7561.349867210557 100.054716474635484
7671.332233608935 99.836448704360819
7782.914330363799 99.552851730920480
7896.119426088994 99.192776030934226
8010.971127848146 98.746361333206551
8127.49338607753 98.225533069612354
8245.710499580537 97.634447502097316
8365.647120594791 96.980054413052358
8487.328259932974 96.291964923797309
8610.77929219841 95.581172748322501
8736.025961076528 94.858619455327727
8863.094384703289 94.139353843112133
8992.011061111683 93.438906567959862
9122.802873757471 92.768143228517289
9255.497097125279 92.137876200692531
9390.121402416245 91.550508320214206
9526.7038633184 91.007808366693524
9665.272961860968 90.519711127504635
9805.857594353829 90.089243246513362
9948.487077413367 89.718131014207927
10093.19115407597 89.410913426470330
10240.000000000457 89.165799999999336
10388.944229760706 88.989961718019885
10540.05490322983 88.896851322982144
10693.363532057198 88.882203623846863
10848.902086239672 88.952627008814190
11006.703000788428 89.123213560392557
11166.799182492743 89.402546959771399
11329.224016782166 89.806495132848823
11494.0113746885 90.304336399003205
11661.195619909053 90.930914404111832
11830.811615972614 91.610735094411325
12002.894733509682 92.312966585591425
12177.48085762842 92.919001722970236
12354.606395397908 93.198850523321937
12534.308283440243 93.120271847620188
12716.62399563306 92.532134899491112
12901.591550924093 91.536808400474200
13089.249521259411 90.385660793874408
13279.637039626952 89.197347632110095
13472.793808217073 88.059641373709979
13668.760106701786 87.067845624910291
13867.576800634426 86.248670617795369
14069.285349971487 85.632838913730723
14273.927817718419 85.173075502859291
14481.54687870117 84.893466675181315
14692.18582846533 84.814112994774263
14905.888592304698 84.936676178705000
15122.699734421185 85.307135780670194
15342.664467217943 85.983553657724684
15565.828660727671 87.029159858474429
15792.238852178061 88.442103302985061
16021.942255696367 89.972214953646329
16254.986772155136 91.017693465695345
16491.42099916115 90.955747698219781
16731.294241189662 89.648537891207923
16974.65651986603 87.391689165762912
17221.558584396902 84.950695725613940
17472.051922153143 82.901854907349588
17726.188769406665 81.382081218683368
17984.022122223458 80.391787298128833
18245.605747515034 79.968529859192657
18510.99419425065 80.242768431802460
18780.242804832582 81.051708108895539
19053.40772663689 81.691056395257419
19330.545923722028 81.278389968514475
19611.71518870775 78.770940357538990
19896.974154826825 74.072129364512591
20186.382308152035 72.089500000000001
