20 40.493499999999997
20.290906698750476 40.565257224882529
20.586044732869844 40.680010946558980
20.885475648548283 40.840132642963653
21.189261887185914 41.049518443011380
21.49746679841394 41.313484520964458
21.810154653305165 41.609460270602966
22.12739065777668 41.945288961876571
22.449240966187475 42.303522078417316
22.77577269513385 42.692704641997665
23.107053937445478 43.108100039638131
23.44315377638505 43.548826760933423
23.784142300054445 44.015418152825816
24.130090616010463 44.503764748324258
24.481070866093134 45.017437699294575
24.837156241469714 45.550476661956175
25.1984209978975 46.105800572988500
25.56494047120865 46.678694243817262
25.936791093020236 47.267853286717120
26.3140504066728 47.871430073832329
26.69679708340074 48.488573286046446
27.08511093873791 49.115953169551162
27.47907294916184 49.750109279800853
27.878765268980047 50.389130604023173
28.284271247461966 51.029374401010216
28.695675446220072 51.668470459055371
29.11306365684382 52.302560339442536
29.536522918790062 52.927972113438258
29.966141537533712 53.539319407910469
30.402009102982383 54.133111825171014
30.844216508158908 54.699147407350367
31.29285596815558 55.239712923060473
31.74802103936409 55.745134491080215
32.20980663898519 56.224096832346206
32.67830906482211 56.687673029136732
33.153626015361866 57.148480974747386
33.63585661014871 57.609792066420972
34.125101410453844 58.071844717363888
34.62146244024586 58.533866907466432
35.12504320746613 58.996164275586708
35.635948725613716 59.458538160698666
36.15428553564419 59.920079842438184
36.68016172818701 60.381560541794514
37.21368696608603 60.842202356003554
37.754972507267915 61.301176600138476
38.30413122794313 61.760699177597196
38.86127764614443 62.216630256520602
39.4265279456077 62.672717162008666
40.000000000000206 63.127000000000159
40.58181339750116 63.577422039972276
41.1720894657399 64.025810599521208
41.77095129709678 64.471407802201284
42.37852377437204 64.913669556408308
42.9949335968281 65.357528485483130
43.62030930661056 65.805454314710488
44.25478131555359 66.256789732425972
44.89848193237519 66.708937115786341
45.55154539026795 67.161087633392924
46.21410787489121 67.611951637682580
46.88630755277036 68.061586861208298
47.56828460010916 68.511787377374546
48.260181232021196 68.959955168261544
48.962141732186545 69.405961182238556
49.674312482939705 69.851115880670648
50.39684199579528 70.293085760683084
51.129880942417586 70.733779475339219
51.873582186040764 71.171744734514135
52.628100813345895 71.607087449499829
53.393594166801776 72.041150998910496
54.17022187747612 72.475237848000518
54.95814589832399 72.910479884106934
55.75753053796041 73.343869414037940
56.56854249492426 73.772700538587770
57.39135089244048 74.198588955144643
58.226127313687975 74.620819956618703
59.073045837580466 75.038525479119841
59.932283075067765 75.450529734494992
60.804018205965114 75.857325865244349
61.68843301631817 76.257083382833429
62.58571193631152 76.651061258116499
63.49604207872855 77.036605483711710
64.41961327797075 77.410488404964539
65.35661812964459 77.768878853579565
66.3072520307241 78.112691836768789
67.27171322029778 78.447067355240364
68.25020282090806 78.773440612563761
69.2429248804921 79.091428175392792
70.25008641493265 79.400650622027527
71.27189745122783 79.699946978697483
72.30857107128878 79.989314189247978
73.36032345637442 80.268422966560053
74.42737393217246 80.536992926416161
75.50994501453623 80.796624900388878
76.60826245588666 81.049103317087187
77.72255529228926 81.293650905535458
78.85305589121582 81.529911655930249
80.00000000000082 81.755000000000138
81.16362679500274 81.969301803834185
82.34417893148023 82.171830686355605
83.541902594194 82.363601107000491
84.75704754874454 82.542873036938573
85.98986719365665 82.707920393968408
87.24061861322157 82.858373114623220
88.50956263110764 82.996933950304850
89.79696386475084 83.122670137457334
91.10309078053635 83.239020684598643
92.42821574978288 83.343395319551547
93.77261510554118 83.435146054499583
95.13656920021877 83.512873245276666
96.52036246404286 83.572234158944013
97.92428346437356 83.608037866136399
99.34862496587989 83.623700302801723
100.79368399159105 83.628558245322125
102.25976188483567 83.627727222268717
103.74716437208203 83.623331559626052
105.25620162669229 83.616986559233084
106.78718833360406 83.610613642776798
108.34044375495276 83.604358077061875
109.9162917966485 83.596632193745549
111.51506107592134 83.586137036734812
113.13708498984903 83.570497456222498
114.78270178488147 83.549168940226167
116.45225462737648 83.515304576245782
118.14609167516147 83.468482058709753
119.86456615013608 83.391811600079777
121.60803641193078 83.303197953342476
123.3768660326369 83.200854912712146
125.17142387262359 83.094885991515213
126.99208415745765 82.988779259129885
128.83922655594208 82.888240329583027
130.71323625928977 82.790524109337042
132.61450406144883 82.695235674973645
134.5434264405962 82.599964534580337
136.50040564181674 82.501228703804628
138.48584976098482 82.392863164579921
140.50017282986593 82.260819622163964
142.5437949024563 82.098692271071798
144.61714214257822 81.912510066275871
146.7206469127495 81.715603319584091
148.8547478643456 81.530868775977922
151.01989002907314 81.374490686232349
153.216524911774 81.254405953705486
155.4451105845792 81.164633306475054
157.70611178243232 81.089569312388107
160.00000000000236 81.017999999999915
162.3272535900062 80.942596983683814
164.6883578629612 80.863908847377104
167.08380518838874 80.783484145670144
169.51409509748981 80.702632042763341
171.97973438731407 80.625128233993252
174.4812372264439 80.553921605104847
177.01912526221608 80.485387442972609
179.5939277295025 80.415126380211632
182.20618156107355 80.341344443665506
184.85643149956664 80.263249627612822
187.54523021108326 80.180106909498647
190.27313840043846 80.097125263188161
193.04072492808663 80.026834371351981
195.84856692874806 79.981514330712514
198.69724993176072 79.958055950395789
201.58736798318304 79.938330178795596
204.5195237696723 79.905973413262984
207.49432874416505 79.855362479907399
210.5124032533856 79.792983330052209
213.57437666720915 79.731480437489836
216.68088750990657 79.687643129554999
219.83258359329807 79.653506747660316
223.03012215184378 79.632304206013004
226.2741699796992 79.617661376741097
229.5654035697641 79.615000000000009
232.90450925475412 79.623713527764266
236.2921833503241 79.646579246041483
239.72913230027333 79.688681870678352
243.21607282386276 79.742971664517739
246.75373206527502 79.775252805095647
250.34284774524843 79.741443077986659
253.9841683149166 79.655872044599477
257.67845311188546 79.594345717014903
261.42647251858085 79.610415453241131
265.22900812289896 79.670662219428692
269.08685288119375 79.714384196158406
273.0008112836349 79.699991481521835
276.97169952197106 79.657446917937577
281.00034565973334 79.616897891475631
285.0875898049141 79.592701456551310
289.23428428515797 79.602238853855852
293.44129382550057 79.652178113557000
297.7094957286928 79.723583771835081
302.0397800581479 79.798646425944895
306.4330498235497 79.867806763961099
310.89022116916016 79.934367039891271
315.41222356486645 79.990509232023527
320.00000000000654 80.023999999999972
324.6545071800142 80.010501929177963
329.3767157259242 79.959605440724459
334.16761037677935 79.868731031426734
339.02819019498156 79.744447321793984
343.95946877463007 79.670986374704427
348.9624744528898 79.722692086136817
354.03825052443415 79.821072660593558
359.187855459007 79.860601706203227
364.4123631221491 79.849939201696913
369.71286299913527 79.845643568500435
375.0904604221685 79.863133222955170
380.54627680087896 79.901323937606151
386.08144985617537 79.953130788532988
391.6971338574982 80.017691322825598
397.3944998635236 80.068951399290313
403.1747359663683 80.075885966736735
409.0390475393468 80.064175158882918
414.9886574883323 80.070454629953332
421.0248065067734 80.118149505258401
427.1487533344206 80.185592219454861
433.3617750198154 80.220531854150153
439.6651671865984 80.211979296542040
446.06024430368984 80.207292175632688
452.54833995940066 80.214990332008128
459.13080713953053 80.196501483177769
465.8090185095106 80.166541998498076
472.58436670065066 80.173200192980943
479.45826460054917 80.232633147963384
486.432145647728 80.292081804969314
493.50746413055253 80.286703622670643
500.6856954904994 80.284714033153591
507.9683366298358 80.382574523463418
515.3569062237735 80.551129914875091
522.8529450371643 80.629439344750210
530.4580162458005 80.642215650384060
538.1737057623901 80.653764256465323
546.0016225672724 80.645787800443628
553.9433990439449 80.662366758138006
562.0006913194694 80.696202143090360
570.1751796098309 80.722208739307831
578.4685685703187 80.779433123135192
586.8825876510039 80.796194328885903
595.4189914573883 80.754564270049428
604.0795601162986 80.708585907260129
612.8660996471021 80.730391754975059
621.780442338323 80.813726009932623
630.8244471297356 80.923719244107346
640.0000000000159 80.998500000000064
649.3090143600314 81.036666958876125
658.7534314518515 81.102524706453323
668.3352207535618 81.106915628585540
678.0563803899662 81.075788573537636
687.9189375492632 81.136206916046206
697.9249489057827 81.232060746721956
708.0765010488715 81.244019673898691
718.3757109180171 81.201377802047617
728.8247262443015 81.189528873190056
739.425725998274 81.201253443797754
750.1809208443404 81.213326752858492
761.0925536017613 81.293345393079591
772.1628997123541 81.409837493045060
783.3942677149998 81.469234224101342
794.7889997270506 81.479625375216088
806.34947193274 81.469944212058863
818.0780950786972 81.519469082820621
829.9773149766683 81.623807177301671
842.0496130135506 81.693181137128960
854.2975066688449 81.702483448336864
866.7235500396347 81.720631925047257
879.3303343732008 81.719890680785653
892.1204886073838 81.657580677469795
905.0966799188055 81.576817707099707
918.2616142790653 81.568418095574231
931.6180370190256 81.650162516954765
945.1687334013056 81.727876236380169
958.9165292011028 81.721736500596876
972.8642912954606 81.687928558548933
987.0149282611097 81.621539020818176
1001.3713909810035 81.488045713032704
1015.9366732596762 81.500177193303955
1030.7138124475518 81.678559196203793
1045.7058900743334 81.748933884335372
1060.916032491606 81.868797725516458
1076.3474115247852 81.982482152677264
1092.0032451345498 82.003196728351384
1107.8867980878947 82.043404313875982
1124.0013826389438 82.003207435666852
1140.350359219667 81.834011604803607
1156.9371371406426 81.761252461556126
1173.765175302013 81.792555607348987
1190.837982914782 81.893561427387823
1208.1591202326028 81.975272961860838
1225.73219929421 82.119406098678667
1243.5608846766518 82.254699055644053
1261.648894259477 82.256234070493690
1280.0000000000375 82.266999999999740
1298.6180287200684 82.138535601831535
1317.5068629037087 81.996420390316985
1336.6704415071292 81.855391280864552
1356.112760779938 81.851529674896938
1375.8378750985323 82.112573576596219
1395.8498978115715 82.406257291260175
1416.153002097749 82.427809661771931
1436.7514218360407 82.393137002357392
1457.6494524886093 82.377637777466163
1478.8514519965543 82.374260015020980
1500.3618416886875 82.494278285699508
1522.1851072035295 82.691997071263984
1544.3257994247153 82.702812392437210
1566.788535430007 82.753566396210431
1589.5779994541087 82.917241634879531
1612.6989438654878 83.078240740450127
1636.156190157402 83.173861065684804
1659.9546299533442 83.283594205885549
1684.099226027109 83.448148628628132
1708.5950133376978 83.545607479993450
1733.4471000792773 83.579622874550182
1758.6606687464096 83.842077795438826
1784.2409772147755 84.227880155235695
1810.193359837619 84.492139144307444
1836.5232285581387 84.656323378803719
1863.2360740380593 84.812682491573824
1890.3374668026197 85.255648237788151
1917.833058402214 85.788508538534614
1945.7285825909298 85.976100319424603
1974.0298565222283 86.216322442700275
2002.7427819620161 86.776381887310009
2031.8733465193618 87.147857473105233
2061.4276248951132 87.455898199272781
2091.411780148677 87.670706065092673
2121.832064983222 88.044404655800776
2152.694823049581 88.624800241333048
2184.0064902691106 89.165076260662062
2215.7735961758003 89.574421856317798
2248.002765277899 90.010399803913486
2280.7007184393456 90.402051930657507
2313.874274281297 90.878574654778959
2347.530350604038 91.449160369825691
2381.6759658295764 91.890164674552466
2416.318240465218 92.236188398791597
2451.4643985884327 92.480115376936425
2487.1217693533167 92.762639587161715
2523.2977885189675 93.216718259205265
2560.0000000000887 93.570000000000547
2597.236057440151 93.761082426888606
2635.0137258074315 93.984371930922691
2673.340883014273 94.362871032687551
2712.225521559891 94.693578650919250
2751.6757501970797 94.771756812647808
2791.699795623158 94.800189856936214
2832.3060041955137 94.873196488726677
2873.502843672097 94.910940113746875
2915.2989049772345 94.901290766515928
2957.7029039931244 94.839024683313895
3000.723683377391 94.625904610553562
3044.370214407075 94.356178503007101
3088.6515988494466 94.127188711773883
3133.57707086003 93.824671968549779
3179.1559989082334 93.407607531004999
3225.3978877309914 92.920409044854892
3272.3123803148205 92.582385373417765
3319.9092599067053 92.478081666083966
3368.198452054235 92.400226318768688
3417.190026675413 92.253397709837103
3466.8942001585724 92.125098973836671
3517.3213374928373 92.151105041100152
3568.4819544295697 92.385002342880796
3620.386719675257 92.711800982067786
3673.0464571162966 93.050477522669894
3726.472148076138 93.440364717974830
3780.6749336052594 93.880270682324976
3835.6661168044484 94.333369231361189
3891.45716518188 94.805680939207448
3948.059713044477 95.375951608923117
4005.4855639240527 96.067972874820697
4063.746693038744 96.609754546287860
4122.855249790247 97.083082586098158
4182.823560297375 97.486217038805989
4243.664129966465 97.943390462319428
4305.389646099183 98.411499729969620
4368.012980538242 98.702240555872748
4431.5471923516225 98.847722691581112
4496.00553055582 99.050851538079570
4561.401436878714 99.193329495136311
4627.748548562617 99.238038264944379
4695.060701208099 99.272698403973124
4763.351931659176 99.226476854702113
4832.63648093046 99.269063103786777
4902.928797176889 99.485669540283595
4974.243538706657 99.649860387575757
5046.595577037959 99.557828938372353
5120.000000000202 99.227142857141672
5194.472114880326 98.851510798965393
5270.027451614888 98.444339408052912
5346.6817660285715 98.018960790709457
5424.451043119808 97.669363483988747
5503.351500394186 97.314912798107912
5583.399591246343 96.803486532079575
5664.612008391055 96.125467986620237
5747.005687344222 95.610350117869032
5830.597809954497 95.306901124706485
5915.405807986278 95.050678629363574
6001.447366754812 94.526083070051499
6088.740428814181 93.972109467176125
6177.303197698925 93.651607670247927
6267.154141720092 93.601638343311961
6358.3119978165005 93.442428445469659
6450.795775462017 93.167580173324936
6544.624760629676 92.951850896685329
6639.818519813445 92.877452629254094
6736.396904108505 92.889845461368978
6834.380053350861 92.993226279492788
6933.788400317181 93.152325946575687
7034.642674985712 93.382317279704708
7136.963908859177 93.696325696603026
7240.773439350552 94.055864461174906
7346.092914232631 94.483813318089574
7452.944296152315 94.704442439941687
7561.349867210557 94.691291319714452
7671.332233608935 94.601665363017446
7782.914330363799 94.442253312657698
7896.119426088994 94.223089530867682
8010.971127848146 94.098017937267812
8127.49338607753 93.789969602600451
8245.710499580537 93.473966164582791
8365.647120594791 93.433143423233631
8487.328259932974 93.251513968944494
8610.77929219841 92.707991005130850
8736.025961076528 92.096865298117905
8863.094384703289 91.700823655924410
8992.011061111683 91.364351130498505
9122.802873757471 90.846619101567427
9255.497097125279 90.166873939954868
9390.121402416245 89.489705132509215
9526.7038633184 88.654452785919204
9665.272961860968 87.978524452112936
9805.857594353829 87.599554541152884
9948.487077413367 87.272353032111695
10093.19115407597 86.966626170075401
10240.000000000457 86.734899999999371
10388.944229760706 86.486682543088975
10540.05490322983 86.267682057253097
10693.363532057198 86.267257190325182
10848.902086239672 86.499254616613783
11006.703000788428 86.798402254620555
11166.799182492743 86.999052095109306
11329.224016782166 86.951388723124182
11494.0113746885 86.545212558317019
11661.195619909053 85.660172604033676
11830.811615972614 84.869981584772930
12002.894733509682 84.266697886176630
12177.48085762842 83.525248905926205
12354.606395397908 82.655094011384662
12534.308283440243 81.703498790706448
12716.62399563306 80.391145317613905
12901.591550924093 79.027167997696836
13089.249521259411 77.834199471993742
13279.637039626952 77.082636251865054
13472.793808217073 76.383948200421230
13668.760106701786 75.154801155422433
13867.576800634426 73.376361694210857
14069.285349971487 72.010260353231573
14273.927817718419 71.544357668327734
14481.54687870117 71.284844566231953
14692.18582846533 70.869365936675280
14905.888592304698 70.136922500688712
15122.699734421185 69.138277359763535
15342.664467217943 67.705523870287180
15565.828660727671 65.675659959499740
15792.238852178061 63.150721183041071
16021.942255696367 59.659290026293050
16254.986772155136 51.548285253771013
16491.42099916115 40.372512211650772
16731.294241189662 38.917849321963686
16974.65651986603 39.464734133863274
17221.558584396902 38.701610371161266
17472.051922153143 37.329692251415700
17726.188769406665 37.344665352443130
17984.022122223458 38.039323933225788
18245.605747515034 37.990204969964168
18510.99419425065 37.099482874007236
18780.242804832582 36.792729155401588
19053.40772663689 36.509873267674735
19330.545923722028 36.014932932821104
19611.71518870775 35.845044721325493
19896.974154826825 35.839780962273252
20186.382308152035 35.820000000000000
