20 99.753000000000000
20.290906698750476 99.808757303118185
20.586044732869844 99.863895025485618
20.885475648548283 99.918837202233846
21.189261887185914 99.973566966136900
21.49746679841394 100.027934898561682
21.810154653305165 100.082251841435934
22.12739065777668 100.136337935177593
22.449240966187475 100.190042664335067
22.77577269513385 100.243249798212631
23.107053937445478 100.296450263263068
23.44315377638505 100.348711735379283
23.784142300054445 100.400351522883227
24.130090616010463 100.452513657447099
24.481070866093134 100.504255289307054
24.837156241469714 100.555430390642840
25.1984209978975 100.606030913458284
25.56494047120865 100.656473195385161
25.936791093020236 100.706453872439539
26.3140504066728 100.755826472289044
26.69679708340074 100.804845631779344
27.08511093873791 100.853330273010101
27.47907294916184 100.900988717621217
27.878765268980047 100.947906462518930
28.284271247461966 100.994406922210658
28.695675446220072 101.040328623638004
29.11306365684382 101.085371683968603
29.536522918790062 101.129688814797788
29.966141537533712 101.173080295290902
30.402009102982383 101.215190864147104
30.844216508158908 101.256479428182871
31.29285596815558 101.296374897213610
31.74802103936409 101.335333767306594
32.20980663898519 101.373074724479835
32.67830906482211 101.409551488926482
33.153626015361866 101.444907447090685
33.63585661014871 101.478602392879964
34.125101410453844 101.510756287448146
34.62146244024586 101.540923359094023
35.12504320746613 101.568627117165846
35.635948725613716 101.592709846475771
36.15428553564419 101.613862850354479
36.68016172818701 101.633485822214737
37.21368696608603 101.652051669880848
37.754972507267915 101.669149164290673
38.30413122794313 101.685311516154457
38.86127764614443 101.699628729074163
39.4265279456077 101.712346876709773
40.000000000000206 101.724500000000006
40.58181339750116 101.734196922281427
41.1720894657399 101.741651107566213
41.77095129709678 101.748185315502937
42.37852377437204 101.752632313913637
42.9949335968281 101.754737338116541
43.62030930661056 101.754999999999995
44.25478131555359 101.753018644560683
44.89848193237519 101.749592190701776
45.55154539026795 101.743337274500448
46.21410787489121 101.734741373098245
46.88630755277036 101.721965587019582
47.56828460010916 101.705695338146626
48.260181232021196 101.687314953503403
48.962141732186545 101.667510275494266
49.674312482939705 101.646999250911762
50.39684199579528 101.624850645572337
51.129880942417586 101.601396666998482
51.873582186040764 101.576958330242448
52.628100813345895 101.551016487803508
53.393594166801776 101.523732193618685
54.17022187747612 101.495248884195348
54.95814589832399 101.465001436849505
55.75753053796041 101.433547247001854
56.56854249492426 101.400121215213176
57.39135089244048 101.365367587071276
58.226127313687975 101.329663461854580
59.073045837580466 101.292785983146459
59.932283075067765 101.254979544697008
60.804018205965114 101.214807652560737
61.68843301631817 101.172212957462961
62.58571193631152 101.127714429077457
63.49604207872855 101.081949875024208
64.41961327797075 101.034889916184511
65.35661812964459 100.986990784452956
66.3072520307241 100.939137398463799
67.27171322029778 100.891457765425699
68.25020282090806 100.844990670238232
69.2429248804921 100.800054230138841
70.25008641493265 100.757746629817632
71.27189745122783 100.718847640481414
72.30857107128878 100.682971440183110
73.36032345637442 100.649690296308762
74.42737393217246 100.618533529899167
75.50994501453623 100.588688954662032
76.60826245588666 100.558851238278692
77.72255529228926 100.528165748606199
78.85305589121582 100.495842093004740
80.00000000000082 100.459999999999965
81.16362679500274 100.419757806067338
82.34417893148023 100.373172897315442
83.541902594194 100.322919607354237
84.75704754874454 100.268932887638712
85.98986719365665 100.210981190754296
87.24061861322157 100.150169753885507
88.50956263110764 100.085493180551296
89.79696386475084 100.017260915168208
91.10309078053635 99.945370233087530
92.42821574978288 99.869141389493933
93.77261510554118 99.787664337437874
95.13656920021877 99.698553940036390
96.52036246404286 99.601958383259102
97.92428346437356 99.500331555890511
99.34862496587989 99.395310435806664
100.79368399159105 99.288267384622259
102.25976188483567 99.181297144291818
103.74716437208203 99.076765944820167
105.25620162669229 98.977149642852083
106.78718833360406 98.882006303872558
108.34044375495276 98.789693966376106
109.9162917966485 98.698026814289790
111.51506107592134 98.606537563849372
113.13708498984903 98.514249434884533
114.78270178488147 98.421632514008735
116.45225462737648 98.328965769935166
118.14609167516147 98.235077329983412
119.86456615013608 98.141883065614209
121.60803641193078 98.047998019363689
123.3768660326369 97.956189679454553
125.17142387262359 97.865600230241441
126.99208415745765 97.777864128756960
128.83922655594208 97.703565744637928
130.71323625928977 97.641187993083634
132.61450406144883 97.589673658617400
134.5434264405962 97.546952188137340
136.50040564181674 97.504490670238212
138.48584976098482 97.457246443774153
140.50017282986593 97.403495160763754
142.5437949024563 97.346273742731228
144.61714214257822 97.289837162150377
146.7206469127495 97.237516215328910
148.8547478643456 97.189779345275866
151.01989002907314 97.147549935488314
153.216524911774 97.112758396076359
155.4451105845792 97.087439115323377
157.70611178243232 97.069598439879456
160.00000000000236 97.053999999999974
162.3272535900062 97.030727464099925
164.6883578629612 96.993110931047440
167.08380518838874 96.942989807930815
169.51409509748981 96.884856079621258
171.97973438731407 96.822714746562212
174.4812372264439 96.757987832112462
177.01912526221608 96.691195093077482
179.5939277295025 96.621963951303428
182.20618156107355 96.550991861538805
184.85643149956664 96.480790208411435
187.54523021108326 96.417068257651692
190.27313840043846 96.361419625751836
193.04072492808663 96.310483241265672
195.84856692874806 96.261913788982781
198.69724993176072 96.215104551105469
201.58736798318304 96.169660357591198
204.5195237696723 96.125713651378135
207.49432874416505 96.081086959256140
210.5124032533856 96.031532943065756
213.57437666720915 95.973618872489027
216.68088750990657 95.905685363843318
219.83258359329807 95.836641306845763
223.03012215184378 95.774670148577002
226.2741699796992 95.719613280324808
229.5654035697641 95.673794619069810
232.90450925475412 95.639923077204045
236.2921833503241 95.623171293730877
239.72913230027333 95.619304726162198
243.21607282386276 95.620743081926832
246.75373206527502 95.624722948573435
250.34284774524843 95.630142839522335
253.9841683149166 95.636970315590474
257.67845311188546 95.642977486306819
261.42647251858085 95.647354781583402
265.22900812289896 95.652572520307245
269.08685288119375 95.662434264405960
273.0008112836349 95.684005678985443
276.97169952197106 95.713137983496495
281.00034565973334 95.748003283767460
285.0875898049141 95.786849621107663
289.23428428515797 95.827072557566026
293.44129382550057 95.857900798013389
297.7094957286928 95.873377092311642
302.0397800581479 95.872145577347368
306.4330498235497 95.852401701058696
310.89022116916016 95.815446842415994
315.41222356486645 95.772748765559712
320.00000000000654 95.730999999999952
324.6545071800142 95.697022097585901
329.3767157259242 95.674804779233341
334.16761037677935 95.666582106510191
339.02819019498156 95.668722552155984
343.95946877463007 95.677814884426724
348.9624744528898 95.685547464234048
354.03825052443415 95.678115848846247
359.187855459007 95.645428655149260
364.4123631221491 95.581698043099834
369.71286299913527 95.483513030416603
375.0904604221685 95.350247418582597
380.54627680087896 95.184234720201829
386.08144985617537 95.001638849875661
391.6971338574982 94.804338889791012
397.3944998635236 94.608481504503715
403.1747359663683 94.437575812899638
409.0390475393468 94.310842699754318
414.9886574883323 94.239332233209595
421.0248065067734 94.215771539138984
427.1487533344206 94.217439381113110
433.3617750198154 94.225090443754951
439.6651671865984 94.216862283931675
446.06024430368984 94.187578289874182
452.54833995940066 94.136300438377575
459.13080713953053 94.071601813299054
465.8090185095106 94.004092396695768
472.58436670065066 93.941723063987141
479.45826460054917 93.884196988252668
486.432145647728 93.826713191123844
493.50746413055253 93.766221736023837
500.6856954904994 93.704600148012318
507.9683366298358 93.647249349040038
515.3569062237735 93.602597868406605
522.8529450371643 93.574314328342268
530.4580162458005 93.554826333370130
538.1737057623901 93.534916844940540
546.0016225672724 93.507921965261815
553.9433990439449 93.476819565786442
562.0006913194694 93.454099343246511
570.1751796098309 93.446762769414747
578.4685685703187 93.459202852855469
586.8825876510039 93.472856269624145
595.4189914573883 93.486399436758944
604.0795601162986 93.504208845305286
612.8660996471021 93.539178076781738
621.780442338323 93.603759221396700
630.8244471297356 93.702264366765206
640.0000000000159 93.816500000000190
649.3090143600314 93.932397228782392
658.7534314518515 94.046478848994809
668.3352207535618 94.164439976306483
678.0563803899662 94.291344221147554
687.9189375492632 94.419946188140429
697.9249489057827 94.533778190518319
708.0765010488715 94.626361734072731
718.3757109180171 94.708749330706439
728.8247262443015 94.788567919456682
739.425725998274 94.865836513487494
750.1809208443404 94.935964911169805
761.0925536017613 94.994160285876063
772.1628997123541 95.049032737045422
783.3942677149998 95.108845615981920
794.7889997270506 95.168793623601147
806.34947193274 95.220104203739368
818.0780950786972 95.258597875022588
829.9773149766683 95.290709028207317
842.0496130135506 95.325329976169598
854.2975066688449 95.365287833895877
866.7235500396347 95.401627200097565
879.3303343732008 95.432392802495684
892.1204886073838 95.470684360505601
905.0966799188055 95.519448527991642
918.2616142790653 95.573064794479407
931.6180370190256 95.623935828993325
945.1687334013056 95.677668419730495
958.9165292011028 95.741468079855380
972.8642912954606 95.811657171192337
987.0149282611097 95.882574641305553
1001.3713909810035 95.959274058918723
1015.9366732596762 96.047525931303923
1030.7138124475518 96.142384847892103
1045.7058900743334 96.234555194834940
1060.916032491606 96.329167952110140
1076.3474115247852 96.433162398368538
1092.0032451345498 96.538770687732750
1107.8867980878947 96.640129416279336
1124.0013826389438 96.745231631848370
1140.350359219667 96.857148377805970
1156.9371371406426 96.975321257646442
1173.765175302013 97.096407844395969
1190.837982914782 97.225994367589564
1208.1591202326028 97.360618738987071
1225.73219929421 97.501176479967143
1243.5608846766518 97.647267519751537
1261.648894259477 97.800239008254920
1280.0000000000375 97.953000000000316
1298.6180287200684 98.109657413087433
1317.5068629037087 98.268306962100780
1336.6704415071292 98.422363532057034
1356.112760779938 98.573471077025019
1375.8378750985323 98.723867850748846
1395.8498978115715 98.871600501469771
1416.153002097749 99.015340231385863
1436.7514218360407 99.158747239576883
1457.6494524886093 99.298915463076412
1478.8514519965543 99.435957408937668
1500.3618416886875 99.575402628812896
1522.1851072035295 99.720309111831426
1544.3257994247153 99.864231180272157
1566.788535430007 100.006767773209049
1589.5779994541087 100.144801756768317
1612.6989438654878 100.280915811051756
1636.156190157402 100.417929026716081
1659.9546299533442 100.553847742540597
1684.099226027109 100.686817805066937
1708.5950133376978 100.818381670423037
1733.4471000792773 100.948755978410645
1758.6606687464096 101.080401544355965
1784.2409772147755 101.215792359694021
1810.193359837619 101.352617072745886
1836.5232285581387 101.492725434213952
1863.2360740380593 101.638033685728573
1890.3374668026197 101.787469566086514
1917.833058402214 101.941935110556528
1945.7285825909298 102.101067492420114
1974.0298565222283 102.265353764959372
2002.7427819620161 102.434045274477796
2031.8733465193618 102.604209297602353
2061.4276248951132 102.772851936923132
2091.411780148677 102.937553023795431
2121.832064983222 103.100118341161917
2152.694823049581 103.254054871316185
2184.0064902691106 103.393021093374614
2215.7735961758003 103.500996266424096
2248.002765277899 103.637684180093359
2280.7007184393456 103.856185316451160
2313.874274281297 104.089414020733130
2347.530350604038 104.291209100832276
2381.6759658295764 104.469734577012218
2416.318240465218 104.641371495581893
2451.4643985884327 104.803553183683235
2487.1217693533167 104.953560263300488
2523.2977885189675 105.090784262233143
2560.0000000000887 105.220500000000300
2597.236057440151 105.338415468012442
2635.0137258074315 105.444786373389690
2673.340883014273 105.533515854329977
2712.225521559891 105.602579133058498
2751.6757501970797 105.649739272094251
2791.699795623158 105.685152331389105
2832.3060041955137 105.709122182223609
2873.502843672097 105.728606222779007
2915.2989049772345 105.743977715294079
2957.7029039931244 105.750072896482607
3000.723683377391 105.733393915171433
3044.370214407075 105.696056948686135
3088.6515988494466 105.646219211466956
3133.57707086003 105.580981973238210
3179.1559989082334 105.497062682150784
3225.3978877309914 105.399108731482585
3272.3123803148205 105.290227163441287
3319.9092599067053 105.168948627855627
3368.198452054235 105.030266783152413
3417.190026675413 104.877679515705694
3466.8942001585724 104.721627979508426
3517.3213374928373 104.566689560771636
3568.4819544295697 104.416065708052912
3620.386719675257 104.277960271189130
3673.0464571162966 104.158754762911599
3726.472148076138 104.053467640136091
3780.6749336052594 103.947211919452258
3835.6661168044484 103.834317848870427
3891.45716518188 103.715037631270889
3948.059713044477 103.595110982987023
4005.4855639240527 103.484628828296408
4063.746693038744 103.386067295093824
4122.855249790247 103.301026112755210
4182.823560297375 103.229019300595880
4243.664129966465 103.175566514386603
4305.389646099183 103.141382016182092
4368.012980538242 103.127397403892360
4431.5471923516225 103.140188684075355
4496.00553055582 103.175603318333486
4561.401436878714 103.239310500951419
4627.748548562617 103.332011958650725
4695.060701208099 103.460709307029816
4763.351931659176 103.620596506075543
4832.63648093046 103.806145794698324
4902.928797176889 104.017284888330721
4974.243538706657 104.243150049506411
5046.595577037959 104.464913064044410
5120.000000000202 104.657928571429039
5194.472114880326 104.786766723234706
5270.027451614888 104.823314044153335
5346.6817660285715 104.774817101519290
5424.451043119808 104.653908003170642
5503.351500394186 104.473526659742902
5583.399591246343 104.266076072978350
5664.612008391055 104.077122981120127
5747.005687344222 103.939212947693164
5830.597809954497 103.863708700814556
5915.405807986278 103.842347319439241
6001.447366754812 103.847488486279730
6088.740428814181 103.878495077675865
6177.303197698925 103.925796850097242
6267.154141720092 103.979676625189313
6358.3119978165005 104.032071598799064
6450.795775462017 104.073032500289031
6544.624760629676 104.100094323535387
6639.818519813445 104.116778222377604
6736.396904108505 104.123818015479458
6834.380053350861 104.115076886929046
6933.788400317181 104.078220133804933
7034.642674985712 103.997660923766432
7136.963908859177 103.854671227243415
7240.773439350552 103.630134916934026
7346.092914232631 103.304913185906713
7452.944296152315 102.861985415487936
7561.349867210557 102.280547032351137
7671.332233608935 101.573305184724731
7782.914330363799 100.763534158945589
7896.119426088994 99.878425184548576
8010.971127848146 98.941313873201125
8127.49338607753 97.997906162232354
8245.710499580537 97.097182693580606
8365.647120594791 96.261197308483872
8487.328259932974 95.495170386249441
8610.77929219841 94.816445500591954
8736.025961076528 94.226533027297705
8863.094384703289 93.704479092008825
8992.011061111683 93.266162392220281
9122.802873757471 92.923383472201380
9255.497097125279 92.659768072643303
9390.121402416245 92.448673486818606
9526.7038633184 92.276294741807149
9665.272961860968 92.148505433802882
9805.857594353829 92.075461416904744
9948.487077413367 92.058638991048113
10093.19115407597 92.091442443664818
10240.000000000457 92.167300000000296
10388.944229760706 92.289679360309236
10540.05490322983 92.472136104642487
10693.363532057198 92.720243145929430
10848.902086239672 93.046178062143255
11006.703000788428 93.463435977227306
11166.799182492743 93.973684389609488
11329.224016782166 94.571525885341813
11494.0113746885 95.205719219101553
11661.195619909053 95.783659473959787
11830.811615972614 96.204283235121778
12002.894733509682 96.309187751004941
12177.48085762842 96.090157432624309
12354.606395397908 95.335096017217651
12534.308283440243 94.272381939071067
12716.62399563306 92.939825153276090
12901.591550924093 91.581023026633417
13089.249521259411 90.244630195031192
13279.637039626952 89.037887929545946
13472.793808217073 88.000093380009986
13668.760106701786 87.133492591865661
13867.576800634426 86.431979496126843
14069.285349971487 85.918711357300339
14273.927817718419 85.557517401726983
14481.54687870117 85.404841208763060
14692.18582846533 85.498164719028210
14905.888592304698 85.832859200624938
15122.699734421185 86.454283451352467
15342.664467217943 87.390855229533301
15565.828660727671 88.581063590432805
15792.238852178061 89.769667027214496
16021.942255696367 90.479016694091015
16254.986772155136 90.281366059606540
16491.42099916115 89.279357805555037
16731.294241189662 87.916296232536098
16974.65651986603 86.363110638142246
17221.558584396902 84.874193430968944
17472.051922153143 83.802025092213938
17726.188769406665 83.327955101565777
17984.022122223458 83.430413273334082
18245.605747515034 83.628134002596511
18510.99419425065 83.236124601943530
18780.242804832582 81.915872560826273
19053.40772663689 79.787153498594762
19330.545923722028 77.067502725516960
19611.71518870775 73.596699915072193
19896.974154826825 69.172285196949431
20186.382308152035 67.429500000000004
