20 103.278500000000008
20.290906698750476 103.249000029922925
20.586044732869844 103.218499921395420
20.885475648548283 103.186499929294158
21.189261887185914 103.152500012950895
21.49746679841394 103.116500024113321
21.810154653305165 103.078499919394545
22.12739065777668 103.038999915903702
22.449240966187475 102.997500134421813
22.77577269513385 102.954499909445545
23.107053937445478 102.911000008278435
23.44315377638505 102.866499901740767
23.784142300054445 102.822999963439628
24.130090616010463 102.781500045344387
24.481070866093134 102.742000014825820
24.837156241469714 102.704499975850339
25.1984209978975 102.668500000208752
25.56494047120865 102.633000050314251
25.936791093020236 102.598999906952741
26.3140504066728 102.566500051713575
26.69679708340074 102.535499918796887
27.08511093873791 102.507000076248318
27.47907294916184 102.480500003343082
27.878765268980047 102.454999984688371
28.284271247461966 102.431499986718961
28.695675446220072 102.408999976395137
29.11306365684382 102.388000016383842
29.536522918790062 102.368000048337365
29.966141537533712 102.348999977721178
30.402009102982383 102.331000036910751
30.844216508158908 102.314000018839977
31.29285596815558 102.298000001131598
31.74802103936409 102.283499966116679
32.20980663898519 102.269500038176801
32.67830906482211 102.257000025855746
33.153626015361866 102.245499978868281
33.63585661014871 102.235500008055240
34.125101410453844 102.226500025898275
34.62146244024586 102.219500021917469
35.12504320746613 102.213499990512261
35.635948725613716 102.210499997190084
36.15428553564419 102.208499998977743
36.68016172818701 102.208500001369799
37.21368696608603 102.210499994207254
37.754972507267915 102.214999986260892
38.30413122794313 102.222000003284876
38.86127764614443 102.230999975787682
39.4265279456077 102.240999981413580
40.000000000000206 102.251499999999993
40.58181339750116 102.262999987618102
41.1720894657399 102.275000009366281
41.77095129709678 102.287000029996321
42.37852377437204 102.300999971859937
42.9949335968281 102.314999990224337
43.62030930661056 102.330500035135827
44.25478131555359 102.347000034869211
44.89848193237519 102.363999971905741
45.55154539026795 102.380500033694688
46.21410787489121 102.396499996989661
46.88630755277036 102.411500011388597
47.56828460010916 102.425000030173223
48.260181232021196 102.438000003649051
48.962141732186545 102.448999980204420
49.674312482939705 102.457999994212656
50.39684199579528 102.465499991690990
51.129880942417586 102.470999986015926
51.873582186040764 102.474000001577593
52.628100813345895 102.474000000246491
53.393594166801776 102.472999993968656
54.17022187747612 102.469000005760705
54.95814589832399 102.463499990977311
55.75753053796041 102.454999994008489
56.56854249492426 102.445499992755799
57.39135089244048 102.433499986051658
58.226127313687975 102.420000011468687
59.073045837580466 102.404000043249198
59.932283075067765 102.385999954608963
60.804018205965114 102.366000043062442
61.68843301631817 102.344500049166754
62.58571193631152 102.321500001697373
63.49604207872855 102.297499941268768
64.41961327797075 102.271000108418917
65.35661812964459 102.243000085463578
66.3072520307241 102.212999966750289
67.27171322029778 102.181999992543467
68.25020282090806 102.149000106830201
69.2429248804921 102.114500109587368
70.25008641493265 102.077999907494558
71.27189745122783 102.038999942396543
72.30857107128878 101.997499997006841
73.36032345637442 101.952999891413299
74.42737393217246 101.906000090752798
75.50994501453623 101.856000183410401
76.60826245588666 101.803999927879403
77.72255529228926 101.749000083987070
78.85305589121582 101.691500109659998
80.00000000000082 101.631499999999960
81.16362679500274 101.567000068100398
82.34417893148023 101.497999886707788
83.541902594194 101.427499906515720
84.75704754874454 101.356500142710019
85.98986719365665 101.283000048226512
87.24061861322157 101.207499838788777
88.50956263110764 101.128499831807332
89.79696386475084 101.046500198978080
91.10309078053635 100.961499820996963
92.42821574978288 100.876499952423302
93.77261510554118 100.791999932481701
95.13656920021877 100.708999809676584
96.52036246404286 100.628000030873238
97.92428346437356 100.547500145767430
99.34862496587989 100.469500001861775
100.79368399159105 100.395000101092918
102.25976188483567 100.323000198573766
103.74716437208203 100.250999887990275
105.25620162669229 100.180500063474881
106.78718833360406 100.110999897467195
108.34044375495276 100.042500099372276
109.9162917966485 99.974999924434840
111.51506107592134 99.906999954730736
113.13708498984903 99.838500000430258
114.78270178488147 99.768499922747637
116.45225462737648 99.697500015566916
118.14609167516147 99.625000144731160
119.86456615013608 99.549499860371299
121.60803641193078 99.473000155845028
123.3768660326369 99.396500128708951
125.17142387262359 99.317000050076686
126.99208415745765 99.237999871333130
128.83922655594208 99.164500250278991
130.71323625928977 99.096000207554383
132.61450406144883 99.031499935645627
134.5434264405962 98.973500016182072
136.50040564181674 98.926000142440401
138.48584976098482 98.889500089393380
140.50017282986593 98.864999959677078
142.5437949024563 98.850499989870059
144.61714214257822 98.839999999387743
146.7206469127495 98.830499972275732
148.8547478643456 98.817500027032736
151.01989002907314 98.802500051328252
153.216524911774 98.782999968529168
155.4451105845792 98.759000036648871
157.70611178243232 98.732000050183331
160.00000000000236 98.704999999999970
162.3272535900062 98.676000018110415
164.6883578629612 98.643999948209270
167.08380518838874 98.613999951570122
169.51409509748981 98.587000041600220
171.97973438731407 98.562000015641019
174.4812372264439 98.541499964864187
177.01912526221608 98.526999978031782
179.5939277295025 98.520500008158336
182.20618156107355 98.520000003454456
184.85643149956664 98.520999999440278
187.54523021108326 98.520499999999998
190.27313840043846 98.521000000000001
193.04072492808663 98.521000000000001
195.84856692874806 98.521999996400808
198.69724993176072 98.526499999880656
201.58736798318304 98.533999988921323
204.5195237696723 98.543499975430024
207.49432874416505 98.554000017353616
210.5124032533856 98.564499994233614
213.57437666720915 98.578000031125356
216.68088750990657 98.596499964781543
219.83258359329807 98.618500019535190
223.03012215184378 98.643500009621476
226.2741699796992 98.670999999825398
229.5654035697641 98.699500037084903
232.90450925475412 98.727499993550850
236.2921833503241 98.754999939251405
239.72913230027333 98.781000045333968
243.21607282386276 98.806999944633986
246.75373206527502 98.833499954868302
250.34284774524843 98.861499983099137
253.9841683149166 98.892500073527344
257.67845311188546 98.930999850167694
261.42647251858085 98.974999874610702
265.22900812289896 99.021500053628671
269.08685288119375 99.071499998465725
273.0008112836349 99.122999834898650
276.97169952197106 99.171999873797645
281.00034565973334 99.217000101993250
285.0875898049141 99.259000045354455
289.23428428515797 99.297500011650271
293.44129382550057 99.335000087793532
297.7094957286928 99.373999932101441
302.0397800581479 99.416999852161211
306.4330498235497 99.461000059007816
310.89022116916016 99.504999934337434
315.41222356486645 99.545999936106398
320.00000000000654 99.579500000000039
324.6545071800142 99.599999990341118
329.3767157259242 99.605999995773061
334.16761037677935 99.599999980198930
339.02819019498156 99.584000030400148
343.95946877463007 99.556500025612962
348.9624744528898 99.516499884508590
354.03825052443415 99.461999856254579
359.187855459007 99.395500140731173
364.4123631221491 99.315499834185829
369.71286299913527 99.213999931713374
375.0904604221685 99.083999819248859
380.54627680087896 98.922999602015466
386.08144985617537 98.730000041180517
391.6971338574982 98.506500413907105
397.3944998635236 98.254500051278953
403.1747359663683 97.980000386368914
409.0390475393468 97.686000732185221
414.9886574883323 97.379999461144678
421.0248065067734 97.076000221771551
427.1487533344206 96.801499575980074
433.3617750198154 96.545500454317931
439.6651671865984 96.282499755332651
446.06024430368984 96.039999925878931
452.54833995940066 95.840000001197126
459.13080713953053 95.661499773369911
465.8090185095106 95.499000059453692
472.58436670065066 95.350000304918609
479.45826460054917 95.226499833170877
486.432145647728 95.147000127817051
493.50746413055253 95.108000056183485
500.6856954904994 95.092000005358642
507.9683366298358 95.096000033325055
515.3569062237735 95.117499906354809
522.8529450371643 95.153499891329290
530.4580162458005 95.200000055773813
538.1737057623901 95.252499998373708
546.0016225672724 95.302499844610551
553.9433990439449 95.341999905348231
562.0006913194694 95.363500034925949
570.1751796098309 95.376000011461116
578.4685685703187 95.388000002809605
586.8825876510039 95.404500048517491
595.4189914573883 95.425999962655794
604.0795601162986 95.447999927799657
612.8660996471021 95.465500017980503
621.780442338323 95.484499962307353
630.8244471297356 95.520499926564270
640.0000000000159 95.578500000000105
649.3090143600314 95.648999948117762
658.7534314518515 95.726500114127191
668.3352207535618 95.809000138243960
678.0563803899662 95.894999860799317
687.9189375492632 95.981499936017343
697.9249489057827 96.057500132106185
708.0765010488715 96.113500096082191
718.3757109180171 96.152499924535476
728.8247262443015 96.189500081985670
739.425725998274 96.238000031344711
750.1809208443404 96.296000069701449
761.0925536017613 96.352500122669838
772.1628997123541 96.408499983133225
783.3942677149998 96.468499895636285
794.7889997270506 96.532499992876069
806.34947193274 96.596499918185373
818.0780950786972 96.657999847482898
829.9773149766683 96.714500094661929
842.0496130135506 96.772499956239088
854.2975066688449 96.834000101507954
866.7235500396347 96.890499903149291
879.3303343732008 96.942500052428727
892.1204886073838 96.999000026889092
905.0966799188055 97.062499999594749
918.2616142790653 97.128000085692733
931.6180370190256 97.195499974360615
945.1687334013056 97.266999846489284
958.9165292011028 97.340500134188659
972.8642912954606 97.415499849584265
987.0149282611097 97.497999847760894
1001.3713909810035 97.583999952136452
1015.9366732596762 97.673000170328123
1030.7138124475518 97.766999646875576
1045.7058900743334 97.865999711858265
1060.916032491606 97.974000121200817
1076.3474115247852 98.088499996440575
1092.0032451345498 98.202999627712757
1107.8867980878947 98.324999663506645
1124.0013826389438 98.459500340665386
1140.350359219667 98.599000141701168
1156.9371371406426 98.735000026972244
1173.765175302013 98.883500360251560
1190.837982914782 99.043499719068038
1208.1591202326028 99.201999456778481
1225.73219929421 99.360500194189569
1243.5608846766518 99.523499740400609
1261.648894259477 99.686999716747977
1280.0000000000375 99.848000000000326
1298.6180287200684 100.003999889839122
1317.5068629037087 100.159000215573656
1336.6704415071292 100.312000250465587
1356.112760779938 100.465499747357768
1375.8378750985323 100.614499881922114
1395.8498978115715 100.760500307525916
1416.153002097749 100.901500325742148
1436.7514218360407 101.039999711862379
1457.6494524886093 101.185000271463679
1478.8514519965543 101.334000082279886
1500.3618416886875 101.480000174844349
1522.1851072035295 101.630000336494902
1544.3257994247153 101.784499954134247
1566.788535430007 101.936499743367932
1589.5779994541087 102.090499975659810
1612.6989438654878 102.250499783979961
1636.156190157402 102.410499595829748
1659.9546299533442 102.571000265717728
1684.099226027109 102.730999887929300
1708.5950133376978 102.885000259882617
1733.4471000792773 103.037999728818079
1758.6606687464096 103.193000144408671
1784.2409772147755 103.348500061228663
1810.193359837619 103.503500004884941
1836.5232285581387 103.656000201727807
1863.2360740380593 103.806499944262271
1890.3374668026197 103.959499676155474
1917.833058402214 104.112500275630794
1945.7285825909298 104.263999701147711
1974.0298565222283 104.415499731648339
2002.7427819620161 104.568499914847450
2031.8733465193618 104.719500273375942
2061.4276248951132 104.863499473991794
2091.411780148677 105.005499599608584
2121.832064983222 105.144500149187522
2152.694823049581 105.277499995980349
2184.0064902691106 105.403499598577298
2215.7735961758003 105.523999679658360
2248.002765277899 105.635000255499051
2280.7007184393456 105.740500110443605
2313.874274281297 105.847000019105366
2347.530350604038 105.945500196162982
2381.6759658295764 106.023499879134960
2416.318240465218 106.037500006818703
2451.4643985884327 106.034000082198787
2487.1217693533167 106.129999802134648
2523.2977885189675 106.289499730735798
2560.0000000000887 106.414500000000260
2597.236057440151 106.512999932482089
2635.0137258074315 106.602000116945220
2673.340883014273 106.679500076440803
2712.225521559891 106.707999983487440
2751.6757501970797 106.683000018671834
2791.699795623158 106.716000225610330
2832.3060041955137 106.824500189820981
2873.502843672097 106.874499960328876
2915.2989049772345 106.817499897973363
2957.7029039931244 106.779000014482762
3000.723683377391 106.814500041701933
3044.370214407075 106.830999913899831
3088.6515988494466 106.780000017224580
3133.57707086003 106.698500147135675
3179.1559989082334 106.605000014728120
3225.3978877309914 106.503000135979732
3272.3123803148205 106.395000277072654
3319.9092599067053 106.283499817319026
3368.198452054235 106.173500077048573
3417.190026675413 106.061499802786159
3466.8942001585724 105.947500198459721
3517.3213374928373 105.840499907725246
3568.4819544295697 105.746499967608031
3620.386719675257 105.668999999266447
3673.0464571162966 105.619999972339627
3726.472148076138 105.609499999999997
3780.6749336052594 105.633499934240660
3835.6661168044484 105.677000103361564
3891.45716518188 105.738499870554563
3948.059713044477 105.823499836501014
4005.4855639240527 105.931499937666132
4063.746693038744 106.053000245095717
4122.855249790247 106.185499501143198
4182.823560297375 106.330499579871031
4243.664129966465 106.490000184550553
4305.389646099183 106.656999994875775
4368.012980538242 106.817499488509839
4431.5471923516225 106.961499627999402
4496.00553055582 107.079500232623786
4561.401436878714 107.166500063422873
4627.748548562617 107.216500002426613
4695.060701208099 107.214999916148059
4763.351931659176 107.167500100991560
4832.63648093046 107.079500335525466
4902.928797176889 106.954499822934878
4974.243538706657 106.805000242187134
5046.595577037959 106.652000261939236
5120.000000000202 106.511499999999657
5194.472114880326 106.395000076757185
5270.027451614888 106.315499939413911
5346.6817660285715 106.288000040337380
5424.451043119808 106.333499891017112
5503.351500394186 106.452999894970930
5583.399591246343 106.612500374557015
5664.612008391055 106.783500389015927
5747.005687344222 106.941999686545145
5830.597809954497 107.056000105670464
5915.405807986278 107.088499979616827
6001.447366754812 107.031499871419015
6088.740428814181 106.902999595991417
6177.303197698925 106.703000061770467
6267.154141720092 106.428000499371038
6358.3119978165005 106.103500052090894
6450.795775462017 105.745500476589029
6544.624760629676 105.390500889682713
6639.818519813445 105.061999498661550
6736.396904108505 104.773000197590790
6834.380053350861 104.530999645710779
6933.788400317181 104.337000316839124
7034.642674985712 104.190999886796902
7136.963908859177 104.076999955483842
7240.773439350552 103.963499998262563
7346.092914232631 103.812499721423720
7452.944296152315 103.576500097355051
7561.349867210557 103.221500823052139
7671.332233608935 102.727998908408949
7782.914330363799 102.095501312169020
7896.119426088994 101.357501353760910
8010.971127848146 100.555500445971404
8127.49338607753 99.717998414418958
8245.710499580537 98.881503074435770
8365.647120594791 98.073502259543829
8487.328259932974 97.303999192634649
8610.77929219841 96.581000027515955
8736.025961076528 95.911002118436400
8863.094384703289 95.303001588989844
8992.011061111683 94.756498765869367
9122.802873757471 94.266999529613528
9255.497097125279 93.837999923763732
9390.121402416245 93.479999311054115
9526.7038633184 93.191500475356705
9665.272961860968 92.957500756644066
9805.857594353829 92.774999826573151
9948.487077413367 92.643500190788956
10093.19115407597 92.546500157857395
10240.000000000457 92.474999999999852
10388.944229760706 92.435000022032142
10540.05490322983 92.434000039451419
10693.363532057198 92.472500108536536
10848.902086239672 92.550499853038261
11006.703000788428 92.682499884706857
11166.799182492743 92.878000543217283
11329.224016782166 93.146500773672571
11494.0113746885 93.501999208875660
11661.195619909053 93.963501003869624
11830.811615972614 94.547500374139872
12002.894733509682 95.275500987187513
12177.48085762842 96.166002246071926
12354.606395397908 97.229999690833836
12534.308283440243 98.440497863036782
12716.62399563306 99.663999820669318
12901.591550924093 100.601498910375085
13089.249521259411 100.911499677172316
13279.637039626952 100.442498332401470
13472.793808217073 99.306500896816857
13668.760106701786 97.791497253398134
13867.576800634426 96.217002701836520
14069.285349971487 94.785998779498911
14273.927817718419 93.556499564955416
14481.54687870117 92.533499984710630
14692.18582846533 91.715999114355327
14905.888592304698 91.094500212917552
15122.699734421185 90.674000778935437
15342.664467217943 90.477500052848328
15565.828660727671 90.538999814798984
15792.238852178061 90.209501087652043
16021.942255696367 87.997001559451974
16254.986772155136 80.911470383000079
16491.42099916115 60.728091013189520
16731.294241189662 44.551023093157347
16974.65651986603 42.746997723799453
17221.558584396902 40.843500067122818
17472.051922153143 39.373004488759562
17726.188769406665 38.206002953562077
17984.022122223458 37.275498119419751
18245.605747515034 36.536999328015717
18510.99419425065 35.940499895196730
18780.242804832582 35.401998567717534
19053.40772663689 34.743501190245993
19330.545923722028 34.090502151263742
19611.71518870775 33.632499751381019
19896.974154826825 33.446000266517672
20186.382308152035 33.166000600204924
