20 99.294000000000011
20.290906698750476 99.315499977299851
20.586044732869844 99.336000051584264
20.885475648548283 99.357500047137222
21.189261887185914 99.379499991859433
21.49746679841394 99.400999986314076
21.810154653305165 99.423500045469751
22.12739065777668 99.446000049227109
22.449240966187475 99.468999929588577
22.77577269513385 99.492500048436099
23.107053937445478 99.515999995484492
23.44315377638505 99.539500052557258
23.784142300054445 99.562000020021145
24.130090616010463 99.584499975668862
24.481070866093134 99.605999991636708
24.837156241469714 99.626500014087298
25.1984209978975 99.647499999878221
25.56494047120865 99.666499972686552
25.936791093020236 99.685500052339080
26.3140504066728 99.703499971792581
26.69679708340074 99.721000047601819
27.08511093873791 99.736499961875836
27.47907294916184 99.748499998585629
27.878765268980047 99.758000006657227
28.284271247461966 99.767000005433147
28.695675446220072 99.775500009656540
29.11306365684382 99.785499990988896
29.536522918790062 99.796999969471145
29.966141537533712 99.812000019803406
30.402009102982383 99.828499965139827
30.844216508158908 99.846499980051775
31.29285596815558 99.864499998726956
31.74802103936409 99.881000031624438
32.20980663898519 99.893999964759871
32.67830906482211 99.901499990055498
33.153626015361866 99.904000002113165
33.63585661014871 99.904000000805524
34.125101410453844 99.903500000000008
34.62146244024586 99.905999987475724
35.12504320746613 99.916500042694821
35.635948725613716 99.935500032314195
36.15428553564419 99.960000026578783
36.68016172818701 99.986500034245068
37.21368696608603 100.009999957519966
37.754972507267915 100.027499958782670
38.30413122794313 100.039000003284869
38.86127764614443 100.046999980630147
39.4265279456077 100.051499992565439
40.000000000000206 100.054499999999990
40.58181339750116 100.054500001031826
41.1720894657399 100.050999996877920
41.77095129709678 100.045999987144427
42.37852377437204 100.040500010050010
42.9949335968281 100.036500001955147
43.62030930661056 100.036000004133626
44.25478131555359 100.037500002051132
44.89848193237519 100.038499998347390
45.55154539026795 100.039000000000001
46.21410787489121 100.038500000188151
46.88630755277036 100.037499998373050
47.56828460010916 100.034999995357964
48.260181232021196 100.032999998341353
48.962141732186545 100.028500007198403
49.674312482939705 100.022000005063930
50.39684199579528 100.015000009693850
51.129880942417586 100.012000005593620
51.873582186040764 100.015000007888005
52.628100813345895 100.020499998521046
53.393594166801776 100.025500001507837
54.17022187747612 100.025000002880347
54.95814589832399 100.020999992105146
55.75753053796041 100.014499995339946
56.56854249492426 100.007499996377902
57.39135089244048 100.000999993562317
58.226127313687975 99.994000006553534
59.073045837580466 99.986000020352577
59.932283075067765 99.976499973720991
60.804018205965114 99.966000020505930
61.68843301631817 99.955000024583370
62.58571193631152 99.944500000777964
63.49604207872855 99.933499975152174
64.41961327797075 99.922500044170675
65.35661812964459 99.909500039679514
66.3072520307241 99.894999982838868
67.27171322029778 99.878499995932799
68.25020282090806 99.860000061508288
69.2429248804921 99.839000065752430
70.25008641493265 99.816499940701647
71.27189745122783 99.792499964875944
72.30857107128878 99.768999998571445
73.36032345637442 99.748999963034308
74.42737393217246 99.733000030894573
75.50994501453623 99.719000051354911
76.60826245588666 99.704499981642030
77.72255529228926 99.690000022905565
78.85305589121582 99.675000027879662
80.00000000000082 99.656999999999982
81.16362679500274 99.633500026827420
82.34417893148023 99.603999946590804
83.541902594194 99.571999961816289
84.75704754874454 99.542500060300000
85.98986719365665 99.514500018899582
87.24061861322157 99.484999940062494
88.50956263110764 99.456499942568357
89.79696386475084 99.429500063090615
91.10309078053635 99.403999947352048
92.42821574978288 99.378499985447121
93.77261510554118 99.351999976409274
95.13656920021877 99.322999930369491
96.52036246404286 99.292000012349291
97.92428346437356 99.258000062985928
99.34862496587989 99.222000000883156
100.79368399159105 99.184000052623716
102.25976188483567 99.148500097888473
103.74716437208203 99.114999946361536
105.25620162669229 99.081000030830637
106.78718833360406 99.042999936670924
108.34044375495276 98.999000066248186
109.9162917966485 98.945999933457557
111.51506107592134 98.885499957393634
113.13708498984903 98.821000000405320
114.78270178488147 98.754999929185331
116.45225462737648 98.688500014899773
118.14609167516147 98.622500127128717
119.86456615013608 98.558999889385035
121.60803641193078 98.498000125086136
123.3768660326369 98.433000110321956
125.17142387262359 98.364500043817102
126.99208415745765 98.292999879910923
128.83922655594208 98.224000236374593
130.71323625928977 98.163500173979401
132.61450406144883 98.114999961387383
134.5434264405962 98.084500007224136
136.50040564181674 98.074000019423693
138.48584976098482 98.081999968449395
140.50017282986593 98.105000083017785
142.5437949024563 98.143500046966139
144.61714214257822 98.198000004489757
146.7206469127495 98.266500170966310
148.8547478643456 98.339999859043559
151.01989002907314 98.405499801103076
153.216524911774 98.460000066875551
155.4451105845792 98.510999922121158
157.70611178243232 98.560499907067879
160.00000000000236 98.610500000000059
162.3272535900062 98.661499969815978
164.6883578629612 98.706500063119961
167.08380518838874 98.743500053618789
169.51409509748981 98.772999955199765
171.97973438731407 98.787999992831203
174.4812372264439 98.780499948329691
177.01912526221608 98.749499892599829
179.5939277295025 98.701500106058290
182.20618156107355 98.641999886002779
184.85643149956664 98.573999959139996
187.54523021108326 98.499999907852356
190.27313840043846 98.421999816639584
193.04072492808663 98.343500030101382
195.84856692874806 98.264000145767312
198.69724993176072 98.181000002004950
201.58736798318304 98.098500114941316
204.5195237696723 98.016500201473889
207.49432874416505 97.934499870636714
210.5124032533856 97.851500048437629
213.57437666720915 97.768499846204122
216.68088750990657 97.684000149678468
219.83258359329807 97.597499929998946
223.03012215184378 97.510499968641113
226.2741699796992 97.423000000542473
229.5654035697641 97.333999877757165
232.90450925475412 97.245500019569818
236.2921833503241 97.157500197995461
239.72913230027333 97.069499842237747
243.21607282386276 96.982000180452218
246.75373206527502 96.895000145424376
250.34284774524843 96.806500055084285
253.9841683149166 96.717999819162515
257.67845311188546 96.627500337122711
261.42647251858085 96.536000253565007
265.22900812289896 96.448499910976409
269.08685288119375 96.366000002516188
273.0008112836349 96.288500246033379
276.97169952197106 96.218000178786667
281.00034565973334 96.158999890890954
285.0875898049141 96.116499962786094
289.23428428515797 96.088999994481455
293.44129382550057 96.073999976896431
297.7094957286928 96.065000013579720
302.0397800581479 96.056000034381128
306.4330498235497 96.044499979019434
310.89022116916016 96.027000029013692
315.41222356486645 96.003500040957434
320.00000000000654 95.972999999999956
324.6545071800142 95.934500024750889
329.3767157259242 95.888999926733163
334.16761037677935 95.834999908610442
339.02819019498156 95.773500100800504
343.95946877463007 95.707000058056067
348.9624744528898 95.636999839217822
354.03825052443415 95.565999836040390
359.187855459007 95.493500146849911
364.4123631221491 95.418999868730452
369.71286299913527 95.341999955221894
375.0904604221685 95.262499904308214
380.54627680087896 95.181499833103260
386.08144985617537 95.104000015854496
391.6971338574982 95.030500127771319
397.3944998635236 94.962500013316628
403.1747359663683 94.897500088629428
409.0390475393468 94.832500159704836
414.9886574883323 94.770499891880149
421.0248065067734 94.710000043760942
427.1487533344206 94.653499906515293
433.3617750198154 94.596000103894411
439.6651671865984 94.530999936891362
446.06024430368984 94.467999979687974
452.54833995940066 94.412000000342928
459.13080713953053 94.359499931324208
465.8090185095106 94.309500018579271
472.58436670065066 94.259500107247220
479.45826460054917 94.212499927465601
486.432145647728 94.175500064862376
493.50746413055253 94.147500047121639
500.6856954904994 94.128500008281534
507.9683366298358 94.119500003702782
515.3569062237735 94.122999981270965
522.8529450371643 94.138499947057852
530.4580162458005 94.164500037540080
538.1737057623901 94.200499998864657
546.0016225672724 94.239499867271519
553.9433990439449 94.280499892202144
562.0006913194694 94.320500102283148
570.1751796098309 94.361500040634894
578.4685685703187 94.401000006930360
586.8825876510039 94.435500069310692
595.4189914573883 94.464999950773560
604.0795601162986 94.493999900294767
612.8660996471021 94.522000032364929
621.780442338323 94.548499957390902
630.8244471297356 94.577999945797444
640.0000000000159 94.613000000000085
649.3090143600314 94.654999968728504
658.7534314518515 94.705000078902771
668.3352207535618 94.764000110595163
678.0563803899662 94.834999881599430
687.9189375492632 94.913499939781033
697.9249489057827 94.993500166756974
708.0765010488715 95.069500182790506
718.3757109180171 95.150499828675123
728.8247262443015 95.241500187656072
739.425725998274 95.347000063808849
750.1809208443404 95.465000152398090
761.0925536017613 95.594500294407609
772.1628997123541 95.728499959756462
783.3942677149998 95.865499765609329
794.7889997270506 96.001999984861627
806.34947193274 96.133499829877522
818.0780950786972 96.261999677172128
829.9773149766683 96.380000184341640
842.0496130135506 96.489999919153561
854.2975066688449 96.597000183764408
866.7235500396347 96.701499816864128
879.3303343732008 96.804500100002954
892.1204886073838 96.909000046405382
905.0966799188055 97.016499999326655
918.2616142790653 97.125000141522847
931.6180370190256 97.234499959125628
945.1687334013056 97.345499768682473
958.9165292011028 97.451500192216201
972.8642912954606 97.558999784272174
987.0149282611097 97.672999795202173
1001.3713909810035 97.783499939892266
1015.9366732596762 97.890500201801814
1030.7138124475518 97.998999602735026
1045.7058900743334 98.105499697593828
1060.916032491606 98.211500116910543
1076.3474115247852 98.319499996716743
1092.0032451345498 98.426999653611006
1107.8867980878947 98.534499709269724
1124.0013826389438 98.647500282265611
1140.350359219667 98.762000115653137
1156.9371371406426 98.872500020978407
1173.765175302013 98.986000265685533
1190.837982914782 99.103999792812687
1208.1591202326028 99.222499594302917
1225.73219929421 99.341500142645430
1243.5608846766518 99.460999810049231
1261.648894259477 99.580499788435219
1280.0000000000375 99.701500000000237
1298.6180287200684 99.821499914714153
1317.5068629037087 99.940500167668404
1336.6704415071292 100.060000200047199
1356.112760779938 100.183999793592946
1375.8378750985323 100.309999898790380
1395.8498978115715 100.437000279372128
1416.153002097749 100.566000306994397
1436.7514218360407 100.697999722302143
1457.6494524886093 100.835000253244644
1478.8514519965543 100.973500076122889
1500.3618416886875 101.110000161849158
1522.1851072035295 101.249000312459557
1544.3257994247153 101.392499957389248
1566.788535430007 101.537999751922342
1589.5779994541087 101.684499977210123
1612.6989438654878 101.834499797397356
1636.156190157402 101.985999611081439
1659.9546299533442 102.141500262396249
1684.099226027109 102.300999887228855
1708.5950133376978 102.463000282109405
1733.4471000792773 102.629999702404263
1758.6606687464096 102.802000163973730
1784.2409772147755 102.978500069919193
1810.193359837619 103.156000005715057
1836.5232285581387 103.336000244478058
1863.2360740380593 103.519999931256791
1890.3374668026197 103.710499596245796
1917.833058402214 103.905000357232012
1945.7285825909298 104.102999606148302
1974.0298565222283 104.308999628572863
2002.7427819620161 104.523999879228072
2031.8733465193618 104.740000411006591
2061.4276248951132 104.958999190756600
2091.411780148677 105.180999371216288
2121.832064983222 105.398500234279666
2152.694823049581 105.608499993617670
2184.0064902691106 105.811499349306757
2215.7735961758003 106.003499493914035
2248.002765277899 106.178000384465264
2280.7007184393456 106.332000145868903
2313.874274281297 106.468000023413452
2347.530350604038 106.590500275996746
2381.6759658295764 106.711499791076122
2416.318240465218 106.829999601106252
2451.4643985884327 106.935500115323663
2487.1217693533167 107.026999859119883
2523.2977885189675 107.104499870613310
2560.0000000000887 107.161000000000087
2597.236057440151 107.186999987207130
2635.0137258074315 107.176499943640863
2673.340883014273 107.126999866635174
2712.225521559891 107.035000168428127
2751.6757501970797 106.903000110475077
2791.699795623158 106.732999577254432
2832.3060041955137 106.530999479749880
2873.502843672097 106.306000476053384
2915.2989049772345 106.088499652016282
2957.7029039931244 105.909499924904168
3000.723683377391 105.783999902695484
3044.370214407075 105.713499900653630
3088.6515988494466 105.668500012303269
3133.57707086003 105.604000124894242
3179.1559989082334 105.524500012092560
3225.3978877309914 105.467500067329780
3272.3123803148205 105.422500114387788
3319.9092599067053 105.371999920284665
3368.198452054235 105.326500030118979
3417.190026675413 105.294499961941199
3466.8942001585724 105.275000029594878
3517.3213374928373 105.258999978120414
3568.4819544295697 105.230999981433882
3620.386719675257 105.173499998803138
3673.0464571162966 105.065999798474422
3726.472148076138 104.896500069114722
3780.6749336052594 104.680500473042926
3835.6661168044484 104.458999642767907
3891.45716518188 104.276500329497466
3948.059713044477 104.167500156390332
4005.4855639240527 104.144000001113113
4063.746693038744 104.203000218700794
4122.855249790247 104.336999438324185
4182.823560297375 104.535499402232603
4243.664129966465 104.784000306110798
4305.389646099183 105.067499991101641
4368.012980538242 105.365499028816131
4431.5471923516225 105.658499223883638
4496.00553055582 105.933000629308594
4561.401436878714 106.183000237835785
4627.748548562617 106.397500036399208
4695.060701208099 106.563000276484814
4763.351931659176 106.667999846771437
4832.63648093046 106.701999948644072
4902.928797176889 106.658499876296958
4974.243538706657 106.535500227940830
5046.595577037959 106.340000367755763
5120.000000000202 106.090999999999241
5194.472114880326 105.814000199000105
5270.027451614888 105.544999661845083
5346.6817660285715 105.318999706343817
5424.451043119808 105.150500255944650
5503.351500394186 105.018500100361123
5583.399591246343 104.878499623252594
5664.612008391055 104.691499458658569
5747.005687344222 104.452000514813264
5830.597809954497 104.249999879754299
5915.405807986278 104.255500101379454
6001.447366754812 104.473500284963279
6088.740428814181 104.701000364270030
6177.303197698925 104.850999961571361
6267.154141720092 104.991499746870545
6358.3119978165005 105.178499968683440
6450.795775462017 105.421499662031039
6544.624760629676 105.707999250124573
6639.818519813445 106.012500503009562
6736.396904108505 106.306999795301621
6834.380053350861 106.566000392125929
6933.788400317181 106.783499639639004
7034.642674985712 106.968000154108438
7136.963908859177 107.120000049372464
7240.773439350552 107.230000001016720
7346.092914232631 107.303000084899438
7452.944296152315 107.365999976961774
7561.349867210557 107.421999885451513
7671.332233608935 107.465000060137726
7782.914330363799 107.492999954684848
7896.119426088994 107.492000021431579
8010.971127848146 107.437500038899231
8127.49338607753 107.313499649324527
8245.710499580537 107.108000831427944
8365.647120594791 106.820000873841110
8487.328259932974 106.448999525014685
8610.77929219841 105.995000018408547
8736.025961076528 105.465501766440099
8863.094384703289 104.893501546044163
8992.011061111683 104.344998839329534
9122.802873757471 103.902999630033108
9255.497097125279 103.573499942165597
9390.121402416245 103.292999385841000
9526.7038633184 103.022500470132996
9665.272961860968 102.747500948372874
9805.857594353829 102.471499674976258
9948.487077413367 102.210000405426541
10093.19115407597 101.975500392041440
10240.000000000457 101.777999999999494
10388.944229760706 101.629000095235710
10540.05490322983 101.545499966184494
10693.363532057198 101.542000098816857
10848.902086239672 101.626499821664410
11006.703000788428 101.808499837648426
11166.799182492743 102.083500729400626
11329.224016782166 102.431500892878915
11494.0113746885 102.818499183892783
11661.195619909053 103.192500597584825
11830.811615972614 103.493500110073029
12002.894733509682 103.654000031431679
12177.48085762842 103.633999658685156
12354.606395397908 103.441000064456119
12534.308283440243 103.129000569971652
12716.62399563306 102.779500051899703
12901.591550924093 102.472500383091969
13089.249521259411 102.266000449925201
13279.637039626952 102.201500084962561
13472.793808217073 102.280499924500859
13668.760106701786 102.393500012038970
13867.576800634426 102.323000257649369
14069.285349971487 101.840499166672672
14273.927817718419 100.839499456093108
14481.54687870117 99.431499973565451
14692.18582846533 97.993998572393664
14905.888592304698 97.185000199912110
15122.699734421185 97.743997938361105
15342.664467217943 99.355502656995043
15565.828660727671 100.549998165722002
15792.238852178061 100.518000614371601
16021.942255696367 99.435000699102744
16254.986772155136 97.983497349194607
16491.42099916115 96.631004794635942
16731.294241189662 95.207004357893155
16974.65651986603 93.074496933985273
17221.558584396902 90.109000121534166
17472.051922153143 86.808010689060524
17726.188769406665 83.654008303208087
17984.022122223458 80.882995802975842
18245.605747515034 79.907001201777518
18510.99419425065 81.577500535330344
18780.242804832582 84.321005303071161
19053.40772663689 86.416996781991855
19330.545923722028 87.696996142089830
19611.71518870775 88.426500173426888
19896.974154826825 88.244500804312253
20186.382308152035 86.653503401739471
