20 102.043000000000006
20.290906698750476 102.068211997931698
20.586044732869844 102.092837064948938
20.885475648548283 102.116362259136281
21.189261887185914 102.139676670762015
21.49746679841394 102.161579025340501
21.810154653305165 102.182685503170575
22.12739065777668 102.203621154433264
22.449240966187475 102.224036516126517
22.77577269513385 102.243920030282908
23.107053937445478 102.263066410009941
23.44315377638505 102.282112076954888
23.784142300054445 102.300897648627924
24.130090616010463 102.319438189314525
24.481070866093134 102.337553548036908
24.837156241469714 102.355357784932778
25.1984209978975 102.372924997400133
25.56494047120865 102.389922339760233
25.936791093020236 102.406826602669170
26.3140504066728 102.423942157429678
26.69679708340074 102.440117879690277
27.08511093873791 102.456212930070976
27.47907294916184 102.471465224256633
27.878765268980047 102.486802154172977
28.284271247461966 102.502018036156102
28.695675446220072 102.516652965171488
29.11306365684382 102.530731100675837
29.536522918790062 102.544668733401281
29.966141537533712 102.558416529201082
30.402009102982383 102.571560272888576
30.844216508158908 102.584826476060954
31.29285596815558 102.598044609084468
31.74802103936409 102.610944589102189
32.20980663898519 102.623874585891585
32.67830906482211 102.636992653815014
33.153626015361866 102.649994276399411
33.63585661014871 102.662532271863853
34.125101410453844 102.675252636671814
34.62146244024586 102.688036561006143
35.12504320746613 102.700375993771729
35.635948725613716 102.712262769414735
36.15428553564419 102.724548567319815
36.68016172818701 102.736463558020120
37.21368696608603 102.748414800219990
37.754972507267915 102.760645811738357
38.30413122794313 102.772790865014741
38.86127764614443 102.785128729074160
39.4265279456077 102.797846876709770
40.000000000000206 102.810499999999990
40.58181339750116 102.823105998965858
41.1720894657399 102.835895253114771
41.77095129709678 102.849346424506081
42.37852377437204 102.862396941740911
42.9949335968281 102.875311150971086
43.62030930661056 102.888339764688880
44.25478131555359 102.901888132635946
44.89848193237519 102.915385033207940
45.55154539026795 102.929104542499260
46.21410787489121 102.943317405743073
46.88630755277036 102.958411115224038
47.56828460010916 102.973365690051196
48.260181232021196 102.987143424408401
48.962141732186545 102.999432105365514
49.674312482939705 103.009886078128574
50.39684199579528 103.020204610820315
51.129880942417586 103.031183851689633
51.873582186040764 103.043404256897475
52.628100813345895 103.056491756098239
53.393594166801776 103.069149916543665
54.17022187747612 103.080788890694095
54.95814589832399 103.091390438849260
55.75753053796041 103.101120671539121
56.56854249492426 103.109969696196714
57.39135089244048 103.118022158031962
58.226127313687975 103.125309018509512
59.073045837580466 103.131938275025476
59.932283075067765 103.137093698450400
60.804018205965114 103.141511483429213
61.68843301631817 103.143903784458132
62.58571193631152 103.145482139273071
63.49604207872855 103.145255936881910
64.41961327797075 103.143031353527107
65.35661812964459 103.139038600286952
66.3072520307241 103.133195609769572
67.27171322029778 103.125554581017326
68.25020282090806 103.116372870380474
69.2429248804921 103.105584901434099
70.25008641493265 103.093248876605884
71.27189745122783 103.079421538231585
72.30857107128878 103.063254291788098
73.36032345637442 103.044473692600690
74.42737393217246 103.022811460458286
75.50994501453623 102.998601253247287
76.60826245588666 102.972450411969533
77.72255529228926 102.944936130532469
78.85305589121582 102.916607358123969
80.00000000000082 102.886499999999984
81.16362679500274 102.854500183137887
82.34417893148023 102.819614690226103
83.541902594194 102.780136416725639
84.75704754874454 102.736009509257826
85.98986719365665 102.688230104657038
87.24061861322157 102.637974993369909
88.50956263110764 102.586614307211988
89.79696386475084 102.534689124121712
91.10309078053635 102.481916636161571
92.42821574978288 102.426981800435641
93.77261510554118 102.368690317281519
95.13656920021877 102.305342234844929
96.52036246404286 102.237112112157547
97.92428346437356 102.164317205595708
99.34862496587989 102.087554309498159
100.79368399159105 102.007553696470893
102.25976188483567 101.925200080487599
103.74716437208203 101.840804954016818
105.25620162669229 101.753465771772383
106.78718833360406 101.661981511650140
108.34044375495276 101.565832191356293
109.9162917966485 101.466086324946559
111.51506107592134 101.362694177260607
113.13708498984903 101.253931034691846
114.78270178488147 101.141439289637617
116.45225462737648 101.023191745859464
118.14609167516147 100.901908345403371
119.86456615013608 100.777318850129632
121.60803641193078 100.649837279926118
123.3768660326369 100.519374076994978
125.17142387262359 100.386871774716724
126.99208415745765 100.253405912610560
128.83922655594208 100.120675135512130
130.71323625928977 99.987085015230633
132.61450406144883 99.854060097806126
134.5434264405962 99.722682858649605
136.50040564181674 99.590222619177382
138.48584976098482 99.455476366492050
140.50017282986593 99.315237642664584
142.5437949024563 99.169118664474382
144.61714214257822 99.014405768235349
146.7206469127495 98.849568893892780
148.8547478643456 98.679891120425225
151.01989002907314 98.508948577732298
153.216524911774 98.338757496740470
155.4451105845792 98.168760617688889
157.70611178243232 97.997211837465684
160.00000000000236 97.821499999999816
162.3272535900062 97.638112417107521
164.6883578629612 97.444616983664588
167.08380518838874 97.241043036911606
169.51409509748981 97.031482183576884
171.97973438731407 96.820430683323366
174.4812372264439 96.613142299986322
177.01912526221608 96.411796754389812
179.5939277295025 96.219468133562714
182.20618156107355 96.043009544344713
184.85643149956664 95.883527968925733
187.54523021108326 95.736756581530273
190.27313840043846 95.602326378219658
193.04072492808663 95.474234798293637
195.84856692874806 95.344447640963097
198.69724993176072 95.209032003275496
201.58736798318304 95.072422827451462
204.5195237696723 94.941666985827311
207.49432874416505 94.818228740652017
210.5124032533856 94.697760071491274
213.57437666720915 94.581928845813664
216.68088750990657 94.483057376254152
219.83258359329807 94.393436534777607
223.03012215184378 94.326124965349237
226.2741699796992 94.273024535294354
229.5654035697641 94.234280560732600
232.90450925475412 94.210136604968312
236.2921833503241 94.202682614593954
239.72913230027333 94.204830707687677
243.21607282386276 94.213661391428261
246.75373206527502 94.232676309850859
250.34284774524843 94.257914205834624
253.9841683149166 94.288865430676793
257.67845311188546 94.325784531118856
261.42647251858085 94.368832743028506
265.22900812289896 94.417206113720596
269.08685288119375 94.471230415816905
273.0008112836349 94.526136053739521
276.97169952197106 94.578903319144146
281.00034565973334 94.627503975086938
285.0875898049141 94.674463487854055
289.23428428515797 94.720077127136733
293.44129382550057 94.764289455785217
297.7094957286928 94.805969259849718
302.0397800581479 94.845093103001531
306.4330498235497 94.880653381980551
310.89022116916016 94.910772715245685
315.41222356486645 94.935272561328929
320.00000000000654 94.955000000000013
324.6545071800142 94.970359873694051
329.3767157259242 94.981128774597039
334.16761037677935 94.987501132452138
339.02819019498156 94.989708457058498
343.95946877463007 94.988020265612676
348.9624744528898 94.983141278101826
354.03825052443415 94.979173224632888
359.187855459007 94.980593927729501
364.4123631221491 94.991589671493159
369.71286299913527 95.013265310896287
375.0904604221685 95.039764919807780
380.54627680087896 95.055742667773998
386.08144985617537 95.054694115186976
391.6971338574982 95.026785051185470
397.3944998635236 94.991238500955333
403.1747359663683 94.951570532227009
409.0390475393468 94.910720159301349
414.9886574883323 94.870820890697928
421.0248065067734 94.841413177226300
427.1487533344206 94.822844367775417
433.3617750198154 94.810563708300307
439.6651671865984 94.808688119864655
446.06024430368984 94.827518091771523
452.54833995940066 94.869867383691442
459.13080713953053 94.926562437214244
465.8090185095106 94.999660476741496
472.58436670065066 95.085769312344127
479.45826460054917 95.164448673248700
486.432145647728 95.230059667135237
493.50746413055253 95.282876343246215
500.6856954904994 95.321942790184906
507.9683366298358 95.347887199243786
515.3569062237735 95.359025493301701
522.8529450371643 95.358433818703531
530.4580162458005 95.348898853677383
538.1737057623901 95.338900739564352
546.0016225672724 95.335500811283637
553.9433990439449 95.342872647848878
562.0006913194694 95.367503802257090
570.1751796098309 95.413059098527498
578.4685685703187 95.486870260275836
586.8825876510039 95.570358264657685
595.4189914573883 95.664047452187091
604.0795601162986 95.765709693902849
612.8660996471021 95.867917410303008
621.780442338323 95.961741692622752
630.8244471297356 96.049043691237074
640.0000000000159 96.133000000000123
649.3090143600314 96.210730269906264
658.7534314518515 96.280400049598512
668.3352207535618 96.342845412822811
678.0563803899662 96.395393178027831
687.9189375492632 96.434404122054815
697.9249489057827 96.463793609490892
708.0765010488715 96.491710377884402
718.3757109180171 96.520033205024546
728.8247262443015 96.543914397737467
739.425725998274 96.554040580798613
750.1809208443404 96.545183388522389
761.0925536017613 96.526088031196934
772.1628997123541 96.519027669385650
783.3942677149998 96.531382827374813
794.7889997270506 96.558235499226640
806.34947193274 96.592842099789806
818.0780950786972 96.628032966573173
829.9773149766683 96.658337500336160
842.0496130135506 96.680230750142499
854.2975066688449 96.693006878890159
866.7235500396347 96.696954974995435
879.3303343732008 96.692752249220106
892.1204886073838 96.680904812152122
905.0966799188055 96.663793171805381
918.2616142790653 96.638995108805020
931.6180370190256 96.609982146764509
945.1687334013056 96.579967744297164
958.9165292011028 96.552038463647847
972.8642912954606 96.523435702694044
987.0149282611097 96.494508030852359
1001.3713909810035 96.467440070168792
1015.9366732596762 96.440376433016553
1030.7138124475518 96.414954774630374
1045.7058900743334 96.393527564601555
1060.916032491606 96.376419846088652
1076.3474115247852 96.367455086282519
1092.0032451345498 96.368001622567277
1107.8867980878947 96.376954183733886
1124.0013826389438 96.395613223476161
1140.350359219667 96.421504855171023
1156.9371371406426 96.456081545189676
1173.765175302013 96.495964555536915
1190.837982914782 96.546847639737791
1208.1591202326028 96.601134032250997
1225.73219929421 96.667157125597029
1243.5608846766518 96.744019880641417
1261.648894259477 96.839957214902441
1280.0000000000375 96.952500000000256
1298.6180287200684 97.084688003912476
1317.5068629037087 97.219801471777814
1336.6704415071292 97.368946204793289
1356.112760779938 97.524304905259001
1375.8378750985323 97.682598947665724
1395.8498978115715 97.843195429937865
1416.153002097749 98.003570283168955
1436.7514218360407 98.163810805953915
1457.6494524886093 98.319423068868218
1478.8514519965543 98.468726321817883
1500.3618416886875 98.606620392295696
1522.1851072035295 98.734504728212684
1544.3257994247153 98.861157056720884
1566.788535430007 98.986508486282247
1589.5779994541087 99.110429637063106
1612.6989438654878 99.232788486977853
1636.156190157402 99.353450322196466
1659.9546299533442 99.472078594172331
1684.099226027109 99.589176284930119
1708.5950133376978 99.707615565354729
1733.4471000792773 99.830235500396384
1758.6606687464096 99.955437276857396
1784.2409772147755 100.079117412453741
1810.193359837619 100.199981720859540
1836.5232285581387 100.319584993082799
1863.2360740380593 100.442444826498118
1890.3374668026197 100.570813091316523
1917.833058402214 100.700815374490404
1945.7285825909298 100.832338909829190
1974.0298565222283 100.965920922784903
2002.7427819620161 101.104348205548490
2031.8733465193618 101.246210620386861
2061.4276248951132 101.391638124475577
2091.411780148677 101.541582430412532
2121.832064983222 101.694251928165272
2152.694823049581 101.852330450434067
2184.0064902691106 102.016635047453192
2215.7735961758003 102.187980249397128
2248.002765277899 102.360514517708964
2280.7007184393456 102.532713807728527
2313.874274281297 102.708764891595564
2347.530350604038 102.883612615570541
2381.6759658295764 103.052128434273442
2416.318240465218 103.219599524907466
2451.4643985884327 103.389334028171533
2487.1217693533167 103.562611307008694
2523.2977885189675 103.736455717821585
2560.0000000000887 103.907250000000403
2597.236057440151 104.078001314942696
2635.0137258074315 104.253564511294925
2673.340883014273 104.431076300827982
2712.225521559891 104.607514847019502
2751.6757501970797 104.784644929009403
2791.699795623158 104.963064090523062
2832.3060041955137 105.141177238334393
2873.502843672097 105.317446971859525
2915.2989049772345 105.488512740361443
2957.7029039931244 105.649689873576619
3000.723683377391 105.795806740765443
3044.370214407075 105.934620501568716
3088.6515988494466 106.067890201706547
3133.57707086003 106.187058536992822
3179.1559989082334 106.287269797761894
3225.3978877309914 106.372922430265376
3272.3123803148205 106.443506094409258
3319.9092599067053 106.497020148717894
3368.198452054235 106.533873117670908
3417.190026675413 106.557500808536133
3466.8942001585724 106.568506826004750
3517.3213374928373 106.565862519126497
3568.4819544295697 106.550683120506704
3620.386719675257 106.522433163424068
3673.0464571162966 106.484945621733942
3726.472148076138 106.447528382269752
3780.6749336052594 106.413156826499630
3835.6661168044484 106.380226974589505
3891.45716518188 106.354428743163055
3948.059713044477 106.337094212880132
4005.4855639240527 106.332279964915614
4063.746693038744 106.347560240243141
4122.855249790247 106.389116981021004
4182.823560297375 106.455674835582556
4243.664129966465 106.545631963593280
4305.389646099183 106.661163488356763
4368.012980538242 106.804396738246936
4431.5471923516225 106.980452892979514
4496.00553055582 107.182284272269357
4561.401436878714 107.395602007717926
4627.748548562617 107.625639906630681
4695.060701208099 107.909677719240875
4763.351931659176 108.232542981368269
4832.63648093046 108.570671486177858
4902.928797176889 108.915615900472631
4974.243538706657 109.253664189582963
5046.595577037959 109.550601749239661
5120.000000000202 109.785000000000537
5194.472114880326 109.918184195819833
5270.027451614888 109.927738333063672
5346.6817660285715 109.823678795206604
5424.451043119808 109.617844199270905
5503.351500394186 109.325499409151618
5583.399591246343 108.979749303625510
5664.612008391055 108.612515361820698
5747.005687344222 108.254076113154269
5830.597809954497 107.933739997195374
5915.405807986278 107.685579039303519
6001.447366754812 107.539432567018338
6088.740428814181 107.475631426367613
6177.303197698925 107.408756985026727
6267.154141720092 107.318104011036652
6358.3119978165005 107.234892601801391
6450.795775462017 107.179927710937875
6544.624760629676 107.161784990425190
6639.818519813445 107.183311982109529
6736.396904108505 107.240707600684090
6834.380053350861 107.335725470956646
6933.788400317181 107.496658712691456
7034.642674985712 107.716001391344065
7136.963908859177 107.900562953820952
7240.773439350552 107.977465742344805
7346.092914232631 107.932258723486427
7452.944296152315 107.739815652215412
7561.349867210557 107.360263064355138
7671.332233608935 106.795504194972779
7782.914330363799 106.054382068114109
7896.119426088994 105.151507257735545
8010.971127848146 104.129522754124068
8127.49338607753 103.066556879733241
8245.710499580537 102.049889703607391
8365.647120594791 101.156321714363202
8487.328259932974 100.378303973252798
8610.77929219841 99.701253402512748
8736.025961076528 99.101269192279389
8863.094384703289 98.554670011963111
8992.011061111683 98.049316640442200
9122.802873757471 97.588429674472337
9255.497097125279 97.185461259649287
9390.121402416245 96.846413744966156
9526.7038633184 96.573883689913288
9665.272961860968 96.368739586754330
9805.857594353829 96.232618379163213
9948.487077413367 96.173012301210548
10093.19115407597 96.205261559072412
10240.000000000457 96.317400000000447
10388.944229760706 96.511957608348510
10540.05490322983 96.806368728234503
10693.363532057198 97.199285160401303
10848.902086239672 97.698893503043678
11006.703000788428 98.315316772007179
11166.799182492743 99.061104548125002
11329.224016782166 99.983691098595216
11494.0113746885 101.047301352596548
11661.195619909053 102.298298917725958
11830.811615972614 103.606205626009881
12002.894733509682 104.897490865682272
12177.48085762842 105.994801739498939
12354.606395397908 106.567677442001610
12534.308283440243 106.690848776102797
12716.62399563306 106.284749934207113
12901.591550924093 105.632096291673548
13089.249521259411 104.927574654471812
13279.637039626952 104.374293975816045
13472.793808217073 104.041663897673232
13668.760106701786 103.918609097065712
13867.576800634426 103.953518776361619
14069.285349971487 104.073342623981745
14273.927817718419 104.204313803339787
14481.54687870117 104.187867694637035
14692.18582846533 103.875465187827743
14905.888592304698 103.281162287148078
15122.699734421185 102.475431088873137
15342.664467217943 101.585436736210326
15565.828660727671 100.629250179218360
15792.238852178061 99.204672888229368
16021.942255696367 96.143021144866282
16254.986772155136 89.496490811973018
16491.42099916115 76.433972638344812
16731.294241189662 60.138086137179982
16974.65651986603 49.996249604324916
17221.558584396902 46.548277642414234
17472.051922153143 44.664537014221580
17726.188769406665 43.123891087263225
17984.022122223458 41.738438398260101
18245.605747515034 40.521257503955695
18510.99419425065 39.456969667056583
18780.242804832582 38.457214643576677
19053.40772663689 37.485684355878320
19330.545923722028 36.545224014173378
19611.71518870775 35.710186598221561
19896.974154826825 34.888395984809137
20186.382308152035 34.585499999999996
