20 101.094499999999996
20.290906698750476 101.149287610890042
20.586044732869844 101.202964801588678
20.885475648548283 101.254982445748368
21.189261887185914 101.305710153830489
21.49746679841394 101.355107391522637
21.810154653305165 101.403523340379081
22.12739065777668 101.450471645377618
22.449240966187475 101.496811644283781
22.77577269513385 101.541602926360923
23.107053937445478 101.585238634434290
23.44315377638505 101.627655696901826
23.784142300054445 101.668636720256387
24.130090616010463 101.708310015461194
24.481070866093134 101.746238789578442
24.837156241469714 101.783215569865547
25.1984209978975 101.818598021047634
25.56494047120865 101.853463207833826
25.936791093020236 101.887469248293030
26.3140504066728 101.920004148903232
26.69679708340074 101.951243766672064
27.08511093873791 101.981691791330604
27.47907294916184 102.010732766896155
27.878765268980047 102.039362025414832
28.284271247461966 102.067046173579968
28.695675446220072 102.093631877665644
29.11306365684382 102.118944628440090
29.536522918790062 102.142862668858299
29.966141537533712 102.164773218414211
30.402009102982383 102.185090409332844
30.844216508158908 102.204448904583813
31.29285596815558 102.222473168766044
31.74802103936409 102.239428757417102
32.20980663898519 102.255213812447522
32.67830906482211 102.269492653815021
33.153626015361866 102.282647902414766
33.63585661014871 102.295124702033419
34.125101410453844 102.305876926798618
34.62146244024586 102.315307786364684
35.12504320746613 102.324500691319457
35.635948725613716 102.332267333432981
36.15428553564419 102.338697140892094
36.68016172818701 102.344121455553676
37.21368696608603 102.348068434830424
37.754972507267915 102.350410614796516
38.30413122794313 102.352000000000004
38.86127764614443 102.351395211820972
39.4265279456077 102.349275520548360
40.000000000000206 102.345500000000001
40.58181339750116 102.337742462174859
41.1720894657399 102.327011708902887
41.77095129709678 102.313653575493902
42.37852377437204 102.299776595476359
42.9949335968281 102.285039064873530
43.62030930661056 102.269492282373335
44.25478131555359 102.253630511924712
44.89848193237519 102.238368762807113
45.55154539026795 102.227426363833388
46.21410787489121 102.226699848060463
46.88630755277036 102.236602870833067
47.56828460010916 102.248975492893720
48.260181232021196 102.258361081392138
48.962141732186545 102.261187243112644
49.674312482939705 102.260357035844535
50.39684199579528 102.256271707868535
51.129880942417586 102.250201185288418
51.873582186040764 102.240629431177325
52.628100813345895 102.227473118466165
53.393594166801776 102.211644120177112
54.17022187747612 102.192186663146515
54.95814589832399 102.168928396082336
55.75753053796041 102.143380267366609
56.56854249492426 102.115316741430178
57.39135089244048 102.085520016979700
58.226127313687975 102.054407162079855
59.073045837580466 102.022224258171946
59.932283075067765 101.989573243147419
60.804018205965114 101.956344973705669
61.68843301631817 101.922231879753610
62.58571193631152 101.887071543261982
63.49604207872855 101.849914253732763
64.41961327797075 101.811795855603208
65.35661812964459 101.773378656684571
66.3072520307241 101.734095414709600
67.27171322029778 101.693859757967800
68.25020282090806 101.653616582932315
69.2429248804921 101.612418617459582
70.25008641493265 101.571371673025098
71.27189745122783 101.532303845578951
72.30857107128878 101.494200012504891
73.36032345637442 101.457749002483268
74.42737393217246 101.421255599340043
75.50994501453623 101.383014447009174
76.60826245588666 101.342140493889417
77.72255529228926 101.298341014876513
78.85305589121582 101.251767351913045
80.00000000000082 101.203499999999977
81.16362679500274 101.155015428996791
82.34417893148023 101.106852690441144
83.541902594194 101.056419607354229
84.75704754874454 101.002034118079820
85.98986719365665 100.943981190754286
87.24061861322157 100.883569992043888
88.50956263110764 100.820502743182402
89.79696386475084 100.753557879032968
91.10309078053635 100.684168344625590
92.42821574978288 100.611920515387595
93.77261510554118 100.538495796937838
95.13656920021877 100.462817963282603
96.52036246404286 100.384640636928367
97.92428346437356 100.303695793169410
99.34862496587989 100.219811192810965
100.79368399159105 100.133114399174005
102.25976188483567 100.045167540871461
103.74716437208203 99.958571798054209
105.25620162669229 99.879225090588434
106.78718833360406 99.811012466655839
108.34044375495276 99.755045504004869
109.9162917966485 99.709160968727730
111.51506107592134 99.670084302429927
113.13708498984903 99.636890050936188
114.78270178488147 99.606393269420721
116.45225462737648 99.569494168006230
118.14609167516147 99.520791099029566
119.86456615013608 99.447755877662203
121.60803641193078 99.361057966546710
123.3768660326369 99.256560133805579
125.17142387262359 99.147100285060844
126.99208415745765 99.037467034710005
128.83922655594208 98.930044196803308
130.71323625928977 98.822957928040580
132.61450406144883 98.714012390451330
134.5434264405962 98.601258556954093
136.50040564181674 98.482224647386460
138.48584976098482 98.357770002617713
140.50017282986593 98.232156354484658
142.5437949024563 98.110220237486772
144.61714214257822 97.999312894121573
146.7206469127495 97.908609347194727
148.8547478643456 97.847237446130137
151.01989002907314 97.822499999999991
153.216524911774 97.838263548059032
155.4451105845792 97.896906821487647
157.70611178243232 97.999485042293230
160.00000000000236 98.144000000000176
162.3272535900062 98.321336723558460
164.6883578629612 98.500815197585055
167.08380518838874 98.657863532056879
169.51409509748981 98.772717365270054
171.97973438731407 98.835574422133590
174.4812372264439 98.847688742335862
177.01912526221608 98.817309296014315
179.5939277295025 98.755976664578839
182.20618156107355 98.677990844231147
184.85643149956664 98.590766474214405
187.54523021108326 98.502679277836364
190.27313840043846 98.423570635508071
193.04072492808663 98.348508571927283
195.84856692874806 98.275294966938560
198.69724993176072 98.209857751433020
201.58736798318304 98.149429833683683
204.5195237696723 98.087330238952049
207.49432874416505 98.026111534698089
210.5124032533856 97.968268472603469
213.57437666720915 97.910980437489826
216.68088750990657 97.859770688902756
219.83258359329807 97.817425288677072
223.03012215184378 97.795425440744040
226.2741699796992 97.781419433400998
229.5654035697641 97.770876222029074
232.90450925475412 97.751588859595685
236.2921833503241 97.713142451800849
239.72913230027333 97.656003175507948
243.21607282386276 97.583260234021324
246.75373206527502 97.497471997417080
250.34284774524843 97.403528831037505
253.9841683149166 97.302937350300425
257.67845311188546 97.198583699589221
261.42647251858085 97.093987078544558
265.22900812289896 96.990402658727817
269.08685288119375 96.887741825088966
273.0008112836349 96.786729515088211
276.97169952197106 96.687800673912932
281.00034565973334 96.593792499183792
285.0875898049141 96.505291998804182
289.23428428515797 96.424431456439422
293.44129382550057 96.346868452375887
297.7094957286928 96.270812875175011
302.0397800581479 96.195823739011487
306.4330498235497 96.121138152999663
310.89022116916016 96.046825073062706
315.41222356486645 95.974775424170531
320.00000000000654 95.905499999999904
324.6545071800142 95.833355138709777
329.3767157259242 95.752720489514104
334.16761037677935 95.665732730104935
339.02819019498156 95.575172843353840
343.95946877463007 95.482561987036959
348.9624744528898 95.390090470066838
354.03825052443415 95.299926790769959
359.187855459007 95.214319170472294
364.4123631221491 95.133490844231119
369.71286299913527 95.055220913912706
375.0904604221685 94.973526787410407
380.54627680087896 94.884674920671387
386.08144985617537 94.792839787401874
391.6971338574982 94.697648724422521
397.3944998635236 94.601032952306440
403.1747359663683 94.503558611232791
409.0390475393468 94.407121985408835
414.9886574883323 94.313673918512237
421.0248065067734 94.225368766512787
427.1487533344206 94.143498708875484
433.3617750198154 94.067461885177238
439.6651671865984 93.992089101015097
446.06024430368984 93.922457801266788
452.54833995940066 93.869416454280127
459.13080713953053 93.832436079607987
465.8090185095106 93.808342617307972
472.58436670065066 93.801845090471332
479.45826460054917 93.811053424144035
486.432145647728 93.836001440849998
493.50746413055253 93.885446705513274
500.6856954904994 93.956471210077069
507.9683366298358 94.041131913321834
515.3569062237735 94.146134019675287
522.8529450371643 94.264167339011223
530.4580162458005 94.380940853456579
538.1737057623901 94.489134099366510
546.0016225672724 94.583373948018178
553.9433990439449 94.661533042112552
562.0006913194694 94.728405841649518
570.1751796098309 94.797611652410438
578.4685685703187 94.873910830846924
586.8825876510039 94.943060701208026
595.4189914573883 95.006474839347462
604.0795601162986 95.066792003292278
612.8660996471021 95.125129647706160
621.780442338323 95.181619923269466
630.8244471297356 95.242853574621122
640.0000000000159 95.308000000000106
649.3090143600314 95.370835846930220
658.7534314518515 95.433272647582214
668.3352207535618 95.496095695935821
678.0563803899662 95.558963653515292
687.9189375492632 95.623369040947665
697.9249489057827 95.688115920442300
708.0765010488715 95.751170481450558
718.3757109180171 95.817442120967115
728.8247262443015 95.889331847397898
739.425725998274 95.958295932688870
750.1809208443404 96.033304137752964
761.0925536017613 96.111958823879377
772.1628997123541 96.146643414588056
783.3942677149998 96.169028540275960
794.7889997270506 96.218865498316816
806.34947193274 96.300737530139799
818.0780950786972 96.389416848652019
829.9773149766683 96.473501158496802
842.0496130135506 96.553822484588068
854.2975066688449 96.627166596122095
866.7235500396347 96.679080600109756
879.3303343732008 96.714341452963623
892.1204886073838 96.768238589619131
905.0966799188055 96.842278972819102
918.2616142790653 96.922847191719114
931.6180370190256 97.000171903031372
945.1687334013056 97.076525428157282
958.9165292011028 97.150683300355837
972.8642912954606 97.226753602125029
987.0149282611097 97.307354781188664
1001.3713909810035 97.388725502526313
1015.9366732596762 97.470963927348109
1030.7138124475518 97.557257381383621
1045.7058900743334 97.647001885770109
1060.916032491606 97.740862607946269
1076.3474115247852 97.839668347476106
1092.0032451345498 97.940646296195496
1107.8867980878947 98.045235887093298
1124.0013826389438 98.154009332812876
1140.350359219667 98.263679403293679
1156.9371371406426 98.369514769336746
1173.765175302013 98.475142669093955
1190.837982914782 98.582445815965741
1208.1591202326028 98.690840278579998
1225.73219929421 98.799075600443146
1243.5608846766518 98.908292122172696
1261.648894259477 99.018669958507502
1280.0000000000375 99.130500000000225
1298.6180287200684 99.241676228642689
1317.5068629037087 99.354290491131877
1336.6704415071292 99.467355604892049
1356.112760779938 99.583676564679621
1375.8378750985323 99.701631303713725
1395.8498978115715 99.821599386869423
1416.153002097749 99.944494879393005
1436.7514218360407 100.071202743112963
1457.6494524886093 100.205333397375057
1478.8514519965543 100.344688496057472
1500.3618416886875 100.485460523483084
1522.1851072035295 100.633858728983995
1544.3257994247153 100.789826659926973
1566.788535430007 100.950541684387446
1589.5779994541087 101.116210956004068
1612.6989438654878 101.286980142359226
1636.156190157402 101.462840797589962
1659.9546299533442 101.644150650640739
1684.099226027109 101.829882055888191
1708.5950133376978 102.018009702433517
1733.4471000792773 102.210394206623121
1758.6606687464096 102.409265709846494
1784.2409772147755 102.611634080908146
1810.193359837619 102.814804339536664
1836.5232285581387 103.018267930755343
1863.2360740380593 103.222094162689245
1890.3374668026197 103.426224251683607
1917.833058402214 103.627611342832040
1945.7285825909298 103.822941791529246
1974.0298565222283 104.014941830090265
2002.7427819620161 104.200593830870204
2031.8733465193618 104.375834628298477
2061.4276248951132 104.538161918223807
2091.411780148677 104.687688302985038
2121.832064983222 104.819961846936252
2152.694823049581 104.928830007318055
2184.0064902691106 105.024716550186241
2215.7735961758003 105.095667002686213
2248.002765277899 105.151603318333486
2280.7007184393456 105.185312157600222
2313.874274281297 105.201043616951580
2347.530350604038 105.199617412348999
2381.6759658295764 105.180784924773548
2416.318240465218 105.149005994139429
2451.4643985884327 105.101840012082064
2487.1217693533167 105.043966177986590
2523.2977885189675 104.972657088823141
2560.0000000000887 104.890499999999790
2597.236057440151 104.796893546347604
2635.0137258074315 104.691709508868072
2673.340883014273 104.572809174354319
2712.225521559891 104.443933226696373
2751.6757501970797 104.303467299290503
2791.699795623158 104.153437024077277
2832.3060041955137 103.992129863134039
2873.502843672097 103.822993141887366
2915.2989049772345 103.647938620996058
2957.7029039931244 103.469224832268807
3000.723683377391 103.289005760026043
3044.370214407075 103.108582120931004
3088.6515988494466 102.929593039559066
3133.57707086003 102.756291270889136
3179.1559989082334 102.592454003821189
3225.3978877309914 102.438988695892760
3272.3123803148205 102.299640954134247
3319.9092599067053 102.177509609615512
3368.198452054235 102.074514848220218
3417.190026675413 101.993309164788457
3466.8942001585724 101.936653581874722
3517.3213374928373 101.906689305751570
3568.4819544295697 101.906153503594652
3620.386719675257 101.935848047707736
3673.0464571162966 101.995917362818631
3726.472148076138 102.086355967267707
3780.6749336052594 102.208249120675930
3835.6661168044484 102.352215044573114
3891.45716518188 102.520151319346212
3948.059713044477 102.695972983644396
4005.4855639240527 102.849742562684611
4063.746693038744 102.958966572917177
4122.855249790247 102.993073368965000
4182.823560297375 102.925646121638948
4243.664129966465 102.734867478176582
4305.389646099183 102.419588554137690
4368.012980538242 101.978273423133629
4431.5471923516225 101.421945084503221
4496.00553055582 100.781377428631600
4561.401436878714 100.060173260362973
4627.748548562617 99.284000847344430
4695.060701208099 98.470082174572781
4763.351931659176 97.640490707268611
4832.63648093046 96.813422280443888
4902.928797176889 96.027985841736694
4974.243538706657 95.306113196399536
5046.595577037959 94.703422834451231
5120.000000000202 94.231428571427486
5194.472114880326 93.940895550920189
5270.027451614888 93.857119852822208
5346.6817660285715 93.970830264410537
5424.451043119808 94.269365006975079
5503.351500394186 94.736498259688176
5583.399591246343 95.337328069385620
5664.612008391055 96.042516054806242
5747.005687344222 96.812074939745173
5830.597809954497 97.632425924341334
5915.405807986278 98.489601415699624
6001.447366754812 99.369564127970307
6088.740428814181 100.245968360550904
6177.303197698925 101.109440560865437
6267.154141720092 101.947486829810089
6358.3119978165005 102.737403901636768
6450.795775462017 103.468206379333196
6544.624760629676 104.124329706061403
6639.818519813445 104.692139969813127
6736.396904108505 105.156997539036723
6834.380053350861 105.505998044314083
6933.788400317181 105.731141644447234
7034.642674985712 105.834199948996002
7136.963908859177 105.830691293773086
7240.773439350552 105.742737068008566
7346.092914232631 105.587646006379401
7452.944296152315 105.374963662541859
7561.349867210557 105.105110982978204
7671.332233608935 104.777801060758236
7782.914330363799 104.391526640942743
7896.119426088994 103.947484974991212
8010.971127848146 103.448347116408016
8127.49338607753 102.903051842494634
8245.710499580537 102.320150536683656
8365.647120594791 101.706975701878207
8487.328259932974 101.076287450514641
8610.77929219841 100.441371386330673
8736.025961076528 99.816993970492504
8863.094384703289 99.214686340121347
8992.011061111683 98.640577407849293
9122.802873757471 98.100424541707383
9255.497097125279 97.602042439267819
9390.121402416245 97.154479242952618
9526.7038633184 96.767462873898324
9665.272961860968 96.441145667526683
9805.857594353829 96.174194316921614
9948.487077413367 95.971100869926516
10093.19115407597 95.846751289588852
10240.000000000457 95.802499999999981
10388.944229760706 95.847101668404960
10540.05490322983 95.997254584883962
10693.363532057198 96.250380405096877
10848.902086239672 96.617304771464745
11006.703000788428 97.097284752562388
11166.799182492743 97.668708380437238
11329.224016782166 98.292166198224379
11494.0113746885 98.880414100491720
11661.195619909053 99.215697812504260
11830.811615972614 99.221440173505655
12002.894733509682 98.654227743777710
12177.48085762842 97.638599102702699
12354.606395397908 96.224375203089835
12534.308283440243 95.199707799722830
12716.62399563306 95.243856625327084
12901.591550924093 96.092041900452713
13089.249521259411 97.141318037441920
13279.637039626952 98.063511862470506
13472.793808217073 98.659457285065542
13668.760106701786 98.660583223909128
13867.576800634426 97.859450451666874
14069.285349971487 96.240321615044110
14273.927817718419 94.129434560234515
14481.54687870117 91.837160036875446
14692.18582846533 89.661595258230363
14905.888592304698 87.696868610534040
15122.699734421185 85.966656952004286
15342.664467217943 84.476866486036698
15565.828660727671 83.227000266544309
15792.238852178061 82.216438049168261
16021.942255696367 81.452623415219918
16254.986772155136 80.978426825567951
16491.42099916115 80.856426764432854
16731.294241189662 81.105035899861491
16974.65651986603 81.782395664088270
17221.558584396902 82.902699635522168
17472.051922153143 84.195222825950793
17726.188769406665 85.125422652302319
17984.022122223458 85.291311875511553
18245.605747515034 84.485027398715303
18510.99419425065 82.585539915333314
18780.242804832582 79.755965370789681
19053.40772663689 76.447092137987369
19330.545923722028 72.915260357953912
19611.71518870775 69.092356877330644
19896.974154826825 65.036233570052900
20186.382308152035 63.960849661218006
