20 100.408500000000004
20.290906698750476 100.451651304152335
20.586044732869844 100.493999751712181
20.885475648548283 100.535490798049182
21.189261887185914 100.576068123064374
21.49746679841394 100.615427047865410
21.810154653305165 100.655269450315885
22.12739065777668 100.694446117255410
22.449240966187475 100.733080624232500
22.77577269513385 100.770087487406798
23.107053937445478 100.806740700900775
23.44315377638505 100.841792610917764
23.784142300054445 100.875723696380248
24.130090616010463 100.908208194468259
24.481070866093134 100.937985676859057
24.837156241469714 100.966015270230244
25.1984209978975 100.992885522347564
25.56494047120865 101.018839685744808
25.936791093020236 101.043720452327776
26.3140504066728 101.067342987210324
26.69679708340074 101.089569835941290
27.08511093873791 101.110872550490853
27.47907294916184 101.131302473150726
27.878765268980047 101.151438263448995
28.284271247461966 101.170576477383264
28.695675446220072 101.188718368741249
29.11306365684382 101.205909482616903
29.536522918790062 101.222314825076438
29.966141537533712 101.237781095351210
30.402009102982383 101.252063621382376
30.844216508158908 101.265826476060965
31.29285596815558 101.278803539124283
31.74802103936409 101.290452504944739
32.20980663898519 101.300905939418698
32.67830906482211 101.310031254101972
33.153626015361866 101.317804390230435
33.63585661014871 101.324630279321781
34.125101410453844 101.330251014104533
34.62146244024586 101.334850237081724
35.12504320746613 101.338125216037326
35.635948725613716 101.340543794902459
36.15428553564419 101.342154285535656
36.68016172818701 101.342319838271806
37.21368696608603 101.341572626067830
37.754972507267915 101.339543016325592
38.30413122794313 101.336166958176449
38.86127764614443 101.331488029552432
39.4265279456077 101.326188801370932
40.000000000000206 101.319500000000005
40.58181339750116 101.312227308288925
41.1720894657399 101.303895411424961
41.77095129709678 101.294935716995937
42.37852377437204 101.283755983824534
42.9949335968281 101.269951510912378
43.62030930661056 101.252324329435538
44.25478131555359 101.230978987782464
44.89848193237519 101.208137742882357
45.55154539026795 101.183475005418046
46.21410787489121 101.157423967355172
46.88630755277036 101.129862716186508
47.56828460010916 101.101463718476339
48.260181232021196 101.076375133735425
48.962141732186545 101.060567894634502
49.674312482939705 101.052857035844539
50.39684199579528 101.054724345246271
51.129880942417586 101.065068888667668
51.873582186040764 101.086342201869741
52.628100813345895 101.115391576656648
53.393594166801776 101.137879899852408
54.17022187747612 101.141533331979417
54.95814589832399 101.125564629096033
55.75753053796041 101.102274092953792
56.56854249492426 101.078512267647199
57.39135089244048 101.055237850457900
58.226127313687975 101.031716180589356
59.073045837580466 101.005870349847100
59.932283075067765 100.974937809297558
60.804018205965114 100.939839231991073
61.68843301631817 100.904193500476111
62.58571193631152 100.867089403988899
63.49604207872855 100.829414253732764
64.41961327797075 100.791086048964218
65.35661812964459 100.751308802295640
66.3072520307241 100.709327284632778
67.27171322029778 100.665865335256143
68.25020282090806 100.619865163185949
69.2429248804921 100.571718143296124
70.25008641493265 100.522745765668304
71.27189745122783 100.472677024889833
72.30857107128878 100.422188588578138
73.36032345637442 100.372785444463148
74.42737393217246 100.326263981814833
75.50994501453623 100.283801969388605
76.60826245588666 100.244838841271076
77.72255529228926 100.207724170696309
78.85305589121582 100.170731565871719
80.00000000000082 100.132499999999965
81.16362679500274 100.089833577517169
82.34417893148023 100.042732828357344
83.541902594194 99.992419607354236
84.75704754874454 99.940426735433221
85.98986719365665 99.887930539095947
87.24061861322157 99.836174517053152
88.50956263110764 99.785636620017897
89.79696386475084 99.736715373139461
91.10309078053635 99.685335880776805
92.42821574978288 99.626230283805270
93.77261510554118 99.561816722656545
95.13656920021877 99.497126754723340
96.52036246404286 99.432344284175770
97.92428346437356 99.365275432450758
99.34862496587989 99.294840240070826
100.79368399159105 99.220463871106745
102.25976188483567 99.143485874065320
103.74716437208203 99.065007082465542
105.25620162669229 98.984479212539298
106.78718833360406 98.902254226096574
108.34044375495276 98.820577072660768
109.9162917966485 98.739539986721752
111.51506107592134 98.655805641594696
113.13708498984903 98.572514132434080
114.78270178488147 98.495597361827805
116.45225462737648 98.433850785449835
118.14609167516147 98.379679137864343
119.86456615013608 98.334734386253672
121.60803641193078 98.291739128520021
123.3768660326369 98.253323525330813
125.17142387262359 98.215785816093160
126.99208415745765 98.174533868011082
128.83922655594208 98.119027623002069
130.71323625928977 98.052098705025372
132.61450406144883 97.972696553019730
134.5434264405962 97.876290828817957
136.50040564181674 97.768726269953717
138.48584976098482 97.651241702139686
140.50017282986593 97.528906440899604
142.5437949024563 97.407992134937999
144.61714214257822 97.291652896622551
146.7206469127495 97.196856312134315
148.8547478643456 97.143178782034823
151.01989002907314 97.130079560116286
153.216524911774 97.151190328129601
155.4451105845792 97.208673887838401
157.70611178243232 97.311660595163517
160.00000000000236 97.447000000000145
162.3272535900062 97.595944229760391
164.6883578629612 97.731736398188787
167.08380518838874 97.827851075083416
169.51409509748981 97.873711426462350
171.97973438731407 97.872685115573290
174.4812372264439 97.835233977369299
177.01912526221608 97.775521868444599
179.5939277295025 97.706963951303436
182.20618156107355 97.639080515724302
184.85643149956664 97.574945644010398
187.54523021108326 97.512486843271745
190.27313840043846 97.451436327510265
193.04072492808663 97.390104051582085
195.84856692874806 97.329689234653529
198.69724993176072 97.274210051241965
201.58736798318304 97.225631234930134
204.5195237696723 97.182986429109434
207.49432874416505 97.144569945488627
210.5124032533856 97.109363564212757
213.57437666720915 97.076862639161106
216.68088750990657 97.045356013962191
219.83258359329807 97.012757872270356
223.03012215184378 96.973881003639917
226.2741699796992 96.929403563624305
229.5654035697641 96.877953542883773
232.90450925475412 96.820171088041803
236.2921833503241 96.757985039262621
239.72913230027333 96.693112627832335
243.21607282386276 96.626394616346602
246.75373206527502 96.559179090759784
250.34284774524843 96.492114460744745
253.9841683149166 96.424294865134669
257.67845311188546 96.354569197513172
261.42647251858085 96.281683785887680
265.22900812289896 96.204190829419133
269.08685288119375 96.123147138534534
273.0008112836349 96.040608470095947
276.97169952197106 95.961159171522795
281.00034565973334 95.888194538576215
285.0875898049141 95.823940163360533
289.23428428515797 95.773765160149594
293.44129382550057 95.732495967422835
297.7094957286928 95.696324034170459
302.0397800581479 95.661426787027551
306.4330498235497 95.624413568195905
310.89022116916016 95.581570343600688
315.41222356486645 95.529723538369709
320.00000000000654 95.470999999999904
324.6545071800142 95.405836899479795
329.3767157259242 95.334911592538532
334.16761037677935 95.257984711896171
339.02819019498156 95.176423585704811
343.95946877463007 95.093084977708756
348.9624744528898 95.011307913863192
354.03825052443415 94.935541542343259
359.187855459007 94.867895450124706
364.4123631221491 94.806757824095286
369.71286299913527 94.747215934409681
375.0904604221685 94.685869244722880
380.54627680087896 94.617671539989004
386.08144985617537 94.542767846999169
391.6971338574982 94.460423704735803
397.3944998635236 94.375821952033505
403.1747359663683 94.290701767157117
409.0390475393468 94.206700080487536
414.9886574883323 94.125649343070293
421.0248065067734 94.051646840387363
427.1487533344206 93.986803094434478
433.3617750198154 93.933983501936368
439.6651671865984 93.892722318643223
446.06024430368984 93.865207824367303
452.54833995940066 93.858019335983755
459.13080713953053 93.869622075501653
465.8090185095106 93.895727674338431
472.58436670065066 93.941537659783549
479.45826460054917 94.003945751062560
486.432145647728 94.077310387560232
493.50746413055253 94.162984026166029
500.6856954904994 94.259385457026212
507.9683366298358 94.359066607620875
515.3569062237735 94.468761486183766
522.8529450371643 94.589487193400174
530.4580162458005 94.709370243687005
538.1737057623901 94.824857435346729
546.0016225672724 94.929805648683640
553.9433990439449 95.024391539722416
562.0006913194694 95.109606947760668
570.1751796098309 95.191699242215350
578.4685685703187 95.272145115132091
586.8825876510039 95.347910900711383
595.4189914573883 95.423729023970751
604.0795601162986 95.503000848597566
612.8660996471021 95.586575525193695
621.780442338323 95.672382836833833
630.8244471297356 95.763409360723301
640.0000000000159 95.857000000000170
649.3090143600314 95.950090143600306
658.7534314518515 96.039719927219991
668.3352207535618 96.124849942631343
678.0563803899662 96.208382052334215
687.9189375492632 96.290331234781419
697.9249489057827 96.372880828472717
708.0765010488715 96.460669384177621
718.3757109180171 96.562094680271969
728.8247262443015 96.655716354637633
739.425725998274 96.674954439698354
750.1809208443404 96.637723683377359
761.0925536017613 96.681370214407053
772.1628997123541 96.822590026874963
783.3942677149998 96.977228322207694
794.7889997270506 97.120204996815602
806.34947193274 97.249785945938015
818.0780950786972 97.374118679663397
829.9773149766683 97.493093057086938
842.0496130135506 97.600215766979460
854.2975066688449 97.676899398896694
866.7235500396347 97.692872799902432
879.3303343732008 97.656261246100499
892.1204886073838 97.653750619999443
905.0966799188055 97.726316245841190
918.2616142790653 97.869471889482952
931.6180370190256 98.019780247667882
945.1687334013056 98.158596453437667
958.9165292011028 98.285005718709840
972.8642912954606 98.406935762799009
987.0149282611097 98.533172241724571
1001.3713909810035 98.658748249403942
1015.9366732596762 98.783742724685141
1030.7138124475518 98.913745858916087
1045.7058900743334 99.044766610955946
1060.916032491606 99.176530551509757
1076.3474115247852 99.311542825395662
1092.0032451345498 99.445590185054130
1107.8867980878947 99.581442097623096
1124.0013826389438 99.722123247608508
1140.350359219667 99.864782190098865
1156.9371371406426 100.004335016864502
1173.765175302013 100.146224636979866
1190.837982914782 100.294832350504350
1208.1591202326028 100.446315190598398
1225.73219929421 100.599588503356557
1243.5608846766518 100.755478876606162
1261.648894259477 100.914510269483401
1280.0000000000375 101.077000000000325
1298.6180287200684 101.239508793542313
1317.5068629037087 101.404059020971886
1336.6704415071292 101.570116080074342
1356.112760779938 101.740389475843955
1375.8378750985323 101.913477353989634
1395.8498978115715 102.087497863515381
1416.153002097749 102.263761901548790
1436.7514218360407 102.443074941065362
1457.6494524886093 102.626162192849989
1478.8514519965543 102.810621109651265
1500.3618416886875 102.989959865013461
1522.1851072035295 103.168474176924860
1544.3257994247153 103.346492911386207
1566.788535430007 103.518585557142259
1589.5779994541087 103.684003796124159
1612.6989438654878 103.841051092880292
1636.156190157402 103.988437140944413
1659.9546299533442 104.125454094347134
1684.099226027109 104.249948346847958
1708.5950133376978 104.359895754151054
1733.4471000792773 104.455895908275892
1758.6606687464096 104.538962366114447
1784.2409772147755 104.608993525771169
1810.193359837619 104.665867383691477
1836.5232285581387 104.711745771979537
1863.2360740380593 104.749177453287956
1890.3374668026197 104.779644216138678
1917.833058402214 104.804479769057863
1945.7285825909298 104.825424579465476
1974.0298565222283 104.842437316782892
2002.7427819620161 104.856642825817516
2031.8733465193618 104.868562003955816
2061.4276248951132 104.877285524979015
2091.411780148677 104.883141178014853
2121.832064983222 104.885999999999996
2152.694823049581 104.884730517695033
2184.0064902691106 104.881098539689447
2215.7735961758003 104.871782071386264
2248.002765277899 104.859131996782352
2280.7007184393456 104.841901223629065
2313.874274281297 104.819825532193704
2347.530350604038 104.793099201986564
2381.6759658295764 104.760282135024681
2416.318240465218 104.721102199418482
2451.4643985884327 104.672876622046772
2487.1217693533167 104.616892992099366
2523.2977885189675 104.548404422962051
2560.0000000000887 104.467749999999796
2597.236057440151 104.373316292757579
2635.0137258074315 104.265208136287328
2673.340883014273 104.141016280864505
2712.225521559891 104.005728973103061
2751.6757501970797 103.859215936760947
2791.699795623158 103.704767044514966
2832.3060041955137 103.542629863134039
2873.502843672097 103.377488625311614
2915.2989049772345 103.212752204887408
2957.7029039931244 103.051615487544893
3000.723683377391 102.896075660685739
3044.370214407075 102.750733824617726
3088.6515988494466 102.616143508322210
3133.57707086003 102.494673182692679
3179.1559989082334 102.390897722325462
3225.3978877309914 102.304339506366546
3272.3123803148205 102.237617638834820
3319.9092599067053 102.192758073659718
3368.198452054235 102.171134201232945
3417.190026675413 102.173704110403406
3466.8942001585724 102.201704780142705
3517.3213374928373 102.255403445740114
3568.4819544295697 102.333397878884625
3620.386719675257 102.433127580105051
3673.0464571162966 102.552272426221435
3726.472148076138 102.685533420555672
3780.6749336052594 102.822249120675934
3835.6661168044484 102.954308795801751
3891.45716518188 103.061953962337583
3948.059713044477 103.147565315979776
4005.4855639240527 103.175394357136071
4063.746693038744 103.142693507646271
4122.855249790247 103.031006294447423
4182.823560297375 102.826640179059069
4243.664129966465 102.517222424741988
4305.389646099183 102.106042504604758
4368.012980538242 101.598310118081926
4431.5471923516225 101.026316777625354
4496.00553055582 100.448283788770794
4561.401436878714 99.934879293297456
4627.748548562617 99.521825245182299
4695.060701208099 99.242172437752501
4763.351931659176 99.040761832388256
4832.63648093046 98.858222381255132
4902.928797176889 98.621929747951327
4974.243538706657 98.311635934692276
5046.595577037959 97.909794873119552
5120.000000000202 97.449071428570107
5194.472114880326 96.947501328996623
5270.027451614888 96.436565387889885
5346.6817660285715 95.946448333735901
5424.451043119808 95.501734396956465
5503.351500394186 95.126704741100198
5583.399591246343 94.842885101441780
5664.612008391055 94.675252045357610
5747.005687344222 94.620785881538353
5830.597809954497 94.695244258551497
5915.405807986278 94.909819248342714
6001.447366754812 95.271629924275572
6088.740428814181 95.803305677268412
6177.303197698925 96.467765855679886
6267.154141720092 97.213515491235029
6358.3119978165005 97.982029221669535
6450.795775462017 98.724651344321387
6544.624760629676 99.396399686911778
6639.818519813445 99.952911654486812
6736.396904108505 100.354324913558457
6834.380053350861 100.567988341880422
6933.788400317181 100.569999993535333
7034.642674985712 100.344822102552868
7136.963908859177 99.892490539046989
7240.773439350552 99.263987565892847
7346.092914232631 98.678679295651790
7452.944296152315 98.575095488554126
7561.349867210557 99.204184500162768
7671.332233608935 100.125280653944628
7782.914330363799 100.903232920527202
7896.119426088994 101.276171636303872
8010.971127848146 101.217535216703453
8127.49338607753 100.842907738916225
8245.710499580537 100.257733027076341
8365.647120594791 99.539948496725216
8487.328259932974 98.757655114767886
8610.77929219841 97.952665118405378
8736.025961076528 97.162428952610782
8863.094384703289 96.409742771825975
8992.011061111683 95.703279385107976
9122.802873757471 95.048897848375049
9255.497097125279 94.455540178530171
9390.121402416245 93.936563269637134
9526.7038633184 93.506009440263043
9665.272961860968 93.135902200807308
9805.857594353829 92.772692211863728
9948.487077413367 92.430964960496595
10093.19115407597 92.310627698691135
10240.000000000457 92.513400000001070
10388.944229760706 92.963034172308738
10540.05490322983 93.554977162113417
10693.363532057198 94.217222870560420
10848.902086239672 94.797514273557312
11006.703000788428 94.946159399842315
11166.799182492743 94.361454394101514
11329.224016782166 92.772304483461355
11494.0113746885 90.621365706966458
11661.195619909053 88.502038944966586
11830.811615972614 86.973272953193231
12002.894733509682 86.435844139962072
12177.48085762842 86.467287245765036
12354.606395397908 87.152797645553647
12534.308283440243 88.088509250875092
12716.62399563306 89.226057251745885
12901.591550924093 90.394496831007174
13089.249521259411 91.556367750197552
13279.637039626952 92.592554160605630
13472.793808217073 93.388607533007416
13668.760106701786 93.779861118406060
13867.576800634426 93.588957309995209
14069.285349971487 92.703747692358746
14273.927817718419 91.325139601303590
14481.54687870117 89.557787740987493
14692.18582846533 87.647877704279352
14905.888592304698 85.786034763948734
15122.699734421185 84.050172211493958
15342.664467217943 82.497580633166066
15565.828660727671 81.172253157433659
15792.238852178061 80.116563724229451
16021.942255696367 79.386423256470678
16254.986772155136 79.108181560634989
16491.42099916115 79.259026597464810
16731.294241189662 79.609128419372581
16974.65651986603 80.214816569095433
17221.558584396902 81.182186555664174
17472.051922153143 82.330985541856421
17726.188769406665 83.072614432475618
17984.022122223458 82.647425720308519
18245.605747515034 80.629996771573559
18510.99419425065 77.148489626336271
18780.242804832582 72.860013379069159
19053.40772663689 68.482343229254923
19330.545923722028 66.439136037436043
19611.71518870775 67.826141712669227
19896.974154826825 69.356017589664418
20186.382308152035 69.604279040808038
