20 97.966000000000008
20.290906698750476 98.018363380319684
20.586044732869844 98.068627612495831
20.885475648548283 98.117627689262889
21.189261887185914 98.164353341524048
21.49746679841394 98.208779884483619
21.810154653305165 98.251294839322213
22.12739065777668 98.290309163966526
22.449240966187475 98.327252352218821
22.77577269513385 98.361072048452655
23.107053937445478 98.391099615014923
23.44315377638505 98.418713753437657
23.784142300054445 98.444350316753940
24.130090616010463 98.469323191891391
24.481070866093134 98.494401305952607
24.837156241469714 98.519829491736971
25.1984209978975 98.545389469852836
25.56494047120865 98.571045861849257
25.936791093020236 98.596733420111775
26.3140504066728 98.622293402100638
26.69679708340074 98.648283803129544
27.08511093873791 98.674032170910721
27.47907294916184 98.699988562853378
27.878765268980047 98.726119742483704
28.284271247461966 98.752477631085029
28.695675446220072 98.778631877665646
29.11306365684382 98.804623010381164
29.536522918790062 98.831191375127403
29.966141537533712 98.856968492252022
30.402009102982383 98.883620545777120
30.844216508158908 98.909972682286039
31.29285596815558 98.936330288129142
31.74802103936409 98.962637199243744
32.20980663898519 98.988749171783169
32.67830906482211 99.014806998565220
33.153626015361866 99.040949430844904
33.63585661014871 99.067200400337867
34.125101410453844 99.093005273343593
34.62146244024586 99.118694584452527
35.12504320746613 99.144377203580774
35.635948725613716 99.170297436280691
36.15428553564419 99.196214276782214
36.68016172818701 99.222327924681167
37.21368696608603 99.248470661338217
37.754972507267915 99.274702238273193
38.30413122794313 99.301102381169216
38.86127764614443 99.328261448297496
39.4265279456077 99.355464152962554
40.000000000000206 99.382500000000007
40.58181339750116 99.410136228502068
41.1720894657399 99.438174208751605
41.77095129709678 99.466620229512856
42.37852377437204 99.495273271830001
42.9949335968281 99.524921870252911
43.62030930661056 99.554714663490671
44.25478131555359 99.585050162886972
44.89848193237519 99.615677875714084
45.55154539026795 99.647503629664982
46.21410787489121 99.679611299949613
46.88630755277036 99.708020795031530
47.56828460010916 99.731450985787433
48.260181232021196 99.751124866264576
48.962141732186545 99.769927995167791
49.674312482939705 99.788814970594956
50.39684199579528 99.807669088853615
51.129880942417586 99.826247036778966
51.873582186040764 99.844572697271417
52.628100813345895 99.862132257840614
53.393594166801776 99.879355879822896
54.17022187747612 99.896168891506449
54.95814589832399 99.912490151479346
55.75753053796041 99.927605235507087
56.56854249492426 99.941380951166252
57.39135089244048 99.954370263386608
58.226127313687975 99.966100464107399
59.073045837580466 99.975620889619435
59.932283075067765 99.982924406138068
60.804018205965114 99.988011483429204
61.68843301631817 99.990269189638752
62.58571193631152 99.990758930363469
63.49604207872855 99.989011873763815
64.41961327797075 99.985192126971157
65.35661812964459 99.978790436833208
66.3072520307241 99.969466601646673
67.27171322029778 99.957560158305682
68.25020282090806 99.942746552044568
69.2429248804921 99.924898577509666
70.25008641493265 99.902122623589349
71.27189745122783 99.872527384109489
72.30857107128878 99.837237155897952
73.36032345637442 99.797406900016838
74.42737393217246 99.753336607882659
75.50994501453623 99.705202506494572
76.60826245588666 99.652586774313107
77.72255529228926 99.595930683155046
78.85305589121582 99.534427345702113
80.00000000000082 99.467999999999947
81.16362679500274 99.396727680625290
82.34417893148023 99.321008483996877
83.541902594194 99.237265525028903
84.75704754874454 99.141239936014344
85.98986719365665 99.031586838459958
87.24061861322157 98.912440460404554
88.50956263110764 98.788069237238858
89.79696386475084 98.662762183830921
91.10309078053635 98.540963847710003
92.42821574978288 98.431380773081386
93.77261510554118 98.352569533406609
95.13656920021877 98.311610033021253
96.52036246404286 98.287824877523434
97.92428346437356 98.266614876148623
99.34862496587989 98.252528290255540
100.79368399159105 98.254820349271668
102.25976188483567 98.281020078813782
103.74716437208203 98.346062954244957
105.25620162669229 98.502995158547478
106.78718833360406 98.798098745621786
108.34044375495276 99.242282445339839
109.9162917966485 99.785297166847187
111.51506107592134 100.374014124386179
113.13708498984903 100.958664498622227
114.78270178488147 101.497818467205363
116.45225462737648 101.874594704101668
118.14609167516147 102.131051738206253
119.86456615013608 102.214001243017151
121.60803641193078 102.270740779050300
123.3768660326369 102.288834766742440
125.17142387262359 102.287714348365014
126.99208415745765 102.257041783853623
128.83922655594208 102.190816572854743
130.71323625928977 102.102202685453591
132.61450406144883 101.995978992098003
134.5434264405962 101.872541424751091
136.50040564181674 101.746349748796916
138.48584976098482 101.626521188026317
140.50017282986593 101.521909033347583
142.5437949024563 101.431649058474846
144.61714214257822 101.348027170903805
146.7206469127495 101.267959546698066
148.8547478643456 101.187561480300602
151.01989002907314 101.106152134906850
153.216524911774 101.023128748370226
155.4451105845792 100.938174819902912
157.70611178243232 100.852750196980551
160.00000000000236 100.766499999999922
162.3272535900062 100.681787969323778
164.6883578629612 100.598032131651166
167.08380518838874 100.515317101519429
169.51409509748981 100.432923585704842
171.97973438731407 100.350376871463709
174.4812372264439 100.267619171527357
177.01912526221608 100.184272691399315
179.5939277295025 100.101075527110012
182.20618156107355 100.017843426357871
184.85643149956664 99.934036764613694
187.54523021108326 99.851106909498640
190.27313840043846 99.767251220306747
193.04072492808663 99.683561962186161
195.84856692874806 99.598542992137567
198.69724993176072 99.514040301992594
201.58736798318304 99.431289135140347
204.5195237696723 99.349459842372397
207.49432874416505 99.267156904744766
210.5124032533856 99.183656843323007
213.57437666720915 99.098811047484944
216.68088750990657 99.012605371600102
219.83258359329807 98.925603951184300
223.03012215184378 98.838429171362264
226.2741699796992 98.749839353888234
229.5654035697641 98.660734103616363
232.90450925475412 98.569610080370055
236.2921833503241 98.476355389109727
239.72913230027333 98.380550437129884
243.21607282386276 98.282422951828863
246.75373206527502 98.182926285664138
250.34284774524843 98.081857407164890
253.9841683149166 97.979445266142960
257.67845311188546 97.875543506228212
261.42647251858085 97.769702151350089
265.22900812289896 97.662530520528108
269.08685288119375 97.553539168366171
273.0008112836349 97.442727081237308
276.97169952197106 97.330185101183574
281.00034565973334 97.214790079565660
285.0875898049141 97.097486172598963
289.23428428515797 96.978476041015966
293.44129382550057 96.856702479060488
297.7094957286928 96.733195573440781
302.0397800581479 96.607846378313710
306.4330498235497 96.480441555117054
310.89022116916016 96.350697308448218
315.41222356486645 96.219586738975352
320.00000000000654 96.086999999999819
324.6545071800142 95.953415643933596
329.3767157259242 95.820514288101521
334.16761037677935 95.688807475676242
339.02819019498156 95.560864235910984
343.95946877463007 95.438888961899025
348.9624744528898 95.323551829919410
354.03825052443415 95.213177613724667
359.187855459007 95.105392606452654
364.4123631221491 94.995399138122650
369.71286299913527 94.879317014019023
375.0904604221685 94.746260341500033
380.54627680087896 94.581027045459095
386.08144985617537 94.403128444717453
391.6971338574982 94.226508137819280
397.3944998635236 94.055496203875933
403.1747359663683 93.902131600840789
409.0390475393468 93.769199525443383
414.9886574883323 93.664417302047099
421.0248065067734 93.596233663161058
427.1487533344206 93.560881556109024
433.3617750198154 93.556452218774780
439.6651671865984 93.567853287051250
446.06024430368984 93.582777114556762
452.54833995940066 93.591019335983759
459.13080713953053 93.586984019901990
465.8090185095106 93.573342617307972
472.58436670065066 93.549162533197403
479.45826460054917 93.518164019411657
486.432145647728 93.481623198937513
493.50746413055253 93.440849671816096
500.6856954904994 93.395028707693882
507.9683366298358 93.342229559433690
515.3569062237735 93.277981924365662
522.8529450371643 93.202851059267076
530.4580162458005 93.116732813173286
538.1737057623901 93.028387017920664
546.0016225672724 92.957630919683638
553.9433990439449 92.901718143296080
562.0006913194694 92.855896854496422
570.1751796098309 92.818781763599688
578.4685685703187 92.784778868861693
586.8825876510039 92.744431191127532
595.4189914573883 92.697027950401406
604.0795601162986 92.642972914229517
612.8660996471021 92.585370352293836
621.780442338323 92.532270297899700
630.8244471297356 92.494603771601618
640.0000000000159 92.473500000000001
649.3090143600314 92.474430901435994
658.7534314518515 92.493757549194072
668.3352207535618 92.525256511599792
678.0563803899662 92.557183236267377
687.9189375492632 92.579733821975992
697.9249489057827 92.586377484671743
708.0765010488715 92.576096723584016
718.3757109180171 92.551723151613146
728.8247262443015 92.519702112330449
739.425725998274 92.482067386406214
750.1809208443404 92.440253701517094
761.0925536017613 92.395243216392743
772.1628997123541 92.349284878117913
783.3942677149998 92.303277216238854
794.7889997270506 92.257626876080423
806.34947193274 92.212924918921686
818.0780950786972 92.170694212999848
829.9773149766683 92.132833795835637
842.0496130135506 92.101057104595071
854.2975066688449 92.076695614440993
866.7235500396347 92.060503149966451
879.3303343732008 92.052633933125350
892.1204886073838 92.054110845822706
905.0966799188055 92.061884318255522
918.2616142790653 92.077410758781753
931.6180370190256 92.099472454382010
945.1687334013056 92.127330952927878
958.9165292011028 92.160662845052798
972.8642912954606 92.202346445958938
987.0149282611097 92.252438586790163
1001.3713909810035 92.312582676708814
1015.9366732596762 92.383214147812197
1030.7138124475518 92.465910341193805
1045.7058900743334 92.559194903612806
1060.916032491606 92.659290089775681
1076.3474115247852 92.765656449260959
1092.0032451345498 92.878336534277764
1107.8867980878947 92.996285756951210
1124.0013826389438 93.118899565934072
1140.350359219667 93.245802873757341
1156.9371371406426 93.380704368033520
1173.765175302013 93.521224636979866
1190.837982914782 93.671916577987957
1208.1591202326028 93.827626085025344
1225.73219929421 93.992728855166149
1243.5608846766518 94.163539761282820
1261.648894259477 94.341824053168821
1280.0000000000375 94.526000000000380
1298.6180287200684 94.718563611333281
1317.5068629037087 94.914823433069671
1336.6704415071292 95.121540768276986
1356.112760779938 95.335948825637814
1375.8378750985323 95.555988254226094
1395.8498978115715 95.780811350380191
1416.153002097749 96.008952056898039
1436.7514218360407 96.239609567925953
1457.6494524886093 96.472520878822650
1478.8514519965543 96.709636262361414
1500.3618416886875 96.950545390079526
1522.1851072035295 97.194529498535459
1544.3257994247153 97.440129857625848
1566.788535430007 97.687338119021490
1589.5779994541087 97.934650834115303
1612.6989438654878 98.181354826096850
1636.156190157402 98.427524377636985
1659.9546299533442 98.674032688519446
1684.099226027109 98.921084167394341
1708.5950133376978 99.167262532309962
1733.4471000792773 99.412443696773749
1758.6606687464096 99.657142419965538
1784.2409772147755 99.901604463996065
1810.193359837619 100.147836918457372
1836.5232285581387 100.398201135873478
1863.2360740380593 100.654095753726892
1890.3374668026197 100.917500425329621
1917.833058402214 101.190687245190190
1945.7285825909298 101.474346114079310
1974.0298565222283 101.764546327918055
2002.7427819620161 102.053924976260461
2031.8733465193618 102.338890900188062
2061.4276248951132 102.612087224111946
2091.411780148677 102.864141287401338
2121.832064983222 103.079851167155198
2152.694823049581 103.225345027792343
2184.0064902691106 103.321306165755658
2215.7735961758003 103.322106593489579
2248.002765277899 103.282527295809928
2280.7007184393456 103.209531656974860
2313.874274281297 103.137445165151462
2347.530350604038 103.075906231463065
2381.6759658295764 103.006541925602050
2416.318240465218 102.916229366581078
2451.4643985884327 102.799642909922838
2487.1217693533167 102.685346868875371
2523.2977885189675 102.627323212689419
2560.0000000000887 102.658000000000200
2597.236057440151 102.826953261415085
2635.0137258074315 103.153649611301006
2673.340883014273 103.636478336257852
2712.225521559891 104.208254733459654
2751.6757501970797 104.867779647105280
2791.699795623158 105.580096321216843
2832.3060041955137 106.332653098330240
2873.502843672097 107.066073768976452
2915.2989049772345 107.753196344703724
2957.7029039931244 108.385451378146769
3000.723683377391 108.967847029288606
3044.370214407075 109.496290869198177
3088.6515988494466 109.956223899098504
3133.57707086003 110.339159305464989
3179.1559989082334 110.628273593886092
3225.3978877309914 110.826273240739170
3272.3123803148205 110.929766742149440
3319.9092599067053 110.949151721853184
3368.198452054235 110.895967064932620
3417.190026675413 110.781773720507260
3466.8942001585724 110.623856647435474
3517.3213374928373 110.440178917527220
3568.4819544295697 110.247247129522009
3620.386719675257 110.057219410759330
3673.0464571162966 109.876138085229712
3726.472148076138 109.714672149829099
3780.6749336052594 109.585301746097571
3835.6661168044484 109.482477386986176
3891.45716518188 109.427710168385772
3948.059713044477 109.401885255923474
4005.4855639240527 109.427808398512667
4063.746693038744 109.497806051425542
4122.855249790247 109.615375730671431
4182.823560297375 109.782942965904340
4243.664129966465 109.997188686239042
4305.389646099183 110.256752317458165
4368.012980538242 110.566081461186727
4431.5471923516225 110.917147294748986
4496.00553055582 111.293032492015442
4561.401436878714 111.677126463998079
4627.748548562617 112.033739326055723
4695.060701208099 112.314688173745111
4763.351931659176 112.496825996612415
4832.63648093046 112.527666184176411
4902.928797176889 112.340431251151287
4974.243538706657 111.975126715099947
5046.595577037959 111.412107816325459
5120.000000000202 110.716499999997922
5194.472114880326 109.925206921694738
5270.027451614888 109.101888105825111
5346.6817660285715 108.265001706137866
5424.451043119808 107.453632001744211
5503.351500394186 106.704904032082140
5583.399591246343 106.010622237179632
5664.612008391055 105.375041195850400
5747.005687344222 104.799668117572722
5830.597809954497 104.292913672942532
5915.405807986278 103.856909083738870
6001.447366754812 103.489196551582467
6088.740428814181 103.205213000373647
6177.303197698925 102.979202645292474
6267.154141720092 102.789049423645821
6358.3119978165005 102.638698243231573
6450.795775462017 102.531791759838796
6544.624760629676 102.471265714763874
6639.818519813445 102.455676407575751
6736.396904108505 102.485520126985648
6834.380053350861 102.558723853884359
6933.788400317181 102.671796934439300
7034.642674985712 102.820487200351494
7136.963908859177 102.988620810529056
7240.773439350552 103.145413205549232
7346.092914232631 103.248812031970274
7452.944296152315 103.248292308231669
7561.349867210557 103.085263418796643
7671.332233608935 102.740694345513376
7782.914330363799 102.215026766443785
7896.119426088994 101.520783417666649
8010.971127848146 100.698302280484882
8127.49338607753 99.813368616467784
8245.710499580537 98.896276624407903
8365.647120594791 97.961842052595983
8487.328259932974 97.044143648336586
8610.77929219841 96.165698088080418
8736.025961076528 95.338298686466487
8863.094384703289 94.569048307469046
8992.011061111683 93.865592976533918
9122.802873757471 93.232120127381791
9255.497097125279 92.672851024767738
9390.121402416245 92.184744099919030
9526.7038633184 91.770792487566482
9665.272961860968 91.436712808514187
9805.857594353829 91.183006488186948
9948.487077413367 91.012434816215190
10093.19115407597 90.933625644794432
10240.000000000457 90.947500000000161
10388.944229760706 91.065750362919630
10540.05490322983 91.304850884684811
10693.363532057198 91.658990030442808
10848.902086239672 92.145574808560468
11006.703000788428 92.793661119121182
11166.799182492743 93.612818395888965
11329.224016782166 94.620315796201510
11494.0113746885 95.748780191553919
11661.195619909053 96.877238665978041
11830.811615972614 97.735376510972827
12002.894733509682 98.002767201299662
12177.48085762842 97.700036999402442
12354.606395397908 96.622267092704988
12534.308283440243 95.280334259091660
12716.62399563306 93.864704512300818
12901.591550924093 92.671540513899288
13089.249521259411 91.606715573653730
13279.637039626952 90.759103027739243
13472.793808217073 90.149929061511969
13668.760106701786 89.748017656486098
13867.576800634426 89.554943683844556
14069.285349971487 89.610492394463790
14273.927817718419 89.870388328502401
14481.54687870117 90.441332628152225
14692.18582846533 91.402348367042492
14905.888592304698 92.639015054812262
15122.699734421185 93.887995756313558
15342.664467217943 94.725112555663287
15565.828660727671 94.721482746556305
15792.238852178061 93.699886513290110
16021.942255696367 91.938162689461961
16254.986772155136 90.064790134284195
16491.42099916115 88.632471587081753
16731.294241189662 87.694643056243592
16974.65651986603 87.140437795327770
17221.558584396902 86.967687715932044
17472.051922153143 87.112377383950260
17726.188769406665 87.232475436077749
17984.022122223458 86.687431481841514
18245.605747515034 85.068290197498214
18510.99419425065 82.495261758739375
18780.242804832582 79.552527149990226
19053.40772663689 76.765389447492382
19330.545923722028 74.500661027297227
19611.71518870775 73.090290421234840
19896.974154826825 72.612652699901702
20186.382308152035 72.569999999999993
