20 88.926000000000002
20.290906698750476 88.974499950472406
20.586044732869844 89.023000122819667
20.885475648548283 89.072000102844868
21.189261887185914 89.120499981868761
21.49746679841394 89.167999969369561
21.810154653305165 89.216000099206724
22.12739065777668 89.264500098454221
22.449240966187475 89.312499846375076
22.77577269513385 89.361500101084033
23.107053937445478 89.409999990780832
23.44315377638505 89.459500109684740
23.784142300054445 89.508500041783293
24.130090616010463 89.557499944701974
24.481070866093134 89.607499980992543
24.837156241469714 89.657000032870371
25.1984209978975 89.706499999710047
25.56494047120865 89.755499929560045
25.936791093020236 89.804000145386340
26.3140504066728 89.852499926347321
26.69679708340074 89.899000117604515
27.08511093873791 89.938499899243311
27.47907294916184 89.970999996014029
27.878765268980047 90.001000019971684
28.284271247461966 90.030000016299454
28.695675446220072 90.057500028969613
29.11306365684382 90.083999978701016
29.536522918790062 90.109999931310085
29.966141537533712 90.136500030942813
30.402009102982383 90.162499944633851
30.844216508158908 90.186499973402363
31.29285596815558 90.210499998302595
31.74802103936409 90.232500045177773
32.20980663898519 90.249999955949846
32.67830906482211 90.249000013922313
33.153626015361866 90.221999915473162
33.63585661014871 90.178500037859649
34.125101410453844 90.134000142440584
34.62146244024586 90.112500034441751
35.12504320746613 90.158500289375922
35.635948725613716 90.303000288017785
36.15428553564419 90.519000240231279
36.68016172818701 90.752500291767944
37.21368696608603 90.947999656297867
37.754972507267915 91.054499782922107
38.30413122794313 91.069499988502983
38.86127764614443 91.036500092006790
39.4265279456077 90.996000074345645
40.000000000000206 90.970499999999987
40.58181339750116 90.971999991745406
41.1720894657399 90.993000022635186
41.77095129709678 91.023000064277838
42.37852377437204 91.052499941709897
42.9949335968281 91.077499984358937
43.62030930661056 91.096500037202645
44.25478131555359 91.113500030766943
44.89848193237519 91.127999976863549
45.55154539026795 91.139000014741413
46.21410787489121 91.145499998871117
46.88630755277036 91.146999999186534
47.56828460010916 91.146000002321017
48.260181232021196 91.150000003649041
48.962141732186545 91.163499971206420
49.674312482939705 91.186499982637969
50.39684199579528 91.210999966763950
51.129880942417586 91.233499938470089
51.873582186040764 91.253000028396826
52.628100813345895 91.269999996056114
53.393594166801776 91.281000003015663
54.17022187747612 91.277500012961610
54.95814589832399 91.253999965037067
55.75753053796041 91.224999990014155
56.56854249492426 91.218000012073674
57.39135089244048 91.246000049355658
58.226127313687975 91.292499961498009
59.073045837580466 91.327499926221947
59.932283075067765 91.335999983276992
60.804018205965114 91.327000022556518
61.68843301631817 91.317500017878828
62.58571193631152 91.316499999858550
63.49604207872855 91.322000013553350
64.41961327797075 91.327499979922422
65.35661812964459 91.331499990843184
66.3072520307241 91.334499999999991
67.27171322029778 91.331999997288534
68.25020282090806 91.317500055033747
69.2429248804921 91.297500062621367
70.25008641493265 91.284999988140328
71.27189745122783 91.282500001404969
72.30857107128878 91.282499999999999
73.36032345637442 91.280999993068932
74.42737393217246 91.276000013516366
75.50994501453623 91.267000040350297
76.60826245588666 91.252999980330742
77.72255529228926 91.238000022905567
78.85305589121582 91.227500018586440
80.00000000000082 91.219499999999982
81.16362679500274 91.207500013413721
82.34417893148023 91.190999970867722
83.541902594194 91.172499973666390
84.75704754874454 91.153000038190001
85.98986719365665 91.131000014989311
87.24061861322157 91.104999944196109
88.50956263110764 91.078499954875127
89.79696386475084 91.058500043678123
91.10309078053635 91.043999970517149
92.42821574978288 91.028999991044387
93.77261510554118 91.012999985357482
95.13656920021877 90.995999960542704
96.52036246404286 90.979000006560568
97.92428346437356 90.961500032392763
99.34862496587989 90.945000000405770
100.79368399159105 90.926000027696688
102.25976188483567 90.900500078310785
103.74716437208203 90.862999929007913
105.25620162669229 90.816500043525622
106.78718833360406 90.764499921592574
108.34044375495276 90.714000070568716
109.9162917966485 90.672999966164866
111.51506107592134 90.645999985354052
113.13708498984903 90.622000000162132
114.78270178488147 90.588499958154983
116.45225462737648 90.550000008450610
118.14609167516147 90.522000046939837
119.86456615013608 90.511499989119841
121.60803641193078 90.502500024607116
123.3768660326369 90.470000066861786
125.17142387262359 90.412500038183481
126.99208415745765 90.360999957111034
128.83922655594208 90.347500006952203
130.71323625928977 90.358499966425029
132.61450406144883 90.347999966750237
134.5434264405962 90.316500009246909
136.50040564181674 90.308999990288157
138.48584976098482 90.327499955303296
140.50017282986593 90.308499841080234
142.5437949024563 90.230999916197675
144.61714214257822 90.145499995782345
146.7206469127495 90.089999898344360
148.8547478643456 90.048500075305498
151.01989002907314 90.031000022456112
153.216524911774 90.073000106214096
155.4451105845792 90.154499874783042
157.70611178243232 90.214999903350602
160.00000000000236 90.251500000000021
162.3272535900062 90.272999989737428
164.6883578629612 90.270999969249246
167.08380518838874 90.246999939462654
169.51409509748981 90.207500070400371
171.97973438731407 90.151500039102558
174.4812372264439 90.086999863590364
177.01912526221608 90.020999838899741
179.5939277295025 89.953500140731194
182.20618156107355 89.878499854912633
184.85643149956664 89.793999950744109
187.54523021108326 89.703999891313032
190.27313840043846 89.612499788787389
193.04072492808663 89.525000032416870
195.84856692874806 89.456000115174177
198.69724993176072 89.406500001050205
201.58736798318304 89.377000034620892
204.5195237696723 89.358500039311991
207.49432874416505 89.347999985801607
210.5124032533856 89.340000004036455
213.57437666720915 89.342000023801745
216.68088750990657 89.357499968303387
219.83258359329807 89.379500018721217
223.03012215184378 89.400500006057968
226.2741699796992 89.415499999918950
229.5654035697641 89.425000012361636
232.90450925475412 89.432999998443307
236.2921833503241 89.439999982000415
239.72913230027333 89.466000099734742
243.21607282386276 89.529999850306694
246.75373206527502 89.615999854575648
250.34284774524843 89.692999954305080
253.9841683149166 89.749500085450691
257.67845311188546 89.789499861405119
261.42647251858085 89.820499919193566
265.22900812289896 89.846000023596616
269.08685288119375 89.865499999478345
273.0008112836349 89.871499993525447
276.97169952197106 89.860500039438236
281.00034565973334 89.833499909866418
285.0875898049141 89.793499948830856
289.23428428515797 89.744499981298247
293.44129382550057 89.680999847516503
297.7094957286928 89.616000108637692
302.0397800581479 89.550000233791550
306.4330498235497 89.472499899031064
310.89022116916016 89.398000109946622
315.41222356486645 89.330500111404206
320.00000000000654 89.262999999999920
324.6545071800142 89.202500035617135
329.3767157259242 89.150499928142139
334.16761037677935 89.096999913179928
339.02819019498156 89.038000097600502
343.95946877463007 88.966000064032414
348.9624744528898 88.882999796191626
354.03825052443415 88.789999779889826
359.187855459007 88.690000208037389
364.4123631221491 88.589499830731370
369.71286299913527 88.492499947385710
375.0904604221685 88.399499900764070
380.54627680087896 88.317499837382670
386.08144985617537 88.241500015648597
391.6971338574982 88.167000131370514
397.3944998635236 88.099000013117873
403.1747359663683 88.035500087244600
409.0390475393468 87.967000171989824
414.9886574883323 87.893999877929218
421.0248065067734 87.827500046727778
427.1487533344206 87.772999911523399
433.3617750198154 87.718000100372564
439.6651671865984 87.655999937862262
446.06024430368984 87.593499979331625
452.54833995940066 87.536500000349164
459.13080713953053 87.479499923083125
465.8090185095106 87.422500021551954
472.58436670065066 87.363500126173221
479.45826460054917 87.307499911145356
486.432145647728 87.262500078216405
493.50746413055253 87.227500057995854
500.6856954904994 87.199500012178731
507.9683366298358 87.184499990743035
515.3569062237735 87.181500003745811
522.8529450371643 87.183999988854282
530.4580162458005 87.190000006435440
538.1737057623901 87.196499999785203
546.0016225672724 87.200499990288165
553.9433990439449 87.199500007887650
562.0006913194694 87.191499965074058
570.1751796098309 87.175999979161602
578.4685685703187 87.155999996066555
586.8825876510039 87.135999956103234
595.4189914573883 87.117500030554339
604.0795601162986 87.101000055009791
612.8660996471021 87.085499985615584
621.780442338323 87.074000018026922
630.8244471297356 87.065500013987759
640.0000000000159 87.061000000000007
649.3090143600314 87.064999995735704
658.7534314518515 87.075000015498745
668.3352207535618 87.085500014637603
678.0563803899662 87.092999990399960
687.9189375492632 87.097499997741778
697.9249489057827 87.099000006497022
708.0765010488715 87.102500023434686
718.3757109180171 87.115499967366688
728.8247262443015 87.143500080163761
739.425725998274 87.191000031344700
750.1809208443404 87.249500075608353
761.0925536017613 87.313500147203797
772.1628997123541 87.381999978990507
783.3942677149998 87.459499863129537
794.7889997270506 87.544499990427198
806.34947193274 87.634499880524672
818.0780950786972 87.730499750888725
829.9773149766683 87.827000159430611
842.0496130135506 87.921999930279213
854.2975066688449 88.015500157512349
866.7235500396347 88.103999846799795
879.3303343732008 88.185500076701288
892.1204886073838 88.263500031659746
905.0966799188055 88.335999999551092
918.2616142790653 88.400000086991099
931.6180370190256 88.475499968786849
945.1687334013056 88.589999739242046
958.9165292011028 88.724000226670057
972.8642912954606 88.845999764480638
987.0149282611097 88.958499798826907
1001.3713909810035 89.062999943788157
1015.9366732596762 89.161500168476721
1030.7138124475518 89.245999713086405
1045.7058900743334 89.291999900148909
1060.916032491606 89.297499992491993
1076.3474115247852 89.293999999999997
1092.0032451345498 89.313999909356141
1107.8867980878947 89.363499851942919
1124.0013826389438 89.428500163032723
1140.350359219667 89.496000068766733
1156.9371371406426 89.560500011800357
1173.765175302013 89.623500144100632
1190.837982914782 89.685499894650519
1208.1591202326028 89.743499804027678
1225.73219929421 89.797000062332444
1243.5608846766518 89.847999920853837
1261.648894259477 89.895999916073464
1280.0000000000375 89.947500000000119
1298.6180287200684 90.011999950960643
1317.5068629037087 90.106500187394090
1336.6704415071292 90.255500328532776
1356.112760779938 90.477499600395944
1375.8378750985323 90.767499755811713
1395.8498978115715 91.103000742826680
1416.153002097749 91.442500759283845
1436.7514218360407 91.758499356910235
1457.6494524886093 92.048500511955012
1478.8514519965543 92.327500155604156
1500.3618416886875 92.608500343781799
1522.1851072035295 92.902000638029307
1544.3257994247153 93.189999915962119
1566.788535430007 93.450999567147250
1589.5779994541087 93.680499965582641
1612.6989438654878 93.882999738360823
1636.156190157402 94.063499550074624
1659.9546299533442 94.233500274021395
1684.099226027109 94.397499885827969
1708.5950133376978 94.554500265011868
1733.4471000792773 94.710499723535307
1758.6606687464096 94.870000149067010
1784.2409772147755 95.029500062018712
1810.193359837619 95.186500005012647
1836.5232285581387 95.342000208407526
1863.2360740380593 95.497999942032749
1890.3374668026197 95.656999665641052
1917.833058402214 95.819000297391128
1945.7285825909298 95.985999663543794
1974.0298565222283 96.168999664116129
2002.7427819620161 96.375999881454277
2031.8733465193618 96.602500448713613
2061.4276248951132 96.845999084083616
2091.411780148677 97.105999258429961
2121.832064983222 97.373000296164861
2152.694823049581 97.642999991653880
2184.0064902691106 97.918999100036217
2215.7735961758003 98.200499243563002
2248.002765277899 98.476000661864248
2280.7007184393456 98.747000285486280
2313.874274281297 99.021000051884201
2347.530350604038 99.299500650074961
2381.6759658295764 99.590499487186833
2416.318240465218 99.905998905599205
2451.4643985884327 100.236500418355007
2487.1217693533167 100.580499450725796
2523.2977885189675 100.936999368802745
2560.0000000000887 101.303500000000895
2597.236057440151 101.675999734903314
2635.0137258074315 102.053500534002865
2673.340883014273 102.431000603394466
2712.225521559891 102.800499392337741
2751.6757501970797 103.155999726146277
2791.699795623158 103.493500698734891
2832.3060041955137 103.806500679606017
2873.502843672097 104.084499444604404
2915.2989049772345 104.313000340696107
2957.7029039931244 104.487000074023044
3000.723683377391 104.614000111205158
3044.370214407075 104.701000141292596
3088.6515988494466 104.757499986603108
3133.57707086003 104.782499969204167
3179.1559989082334 104.774000002790586
3225.3978877309914 104.728500071290341
3272.3123803148205 104.652500205898036
3319.9092599067053 104.567999863819637
3368.198452054235 104.487000056035328
3417.190026675413 104.402499832195247
3466.8942001585724 104.299500189755349
3517.3213374928373 104.170499861112205
3568.4819544295697 104.021499938376252
3620.386719675257 103.864499997992368
3673.0464571162966 103.710499803743062
3726.472148076138 103.565500052393418
3780.6749336052594 103.436000265158583
3835.6661168044484 103.324999822290636
3891.45716518188 103.231500174555208
3948.059713044477 103.158500120847094
4005.4855639240527 103.107000025601408
4063.746693038744 103.078999984917189
4122.855249790247 103.076499988914293
4182.823560297375 103.100499915410268
4243.664129966465 103.149500078461614
4305.389646099183 103.227499997391860
4368.012980538242 103.332499637424689
4431.5471923516225 103.460999638704450
4496.00553055582 103.612500406479484
4561.401436878714 103.783000191325669
4627.748548562617 103.966000037612517
4695.060701208099 104.151000410194683
4763.351931659176 104.329499693542886
4832.63648093046 104.490499472745711
4902.928797176889 104.619000116426378
4974.243538706657 104.702499887612504
5046.595577037959 104.732499972244852
5120.000000000202 104.704999999999814
5194.472114880326 104.617500073203615
5270.027451614888 104.465999719613208
5346.6817660285715 104.251499575650683
5424.451043119808 103.972500487120456
5503.351500394186 103.627000280855540
5583.399591246343 103.220999018704418
5664.612008391055 102.761998847013075
5747.005687344222 102.262501052460991
5830.597809954497 101.741499038034391
5915.405807986278 101.212499716781224
6001.447366754812 100.688499410380828
6088.740428814181 100.185998935889984
6177.303197698925 99.711500132934617
6267.154141720092 99.268500747334571
6358.3119978165005 98.864000061082777
6450.795775462017 98.503500460746750
6544.624760629676 98.188500770211036
6639.818519813445 97.919999613969409
6736.396904108505 97.701500146416208
6834.380053350861 97.532999771259881
6933.788400317181 97.413000186273564
7034.642674985712 97.338999957192101
7136.963908859177 97.301999992715537
7240.773439350552 97.285999999716864
7346.092914232631 97.256499920406782
7452.944296152315 97.186500029726730
7561.349867210557 97.095500193035420
7671.332233608935 97.013499803185596
7782.914330363799 96.880000313265583
7896.119426088994 96.607500560792772
8010.971127848146 96.170500261337054
8127.49338607753 95.575998670826834
8245.710499580537 94.839002841635946
8365.647120594791 93.986002482953040
8487.328259932974 93.050998929363345
8610.77929219841 92.067000038444803
8736.025961076528 91.063503248699718
8863.094384703289 90.061502681420336
8992.011061111683 89.072997607647579
9122.802873757471 88.100498984176625
9255.497097125279 87.143499808903812
9390.121402416245 86.201497878771875
9526.7038633184 85.262501640241794
9665.272961860968 84.292503368949099
9805.857594353829 83.251498636840694
9948.487077413367 82.114501828394168
10093.19115407597 81.105501505716688
10240.000000000457 81.317500000005751
10388.944229760706 84.018497490467809
10540.05490322983 87.801003970503444
10693.363532057198 90.301002710173663
10848.902086239672 91.764997927674443
11006.703000788428 92.542999493337618
11166.799182492743 92.931000481886286
11329.224016782166 93.108000081808271
11494.0113746885 93.084500170716296
11661.195619909053 92.830499283991358
11830.811615972614 92.408999743524419
12002.894733509682 91.937499490108337
12177.48085762842 91.519499242501240
12354.606395397908 91.206000078965729
12534.308283440243 91.029500239353652
12716.62399563306 91.007999997307792
12901.591550924093 91.093999870093370
13089.249521259411 91.141999951702957
13279.637039626952 91.010999491890558
13472.793808217073 90.648500296351756
13668.760106701786 90.078498820182290
13867.576800634426 89.367001283024166
14069.285349971487 88.577499209480592
14273.927817718419 87.730999635371944
14481.54687870117 86.809499982629731
14692.18582846533 85.804998605440119
14905.888592304698 84.741500398337891
15122.699734421185 83.682502216155996
15342.664467217943 82.717998430951482
15565.828660727671 81.870001645136568
15792.238852178061 80.886001910981420
16021.942255696367 79.327000963613187
16254.986772155136 76.989494869956275
16491.42099916115 74.381009212787774
16731.294241189662 72.022506730555278
16974.65651986603 69.286996184758777
17221.558584396902 65.470500161025001
17472.051922153143 60.110517251045721
17726.188769406665 56.902007330301529
17984.022122223458 54.715996226596133
18245.605747515034 54.034001301837890
18510.99419425065 55.411500290193899
18780.242804832582 56.686500675348384
19053.40772663689 56.774500211985419
19330.545923722028 57.973493648812763
19611.71518870775 60.108500457216365
19896.974154826825 59.951501096212567
20186.382308152035 58.379503021840989
