20 93.955500000000001
20.290906698750476 93.973439306220627
20.586044732869844 93.991162686763232
20.885475648548283 94.009128538912904
21.189261887185914 94.026391452302363
21.49746679841394 94.043482521117085
21.810154653305165 94.061033169132671
22.12739065777668 94.077528771211050
22.449240966187475 94.094044108105990
22.77577269513385 94.110662310805836
23.107053937445478 94.126317443243181
23.44315377638505 94.141680533962855
23.784142300054445 94.157056225627372
24.130090616010463 94.172354097234120
24.481070866093134 94.187921854532306
24.837156241469714 94.203443413608397
25.1984209978975 94.218684866163272
25.56494047120865 94.234009987551332
25.936791093020236 94.249642645623851
26.3140504066728 94.265061991473544
26.69679708340074 94.280125886981779
27.08511093873791 94.295404412868152
27.47907294916184 94.310814065065188
27.878765268980047 94.325953697586755
28.284271247461966 94.341302307403552
28.695675446220072 94.356544316063918
29.11306365684382 94.371570291646378
29.536522918790062 94.386741779238861
29.966141537533712 94.401348812276154
30.402009102982383 94.416066969876184
30.844216508158908 94.430687015732701
31.29285596815558 94.445267818965050
31.74802103936409 94.459936673259648
32.20980663898519 94.474504005808541
32.67830906482211 94.488670962879837
33.153626015361866 94.502455154445499
33.63585661014871 94.516303985084164
34.125101410453844 94.529877738082263
34.62146244024586 94.543279485886643
35.12504320746613 94.556876166601583
35.635948725613716 94.570806564317195
36.15428553564419 94.585165709462387
36.68016172818701 94.599184204932868
37.21368696608603 94.613055861118227
37.754972507267915 94.626874303575562
38.30413122794313 94.640603255698579
38.86127764614443 94.654431123163675
39.4265279456077 94.668209116435591
40.000000000000206 94.681500000000000
40.58181339750116 94.694590845079929
41.1720894657399 94.707395253114768
41.77095129709678 94.720370631005864
42.37852377437204 94.732983710349544
42.9949335968281 94.745398704932242
43.62030930661056 94.757906174101350
44.25478131555359 94.769406777196636
44.89848193237519 94.781138829222982
45.55154539026795 94.792383633999407
46.21410787489121 94.803735115365242
46.88630755277036 94.814917924198483
47.56828460010916 94.826121816827765
48.260181232021196 94.837523063944360
48.962141732186545 94.848932105365492
49.674312482939705 94.859157485297487
50.39684199579528 94.868956584262918
51.129880942417586 94.878505703578355
51.873582186040764 94.887536348635706
52.628100813345895 94.896048566202495
53.393594166801776 94.903935946587950
54.17022187747612 94.911173334416446
54.95814589832399 94.917272466027356
55.75753053796041 94.922833020364749
56.56854249492426 94.927911254969544
57.39135089244048 94.932261079015973
58.226127313687975 94.935000000000002
59.073045837580466 94.934744339568468
59.932283075067765 94.931737009237253
60.804018205965114 94.926971291426980
61.68843301631817 94.920654051806224
62.58571193631152 94.913383955452019
63.49604207872855 94.904787600252078
64.41961327797075 94.895803867220280
65.35661812964459 94.885720582444264
66.3072520307241 94.874466601646674
67.27171322029778 94.863103584746284
68.25020282090806 94.850747363328196
69.2429248804921 94.837841976553591
70.25008641493265 94.824623833398405
71.27189745122783 94.810149640780367
72.30857107128878 94.792791435181158
73.36032345637442 94.772613369144324
74.42737393217246 94.750097773492200
75.50994501453623 94.725813730867870
76.60826245588666 94.700892560847393
77.72255529228926 94.676548904425971
78.85305589121582 94.654071572082657
80.00000000000082 94.633999999999986
81.16362679500274 94.623818240089321
82.34417893148023 94.650784275402359
83.541902594194 94.730638860024499
84.75704754874454 94.853578854873106
85.98986719365665 95.007445719797602
87.24061861322157 95.180586927809344
88.50956263110764 95.361816455549160
89.79696386475084 95.539048692047373
91.10309078053635 95.700290469207658
92.42821574978288 95.826790949019824
93.77261510554118 95.893214878687218
95.13656920021877 95.891870281337361
96.52036246404286 95.858874795872396
97.92428346437356 95.820750638869725
99.34862496587989 95.781412858220449
100.79368399159105 95.741541409565968
102.25976188483567 95.701233175147820
103.74716437208203 95.661253541232782
105.25620162669229 95.622327419858635
106.78718833360406 95.583295499437497
108.34044375495276 95.544549201962809
109.9162917966485 95.505879017994005
111.51506107592134 95.466777071331805
113.13708498984903 95.427836348293027
114.78270178488147 95.387432468959133
116.45225462737648 95.344373351527082
118.14609167516147 95.299313908395490
119.86456615013608 95.250072967292610
121.60803641193078 95.199118904047907
123.3768660326369 95.145538328565664
125.17142387262359 95.089514436076044
126.99208415745765 95.030761222803903
128.83922655594208 94.967527623002070
130.71323625928977 94.900598705025374
132.61450406144883 94.830802471680300
134.5434264405962 94.757713938647186
136.50040564181674 94.682734382790045
138.48584976098482 94.606537709082573
140.50017282986593 94.530326881018340
142.5437949024563 94.454031656974962
144.61714214257822 94.377570026260258
146.7206469127495 94.301556711141018
148.8547478643456 94.230148068340952
151.01989002907314 94.189012483872077
153.216524911774 94.218756160535776
155.4451105845792 94.347635598741476
157.70611178243232 94.545745508757022
160.00000000000236 94.765500000000230
162.3272535900062 94.982865485306576
164.6883578629612 95.199453580247237
167.08380518838874 95.428045298085323
169.51409509748981 95.662561586417524
171.97973438731407 95.880153104186462
174.4812372264439 96.042685491250779
177.01912526221608 96.110651904824778
179.5939277295025 96.094791652791884
182.20618156107355 96.041022769344167
184.85643149956664 95.970405063211786
187.54523021108326 95.886416942612072
190.27313840043846 95.790503134543940
193.04072492808663 95.689425757603260
195.84856692874806 95.588630444108077
198.69724993176072 95.490511852279184
201.58736798318304 95.396733347199188
204.5195237696723 95.305654525024991
207.49432874416505 95.216666356837834
210.5124032533856 95.129900641696310
213.57437666720915 95.044704641651748
216.68088750990657 94.961286259110011
219.83258359329807 94.878352826574258
223.03012215184378 94.796731885127983
226.2741699796992 94.715145750507517
229.5654035697641 94.633720045279148
232.90450925475412 94.550871353506935
236.2921833503241 94.467304984998265
239.72913230027333 94.382670117105761
243.21607282386276 94.297206215815365
246.75373206527502 94.210533564400762
250.34284774524843 94.123814510082198
253.9841683149166 94.036877981481382
257.67845311188546 93.951435771787658
261.42647251858085 93.869902531785698
265.22900812289896 93.793963731833912
269.08685288119375 93.726197206782103
273.0008112836349 93.670615366006842
276.97169952197106 93.626619091622999
281.00034565973334 93.595798375399255
285.0875898049141 93.576886133253609
289.23428428515797 93.571495430429295
293.44129382550057 93.577726717033556
297.7094957286928 93.594547478643463
302.0397800581479 93.614669065247142
306.4330498235497 93.626649574735325
310.89022116916016 93.623609778830840
315.41222356486645 93.605573212689450
320.00000000000654 93.572999999999936
324.6545071800142 93.530178533943868
329.3767157259242 93.482795171168164
334.16761037677935 93.432740091043826
339.02819019498156 93.384926555108677
343.95946877463007 93.344616143557886
348.9624744528898 93.311932658392095
354.03825052443415 93.282078146958298
359.187855459007 93.249697725062362
364.4123631221491 93.206553677149515
369.71286299913527 93.155313942608473
375.0904604221685 93.113409539577830
380.54627680087896 93.107953723199131
386.08144985617537 93.131804989108275
391.6971338574982 93.203553444871062
397.3944998635236 93.304594596888336
403.1747359663683 93.455009097702558
409.0390475393468 93.629957219758140
414.9886574883323 93.809665395905796
421.0248065067734 93.971311413770195
427.1487533344206 94.102812555573678
433.3617750198154 94.191995452293042
439.6651671865984 94.246110264950076
446.06024430368984 94.276993984809849
452.54833995940066 94.289283837971567
459.13080713953053 94.288049423471762
465.8090185095106 94.278064544771851
472.58436670065066 94.258109626076390
479.45826460054917 94.230574704240468
486.432145647728 94.198225700890902
493.50746413055253 94.163427498213707
500.6856954904994 94.128957226260908
507.9683366298358 94.096640506205105
515.3569062237735 94.070811680854149
522.8529450371643 94.058586399713050
530.4580162458005 94.065131682875673
538.1737057623901 94.093017419465440
546.0016225672724 94.139868269032718
553.9433990439449 94.195089643068599
562.0006913194694 94.252804770104333
570.1751796098309 94.309173703385866
578.4685685703187 94.364739409421134
586.8825876510039 94.426619407382532
595.4189914573883 94.499583771835105
604.0795601162986 94.586885106293821
612.8660996471021 94.696539923782098
621.780442338323 94.835924346652689
630.8244471297356 95.008772167367965
640.0000000000159 95.201000000000334
649.3090143600314 95.397885653714667
658.7534314518515 95.581003555448135
668.3352207535618 95.739197054132347
678.0563803899662 95.869524488011081
687.9189375492632 95.973293428615165
697.9249489057827 96.055814601465102
708.0765010488715 96.123689606712787
718.3757109180171 96.184160337778593
728.8247262443015 96.239829812782588
739.425725998274 96.293599916291271
750.1809208443404 96.345321682168048
761.0925536017613 96.394878680941332
772.1628997123541 96.441996883398417
783.3942677149998 96.484994219255384
794.7889997270506 96.523498499135655
806.34947193274 96.557725609145564
818.0780950786972 96.588695237696740
829.9773149766683 96.617486111484624
842.0496130135506 96.645111629280478
854.2975066688449 96.672669390004899
866.7235500396347 96.701263850094506
879.3303343732008 96.732042352651661
892.1204886073838 96.766912067341167
905.0966799188055 96.805427124746274
918.2616142790653 96.848674818658310
931.6180370190256 96.896944908764027
945.1687334013056 96.950571025280396
958.9165292011028 97.010995903455012
972.8642912954606 97.078903599119784
987.0149282611097 97.153733654934399
1001.3713909810035 97.237456911049520
1015.9366732596762 97.327682043513860
1030.7138124475518 97.425394713926067
1045.7058900743334 97.528174685196220
1060.916032491606 97.632290089775694
1076.3474115247852 97.737982743498563
1092.0032451345498 97.842021093374569
1107.8867980878947 97.944792488049330
1124.0013826389438 98.044730594869151
1140.350359219667 98.143308360415546
1156.9371371406426 98.239730876350947
1173.765175302013 98.335929111073824
1190.837982914782 98.431651019773113
1208.1591202326028 98.528298049842434
1225.73219929421 98.623844691440269
1243.5608846766518 98.719515780237884
1261.648894259477 98.814074250149275
1280.0000000000375 98.908500000000188
1298.6180287200684 98.999196397050611
1317.5068629037087 99.090531569357069
1336.6704415071292 99.174933181593687
1356.112760779938 99.254353862139254
1375.8378750985323 99.327412297232172
1395.8498978115715 99.393219672997020
1416.153002097749 99.452266839276959
1436.7514218360407 99.509053696773705
1457.6494524886093 99.563235587420607
1478.8514519965543 99.618321891350760
1500.3618416886875 99.676020393562098
1522.1851072035295 99.737562002313950
1544.3257994247153 99.800385270366206
1566.788535430007 99.863172128495421
1589.5779994541087 99.926235278493351
1612.6989438654878 99.989795106191451
1636.156190157402 100.055183580047014
1659.9546299533442 100.123567519463762
1684.099226027109 100.194615693560777
1708.5950133376978 100.266237937612317
1733.4471000792773 100.335138228212458
1758.6606687464096 100.401671311990810
1784.2409772147755 100.466232803948344
1810.193359837619 100.529464063610277
1836.5232285581387 100.591733890254886
1863.2360740380593 100.652648805845246
1890.3374668026197 100.711822178957618
1917.833058402214 100.770306083812699
1945.7285825909298 100.828615451789133
1974.0298565222283 100.887482101566235
2002.7427819620161 100.945302711793232
2031.8733465193618 101.001559358386800
2061.4276248951132 101.057783868545471
2091.411780148677 101.116582386657939
2121.832064983222 101.183671765707203
2152.694823049581 101.268243154436874
2184.0064902691106 101.363521093374601
2215.7735961758003 101.470904756567506
2248.002765277899 101.588277819954186
2280.7007184393456 101.723726470518471
2313.874274281297 101.867659379409588
2347.530350604038 102.009458782496694
2381.6759658295764 102.156103300077262
2416.318240465218 102.312107847488846
2451.4643985884327 102.474236233506787
2487.1217693533167 102.634265059509488
2523.2977885189675 102.789515601205608
2560.0000000000887 102.938750000000340
2597.236057440151 103.078188003912544
2635.0137258074315 103.209295981454900
2673.340883014273 103.329522649042815
2712.225521559891 103.438027206774379
2751.6757501970797 103.533333959840604
2791.699795623158 103.620362065699211
2832.3060041955137 103.698735287887558
2873.502843672097 103.768664436128475
2915.2989049772345 103.829276620271315
2957.7029039931244 103.881242107272641
3000.723683377391 103.927169407124097
3044.370214407075 103.967214682246009
3088.6515988494466 104.004154424065177
3133.57707086003 104.038298662987771
3179.1559989082334 104.061370839574209
3225.3978877309914 104.063404506944565
3272.3123803148205 104.035187619685189
3319.9092599067053 103.976640647144606
3368.198452054235 103.897242786302371
3417.190026675413 103.810089353584772
3466.8942001585724 103.725124569738355
3517.3213374928373 103.642439433261600
3568.4819544295697 103.558265497014020
3620.386719675257 103.466265232617019
3673.0464571162966 103.362063369198097
3726.472148076138 103.248290717194010
3780.6749336052594 103.125571226033458
3835.6661168044484 102.994364724484740
3891.45716518188 102.847151722925958
3948.059713044477 102.687957057062420
4005.4855639240527 102.515589021260539
4063.746693038744 102.341728257513608
4122.855249790247 102.172029094335556
4182.823560297375 102.004755377470048
4243.664129966465 101.837878386377696
4305.389646099183 101.667716892843089
4368.012980538242 101.494980862015353
4431.5471923516225 101.323762203453128
4496.00553055582 101.152585344027074
4561.401436878714 100.982333530133516
4627.748548562617 100.816145198497637
4695.060701208099 100.650702788356540
4763.351931659176 100.477143316149949
4832.63648093046 100.301908797673860
4902.928797176889 100.128059652610744
4974.243538706657 99.960452037910017
5046.595577037959 99.815424515410314
5120.000000000202 99.691857142856833
5194.472114880326 99.592315804180174
5270.027451614888 99.520852695562894
5346.6817660285715 99.476368488400183
5424.451043119808 99.458189910589738
5503.351500394186 99.464764889350477
5583.399591246343 99.494444826279704
5664.612008391055 99.549312886209378
5747.005687344222 99.627676312952090
5830.597809954497 99.730407857284703
5915.405807986278 99.856729076856197
6001.447366754812 100.006530424142895
6088.740428814181 100.191977029154032
6177.303197698925 100.414083793672035
6267.154141720092 100.680035546418281
6358.3119978165005 100.999254391921056
6450.795775462017 101.368620109081633
6544.624760629676 101.784282013124852
6639.818519813445 102.231633432109192
6736.396904108505 102.683514006570448
6834.380053350861 103.109895415537480
6933.788400317181 103.494441995121235
7034.642674985712 103.824979849835216
7136.963908859177 104.070577923237778
7240.773439350552 104.196940313314244
7346.092914232631 104.179672660621321
7452.944296152315 104.007492840330428
7561.349867210557 103.672505491320948
7671.332233608935 103.201602875303507
7782.914330363799 102.625141504082990
7896.119426088994 101.976052100567529
8010.971127848146 101.290867458480761
8127.49338607753 100.618006894465651
8245.710499580537 99.979179800343644
8365.647120594791 99.373761227466986
8487.328259932974 98.794821172899759
8610.77929219841 98.234646863570518
8736.025961076528 97.694980874763814
8863.094384703289 97.189971286354307
8992.011061111683 96.731887362849818
9122.802873757471 96.330320331067412
9255.497097125279 95.993315521618172
9390.121402416245 95.724733551355484
9526.7038633184 95.533297531556030
9665.272961860968 95.423997801044507
9805.857594353829 95.394159943942185
9948.487077413367 95.446660511851022
10093.19115407597 95.591640022071417
10240.000000000457 95.826800000000844
10388.944229760706 96.148289571791395
10540.05490322983 96.546965028035373
10693.363532057198 96.996391502133321
10848.902086239672 97.466684300443802
11006.703000788428 97.904429845844263
11166.799182492743 98.248155595432692
11329.224016782166 98.396790388919271
11494.0113746885 98.357342701241549
11661.195619909053 98.031841467545121
11830.811615972614 97.559108224286732
12002.894733509682 96.917436753316792
12177.48085762842 96.224087207198068
12354.606395397908 95.514310639338845
12534.308283440243 94.843338528585576
12716.62399563306 94.268452812227437
12901.591550924093 93.860262532410559
13089.249521259411 93.537490823433814
13279.637039626952 93.379063518065294
13472.793808217073 93.419874736984511
13668.760106701786 93.656581399532342
13867.576800634426 94.092228693785898
14069.285349971487 94.731055743890508
14273.927817718419 95.516882820038731
14481.54687870117 96.421706539842944
14692.18582846533 97.294921241620230
14905.888592304698 98.005342434683243
15122.699734421185 98.487555773480423
15342.664467217943 98.643999805981110
15565.828660727671 98.292207519052184
15792.238852178061 97.171732138816395
16021.942255696367 95.109057026661262
16254.986772155136 92.225339475399096
16491.42099916115 89.017399883381529
16731.294241189662 85.925630881336190
16974.65651986603 82.909593353575076
17221.558584396902 80.084025652939133
17472.051922153143 77.536983843869820
17726.188769406665 75.257491278445087
17984.022122223458 73.232860508523757
18245.605747515034 71.463441491649277
18510.99419425065 69.941800581865365
18780.242804832582 68.354928424759436
19053.40772663689 65.880685802757910
19330.545923722028 62.204835924434747
19611.71518870775 58.267585218662170
19896.974154826825 53.935393308169772
20186.382308152035 52.239999999999995
