20 93.722499999999997
20.290906698750476 93.742863536790992
20.586044732869844 93.762569651959154
20.885475648548283 93.781580124408052
21.189261887185914 93.799855655378963
21.49746679841394 93.817482521117086
21.810154653305165 93.835033169132672
22.12739065777668 93.851688009533291
22.449240966187475 93.868544108105993
22.77577269513385 93.885414883964870
23.107053937445478 93.902531138538478
23.44315377638505 93.919896305458877
23.784142300054445 93.936976937127653
24.130090616010463 93.954004552482360
24.481070866093134 93.971327209335982
24.837156241469714 93.988400599270577
25.1984209978975 94.005424997400127
25.56494047120865 94.022422339760240
25.936791093020236 94.039326602669178
26.3140504066728 94.056632240407737
26.69679708340074 94.073609872398777
27.08511093873791 94.090212930070976
27.47907294916184 94.107209428299399
27.878765268980047 94.123999067345437
28.284271247461966 94.140370849898488
28.695675446220072 94.156827017848798
29.11306365684382 94.173296418960064
29.536522918790062 94.189387870914032
29.966141537533712 94.205713378426282
30.402009102982383 94.221573666863804
30.844216508158908 94.237547555404447
31.29285596815558 94.253008888925251
31.74802103936409 94.268184694299009
32.20980663898519 94.283633425725498
32.67830906482211 94.299740817268770
33.153626015361866 94.316223284522309
33.63585661014871 94.332483268134908
34.125101410453844 94.348753447955431
34.62146244024586 94.365386798087883
35.12504320746613 94.381626425846378
35.635948725613716 94.398214410494035
36.15428553564419 94.414128566069323
36.68016172818701 94.430085013573787
37.21368696608603 94.446196922016497
37.754972507267915 94.461967041331363
38.30413122794313 94.477915646382399
38.86127764614443 94.493435113312870
39.4265279456077 94.508979515978609
40.000000000000206 94.524499999999989
40.58181339750116 94.540015075650274
41.1720894657399 94.555278955636837
41.77095129709678 94.569798011506549
42.37852377437204 94.584963098697727
42.9949335968281 94.599136043048773
43.62030930661056 94.613206945864022
44.25478131555359 94.626888132635969
44.89848193237519 94.640800434536246
45.55154539026795 94.654030906332636
46.21410787489121 94.667270382670026
46.88630755277036 94.680164519711269
47.56828460010916 94.693219366117148
48.260181232021196 94.705583244176381
48.962141732186545 94.717993834703435
49.674312482939705 94.729843263790755
50.39684199579528 94.740952637377731
51.129880942417586 94.751948222067369
51.873582186040764 94.762836880747898
52.628100813345895 94.773386379791475
53.393594166801776 94.783665929896699
54.17022187747612 94.793760001624690
54.95814589832399 94.803235945643792
55.75753053796041 94.812969127935915
56.56854249492426 94.821969696196703
57.39135089244048 94.830217833478173
58.226127313687975 94.837922082166344
59.073045837580466 94.845047843781856
59.932283075067765 94.851492123062997
60.804018205965114 94.857520096001110
61.68843301631817 94.862076758555020
62.58571193631152 94.866446417819191
63.49604207872855 94.869736147275546
64.41961327797075 94.872129419916945
65.35661812964459 94.872643381870361
66.3072520307241 94.870463739846372
67.27171322029778 94.864690437627473
68.25020282090806 94.855872870380466
69.2429248804921 94.845206363874354
70.25008641493265 94.833624006228277
71.27189745122783 94.822281025487712
72.30857107128878 94.812531431429676
73.36032345637442 94.805198382718118
74.42737393217246 94.803495808762605
75.50994501453623 94.814424060064539
76.60826245588666 94.839376034664042
77.72255529228926 94.876145397172621
78.85305589121582 94.920188437233747
80.00000000000082 94.967500000000030
81.16362679500274 95.017923953843336
82.34417893148023 95.067907585391268
83.541902594194 95.115775276750128
84.75704754874454 95.158699103829861
85.98986719365665 95.194633861574232
87.24061861322157 95.220912146077467
88.50956263110764 95.239595626311086
89.79696386475084 95.252469638647511
91.10309078053635 95.262313579229414
92.42821574978288 95.271975423997432
93.77261510554118 95.282778790593696
95.13656920021877 95.298991639148966
96.52036246404286 95.318812602063801
97.92428346437356 95.337058752708856
99.34862496587989 95.355729350061580
100.79368399159105 95.378463505195981
102.25976188483567 95.402662698080604
103.74716437208203 95.425406917458403
105.25620162669229 95.441724193380452
106.78718833360406 95.447475207777586
108.34044375495276 95.438315414532156
109.9162917966485 95.416610239692261
111.51506107592134 95.388505995724330
113.13708498984903 95.355810768860195
114.78270178488147 95.319479763212541
116.45225462737648 95.278193584806843
118.14609167516147 95.233398192119068
119.86456615013608 95.185148679360552
121.60803641193078 95.135338930456385
123.3768660326369 95.082038328565659
125.17142387262359 95.025514436076051
126.99208415745765 94.966597194751415
128.83922655594208 94.903027623002075
130.71323625928977 94.836098705025364
132.61450406144883 94.764419837542050
134.5434264405962 94.687127085766008
136.50040564181674 94.609109281379602
138.48584976098482 94.535331345208235
140.50017282986593 94.476746629817612
142.5437949024563 94.436895999402111
144.61714214257822 94.417084290537602
146.7206469127495 94.420694328885901
148.8547478643456 94.455472049598555
151.01989002907314 94.555116170069994
153.216524911774 94.747342819307008
155.4451105845792 95.024213083736598
157.70611178243232 95.327996743197275
160.00000000000236 95.589500000000157
162.3272535900062 95.739840581914393
164.6883578629612 95.804833603428847
167.08380518838874 95.828753680469418
169.51409509748981 95.825554895688043
171.97973438731407 95.792324249802974
174.4812372264439 95.728129110214283
177.01912526221608 95.645657391189545
179.5939277295025 95.558306457196920
182.20618156107355 95.471254772172358
184.85643149956664 95.387508050913610
187.54523021108326 95.304652139709731
190.27313840043846 95.223524358707195
193.04072492808663 95.143251557027952
195.84856692874806 95.065088692923808
198.69724993176072 94.989132051787863
201.58736798318304 94.913992993767764
204.5195237696723 94.839258651796570
207.49432874416505 94.764890836186567
210.5124032533856 94.690194053083161
213.57437666720915 94.614927771653385
216.68088750990657 94.538483145068540
219.83258359329807 94.461101701964196
223.03012215184378 94.383519537817790
226.2741699796992 94.305798948817170
229.5654035697641 94.229495717895418
232.90450925475412 94.155600796395419
236.2921833503241 94.087350268450535
239.72913230027333 94.026774043207681
243.21607282386276 93.977258244452429
246.75373206527502 93.940555029822775
250.34284774524843 93.917471456764261
253.9841683149166 93.906547495055250
257.67845311188546 93.907419613277966
261.42647251858085 93.919492653815027
265.22900812289896 93.940431300768125
269.08685288119375 93.964506641806963
273.0008112836349 93.986003650776354
276.97169952197106 94.001079011723206
281.00034565973334 94.003699204982610
285.0875898049141 93.993956943209525
289.23428428515797 93.968247437432026
293.44129382550057 93.930463579275198
297.7094957286928 93.883257000828564
302.0397800581479 93.829482859244081
306.4330498235497 93.770748319078166
310.89022116916016 93.710482014216325
315.41222356486645 93.657625098490257
320.00000000000654 93.614499999999964
324.6545071800142 93.590296562663923
329.3767157259242 93.587624656854814
334.16761037677935 93.610838618109966
339.02819019498156 93.654170625871814
343.95946877463007 93.703490634623762
348.9624744528898 93.743718558396679
354.03825052443415 93.762807101468411
359.187855459007 93.748329792618080
364.4123631221491 93.695140296719714
369.71286299913527 93.608852615314618
375.0904604221685 93.511408013475247
380.54627680087896 93.445548515760819
386.08144985617537 93.422285970201358
391.6971338574982 93.474136326762959
397.3944998635236 93.561784497133999
403.1747359663683 93.695868399159210
409.0390475393468 93.846021743946238
414.9886574883323 93.997469272836213
421.0248065067734 94.132496130135465
427.1487533344206 94.241903483904025
433.3617750198154 94.315771902253417
439.6651671865984 94.358041406915902
446.06024430368984 94.378746992404913
452.54833995940066 94.385274169979695
459.13080713953053 94.388565403569771
465.8090185095106 94.394126436718636
472.58436670065066 94.403049095286647
479.45826460054917 94.413824291843753
486.432145647728 94.424648218471589
493.50746413055253 94.432007464130550
500.6856954904994 94.434328576127371
507.9683366298358 94.432507915842535
515.3569062237735 94.427821546888111
522.8529450371643 94.424713236259294
530.4580162458005 94.427473284522321
538.1737057623901 94.444232045712937
546.0016225672724 94.479152824341824
553.9433990439449 94.530089643068607
562.0006913194694 94.589305288593948
570.1751796098309 94.651787570132257
578.4685685703187 94.712743978991838
586.8825876510039 94.771833984174478
595.4189914573883 94.833058637638942
604.0795601162986 94.903471013553954
612.8660996471021 94.994960145941675
621.780442338323 95.117332096595803
630.8244471297356 95.276818721446602
640.0000000000159 95.464000000000340
649.3090143600314 95.666005611612675
658.7534314518515 95.865259732061475
668.3352207535618 96.052786521581424
678.0563803899662 96.219944371531938
687.9189375492632 96.362573231934761
697.9249489057827 96.480259427744770
708.0765010488715 96.575380859334956
718.3757109180171 96.651548761972023
728.8247262443015 96.713742175904727
739.425725998274 96.768099916291277
750.1809208443404 96.818897065853193
761.0925536017613 96.873000578275395
772.1628997123541 96.932223306143442
783.3942677149998 96.997219893388831
794.7889997270506 97.066082623328185
806.34947193274 97.135303147604844
818.0780950786972 97.200994431382270
829.9773149766683 97.261355093352066
842.0496130135506 97.315535919805342
854.2975066688449 97.364115650008159
866.7235500396347 97.409714100140235
879.3303343732008 97.454589203743524
892.1204886073838 97.500871108606816
905.0966799188055 97.549249634685367
918.2616142790653 97.602973107663672
931.6180370190256 97.663308405897709
945.1687334013056 97.730837153131802
958.9165292011028 97.806155476756203
972.8642912954606 97.889939319845325
987.0149282611097 97.979710695820927
1001.3713909810035 98.075962597768921
1015.9366732596762 98.176681602585688
1030.7138124475518 98.282226126848144
1045.7058900743334 98.392294175557510
1060.916032491606 98.506614519018143
1076.3474115247852 98.626509809893321
1092.0032451345498 98.748525149792755
1107.8867980878947 98.871285756951210
1124.0013826389438 98.991898874614591
1140.350359219667 99.109354582903521
1156.9371371406426 99.223010351283847
1173.765175302013 99.335694286375841
1190.837982914782 99.448697425436251
1208.1591202326028 99.563651173006946
1225.73219929421 99.684534837866195
1243.5608846766518 99.811279820962113
1261.648894259477 99.945090113995448
1280.0000000000375 100.082000000000278
1298.6180287200684 100.218443553334225
1317.5068629037087 100.356298726616330
1336.6704415071292 100.487359002248468
1356.112760779938 100.613927307030593
1375.8378750985323 100.733631303713736
1395.8498978115715 100.847655675190083
1416.153002097749 100.953649527400160
1436.7514218360407 101.056569253721193
1457.6494524886093 101.153463569049421
1478.8514519965543 101.247215301665051
1500.3618416886875 101.340563156095129
1522.1851072035295 101.434839663119249
1544.3257994247153 101.531647001480252
1566.788535430007 101.629362243766224
1589.5779994541087 101.725936037718185
1612.6989438654878 101.820295775461943
1636.156190157402 101.912562894007579
1659.9546299533442 102.003031223426433
1684.099226027109 102.092121182738680
1708.5950133376978 102.180942048015709
1733.4471000792773 102.270409560285401
1758.6606687464096 102.361178407487074
1784.2409772147755 102.453452337517490
1810.193359837619 102.547807697005680
1836.5232285581387 102.645096874807450
1863.2360740380593 102.747914853190721
1890.3374668026197 102.859224109907061
1917.833058402214 102.982388729818240
1945.7285825909298 103.121215771213741
1974.0298565222283 103.278047793654920
2002.7427819620161 103.450276683000993
2031.8733465193618 103.628802083071974
2061.4276248951132 103.815969580517532
2091.411780148677 104.025429520379021
2121.832064983222 104.238408422390933
2152.694823049581 104.431875511856887
2184.0064902691106 104.617437968074299
2215.7735961758003 104.801895347963040
2248.002765277899 104.985381829607149
2280.7007184393456 105.161287045269944
2313.874274281297 105.333146226262755
2347.530350604038 105.504359580510126
2381.6759658295764 105.666751341961799
2416.318240465218 105.822212375349281
2451.4643985884327 105.964674544530169
2487.1217693533167 106.093857927333602
2523.2977885189675 106.204854809061487
2560.0000000000887 106.299750000000216
2597.236057440151 106.372715889032236
2635.0137258074315 106.420010980645941
2673.340883014273 106.438418742828929
2712.225521559891 106.444111276077990
2751.6757501970797 106.446083787509849
2791.699795623158 106.447688742335856
2832.3060041955137 106.448000000000008
2873.502843672097 106.443769488139026
2915.2989049772345 106.433339405158421
2957.7029039931244 106.416725577043366
3000.723683377391 106.395601974142437
3044.370214407075 106.371232197542184
3088.6515988494466 106.341011300862917
3133.57707086003 106.304664776383220
3179.1559989082334 106.262218681059011
3225.3978877309914 106.213808344618599
3272.3123803148205 106.160394515031669
3319.9092599067053 106.102117962121284
3368.198452054235 106.036066290959724
3417.190026675413 105.960464555718815
3466.8942001585724 105.876097265719324
3517.3213374928373 105.785975165763034
3568.4819544295697 105.692678023393881
3620.386719675257 105.597896170191035
3673.0464571162966 105.500903125192522
3726.472148076138 105.399408754213056
3780.6749336052594 105.292650132789475
3835.6661168044484 105.181571138214792
3891.45716518188 105.066646918659529
3948.059713044477 104.950965461465358
4005.4855639240527 104.840857393459913
4063.746693038744 104.745535190795493
4122.855249790247 104.676548912643327
4182.823560297375 104.636773941637813
4243.664129966465 104.621129223722903
4305.389646099183 104.619038419615833
4368.012980538242 104.622384090531398
4431.5471923516225 104.623818868407540
4496.00553055582 104.619332872453683
4561.401436878714 104.601706475734886
4627.748548562617 104.568365732387917
4695.060701208099 104.510325652233888
4763.351931659176 104.431761005081370
4832.63648093046 104.339188021125267
4902.928797176889 104.248955854775971
4974.243538706657 104.181885611373019
5046.595577037959 104.158675552870264
5120.000000000202 104.159357142857175
5194.472114880326 104.166811895561167
5270.027451614888 104.169312671572598
5346.6817660285715 104.167749433773935
5424.451043119808 104.164912462745718
5503.351500394186 104.164762164291346
5583.399591246343 104.169754969343472
5664.612008391055 104.175845900629326
5747.005687344222 104.177794914689841
5830.597809954497 104.178376901447947
5915.405807986278 104.187508265114644
6001.447366754812 104.221865952374856
6088.740428814181 104.310609002446569
6177.303197698925 104.479892834362374
6267.154141720092 104.734803826732787
6358.3119978165005 105.061377151691786
6450.795775462017 105.427246763885023
6544.624760629676 105.805829671109251
6639.818519813445 106.168054837936793
6736.396904108505 106.492100634928221
6834.380053350861 106.775779041646530
6933.788400317181 107.025348132707308
7034.642674985712 107.224617585728708
7136.963908859177 107.336415924455082
7240.773439350552 107.321042029436455
7346.092914232631 107.152837934984007
7452.944296152315 106.829694433121006
7561.349867210557 106.359964392922222
7671.332233608935 105.773337253375018
7782.914330363799 105.094670697587048
7896.119426088994 104.352059545348538
8010.971127848146 103.576996286777131
8127.49338607753 102.804925723456591
8245.710499580537 102.070160894914821
8365.647120594791 101.393207344963145
8487.328259932974 100.777200303584294
8610.77929219841 100.230263757400280
8736.025961076528 99.765612734677774
8863.094384703289 99.399894623664196
8992.011061111683 99.133037103498822
9122.802873757471 98.954940965816633
9255.497097125279 98.861140574418727
9390.121402416245 98.859368049020219
9526.7038633184 98.963437554508232
9665.272961860968 99.176568304051102
9805.857594353829 99.497385830952609
9948.487077413367 99.923578081109213
10093.19115407597 100.458377412437045
10240.000000000457 101.066900000001965
10388.944229760706 101.669158890322734
10540.05490322983 102.092123532267124
10693.363532057198 102.274615401349166
10848.902086239672 102.271191985161707
11006.703000788428 102.069770429885040
11166.799182492743 101.564797444795900
11329.224016782166 100.756638089484937
11494.0113746885 99.838685069486473
11661.195619909053 98.931845530401446
11830.811615972614 98.109334697706799
12002.894733509682 97.438210539312237
12177.48085762842 96.885714449657371
12354.606395397908 96.535373837118158
12534.308283440243 96.330106461740712
12716.62399563306 96.322423677874752
12901.591550924093 96.546155053237442
13089.249521259411 96.884475565470538
13279.637039626952 97.401182267948428
13472.793808217073 98.101452783964021
13668.760106701786 98.923419671621900
13867.576800634426 99.806075124840646
14069.285349971487 100.696003200211109
14273.927817718419 101.573237245286293
14481.54687870117 102.348099974456034
14692.18582846533 102.753747058098980
14905.888592304698 102.509115547898958
15122.699734421185 101.379751991841118
15342.664467217943 99.298570736498689
15565.828660727671 96.423848294804358
15792.238852178061 93.097910351102939
16021.942255696367 89.672773879501506
16254.986772155136 86.428363496162518
16491.42099916115 83.506036450368185
16731.294241189662 80.844198634854223
16974.65651986603 78.334770671373207
17221.558584396902 76.013618930771230
17472.051922153143 73.903748526907378
17726.188769406665 71.961512903285609
17984.022122223458 70.116666622502322
18245.605747515034 68.038645231374772
18510.99419425065 64.841773734307196
18780.242804832582 59.919044100125163
19053.40772663689 55.207105479517999
19330.545923722028 53.054339690343461
19611.71518870775 53.394499653511552
19896.974154826825 54.881406916957268
20186.382308152035 55.531500000000001
