20 6.163699615219371
20.290906698750476 6.163125911801567
20.586044732869844 6.162057387605236
20.885475648548283 6.160952458867213
21.189261887185914 6.160312648660482
21.49746679841394 6.159189445917056
21.810154653305165 6.158028660424211
22.12739065777668 6.156847365459369
22.449240966187475 6.155652358362961
22.77577269513385 6.154450873704111
23.107053937445478 6.153243039887928
23.44315377638505 6.152029025420707
23.784142300054445 6.150575336963742
24.130090616010463 6.149071783775194
24.481070866093134 6.148051581547916
24.837156241469714 6.147295183723485
25.1984209978975 6.147534640204800
25.56494047120865 6.148334786548964
25.936791093020236 6.149065613285083
26.3140504066728 6.149963758996266
26.69679708340074 6.150778822872147
27.08511093873791 6.151593574777015
27.47907294916184 6.151798140400709
27.878765268980047 6.151847841609542
28.284271247461966 6.151113428964619
28.695675446220072 6.149839303151170
29.11306365684382 6.148229948934071
29.536522918790062 6.146272559349668
29.966141537533712 6.143917640549481
30.402009102982383 6.140844091428855
30.844216508158908 6.138463359888457
31.29285596815558 6.135546202067507
31.74802103936409 6.132190989406331
32.20980663898519 6.128512826092700
32.67830906482211 6.124691926397805
33.153626015361866 6.121104852637245
33.63585661014871 6.117191544634272
34.125101410453844 6.112769338311102
34.62146244024586 6.108786951123169
35.12504320746613 6.104119240783139
35.635948725613716 6.099500109433537
36.15428553564419 6.094211784721970
36.68016172818701 6.089226979366925
37.21368696608603 6.083965633719362
37.754972507267915 6.078268246612081
38.30413122794313 6.072453597947378
38.86127764614443 6.066424993258906
39.4265279456077 6.059849497530470
40.000000000000206 6.052747973857020
40.58181339750116 6.044910182321532
41.1720894657399 6.037447876031749
41.77095129709678 6.028947356939718
42.37852377437204 6.019930455476666
42.9949335968281 6.010225940197538
43.62030930661056 6.000234580117011
44.25478131555359 5.989488493443813
44.89848193237519 5.977776483257263
45.55154539026795 5.966147136686147
46.21410787489121 5.953417900410974
46.88630755277036 5.940265007306415
47.56828460010916 5.925779922166608
48.260181232021196 5.911415041506478
48.962141732186545 5.895373009567614
49.674312482939705 5.878626936687636
50.39684199579528 5.861110801795039
51.129880942417586 5.842361110553234
51.873582186040764 5.822106058004244
52.628100813345895 5.800932523943002
53.393594166801776 5.779117360093816
54.17022187747612 5.756153379513230
54.95814589832399 5.732193942184454
55.75753053796041 5.707218619999288
56.56854249492426 5.680996178962589
57.39135089244048 5.653744327075071
58.226127313687975 5.625604777933916
59.073045837580466 5.596775114026928
59.932283075067765 5.566542556196076
60.804018205965114 5.535262939648939
61.68843301631817 5.502535715790591
62.58571193631152 5.468624052414703
63.49604207872855 5.433331864721849
64.41961327797075 5.396605166578444
65.35661812964459 5.358380249940025
66.3072520307241 5.318469141066411
67.27171322029778 5.276808895680875
68.25020282090806 5.234033618413624
69.2429248804921 5.189876114923250
70.25008641493265 5.143786958193937
71.27189745122783 5.096482033603886
72.30857107128878 5.047779340879814
73.36032345637442 4.997071592657639
74.42737393217246 4.944763980786589
75.50994501453623 4.891355300083600
76.60826245588666 4.836296652417232
77.72255529228926 4.780047423604433
78.85305589121582 4.722253986445370
80.00000000000082 4.662973791561340
81.16362679500274 4.601425267840773
82.34417893148023 4.538112743051607
83.541902594194 4.473983957380626
84.75704754874454 4.408314394802980
85.98986719365665 4.341722434992150
87.24061861322157 4.274149004477564
88.50956263110764 4.206070287015098
89.79696386475084 4.137097516838077
91.10309078053635 4.066875700029204
92.42821574978288 3.996807854672181
93.77261510554118 3.926406695787654
95.13656920021877 3.855735611022341
96.52036246404286 3.783752285081504
97.92428346437356 3.711095838568053
99.34862496587989 3.637065107165175
100.79368399159105 3.561475475644966
102.25976188483567 3.485056571252807
103.74716437208203 3.407843290029441
105.25620162669229 3.329951026229169
106.78718833360406 3.251657864711686
108.34044375495276 3.172734542182805
109.9162917966485 3.093766885004134
111.51506107592134 3.014664812170875
113.13708498984903 2.935206621613026
114.78270178488147 2.855554864385639
116.45225462737648 2.776199578884271
118.14609167516147 2.696873968832437
119.86456615013608 2.618455882836586
121.60803641193078 2.541338370158320
123.3768660326369 2.467232305225143
125.17142387262359 2.395645245842433
126.99208415745765 2.328240868515985
128.83922655594208 2.264856897716857
130.71323625928977 2.204224890373916
132.61450406144883 2.145878927551345
134.5434264405962 2.090254304796163
136.50040564181674 2.036084228117574
138.48584976098482 1.982713792736328
140.50017282986593 1.930496476097626
142.5437949024563 1.878472423131730
144.61714214257822 1.826690900407618
146.7206469127495 1.775684741702483
148.8547478643456 1.725296365612074
151.01989002907314 1.675996183859051
153.216524911774 1.628006700029847
155.4451105845792 1.581399414741979
157.70611178243232 1.536666022542661
160.00000000000236 1.494432045582273
162.3272535900062 1.455343929141598
164.6883578629612 1.418674723894240
167.08380518838874 1.385113591457940
169.51409509748981 1.353917570375497
171.97973438731407 1.325454263300467
174.4812372264439 1.298313375134783
177.01912526221608 1.272267924011919
179.5939277295025 1.247398142879345
182.20618156107355 1.222660312910147
184.85643149956664 1.200020211500461
187.54523021108326 1.179245129229017
190.27313840043846 1.160039619374245
193.04072492808663 1.143130643694056
195.84856692874806 1.127389453697468
198.69724993176072 1.112628233335968
201.58736798318304 1.098129661721382
204.5195237696723 1.083933740920318
207.49432874416505 1.070452564608126
210.5124032533856 1.058656967680463
213.57437666720915 1.048378712780139
216.68088750990657 1.041176619445719
219.83258359329807 1.035435123076121
223.03012215184378 1.031971246809269
226.2741699796992 1.029396209451817
229.5654035697641 1.029054179642600
232.90450925475412 1.029683746744723
236.2921833503241 1.031796615129702
239.72913230027333 1.036806131386992
243.21607282386276 1.043231779051137
246.75373206527502 1.050402582974584
250.34284774524843 1.058222756472563
253.9841683149166 1.065893000591422
257.67845311188546 1.073355233535416
261.42647251858085 1.079212826096927
265.22900812289896 1.085450477791518
269.08685288119375 1.091060760209860
273.0008112836349 1.097746995219857
276.97169952197106 1.106491283358273
281.00034565973334 1.117562054656544
285.0875898049141 1.130976788937847
289.23428428515797 1.146807674916238
293.44129382550057 1.164350331831248
297.7094957286928 1.183272747323627
302.0397800581479 1.203353149368823
306.4330498235497 1.223794360995883
310.89022116916016 1.244810747474392
315.41222356486645 1.266391791511303
320.00000000000654 1.289649153284179
324.6545071800142 1.314383386842338
329.3767157259242 1.340858163160607
334.16761037677935 1.369436757570905
339.02819019498156 1.398035707388293
343.95946877463007 1.426683913950912
348.9624744528898 1.454371906107865
354.03825052443415 1.481221233299580
359.187855459007 1.507099467605414
364.4123631221491 1.532264447033555
369.71286299913527 1.557858018782522
375.0904604221685 1.584321953204006
380.54627680087896 1.612263995076276
386.08144985617537 1.641664452966903
391.6971338574982 1.672634179871001
397.3944998635236 1.704804629265599
403.1747359663683 1.738247484592299
409.0390475393468 1.772789846672935
414.9886574883323 1.808447975703545
421.0248065067734 1.845127857700749
427.1487533344206 1.882965000670102
433.3617750198154 1.922139276451978
439.6651671865984 1.961548355132597
446.06024430368984 2.001623747778379
452.54833995940066 2.042118113046809
459.13080713953053 2.082803692488016
465.8090185095106 2.123473152487619
472.58436670065066 2.164616466349237
479.45826460054917 2.206684247473411
486.432145647728 2.249638723208550
493.50746413055253 2.294340203304227
500.6856954904994 2.340129798106965
507.9683366298358 2.386538428226212
515.3569062237735 2.433877228144517
522.8529450371643 2.481707793138861
530.4580162458005 2.529720454466464
538.1737057623901 2.579197205297187
546.0016225672724 2.629318338030130
553.9433990439449 2.680135435491740
562.0006913194694 2.730187710185715
570.1751796098309 2.778945392101346
578.4685685703187 2.824702581226026
586.8825876510039 2.868674336119525
595.4189914573883 2.911399327422282
604.0795601162986 2.953020432670167
612.8660996471021 2.993649513381578
621.780442338323 3.033215537451644
630.8244471297356 3.071393377350437
640.0000000000159 3.107665696058489
649.3090143600314 3.142371654723911
658.7534314518515 3.176191340120890
668.3352207535618 3.210158335676945
678.0563803899662 3.243841886912030
687.9189375492632 3.277966429152769
697.9249489057827 3.311980341612860
708.0765010488715 3.346460509032305
718.3757109180171 3.380390514661887
728.8247262443015 3.412982169328194
739.425725998274 3.442923289612821
750.1809208443404 3.469571982643168
761.0925536017613 3.491638651547067
772.1628997123541 3.509947100675339
783.3942677149998 3.525394756713531
794.7889997270506 3.538455413736231
806.34947193274 3.548731846759872
818.0780950786972 3.555040044326940
829.9773149766683 3.556938474610732
842.0496130135506 3.555100541837671
854.2975066688449 3.550378650052640
866.7235500396347 3.543859984150921
879.3303343732008 3.537651018794943
892.1204886073838 3.533917786880505
905.0966799188055 3.532908858380346
918.2616142790653 3.535183102083024
931.6180370190256 3.541626679803541
945.1687334013056 3.552829792418526
958.9165292011028 3.568883348033740
972.8642912954606 3.590943095331059
987.0149282611097 3.620318259733608
1001.3713909810035 3.656752274123231
1015.9366732596762 3.700974065544937
1030.7138124475518 3.752661125381046
1045.7058900743334 3.812377284777293
1060.916032491606 3.879923900247863
1076.3474115247852 3.953000874102989
1092.0032451345498 4.029991857374310
1107.8867980878947 4.110654324466667
1124.0013826389438 4.195611705510242
1140.350359219667 4.284894835128172
1156.9371371406426 4.377922070606006
1173.765175302013 4.472265434885601
1190.837982914782 4.564396787411814
1208.1591202326028 4.649118528441559
1225.73219929421 4.724454737538381
1243.5608846766518 4.794385190713790
1261.648894259477 4.862985556958158
1280.0000000000375 4.932038070889307
1298.6180287200684 5.003227823371313
1317.5068629037087 5.076286083059274
1336.6704415071292 5.151862461157617
1356.112760779938 5.229748111468702
1375.8378750985323 5.310576996121405
1395.8498978115715 5.393967813171447
1416.153002097749 5.479637877114055
1436.7514218360407 5.568064971961801
1457.6494524886093 5.659515048336541
1478.8514519965543 5.753931985834473
1500.3618416886875 5.852906534245593
1522.1851072035295 5.956585780386538
1544.3257994247153 6.065362851180025
1566.788535430007 6.178201572036473
1589.5779994541087 6.294517974187334
1612.6989438654878 6.413749963773245
1636.156190157402 6.535908512715415
1659.9546299533442 6.661534483516690
1684.099226027109 6.791084510290786
1708.5950133376978 6.924493430699839
1733.4471000792773 7.061981804434546
1758.6606687464096 7.204073595862695
1784.2409772147755 7.350619483737752
1810.193359837619 7.502223501679907
1836.5232285581387 7.658745977248715
1863.2360740380593 7.820710472167353
1890.3374668026197 7.988342197035310
1917.833058402214 8.161250074487233
1945.7285825909298 8.340431864468723
1974.0298565222283 8.525133023747673
2002.7427819620161 8.715908723218362
2031.8733465193618 8.912219156795665
2061.4276248951132 9.114906058519750
2091.411780148677 9.323012735256830
2121.832064983222 9.536413706326446
2152.694823049581 9.755310915837203
2184.0064902691106 9.979211527919221
2215.7735961758003 10.207407765796891
2248.002765277899 10.440427564050662
2280.7007184393456 10.677837555501753
2313.874274281297 10.919458105885457
2347.530350604038 11.164511604406673
2381.6759658295764 11.412834299609681
2416.318240465218 11.664030934823966
2451.4643985884327 11.917757728567480
2487.1217693533167 12.172531018436100
2523.2977885189675 12.427566821271100
2560.0000000000887 12.681881683188735
2597.236057440151 12.933514717460717
2635.0137258074315 13.179601509075393
2673.340883014273 13.415295159731699
2712.225521559891 13.635176727909649
2751.6757501970797 13.832996449332228
2791.699795623158 14.001047196177792
2832.3060041955137 14.132257637307548
2873.502843672097 14.223739807326423
2915.2989049772345 14.277267380118261
2957.7029039931244 14.296864318564868
3000.723683377391 14.287231467808313
3044.370214407075 14.248557815237024
3088.6515988494466 14.183290695464189
3133.57707086003 14.093031580222044
3179.1559989082334 13.982775982775713
3225.3978877309914 13.858141879301726
3272.3123803148205 13.723880891168214
3319.9092599067053 13.583502559104353
3368.198452054235 13.439462062747957
3417.190026675413 13.293606376176175
3466.8942001585724 13.147295657643967
3517.3213374928373 13.001376887924803
3568.4819544295697 12.855747371625757
3620.386719675257 12.711086295264208
3673.0464571162966 12.567546956506021
3726.472148076138 12.425817747243103
3780.6749336052594 12.286700054091579
3835.6661168044484 12.150667347036151
3891.45716518188 12.018521978030453
3948.059713044477 11.890428119069565
4005.4855639240527 11.765896626288146
4063.746693038744 11.645522015195516
4122.855249790247 11.529829492593397
4182.823560297375 11.418874392639182
4243.664129966465 11.312590244394338
4305.389646099183 11.210746568941463
4368.012980538242 11.113165854289909
4431.5471923516225 11.020733166611066
4496.00553055582 10.932091112772452
4561.401436878714 10.847194583858302
4627.748548562617 10.766412744246589
4695.060701208099 10.689583937894756
4763.351931659176 10.615851564447288
4832.63648093046 10.544509347179744
4902.928797176889 10.476014838187465
4974.243538706657 10.410029247270831
5046.595577037959 10.346409950829116
5120.000000000202 10.284074982816895
5194.472114880326 10.222557356582556
5270.027451614888 10.162358429272642
5346.6817660285715 10.104613742013369
5424.451043119808 10.047592815689782
5503.351500394186 9.983112026608813
5583.399591246343 9.899403683065152
5664.612008391055 9.790221735727361
5747.005687344222 9.656567910030649
5830.597809954497 9.505829867966412
5915.405807986278 9.342355135872960
6001.447366754812 9.166097229360435
6088.740428814181 8.980897330673152
6177.303197698925 8.800366673752883
6267.154141720092 8.645399712005748
6358.3119978165005 8.528993607678276
6450.795775462017 8.452499835646137
6544.624760629676 8.409197694520440
6639.818519813445 8.396620074262280
6736.396904108505 8.417378647033930
6834.380053350861 8.470575303484974
6933.788400317181 8.549103828772125
7034.642674985712 8.642866928923761
7136.963908859177 8.743768895042418
7240.773439350552 8.845583074239967
7346.092914232631 8.944882928626823
7452.944296152315 9.039066116319402
7561.349867210557 9.126133882910626
7671.332233608935 9.202374128082219
7782.914330363799 9.259236872085184
7896.119426088994 9.288085683063317
8010.971127848146 9.288616049353443
8127.49338607753 9.252070093372518
8245.710499580537 9.153242634908160
8365.647120594791 8.954967625639252
8487.328259932974 8.598352682051763
8610.77929219841 8.034516268111410
8736.025961076528 7.309478101909661
8863.094384703289 6.514896461449462
8992.011061111683 5.739220442257023
9122.802873757471 5.057148056930116
9255.497097125279 4.509462735557882
9390.121402416245 4.134288785586888
9526.7038633184 4.004749090295859
9665.272961860968 4.153858602732118
9805.857594353829 4.501756882417439
9948.487077413367 4.951430892235790
10093.19115407597 5.436876928046858
10240.000000000457 5.890832851136865
10388.944229760706 6.238864700588745
10540.05490322983 6.371668886297266
10693.363532057198 6.159804143610714
10848.902086239672 5.616867671730345
11006.703000788428 4.897591472227177
11166.799182492743 4.160885673864295
11329.224016782166 3.540718670824850
11494.0113746885 3.063977053271923
11661.195619909053 2.686237842966066
11830.811615972614 2.386718085740112
12002.894733509682 2.154360074812593
12177.48085762842 1.979477635643021
12354.606395397908 1.854893417060598
12534.308283440243 1.775554958405804
12716.62399563306 1.739191528611038
12901.591550924093 1.729537366814748
13089.249521259411 1.734063093158805
13279.637039626952 1.745640853183511
13472.793808217073 1.748772066851852
13668.760106701786 1.706630020764868
13867.576800634426 1.573550529021515
14069.285349971487 1.272166608736907
14273.927817718419 0.795939267022561
14481.54687870117 0.253685136369384
14692.18582846533 -0.256561632328849
14905.888592304698 -0.626538616755960
15122.699734421185 -0.698328379539223
15342.664467217943 -0.477726292144808
15565.828660727671 -0.133316470618953
15792.238852178061 0.207048348767454
16021.942255696367 0.415298725263851
16254.986772155136 0.401221905894773
16491.42099916115 0.216032942266916
16731.294241189662 -0.079289243253536
16974.65651986603 -0.468314465948090
17221.558584396902 -0.942567047045686
17472.051922153143 -1.458573911064922
17726.188769406665 -1.947657069042532
17984.022122223458 -2.316918483146457
18245.605747515034 -2.481984189346777
18510.99419425065 -2.506135428350492
18780.242804832582 -2.507082419975273
19053.40772663689 -2.508207475850108
19330.545923722028 -2.509502079703079
19611.71518870775 -2.511946584766558
19896.974154826825 -2.513483958351523
20186.382308152035 -2.513507746749582
