20 105.875499999999988
20.290906698750476 105.816833620197386
20.586044732869844 105.754930596328677
20.885475648548283 105.693001699300027
21.189261887185914 105.633594120018344
21.49746679841394 105.577321433833134
21.810154653305165 105.522070435519851
22.12739065777668 105.457018625355801
22.449240966187475 105.380802235408495
22.77577269513385 105.282358678041078
23.107053937445478 105.165389911111546
23.44315377638505 105.041987271289202
23.784142300054445 104.926534819732723
24.130090616010463 104.823525871843458
24.481070866093134 104.733911275918189
24.837156241469714 104.642967961363041
25.1984209978975 104.536993438157026
25.56494047120865 104.422868326096136
25.936791093020236 104.321957761142045
26.3140504066728 104.261917344701942
26.69679708340074 104.267005777609313
27.08511093873791 104.305638790212939
27.47907294916184 104.335000154767840
27.878765268980047 104.314320386274446
28.284271247461966 104.235411985598972
28.695675446220072 104.141255726385367
29.11306365684382 104.066085544020936
29.536522918790062 104.039986118807334
29.966141537533712 104.051585821513413
30.402009102982383 104.045775650914806
30.844216508158908 103.982394937409168
31.29285596815558 103.875482468836822
31.74802103936409 103.745577856505690
32.20980663898519 103.615352207473990
32.67830906482211 103.494562442572345
33.153626015361866 103.387735674973712
33.63585661014871 103.298713938647239
34.125101410453844 103.226236410999178
34.62146244024586 103.156930396881393
35.12504320746613 103.076617784353161
35.635948725613716 102.998229947828804
36.15428553564419 102.951988576073248
36.68016172818701 102.943900808640933
37.21368696608603 102.928405042713109
37.754972507267915 102.845217300471234
38.30413122794313 102.710739405947976
38.86127764614443 102.574804482689729
39.4265279456077 102.488250422391843
40.000000000000206 102.459499999999991
40.58181339750116 102.427500156471297
41.1720894657399 102.348791297780508
41.77095129709678 102.231761146946297
42.37852377437204 102.114427524331788
42.9949335968281 102.036969568911502
43.62030930661056 102.006422014147546
44.25478131555359 101.969024415355705
44.89848193237519 101.886889366216195
45.55154539026795 101.784845468336826
46.21410787489121 101.718965492392954
46.88630755277036 101.663361979970091
47.56828460010916 101.563354873905396
48.260181232021196 101.467333511647240
48.962141732186545 101.462172857420654
49.674312482939705 101.478171257351249
50.39684199579528 101.432347325896671
51.129880942417586 101.326265038968941
51.873582186040764 101.175879412631986
52.628100813345895 101.028209499992954
53.393594166801776 100.899508841239765
54.17022187747612 100.761455530282589
54.95814589832399 100.627759953233593
55.75753053796041 100.580152482508950
56.56854249492426 100.565903320081219
57.39135089244048 100.558999999999997
58.226127313687975 100.557077917833652
59.073045837580466 100.541697976571555
59.932283075067765 100.438159889454340
60.804018205965114 100.312713385099130
61.68843301631817 100.134910200812342
62.58571193631152 99.944375577036780
63.49604207872855 99.763279710490480
64.41961327797075 99.657915607469420
65.35661812964459 99.679277613825320
66.3072520307241 99.728544845554495
67.27171322029778 99.718771713220292
68.25020282090806 99.689225458670137
69.2429248804921 99.548700399499126
70.25008641493265 99.350735223046513
71.27189745122783 99.211895999402117
72.30857107128878 99.203248548562470
73.36032345637442 99.230204474094023
74.42737393217246 99.155480484986242
75.50994501453623 99.049329968230325
76.60826245588666 98.981260330049651
77.72255529228926 98.969603256229362
78.85305589121582 98.955767351913039
80.00000000000082 98.907499999999928
81.16362679500274 98.811985395123685
82.34417893148023 98.682260140066489
83.541902594194 98.564015827756975
84.75704754874454 98.479982105282687
85.98986719365665 98.428704778827864
87.24061861322157 98.370970230202289
88.50956263110764 98.292234989511385
89.79696386475084 98.189242890819941
91.10309078053635 98.099000808474386
92.42821574978288 98.031089204228067
93.77261510554118 97.958974729375342
95.13656920021877 97.888281555939130
96.52036246404286 97.793458383259107
97.92428346437356 97.698522164311925
99.34862496587989 97.619883053956301
100.79368399159105 97.532794049902336
102.25976188483567 97.437894763140179
103.74716437208203 97.347170201717645
105.25620162669229 97.261979212539302
106.78718833360406 97.177130264984555
108.34044375495276 97.088594705967694
109.9162917966485 96.997454131201025
111.51506107592134 96.908805641594697
113.13708498984903 96.818565291299734
114.78270178488147 96.726951431710091
116.45225462737648 96.629844953456043
118.14609167516147 96.537914464877730
119.86456615013608 96.448685913885953
121.60803641193078 96.355417979750953
123.3768660326369 96.265156632803041
125.17142387262359 96.179143099914441
126.99208415745765 96.084747595759723
128.83922655594208 95.994234804982597
130.71323625928977 95.909904368331951
132.61450406144883 95.827998081449877
134.5434264405962 95.743328677970197
136.50040564181674 95.647981746118262
138.48584976098482 95.565560119849721
140.50017282986593 95.505411971455302
142.5437949024563 95.449893571816602
144.61714214257822 95.333194331803696
146.7206469127495 95.212487902268577
148.8547478643456 95.109932993114541
151.01989002907314 95.029811255139435
153.216524911774 94.961494848017338
155.4451105845792 94.880381001577007
157.70611178243232 94.777441745017299
160.00000000000236 94.665499999999909
162.3272535900062 94.574271659271758
164.6883578629612 94.471212254029695
167.08380518838874 94.347475086053066
169.51409509748981 94.240505186885940
171.97973438731407 94.154668765218645
174.4812372264439 94.062609232840416
177.01912526221608 93.959812039196692
179.5939277295025 93.872156741564112
182.20618156107355 93.838261893325907
184.85643149956664 93.837385145199647
187.54523021108326 93.852859374010592
190.27313840043846 93.905891438570251
193.04072492808663 93.969679658446665
195.84856692874806 94.039832995262941
198.69724993176072 94.142608347229483
201.58736798318304 94.267725243234821
204.5195237696723 94.398605791903975
207.49432874416505 94.515801506045776
210.5124032533856 94.614376232019367
213.57437666720915 94.711454430017909
216.68088750990657 94.796543519012531
219.83258359329807 94.859905045696124
223.03012215184378 94.897346404746202
226.2741699796992 94.918354736578692
229.5654035697641 94.920217298215121
232.90450925475412 94.904025199098854
236.2921833503241 94.872165093527002
239.72913230027333 94.827055138558904
243.21607282386276 94.759543498007829
246.75373206527502 94.686579276153708
250.34284774524843 94.594457349604539
253.9841683149166 94.514348297071834
257.67845311188546 94.414221959340111
261.42647251858085 94.324549586748532
265.22900812289896 94.237832048958253
269.08685288119375 94.142285251529557
273.0008112836349 94.043730326371858
276.97169952197106 93.948529448554410
281.00034565973334 93.854691773298342
285.0875898049141 93.757424121623529
289.23428428515797 93.659147462441751
293.44129382550057 93.568044570899389
297.7094957286928 93.484874329019192
302.0397800581479 93.400684508807970
306.4330498235497 93.306161887274058
310.89022116916016 93.217154409555235
315.41222356486645 93.126832641693483
320.00000000000654 93.041499999999900
324.6545071800142 92.968889687991776
329.3767157259242 92.878591714917064
334.16761037677935 92.786065119728164
339.02819019498156 92.700715128646323
343.95946877463007 92.615897137076360
348.9624744528898 92.536185398534926
354.03825052443415 92.465483617920142
359.187855459007 92.411877802047627
364.4123631221491 92.361200077715154
369.71286299913527 92.310727801508222
375.0904604221685 92.253924930173355
380.54627680087896 92.219241526051547
386.08144985617537 92.192449765618449
391.6971338574982 92.198774980313289
397.3944998635236 92.220366999181138
403.1747359663683 92.249757189187591
409.0390475393468 92.294923015009601
414.9886574883323 92.367844985673884
421.0248065067734 92.455884500854978
427.1487533344206 92.558147250576127
433.3617750198154 92.677645056641353
439.6651671865984 92.798044116613042
446.06024430368984 92.917174763921963
452.54833995940066 93.041908791236736
459.13080713953053 93.157633606066383
465.8090185095106 93.259326259133161
472.58436670065066 93.349596767108466
479.45826460054917 93.430996253020453
486.432145647728 93.502491812782949
493.50746413055253 93.557735618712087
500.6856954904994 93.600728469229594
507.9683366298358 93.640327830424724
515.3569062237735 93.676361011023971
522.8529450371643 93.715371343315468
530.4580162458005 93.754891227551624
538.1737057623901 93.803455381693141
546.0016225672724 93.846437379650908
553.9433990439449 93.890417469383181
562.0006913194694 93.934402903541780
570.1751796098309 93.968814585185726
578.4685685703187 94.007378843851981
586.8825876510039 94.043750997516767
595.4189914573883 94.075424570955121
604.0795601162986 94.106808295450662
612.8660996471021 94.139031348764860
621.780442338323 94.161029519296392
630.8244471297356 94.175777893051105
640.0000000000159 94.190000000000055
649.3090143600314 94.214203437336067
658.7534314518515 94.241822622782962
668.3352207535618 94.274673272637472
678.0563803899662 94.306280417247891
687.9189375492632 94.344967643951975
697.9249489057827 94.382426063506102
708.0765010488715 94.427555729877255
718.3757109180171 94.477959769044190
728.8247262443015 94.530123631221500
739.425725998274 94.577473194392411
750.1809208443404 94.632510141380905
761.0925536017613 94.693433424276492
772.1628997123541 94.753223306143440
783.3942677149998 94.813377046630194
794.7889997270506 94.873642248567023
806.34947193274 94.937774024943792
818.0780950786972 95.001591794056409
829.9773149766683 95.062078010074742
842.0496130135506 95.123929202196706
854.2975066688449 95.188740972789304
866.7235500396347 95.253117750198172
879.3303343732008 95.319182905927249
892.1204886073838 95.393748232403809
905.0966799188055 95.467257569573732
918.2616142790653 95.536734721942736
931.6180370190256 95.612717301884857
945.1687334013056 95.694811097632879
958.9165292011028 95.778613741356764
972.8642912954606 95.862685747772758
987.0149282611097 95.955907596824346
1001.3713909810035 96.055642606540033
1015.9366732596762 96.152838155723799
1030.7138124475518 96.253073167037954
1045.7058900743334 96.359867703038930
1060.916032491606 96.470217571605104
1076.3474115247852 96.583291190413433
1092.0032451345498 96.697524338509112
1107.8867980878947 96.816314057429224
1124.0013826389438 96.933120827990365
1140.350359219667 97.048246309440117
1156.9371371406426 97.167609568685151
1173.765175302013 97.289525256744952
1190.837982914782 97.406823766661660
1208.1591202326028 97.525765615822564
1225.73219929421 97.641122814476788
1243.5608846766518 97.756361207656397
1261.648894259477 97.869723144408766
1280.0000000000375 97.982500000000215
1298.6180287200684 98.091282482092964
1317.5068629037087 98.200537059680030
1336.6704415071292 98.303186862063143
1356.112760779938 98.405189175075179
1375.8378750985323 98.509044791144760
1395.8498978115715 98.612230726284309
1416.153002097749 98.712918926980592
1436.7514218360407 98.814250752542506
1457.6494524886093 98.916676339094636
1478.8514519965543 99.019718056703255
1500.3618416886875 99.124301971609668
1522.1851072035295 99.232981833873566
1544.3257994247153 99.345175061077555
1566.788535430007 99.460293072110233
1589.5779994541087 99.577430917194121
1612.6989438654878 99.697034508100529
1636.156190157402 99.819012188818490
1659.9546299533442 99.943361353554593
1684.099226027109 100.070725897943674
1708.5950133376978 100.201241171756806
1733.4471000792773 100.334438572421760
1758.6606687464096 100.469267611230606
1784.2409772147755 100.606846818326900
1810.193359837619 100.745840275926383
1836.5232285581387 100.887955898785123
1863.2360740380593 101.033004242767049
1890.3374668026197 101.181356067414413
1917.833058402214 101.332225160044132
1945.7285825909298 101.485507204250112
1974.0298565222283 101.643086599394024
2002.7427819620161 101.804405292019993
2031.8733465193618 101.968146852718377
2061.4276248951132 102.136137461902138
2091.411780148677 102.307188324862324
2121.832064983222 102.483671778527267
2152.694823049581 102.663288658975688
2184.0064902691106 102.845538130331022
2215.7735961758003 103.032761387389414
2248.002765277899 103.223883212246108
2280.7007184393456 103.419704310636078
2313.874274281297 103.618976883592467
2347.530350604038 103.821766448644368
2381.6759658295764 104.027868643696067
2416.318240465218 104.236953384140151
2451.4643985884327 104.447749781565889
2487.1217693533167 104.659803802007133
2523.2977885189675 104.872000840479473
2560.0000000000887 105.083250000000504
2597.236057440151 105.291798315920829
2635.0137258074315 105.496072289252467
2673.340883014273 105.691996176109029
2712.225521559891 105.879959951331500
2751.6757501970797 106.055081407112226
2791.699795623158 106.217110440156773
2832.3060041955137 106.360809594390616
2873.502843672097 106.490363331959244
2915.2989049772345 106.605329328144450
2957.7029039931244 106.705713924145968
3000.723683377391 106.793212169657124
3044.370214407075 106.865045463263115
3088.6515988494466 106.920084178791910
3133.57707086003 106.958709236216279
3179.1559989082334 106.975539639792572
3225.3978877309914 106.971372675926091
3272.3123803148205 106.945203848141858
3319.9092599067053 106.896817054720344
3368.198452054235 106.825788739864009
3417.190026675413 106.730994340247079
3466.8942001585724 106.611716717570260
3517.3213374928373 106.467437786897563
3568.4819544295697 106.298704242230727
3620.386719675257 106.106991793266502
3673.0464571162966 105.895626738396203
3726.472148076138 105.667816712907282
3780.6749336052594 105.425429052096064
3835.6661168044484 105.173495895691275
3891.45716518188 104.912517216362772
3948.059713044477 104.646131475484424
4005.4855639240527 104.375900701687755
4063.746693038744 104.104171544695816
4122.855249790247 103.830961025957862
4182.823560297375 103.557314146949651
4243.664129966465 103.283966158936380
4305.389646099183 103.010862396395282
4368.012980538242 102.739110417667604
4431.5471923516225 102.470243300913140
4496.00553055582 102.203943899211879
4561.401436878714 101.943104468016955
4627.748548562617 101.689153226508438
4695.060701208099 101.445502698646052
4763.351931659176 101.210415480226828
4832.63648093046 100.986706003543489
4902.928797176889 100.776976899575260
4974.243538706657 100.577827808314566
5046.595577037959 100.392593502118075
5120.000000000202 100.218357142856689
5194.472114880326 100.058514506531907
5270.027451614888 99.915012572375417
5346.6817660285715 99.787851501618036
5424.451043119808 99.678848658845965
5503.351500394186 99.590362006731780
5583.399591246343 99.522280327002932
5664.612008391055 99.476693995804482
5747.005687344222 99.449598862531161
5830.597809954497 99.441141846696809
5915.405807986278 99.450775800475753
6001.447366754812 99.477723683377405
6088.740428814181 99.522931005266770
6177.303197698925 99.587122649521973
6267.154141720092 99.669654141720088
6358.3119978165005 99.772765957368875
6450.795775462017 99.895891937787994
6544.624760629676 100.041469597857855
6639.818519813445 100.209159724650206
6736.396904108505 100.395521746299181
6834.380053350861 100.597401413904095
6933.788400317181 100.810989770689872
7034.642674985712 101.027229977345200
7136.963908859177 101.230219855490816
7240.773439350552 101.396597736762203
7346.092914232631 101.497429244543298
7452.944296152315 101.503233952654512
7561.349867210557 101.383817714676269
7671.332233608935 101.138754500860003
7782.914330363799 100.775576742761587
7896.119426088994 100.306999890352657
8010.971127848146 99.758504378301467
8127.49338607753 99.168754910288925
8245.710499580537 98.565392950217799
8365.647120594791 97.973715532761815
8487.328259932974 97.411078808640525
8610.77929219841 96.900189643138987
8736.025961076528 96.458640404714401
8863.094384703289 96.088379012355176
8992.011061111683 95.781987044757898
9122.802873757471 95.541496407803152
9255.497097125279 95.379011457593577
9390.121402416245 95.300084345020139
9526.7038633184 95.318357511156961
9665.272961860968 95.438725484301187
9805.857594353829 95.665008068425351
9948.487077413367 96.009334542402542
10093.19115407597 96.496322172639054
10240.000000000457 97.132200000002172
10388.944229760706 97.934147164465827
10540.05490322983 98.906057925228765
10693.363532057198 100.016017090578885
10848.902086239672 101.178842500760766
11006.703000788428 102.132028629237794
11166.799182492743 102.578698773739120
11329.224016782166 102.168318918014620
11494.0113746885 101.140490495543347
11661.195619909053 99.592118136984851
11830.811615972614 98.031656450691159
12002.894733509682 96.588805695957291
12177.48085762842 95.299382082363906
12354.606395397908 94.265688429953784
12534.308283440243 93.384708369232612
12716.62399563306 92.696917454294450
12901.591550924093 92.205868427087267
13089.249521259411 91.802939956495862
13279.637039626952 91.536711238519899
13472.793808217073 91.420397114520938
13668.760106701786 91.344210917306114
13867.576800634426 91.257197954137979
14069.285349971487 91.395008950621815
14273.927817718419 91.716979766543659
14481.54687870117 92.052105943495889
14692.18582846533 92.333379063632663
14905.888592304698 92.598560528242501
15122.699734421185 92.868583263246052
15342.664467217943 93.022586842622559
15565.828660727671 92.831077700142188
15792.238852178061 92.079854651175381
16021.942255696367 90.658252716499845
16254.986772155136 88.660086589723193
16491.42099916115 86.933643864125287
16731.294241189662 85.283396328474169
16974.65651986603 83.367632727945875
17221.558584396902 81.513172960399118
17472.051922153143 79.834125002256329
17726.188769406665 78.379676248550993
17984.022122223458 77.213962440994550
18245.605747515034 76.418963044830647
18510.99419425065 75.625882077571688
18780.242804832582 72.887365971381769
19053.40772663689 67.801060461840081
19330.545923722028 64.956436569629403
19611.71518870775 65.099917048541698
19896.974154826825 65.529660055365952
20186.382308152035 65.656999999999996
