20 101.925000000000011
20.290906698750476 101.988514840943310
20.586044732869844 102.051999627568250
20.885475648548283 102.115901471690307
21.189261887185914 102.179744793826387
21.49746679841394 102.243358909824110
21.810154653305165 102.307031120505428
22.12739065777668 102.370159654910893
22.449240966187475 102.433519888396617
22.77577269513385 102.496522956643844
23.107053937445478 102.559483468268041
23.44315377638505 102.622222135851416
23.784142300054445 102.684875791884863
24.130090616010463 102.747199570520422
24.481070866093134 102.808961079428286
24.837156241469714 102.870545061602499
25.1984209978975 102.931487490900452
25.56494047120865 102.991596717474181
25.936791093020236 103.051044646927465
26.3140504066728 103.109987633981945
26.69679708340074 103.167527569801621
27.08511093873791 103.223723962241337
27.47907294916184 103.278721329749516
27.878765268980047 103.332436398139862
28.284271247461966 103.384886719675137
28.695675446220072 103.435785378100178
29.11306365684382 103.484776193223354
29.536522918790062 103.532371429391759
29.966141537533712 103.577911002978567
30.402009102982383 103.621690864147112
30.844216508158908 103.662799158347013
31.29285596815558 103.701651687333026
31.74802103936409 103.738345641070396
32.20980663898519 103.772686464728963
32.67830906482211 103.804233471083791
33.153626015361866 103.833103056860267
33.63585661014871 103.859292830507428
34.125101410453844 103.882879360649525
34.62146244024586 103.903372647848855
35.12504320746613 103.920626253016508
35.635948725613716 103.934626820689118
36.15428553564419 103.945468568570305
36.68016172818701 103.953161940738241
37.21368696608603 103.958068434830437
37.754972507267915 103.958953631122085
38.30413122794313 103.957166958176458
38.86127764614443 103.951580847283907
39.4265279456077 103.943102082193491
40.000000000000206 103.931500000000000
40.58181339750116 103.916469770463777
41.1720894657399 103.898837341841087
41.77095129709678 103.878016672990526
42.37852377437204 103.854272273475004
42.9949335968281 103.827640359941284
43.62030930661056 103.797851745921747
44.25478131555359 103.763090855146515
44.89848193237519 103.725506505689481
45.55154539026795 103.684075918252319
46.21410787489121 103.640024271234267
46.88630755277036 103.593335112180540
47.56828460010916 103.544378662308020
48.260181232021196 103.492426302366397
48.962141732186545 103.437841528271335
49.674312482939705 103.379412124059655
50.39684199579528 103.316780228848444
51.129880942417586 103.250368149106720
51.873582186040764 103.180242898989093
52.628100813345895 103.106457527870660
53.393594166801776 103.029402544135252
54.17022187747612 102.949391097933074
54.95814589832399 102.866567502795021
55.75753053796041 102.780368586957536
56.56854249492426 102.691744596805790
57.39135089244048 102.601060050939111
58.226127313687975 102.508625995494327
59.073045837580466 102.415464957866149
59.932283075067765 102.320948861742551
60.804018205965114 102.225055017118123
61.68843301631817 102.127137802996486
62.58571193631152 102.027107465424280
63.49604207872855 101.923951203024941
64.41961327797075 101.817195439838429
65.35661812964459 101.704957660988896
66.3072520307241 101.586632618113399
67.27171322029778 101.463269711530842
68.25020282090806 101.333972821998316
69.2429248804921 101.200340753812824
70.25008641493265 101.062363031531817
71.27189745122783 100.920570305553724
72.30857107128878 100.775800050019569
73.36032345637442 100.628194392651210
74.42737393217246 100.477526588597584
75.50994501453623 100.324045131380814
76.60826245588666 100.167429744759929
77.72255529228926 100.007486351063733
78.85305589121582 99.844873627821784
80.00000000000082 99.679999999999879
81.16362679500274 99.510788847198796
82.34417893148023 99.338273795921054
83.541902594194 99.162821549108770
84.75704754874454 98.983835576149119
85.98986719365665 98.800756886835785
87.24061861322157 98.612606641914340
88.50956263110764 98.419017792178309
89.79696386475084 98.219470600963604
91.10309078053635 98.014722390030073
92.42821574978288 97.804875016476672
93.77261510554118 97.589882053000991
95.13656920021877 97.369807449483076
96.52036246404286 97.144632689225247
97.92428346437356 96.914982946645836
99.34862496587989 96.681662928494490
100.79368399159105 96.446158632031725
102.25976188483567 96.211204368234348
103.74716437208203 95.980858128144547
105.25620162669229 95.760794088838992
106.78718833360406 95.551591139964273
108.34044375495276 95.349643051447728
109.9162917966485 95.146740942171235
111.51506107592134 94.934639853452296
113.13708498984903 94.707281515418941
114.78270178488147 94.471327237664354
116.45225462737648 94.234703724998681
118.14609167516147 93.998580946660439
119.86456615013608 93.764273381278286
121.60803641193078 93.527915008796469
123.3768660326369 93.303547233123766
125.17142387262359 93.095400482410639
126.99208415745765 92.913236173356438
128.83922655594208 92.750443643396778
130.71323625928977 92.596239416378438
132.61450406144883 92.442493301099461
134.5434264405962 92.287031462040659
136.50040564181674 92.124966331729212
138.48584976098482 91.961510556680963
140.50017282986593 91.802236951345122
142.5437949024563 91.647943484864541
144.61714214257822 91.497874336805666
146.7206469127495 91.354872527463243
148.8547478643456 91.216879934973363
151.01989002907314 91.085346378313744
153.216524911774 90.963817059393648
155.4451105845792 90.857462642967590
157.70611178243232 90.770976204230806
160.00000000000236 90.709499999999963
162.3272535900062 90.672729393277905
164.6883578629612 90.654243823386679
167.08380518838874 90.645331823397157
169.51409509748981 90.639971809805019
171.97973438731407 90.641771628142237
174.4812372264439 90.657557402920972
177.01912526221608 90.695421304405215
179.5939277295025 90.763386333063778
182.20618156107355 90.863688498755153
184.85643149956664 90.992379002378499
187.54523021108326 91.143668582453913
190.27313840043846 91.304123516505086
193.04072492808663 91.460158421188595
195.84856692874806 91.604391785808417
198.69724993176072 91.736397346956522
201.58736798318304 91.867254365895889
204.5195237696723 92.009495712253283
207.49432874416505 92.168433354882552
210.5124032533856 92.340723523114150
213.57437666720915 92.518420252531328
216.68088750990657 92.684081705208825
219.83258359329807 92.833675532206797
223.03012215184378 92.939478969934925
226.2741699796992 93.019894654563529
229.5654035697641 93.076118889854598
232.90450925475412 93.122694959814964
236.2921833503241 93.171674933605189
239.72913230027333 93.226666116804381
243.21607282386276 93.285700247108650
246.75373206527502 93.346282661617835
250.34284774524843 93.408456979573685
253.9841683149166 93.471724924471687
257.67845311188546 93.535453316180025
261.42647251858085 93.598821723751058
265.22900812289896 93.661578251920304
269.08685288119375 93.721759366777320
273.0008112836349 93.778011357970883
276.97169952197106 93.833482330867355
281.00034565973334 93.889604873802242
285.0875898049141 93.947217498288296
289.23428428515797 94.004856551563705
293.44129382550057 94.059892690348960
297.7094957286928 94.110075402588492
302.0397800581479 94.155387855566943
306.4330498235497 94.195586431804088
310.89022116916016 94.231135491707136
315.41222356486645 94.260061117824335
320.00000000000654 94.283000000000015
324.6545071800142 94.298359873694039
329.3767157259242 94.307815759879247
334.16761037677935 94.311500566226073
339.02819019498156 94.309180266863507
343.95946877463007 94.300977009328193
348.9624744528898 94.288301318977204
354.03825052443415 94.271366123164483
359.187855459007 94.249573435980381
364.4123631221491 94.223055711764829
369.71286299913527 94.190780249405364
375.0904604221685 94.154405545797175
380.54627680087896 94.118553038165658
386.08144985617537 94.084511300862943
391.6971338574982 94.053459334649858
397.3944998635236 94.022569700736966
403.1747359663683 93.990774390854440
409.0390475393468 93.956005952879082
414.9886574883323 93.918073726325844
421.0248065067734 93.878406642490717
427.1487533344206 93.837854040548393
433.3617750198154 93.797542091541175
439.6651671865984 93.758889735049934
446.06024430368984 93.722855404430931
452.54833995940066 93.690777636186766
459.13080713953053 93.665927347970126
465.8090185095106 93.648881962980980
472.58436670065066 93.642862726178350
479.45826460054917 93.648050501957897
486.432145647728 93.663023578684090
493.50746413055253 93.688205762189867
500.6856954904994 93.719928477452498
507.9683366298358 93.756341683149174
515.3569062237735 93.797488477532454
522.8529450371643 93.838391561732067
530.4580162458005 93.872746186937121
538.1737057623901 93.902083155059444
546.0016225672724 93.928219501109083
553.9433990439449 93.954423359094051
562.0006913194694 93.984602972673713
570.1751796098309 94.019981005815055
578.4685685703187 94.066423983993786
586.8825876510039 94.129372442442929
595.4189914573883 94.203583771835099
604.0795601162986 94.281706096032153
612.8660996471021 94.362727946647482
621.780442338323 94.457100548411688
630.8244471297356 94.564522364348448
640.0000000000159 94.670500000000175
649.3090143600314 94.776157312986356
658.7534314518515 94.891667206857775
668.3352207535618 95.012857303570229
678.0563803899662 95.137121668991568
687.9189375492632 95.266529975650286
697.9249489057827 95.397024335775171
708.0765010488715 95.526571563320658
718.3757109180171 95.653183673199806
728.8247262443015 95.777573005994981
739.425725998274 95.902252280479729
750.1809208443404 96.024354438654484
761.0925536017613 96.136198674418054
772.1628997123541 96.236184335894848
783.3942677149998 96.329945567522316
794.7889997270506 96.419548997907384
806.34947193274 96.503417180868126
818.0780950786972 96.581540072236237
829.9773149766683 96.656055325051426
842.0496130135506 96.728122742579046
854.2975066688449 96.798852537790125
866.7235500396347 96.868479525217992
879.3303343732008 96.938682905927237
892.1204886073838 97.013960281264545
905.0966799188055 97.093141887829248
918.2616142790653 97.177182155450765
931.6180370190256 97.267317179362493
945.1687334013056 97.362875922709350
958.9165292011028 97.463630924908173
972.8642912954606 97.568817899430996
987.0149282611097 97.677422525085461
1001.3713909810035 97.789199693011525
1015.9366732596762 97.908243165613314
1030.7138124475518 98.030185006278714
1045.7058900743334 98.150020284048423
1060.916032491606 98.275561085926142
1076.3474115247852 98.411177566548133
1092.0032451345498 98.547028394927310
1107.8867980878947 98.686615954083038
1124.0013826389438 98.832290144714989
1140.350359219667 98.978065643172087
1156.9371371406426 99.123357612188357
1173.765175302013 99.270724636979878
1190.837982914782 99.417456545769099
1208.1591202326028 99.566160967724642
1225.73219929421 99.718042579614234
1243.5608846766518 99.870771620155068
1261.648894259477 100.014249671699247
1280.0000000000375 100.157000000000295
1298.6180287200684 100.303550483210827
1317.5068629037087 100.452304216939297
1336.6704415071292 100.599528877529536
1356.112760779938 100.745845705849547
1375.8378750985323 100.893388116361535
1395.8498978115715 101.041789243805624
1416.153002097749 101.187993964998910
1436.7514218360407 101.333584810668683
1457.6494524886093 101.476863287872774
1478.8514519965543 101.620843931656424
1500.3618416886875 101.767989470818165
1522.1851072035295 101.918133537560280
1544.3257994247153 102.066596340157105
1566.788535430007 102.213625480295036
1589.5779994541087 102.362923236408037
1612.6989438654878 102.513789156248365
1636.156190157402 102.664676493204212
1659.9546299533442 102.816112353904202
1684.099226027109 102.966823294244833
1708.5950133376978 103.112491576024880
1733.4471000792773 103.253641644447129
1758.6606687464096 103.394633678105265
1784.2409772147755 103.534031637871195
1810.193359837619 103.671913205549117
1836.5232285581387 103.807116142790704
1863.2360740380593 103.938827319824981
1890.3374668026197 104.071153587332844
1917.833058402214 104.206951969674975
1945.7285825909298 104.345313769651000
1974.0298565222283 104.484726894089363
2002.7427819620161 104.624345362188777
2031.8733465193618 104.760679838873045
2061.4276248951132 104.897709837007042
2091.411780148677 105.038494188683913
2121.832064983222 105.178290094049089
2152.694823049581 105.318261444875588
2184.0064902691106 105.461130179751365
2215.7735961758003 105.610030241930673
2248.002765277899 105.762779893912608
2280.7007184393456 105.918828412586890
2313.874274281297 106.076402802836157
2347.530350604038 106.235976992859122
2381.6759658295764 106.398502736836235
2416.318240465218 106.562695730186533
2451.4643985884327 106.725736233506780
2487.1217693533167 106.888333324912480
2523.2977885189675 107.048427824770485
2560.0000000000887 107.204250000000371
2597.236057440151 107.357452384786626
2635.0137258074315 107.509553988175895
2673.340883014273 107.651360134700667
2712.225521559891 107.779028691476327
2751.6757501970797 107.887732631777183
2791.699795623158 107.981720787597396
2832.3060041955137 108.055097147090422
2873.502843672097 108.107797758361926
2915.2989049772345 108.137018748144754
2957.7029039931244 108.141687751282959
3000.723683377391 108.122740132453742
3044.370214407075 108.074289146228324
3088.6515988494466 107.991199627516835
3133.57707086003 107.881136622063664
3179.1559989082334 107.742826123526413
3225.3978877309914 107.579749963254159
3272.3123803148205 107.394849869299804
3319.9092599067053 107.191903793415165
3368.198452054235 106.972831244386185
3417.190026675413 106.741659772224779
3466.8942001585724 106.501211593218244
3517.3213374928373 106.251912952660604
3568.4819544295697 105.999677701472294
3620.386719675257 105.750070815936027
3673.0464571162966 105.503525368122709
3726.472148076138 105.260934219580435
3780.6749336052594 105.024097785497389
3835.6661168044484 104.791395565773939
3891.45716518188 104.574620098062837
3948.059713044477 104.370497159833349
4005.4855639240527 104.180400482410334
4063.746693038744 103.994322365767744
4122.855249790247 103.818957381804097
4182.823560297375 103.661384801589008
4243.664129966465 103.518844038364279
4305.389646099183 103.393220707801632
4368.012980538242 103.283927608571531
4431.5471923516225 103.195652799115265
4496.00553055582 103.128927894953449
4561.401436878714 103.085857986413657
4627.748548562617 103.061612572571875
4695.060701208099 103.063087904613639
4763.351931659176 103.086297271816775
4832.63648093046 103.133378292074639
4902.928797176889 103.208955379388755
4974.243538706657 103.305294582414888
5046.595577037959 103.423003703321029
5120.000000000202 103.558571428571838
5194.472114880326 103.713750362919569
5270.027451614888 103.886564511294992
5346.6817660285715 104.072245609883041
5424.451043119808 104.268802682308078
5503.351500394186 104.477786886772947
5583.399591246343 104.697245123372738
5664.612008391055 104.919713842949534
5747.005687344222 105.139184843968422
5830.597809954497 105.354606481085327
5915.405807986278 105.566782055326797
6001.447366754812 105.774801805409410
6088.740428814181 105.973416238294362
6177.303197698925 106.169372012096929
6267.154141720092 106.363791977926695
6358.3119978165005 106.553831155512910
6450.795775462017 106.736519931132463
6544.624760629676 106.904800226448401
6639.818519813445 107.047569520163080
6736.396904108505 107.147294018629452
6834.380053350861 107.179061186128777
6933.788400317181 107.114189413551188
7034.642674985712 106.923673723414936
7136.963908859177 106.583718567804198
7240.773439350552 106.085537802062888
7346.092914232631 105.434150285508338
7452.944296152315 104.642887010031387
7561.349867210557 103.731154915227364
7671.332233608935 102.740294817443271
7782.914330363799 101.704523321194984
7896.119426088994 100.658201286431108
8010.971127848146 99.641171047383608
8127.49338607753 98.689634082388835
8245.710499580537 97.839834908784525
8365.647120594791 97.134243530991171
8487.328259932974 96.577808455211851
8610.77929219841 96.196585829167162
8736.025961076528 95.999477341653233
8863.094384703289 95.962519155711647
8992.011061111683 96.066082219093047
9122.802873757471 96.277090860280651
9255.497097125279 96.567327313538200
9390.121402416245 96.908038649074200
9526.7038633184 97.283996139234716
9665.272961860968 97.693520308545402
9805.857594353829 98.143837777986676
9948.487077413367 98.637626664575336
10093.19115407597 99.174262562407165
10240.000000000457 99.745100000001813
10388.944229760706 100.345900710165168
10540.05490322983 100.970978534694169
10693.363532057198 101.601734422566892
10848.902086239672 102.209816948573149
11006.703000788428 102.760287818253914
11166.799182492743 103.228646346640971
11329.224016782166 103.576012211155643
11494.0113746885 103.824264692305974
11661.195619909053 103.923588420402865
11830.811615972614 103.942068216874816
12002.894733509682 103.858674090683763
12177.48085762842 103.736176164914198
12354.606395397908 103.593578662751213
12534.308283440243 103.482720822685522
12716.62399563306 103.447441599708867
12901.591550924093 103.530354709489345
13089.249521259411 103.673242849758950
13279.637039626952 103.899566448251619
13472.793808217073 104.186236665887236
13668.760106701786 104.445213004300996
13867.576800634426 104.563532421906416
14069.285349971487 104.395498399894450
14273.927817718419 103.956881377356851
14481.54687870117 103.142134047029103
14692.18582846533 102.008746686754534
14905.888592304698 100.732285157326103
15122.699734421185 99.418283191348252
15342.664467217943 98.158077139974083
15565.828660727671 96.906678876702983
15792.238852178061 95.243386589722348
16021.942255696367 91.986565558541770
16254.986772155136 84.688279120062475
16491.42099916115 70.762303149408282
16731.294241189662 55.161812642997901
16974.65651986603 48.736607060783584
17221.558584396902 46.409821995315525
17472.051922153143 44.901707578421913
17726.188769406665 43.669674743167661
17984.022122223458 42.627464130528423
18245.605747515034 41.741711957319666
18510.99419425065 40.964992525984876
18780.242804832582 40.303429624241915
19053.40772663689 39.731800529487828
19330.545923722028 39.165780509623836
19611.71518870775 38.639723077877385
19896.974154826825 38.238158393923655
20186.382308152035 37.907941177689466
