20 97.359999999999999
20.290906698750476 97.589332211955664
20.586044732869844 97.814847514932268
20.885475648548283 98.035800394430566
21.189261887185914 98.252357356856123
21.49746679841394 98.462571915379016
21.810154653305165 98.669448807604738
22.12739065777668 98.867389824599343
22.449240966187475 99.061231393176172
22.77577269513385 99.246169424920808
23.107053937445478 99.423132961560952
23.44315377638505 99.592884197108660
23.784142300054445 99.757697770400938
24.130090616010463 99.920775519669917
24.481070866093134 100.081660948435029
24.837156241469714 100.241348507408361
25.1984209978975 100.398817081590664
25.56494047120865 100.555068994991117
25.936791093020236 100.708900520670596
26.3140504066728 100.860549665801301
26.69679708340074 101.009766877109286
27.08511093873791 101.157416370638828
27.47907294916184 101.301314993672193
27.878765268980047 101.442916300729252
28.284271247461966 101.581299410394678
28.695675446220072 101.716811818236636
29.11306365684382 101.849097478994210
29.536522918790062 101.978128169367906
29.966141537533712 102.103147187422309
30.402009102982383 102.223535759009437
30.844216508158908 102.339594776682276
31.29285596815558 102.451026502317546
31.74802103936409 102.557796818014367
32.20980663898519 102.660188814103861
32.67830906482211 102.757126885769964
33.153626015361866 102.848459934795869
33.63585661014871 102.934052197284686
34.125101410453844 103.013265211568068
34.62146244024586 103.085897429433203
35.12504320746613 103.151755098481004
35.635948725613716 103.210682462366279
36.15428553564419 103.265582839100063
36.68016172818701 103.317795525905950
37.21368696608603 103.367731826947733
37.754972507267915 103.414990509197565
38.30413122794313 103.460622157779568
38.86127764614443 103.502990975401502
39.4265279456077 103.543265109580943
40.000000000000206 103.581000000000017
40.58181339750116 103.614939227984991
41.1720894657399 103.645557911273670
41.77095129709678 103.673644436012637
42.37852377437204 103.697727726525017
42.9949335968281 103.718172949476056
43.62030930661056 103.735374898801780
44.25478131555359 103.748199319372361
44.89848193237519 103.757231019924760
45.55154539026795 103.761500000000012
46.21410787489121 103.761417709622165
46.88630755277036 103.757013617948886
47.56828460010916 103.749024507106299
48.260181232021196 103.738976936055636
48.962141732186545 103.726631679071289
49.674312482939705 103.712785179222692
50.39684199579528 103.697319070490806
51.129880942417586 103.680017333598784
51.873582186040764 103.660359926578991
52.628100813345895 103.638924552263660
53.393594166801776 103.614962176927406
54.17022187747612 103.588806662334164
54.95814589832399 103.560810423260449
55.75753053796041 103.530047247001875
56.56854249492426 103.496336943965730
57.39135089244048 103.460389209840173
58.226127313687975 103.422485079913514
59.073045837580466 103.383066845633721
59.932283075067765 103.342682695471808
60.804018205965114 103.301299039988834
61.68843301631817 103.256943767824197
62.58571193631152 103.211232289804400
63.49604207872855 103.163957790866746
64.41961327797075 103.114631076350605
65.35661812964459 103.063029384739906
66.3072520307241 103.009333008233369
67.27171322029778 102.953468920002422
68.25020282090806 102.895487830745509
69.2429248804921 102.835317194969235
70.25008641493265 102.771744383029386
71.27189745122783 102.704918819493344
72.30857107128878 102.635825738223645
73.36032345637442 102.564998004966540
74.42737393217246 102.492438572612272
75.50994501453623 102.418441192603609
76.60826245588666 102.342578508851318
77.72255529228926 102.264835567499091
78.85305589121582 102.185242077477412
80.00000000000082 102.103999999999942
81.16362679500274 102.021091383584519
82.34417893148023 101.936647173792934
83.541902594194 101.851364794186679
84.75704754874454 101.764411635869067
85.98986719365665 101.675646894741163
87.24061861322157 101.584854988065842
88.50956263110764 101.492292365298042
89.79696386475084 101.397024674008449
91.10309078053635 101.299727606937353
92.42821574978288 101.199911415605413
93.77261510554118 101.097585688687957
95.13656920021877 100.991188244619963
96.52036246404286 100.881370822020813
97.92428346437356 100.769057401179197
99.34862496587989 100.654195760775877
100.79368399159105 100.536182474020066
102.25976188483567 100.415439763558638
103.74716437208203 100.291825339286987
105.25620162669229 100.165258066195420
106.78718833360406 100.035064199421242
108.34044375495276 99.901441689155746
109.9162917966485 99.764324367573721
111.51506107592134 99.624432095239598
113.13708498984903 99.481241803552038
114.78270178488147 99.335694723655621
116.45225462737648 99.187447196904316
118.14609167516147 99.036407928270478
119.86456615013608 98.882406058780930
121.60803641193078 98.725056646122496
123.3768660326369 98.563942811255075
125.17142387262359 98.399229003718631
126.99208415745765 98.231400201408931
128.83922655594208 98.059712151281403
130.71323625928977 97.884893817526248
132.61450406144883 97.707697496269901
134.5434264405962 97.527825484414407
136.50040564181674 97.345462275311036
138.48584976098482 97.160087197586932
140.50017282986593 96.967649614119892
142.5437949024563 96.766012236290976
144.61714214257822 96.554838644850093
146.7206469127495 96.339994014899560
148.8547478643456 96.126921860575521
151.01989002907314 95.919966139319456
153.216524911774 95.722022162569786
155.4451105845792 95.533213108999831
157.70611178243232 95.352046948039742
160.00000000000236 95.174499999999824
162.3272535900062 94.993905121415509
164.6883578629612 94.803680684672742
167.08380518838874 94.605127408326055
169.51409509748981 94.404135744947340
171.97973438731407 94.203245567750088
174.4812372264439 94.005671001446800
177.01912526221608 93.815988555648460
179.5939277295025 93.634343844480725
182.20618156107355 93.454214708598130
184.85643149956664 93.271406226529905
187.54523021108326 93.084370069393032
190.27313840043846 92.895981216450281
193.04072492808663 92.709744734688755
195.84856692874806 92.529388850417632
198.69724993176072 92.358277853916931
201.58736798318304 92.200956864874485
204.5195237696723 92.054816113017353
207.49432874416505 91.920989137954365
210.5124032533856 91.809103095891658
213.57437666720915 91.728831684155409
216.68088750990657 91.693191124900949
219.83258359329807 91.677709270508373
223.03012215184378 91.700983446676787
226.2741699796992 91.747539917984838
229.5654035697641 91.813445907703425
232.90450925475412 91.880106100219280
236.2921833503241 91.935627089823328
239.72913230027333 91.984173993741365
243.21607282386276 92.031416983122142
246.75373206527502 92.079175382881203
250.34284774524843 92.129099860210573
253.9841683149166 92.183264503684370
257.67845311188546 92.246953316180026
261.42647251858085 92.322314377566087
265.22900812289896 92.405767186826679
269.08685288119375 92.494598944628848
273.0008112836349 92.589770079269954
276.97169952197106 92.687077863646806
281.00034565973334 92.780007258854397
285.0875898049141 92.865602893429923
289.23428428515797 92.941487402418389
293.44129382550057 93.014690253798619
297.7094957286928 93.087019528242038
302.0397800581479 93.158136480930381
306.4330498235497 93.225184730745397
310.89022116916016 93.286504263429805
315.41222356486645 93.341699348639480
320.00000000000654 93.394000000000062
324.6545071800142 93.442406874672159
329.3767157259242 93.486703456251092
334.16761037677935 93.524173838863518
339.02819019498156 93.553057865091887
343.95946877463007 93.572754087588663
348.9624744528898 93.583236206569921
354.03825052443415 93.586211475157327
359.187855459007 93.583149715632800
364.4123631221491 93.573234037443484
369.71286299913527 93.554562406903202
375.0904604221685 93.524782778081374
380.54627680087896 93.481525948221602
386.08144985617537 93.431634371351947
391.6971338574982 93.373680094496265
397.3944998635236 93.312421051514889
403.1747359663683 93.246196852395173
409.0390475393468 93.173998889911715
414.9886574883323 93.095404069116825
421.0248065067734 93.014313284981441
427.1487533344206 92.936968399432033
433.3617750198154 92.873908985256492
439.6651671865984 92.837646712948754
446.06024430368984 92.832165671835156
452.54833995940066 92.859054541744229
459.13080713953053 92.909611860686013
465.8090185095106 92.971772766885977
472.58436670065066 93.041635850356840
479.45826460054917 93.118270042906317
486.432145647728 93.203345035161362
493.50746413055253 93.297885946895988
500.6856954904994 93.398985440580390
507.9683366298358 93.505038902171975
515.3569062237735 93.608639780909058
522.8529450371643 93.704702249797748
530.4580162458005 93.790208024258291
538.1737057623901 93.860740755445647
546.0016225672724 93.914937379650908
553.9433990439449 93.955880908377026
562.0006913194694 93.986401520902831
570.1751796098309 94.003886133253616
578.4685685703187 93.998495430429301
586.8825876510039 93.983734824697990
595.4189914573883 93.963681571783667
604.0795601162986 93.939506347143833
612.8660996471021 93.912206543966249
621.780442338323 93.885158672985028
630.8244471297356 93.858273992749702
640.0000000000159 93.833499999999972
649.3090143600314 93.814881971279931
658.7534314518515 93.805621911693351
668.3352207535618 93.807000566226066
678.0563803899662 93.809111276077999
687.9189375492632 93.805936478102836
697.9249489057827 93.805792494890568
708.0765010488715 93.815691801258652
718.3757109180171 93.830982351922927
728.8247262443015 93.842324726244300
739.425725998274 93.847270290399308
750.1809208443404 93.850082922053659
761.0925536017613 93.855084087067468
772.1628997123541 93.857845284549001
783.3942677149998 93.857854287098831
794.7889997270506 93.852691125193331
806.34947193274 93.841856844075664
818.0780950786972 93.829889450696584
829.9773149766683 93.821394212894489
842.0496130135506 93.818843669377827
854.2975066688449 93.825871883336049
866.7235500396347 93.848398925108228
879.3303343732008 93.887022237180844
892.1204886073838 93.934820507087807
905.0966799188055 93.988921591277602
918.2616142790653 94.061977998858652
931.6180370190256 94.149544479935741
945.1687334013056 94.238499372658382
958.9165292011028 94.328200483907267
972.8642912954606 94.423714324353199
987.0149282611097 94.531846750336314
1001.3713909810035 94.643556867194036
1015.9366732596762 94.751492945149238
1030.7138124475518 94.878765590984017
1045.7058900743334 95.031112209808157
1060.916032491606 95.183568721666902
1076.3474115247852 95.337147821010248
1092.0032451345498 95.502222689427782
1107.8867980878947 95.673811379922881
1124.0013826389438 95.841124975907192
1140.350359219667 96.004807728928370
1156.9371371406426 96.167348776082562
1173.765175302013 96.329379488825509
1190.837982914782 96.491752414942070
1208.1591202326028 96.654623636345917
1225.73219929421 96.808223694000787
1243.5608846766518 96.959625248380618
1261.648894259477 97.113792194156190
1280.0000000000375 97.268000000000285
1298.6180287200684 97.408699102755946
1317.5068629037087 97.550298726616333
1336.6704415071292 97.681359002248485
1356.112760779938 97.805107573894119
1375.8378750985323 97.933634028772843
1395.8498978115715 98.066798067892250
1416.153002097749 98.199494513635358
1436.7514218360407 98.333721813026060
1457.6494524886093 98.468385572578683
1478.8514519965543 98.599338421580001
1500.3618416886875 98.723838155778537
1522.1851072035295 98.834700344593927
1544.3257994247153 98.950653704974002
1566.788535430007 99.081902753997241
1589.5779994541087 99.219259556713752
1612.6989438654878 99.358701620947556
1636.156190157402 99.499267769534981
1659.9546299533442 99.638042298134991
1684.099226027109 99.777731387121577
1708.5950133376978 99.925960982960476
1733.4471000792773 100.081216730499449
1758.6606687464096 100.242487200351377
1784.2409772147755 100.414871660047737
1810.193359837619 100.596241917273076
1836.5232285581387 100.775053308483720
1863.2360740380593 100.945004773112913
1890.3374668026197 101.106264056791247
1917.833058402214 101.276274912606112
1945.7285825909298 101.456321215189234
1974.0298565222283 101.632504513307367
2002.7427819620161 101.815690943655000
2031.8733465193618 102.002833746442136
2061.4276248951132 102.182041624335710
2091.411780148677 102.372553045672703
2121.832064983222 102.578183232138429
2152.694823049581 102.775010253009370
2184.0064902691106 102.960335371966664
2215.7735961758003 103.138198178010853
2248.002765277899 103.329651353727641
2280.7007184393456 103.546834957231482
2313.874274281297 103.773882589303440
2347.530350604038 103.994902071355767
2381.6759658295764 104.209161937716246
2416.318240465218 104.421453384140150
2451.4643985884327 104.618834532448119
2487.1217693533167 104.798186953138043
2523.2977885189675 104.969455717821575
2560.0000000000887 105.148750000000433
2597.236057440151 105.327354962788689
2635.0137258074315 105.492055360756638
2673.340883014273 105.634776612625302
2712.225521559891 105.763510392913659
2751.6757501970797 105.879067781816602
2791.699795623158 105.990570685408983
2832.3060041955137 106.091357470111191
2873.502843672097 106.181945801091075
2915.2989049772345 106.264302974207880
2957.7029039931244 106.338821891350790
3000.723683377391 106.396042762533042
3044.370214407075 106.427757944110311
3088.6515988494466 106.446828624640460
3133.57707086003 106.458215414172003
3179.1559989082334 106.460333760043667
3225.3978877309914 106.444515246238723
3272.3123803148205 106.405679505456845
3319.9092599067053 106.354794369697032
3368.198452054235 106.309851160959326
3417.190026675413 106.275514083727998
3466.8942001585724 106.237085321827152
3517.3213374928373 106.173285860011461
3568.4819544295697 106.089950316558316
3620.386719675257 106.006012186093614
3673.0464571162966 105.931500534891143
3726.472148076138 105.874233952654521
3780.6749336052594 105.826392559755277
3835.6661168044484 105.778467106556434
3891.45716518188 105.732627302313006
3948.059713044477 105.684161370705667
4005.4855639240527 105.620254374678268
4063.746693038744 105.589405009889532
4122.855249790247 105.612950756069964
4182.823560297375 105.665045411463595
4243.664129966465 105.730666311606683
4305.389646099183 105.803967575319007
4368.012980538242 105.892168497266994
4431.5471923516225 106.000509472602786
4496.00553055582 106.122343933565332
4561.401436878714 106.262886182490746
4627.748548562617 106.417096516550274
4695.060701208099 106.579613870834251
4763.351931659176 106.744660362471450
4832.63648093046 106.895520232242305
4902.928797176889 107.025478955200711
4974.243538706657 107.128450795157761
5046.595577037959 107.183836345014385
5120.000000000202 107.198285714285703
5194.472114880326 107.145627699741354
5270.027451614888 106.992244042535361
5346.6817660285715 106.749445642297133
5424.451043119808 106.446615708307093
5503.351500394186 106.092653358875694
5583.399591246343 105.693247074424804
5664.612008391055 105.300477659932710
5747.005687344222 104.936661425958192
5830.597809954497 104.603941092218136
5915.405807986278 104.298047356364037
6001.447366754812 104.022700662268619
6088.740428814181 103.798457257662164
6177.303197698925 103.627339769478198
6267.154141720092 103.497378469306881
6358.3119978165005 103.395438642249005
6450.795775462017 103.327356091146299
6544.624760629676 103.310363085503894
6639.818519813445 103.340603815501126
6736.396904108505 103.394338142465102
6834.380053350861 103.449690026675427
6933.788400317181 103.485878840031717
7034.642674985712 103.474659022382355
7136.963908859177 103.385923775799824
7240.773439350552 103.175795697850930
7346.092914232631 102.807878610515033
7452.944296152315 102.279041384508560
7561.349867210557 101.602399645222164
7671.332233608935 100.816480161236640
7782.914330363799 99.960635255270745
7896.119426088994 99.077111762013260
8010.971127848146 98.194405079989110
8127.49338607753 97.335296958849540
8245.710499580537 96.495955452978194
8365.647120594791 95.667534867895938
8487.328259932974 94.873996718017054
8610.77929219841 94.125477925272904
8736.025961076528 93.422932140150124
8863.094384703289 92.770178534466851
8992.011061111683 92.176302378478852
9122.802873757471 91.662534910926695
9255.497097125279 91.216656707392929
9390.121402416245 90.820437388778174
9526.7038633184 90.481199354837031
9665.272961860968 90.206491204178022
9805.857594353829 89.986381269030488
9948.487077413367 89.824649453392638
10093.19115407597 89.733510794764555
10240.000000000457 89.703699999999984
10388.944229760706 89.738348323758004
10540.05490322983 89.866121006254289
10693.363532057198 90.088406792723703
10848.902086239672 90.433403583703168
11006.703000788428 90.955800762284781
11166.799182492743 91.664754650313398
11329.224016782166 92.558782117647468
11494.0113746885 93.550570143912410
11661.195619909053 94.481769336813642
11830.811615972614 95.146842488229410
12002.894733509682 95.252077933184765
12177.48085762842 94.820433165418564
12354.606395397908 93.671946191524341
12534.308283440243 92.250047182573098
12716.62399563306 90.675588197453806
12901.591550924093 89.222509947929979
13089.249521259411 87.859308834851277
13279.637039626952 86.654758892716117
13472.793808217073 85.624773534804561
13668.760106701786 84.753445489464866
13867.576800634426 84.061650146245810
14069.285349971487 83.554735263974592
14273.927817718419 83.138969983668744
14481.54687870117 82.807325541193705
14692.18582846533 82.604879639410413
14905.888592304698 82.492950557739604
15122.699734421185 82.466570579284848
15342.664467217943 82.528948088445361
15565.828660727671 82.681722143584381
15792.238852178061 82.929440672980732
16021.942255696367 83.303957268055939
16254.986772155136 83.642789841516588
16491.42099916115 83.466882776624118
16731.294241189662 82.209660743646310
16974.65651986603 79.405432752971947
17221.558584396902 74.935641730507029
17472.051922153143 70.508873908499709
17726.188769406665 69.650764683405953
17984.022122223458 70.101106235447034
18245.605747515034 71.121343893515402
18510.99419425065 72.816624817158925
18780.242804832582 74.408895265393426
19053.40772663689 75.641106596869292
19330.545923722028 76.478137601817849
19611.71518870775 76.728534899417269
19896.974154826825 76.128681233461322
20186.382308152035 75.765000000000001
