20 105.438000000000002
20.290906698750476 105.445272691711068
20.586044732869844 105.451697636886735
20.885475648548283 105.457709512970965
21.189261887185914 105.463303116921352
21.49746679841394 105.467962005631222
21.810154653305165 105.472626945031578
22.12739065777668 105.476592383222211
22.449240966187475 105.480574476023946
22.77577269513385 105.484384006056587
23.107053937445478 105.487892119119110
23.44315377638505 105.490931542992030
23.784142300054445 105.494111245125481
24.130090616010463 105.497084092080399
24.481070866093134 105.499631693504625
24.837156241469714 105.501914371324375
25.1984209978975 105.503992104989493
25.56494047120865 105.505824704417805
25.936791093020236 105.507512967783981
26.3140504066728 105.508880165956128
26.69679708340074 105.509745996354241
27.08511093873791 105.510308517202844
27.47907294916184 105.510500000000008
27.878765268980047 105.510151543413770
28.284271247461966 105.509715728752539
28.695675446220072 105.508912973661339
29.11306365684382 105.507547745372619
29.536522918790062 105.505817385406061
29.966141537533712 105.503669292312338
30.402009102982383 105.500986606024753
30.844216508158908 105.497738111148891
31.29285596815558 105.493812510278644
31.74802103936409 105.489519789606362
32.20980663898519 105.485111740249124
32.67830906482211 105.480895218416606
33.153626015361866 105.476463739846395
33.63585661014871 105.471505577288369
34.125101410453844 105.466123884485000
34.62146244024586 105.460542450717043
35.12504320746613 105.454374438302949
35.635948725613716 105.447732666567020
36.15428553564419 105.440840002500991
36.68016172818701 105.433297574077201
37.21368696608603 105.425294695508711
37.754972507267915 105.416811171936075
38.30413122794313 105.407625655897021
38.86127764614443 105.397778453194377
39.4265279456077 105.388239842467669
40.000000000000206 105.377499999999998
40.58181339750116 105.365863693262298
41.1720894657399 105.353581487389647
41.77095129709678 105.341105162494358
42.37852377437204 105.327689826867726
42.9949335968281 105.313039064873550
43.62030930661056 105.297492282373327
44.25478131555359 105.280441698661122
44.89848193237519 105.262791756165541
45.55154539026795 105.245064094750973
46.21410787489121 105.226600303879096
46.88630755277036 105.207472395994017
47.56828460010916 105.187549014212578
48.260181232021196 105.167694593039357
48.962141732186545 105.146823032381633
49.674312482939705 105.125770658080668
50.39684199579528 105.104094725244551
51.129880942417586 105.082103555865245
51.873582186040764 105.059525706392023
52.628100813345895 105.036389426828066
53.393594166801776 105.012946163574398
54.17022187747612 104.988864440472980
54.95814589832399 104.964755642685077
55.75753053796041 104.940077180160216
56.56854249492426 104.914875182657340
57.39135089244048 104.889368122334346
58.226127313687975 104.863263925961988
59.073045837580466 104.836162533197424
59.932283075067765 104.808666941597835
60.804018205965114 104.780365069706789
61.68843301631817 104.750674043489255
62.58571193631152 104.720241169990757
63.49604207872855 104.688638527244507
64.41961327797075 104.654635082159146
65.35661812964459 104.616130493230827
66.3072520307241 104.572598276509879
67.27171322029778 104.524870912544515
68.25020282090806 104.473489047670967
69.2429248804921 104.419639131572936
70.25008641493265 104.363995160763778
71.27189745122783 104.306909691456866
72.30857107128878 104.249528591079113
73.36032345637442 104.192222695083970
74.42737393217246 104.136844990357474
75.50994501453623 104.085552416976910
76.60826245588666 104.037541320198585
77.72255529228926 103.991769004835561
78.85305589121582 103.947466300752481
80.00000000000082 103.903499999999966
81.16362679500274 103.859379040387068
82.34417893148023 103.813993104189748
83.541902594194 103.767125454092110
84.75704754874454 103.718718122345535
85.98986719365665 103.671879887437598
87.24061861322157 103.629979756537551
88.50956263110764 103.591722683697867
89.79696386475084 103.554388047922231
91.10309078053635 103.516786060774734
92.42821574978288 103.478570694746963
93.77261510554118 103.439790033593937
95.13656920021877 103.400130529653467
96.52036246404286 103.361621230276043
97.92428346437356 103.326372051296019
99.34862496587989 103.296213312423021
100.79368399159105 103.269713688151356
102.25976188483567 103.242564524188111
103.74716437208203 103.211688825644117
105.25620162669229 103.172651792680682
106.78718833360406 103.121324447211848
108.34044375495276 103.051697664334057
109.9162917966485 102.966672180467299
111.51506107592134 102.874403524976714
113.13708498984903 102.777775014317371
114.78270178488147 102.677809548949881
116.45225462737648 102.573403903697169
118.14609167516147 102.466532128384443
119.86456615013608 102.355161677702085
121.60803641193078 102.240537544010962
123.3768660326369 102.122708843737399
125.17142387262359 102.003071741825096
126.99208415745765 101.882186473660283
128.83922655594208 101.762409389927697
130.71323625928977 101.642740484585346
132.61450406144883 101.523054374205543
134.5434264405962 101.404079273903335
136.50040564181674 101.283349748796894
138.48584976098482 101.158298303095734
140.50017282986593 101.023821004802898
142.5437949024563 100.878042630291446
144.61714214257822 100.723001482699701
146.7206469127495 100.562542575865933
148.8547478643456 100.402748658038433
151.01989002907314 100.243344049871851
153.216524911774 100.083840121299346
155.4451105845792 99.927300745651621
157.70611178243232 99.781823409670011
160.00000000000236 99.662999999999982
162.3272535900062 99.637400210509924
164.6883578629612 99.709904167340682
167.08380518838874 99.827607586683186
169.51409509748981 99.953732945069476
171.97973438731407 100.084717816282563
174.4812372264439 100.234940460594231
177.01912526221608 100.406319643092900
179.5939277295025 100.587750083248778
182.20618156107355 100.760784274094220
184.85643149956664 100.898764147578163
187.54523021108326 101.005164471767870
190.27313840043846 101.105332982415774
193.04072492808663 101.204966097411116
195.84856692874806 101.308424396835420
198.69724993176072 101.420629447256772
201.58736798318304 101.522208407478672
204.5195237696723 101.572584603001900
207.49432874416505 101.546373822419071
210.5124032533856 101.460061751713710
213.57437666720915 101.342950556644425
216.68088750990657 101.201173841728078
219.83258359329807 101.050661549826714
223.03012215184378 100.895539075635583
226.2741699796992 100.744267209263796
229.5654035697641 100.598977377453622
232.90450925475412 100.458010611300324
236.2921833503241 100.319995280580997
239.72913230027333 100.184665415676733
243.21607282386276 100.050789232693205
246.75373206527502 99.916358181519541
250.34284774524843 99.782486057298428
253.9841683149166 99.649577856505545
257.67845311188546 99.520713947722996
261.42647251858085 99.396426406886832
265.22900812289896 99.274314870144053
269.08685288119375 99.153322036163189
273.0008112836349 99.033225458670046
276.97169952197106 98.913227551900619
281.00034565973334 98.791989630207993
285.0875898049141 98.669337269930608
289.23428428515797 98.543277757731204
293.44129382550057 98.415040538322231
297.7094957286928 98.284860380274864
302.0397800581479 98.153551625748293
306.4330498235497 98.021102996989583
310.89022116916016 97.888752197863624
315.41222356486645 97.756751628401304
320.00000000000654 97.625999999999834
324.6545071800142 97.497535601831601
329.3767157259242 97.372017033263006
334.16761037677935 97.249225935392133
339.02819019498156 97.129712159242445
343.95946877463007 97.014536271306042
348.9624744528898 96.904118056927004
354.03825052443415 96.798715864249090
359.187855459007 96.696499247457552
364.4123631221491 96.591811501244791
369.71286299913527 96.476788300318930
375.0904604221685 96.348141567564880
380.54627680087896 96.205900640548521
386.08144985617537 96.056984563912039
391.6971338574982 95.905177385847551
397.3944998635236 95.752545753616630
403.1747359663683 95.602544232857610
409.0390475393468 95.458069366978890
414.9886574883323 95.322496699628772
421.0248065067734 95.198880503548423
427.1487533344206 95.086687444426332
433.3617750198154 94.988057447627682
439.6651671865984 94.902446886506539
446.06024430368984 94.829412618039015
452.54833995940066 94.772651952292321
459.13080713953053 94.737886656136240
465.8090185095106 94.722190981490485
472.58436670065066 94.729823642929972
479.45826460054917 94.758565112888618
486.432145647728 94.804797877793192
493.50746413055253 94.868496814907914
500.6856954904994 94.942871226522868
507.9683366298358 95.021159618770739
515.3569062237735 95.093610182807168
522.8529450371643 95.157417306195327
530.4580162458005 95.209375959275093
538.1737057623901 95.249157600386184
546.0016225672724 95.277575600887275
553.9433990439449 95.296522410767153
562.0006913194694 95.309900829583370
570.1751796098309 95.319666420629346
578.4685685703187 95.327545140141808
586.8825876510039 95.335538458268445
595.4189914573883 95.342022344447301
604.0795601162986 95.347294752565418
612.8660996471021 95.352628206915995
621.780442338323 95.359327490408688
630.8244471297356 95.372272561328941
640.0000000000159 95.392000000000053
649.3090143600314 95.418530690926090
658.7534314518515 95.446760294355556
668.3352207535618 95.472588334996942
678.0563803899662 95.495529674896915
687.9189375492632 95.515441928221065
697.9249489057827 95.532972413139831
708.0765010488715 95.549826226730630
718.3757109180171 95.565563566377023
728.8247262443015 95.581237089366454
739.425725998274 95.594310871197933
750.1809208443404 95.605628152264757
761.0925536017613 95.613357225467922
772.1628997123541 95.619863211372518
783.3942677149998 95.626342846758661
794.7889997270506 95.632960249840778
806.34947193274 95.639968419957967
818.0780950786972 95.647240366202283
829.9773149766683 95.654371527871149
842.0496130135506 95.661193540382328
854.2975066688449 95.668365004445889
866.7235500396347 95.678041875038105
879.3303343732008 95.692278984841138
892.1204886073838 95.716639774176741
905.0966799188055 95.751276571399401
918.2616142790653 95.798083131842560
931.6180370190256 95.844872270598472
945.1687334013056 95.876947889002167
958.9165292011028 95.899860882001832
972.8642912954606 95.943025019534105
987.0149282611097 96.006877740302130
1001.3713909810035 96.065985563924016
1015.9366732596762 96.125620480486219
1030.7138124475518 96.206961327797188
1045.7058900743334 96.297996359723442
1060.916032491606 96.366679392901290
1076.3474115247852 96.392814396022459
1092.0032451345498 96.398504056418176
1107.8867980878947 96.423412421059581
1124.0013826389438 96.497120136670873
1140.350359219667 96.607204942123190
1156.9371371406426 96.743753976734169
1173.765175302013 96.889276254261745
1190.837982914782 97.044000805471569
1208.1591202326028 97.202548973588449
1225.73219929421 97.365864045810383
1243.5608846766518 97.531474776202629
1261.648894259477 97.693398565958717
1280.0000000000375 97.849000000000288
1298.6180287200684 97.993422708499963
1317.5068629037087 98.139050785487441
1336.6704415071292 98.281278028190428
1356.112760779938 98.426442886830046
1375.8378750985323 98.575075956993913
1395.8498978115715 98.724581738696202
1416.153002097749 98.869917098192388
1436.7514218360407 99.013065740755565
1457.6494524886093 99.151527419275510
1478.8514519965543 99.290804728376912
1500.3618416886875 99.435003944485715
1522.1851072035295 99.586020941848432
1544.3257994247153 99.740780595973007
1566.788535430007 99.894997811632649
1589.5779994541087 100.047506356386208
1612.6989438654878 100.200313029512216
1636.156190157402 100.357138969267197
1659.9546299533442 100.520284224475276
1684.099226027109 100.688330613148679
1708.5950133376978 100.857274190429592
1733.4471000792773 101.024926628529570
1758.6606687464096 101.193872907350794
1784.2409772147755 101.368502020959127
1810.193359837619 101.552096058027615
1836.5232285581387 101.743119568474413
1863.2360740380593 101.937858618997069
1890.3374668026197 102.134543259650968
1917.833058402214 102.335751309840290
1945.7285825909298 102.544378941083792
1974.0298565222283 102.758165715308053
2002.7427819620161 102.969970908570616
2031.8733465193618 103.171176311447681
2061.4276248951132 103.372159599216843
2091.411780148677 103.596323647806528
2121.832064983222 103.828736669503769
2152.694823049581 104.045848740872785
2184.0064902691106 104.257944458343417
2215.7735961758003 104.477323663374023
2248.002765277899 104.699751906783220
2280.7007184393456 104.914914526167877
2313.874274281297 105.122982976353413
2347.530350604038 105.327221241073886
2381.6759658295764 105.519404963344073
2416.318240465218 105.703266967721447
2451.4643985884327 105.870894708595017
2487.1217693533167 106.022060263300489
2523.2977885189675 106.154042259816379
2560.0000000000887 106.271250000000265
2597.236057440151 106.369212030676337
2635.0137258074315 106.445772647582260
2673.340883014273 106.494132644051959
2712.225521559891 106.521001484701955
2751.6757501970797 106.521332424980301
2791.699795623158 106.499895132844955
2832.3060041955137 106.457994215259063
2873.502843672097 106.398280194194157
2915.2989049772345 106.321831266697131
2957.7029039931244 106.233438756414785
3000.723683377391 106.140889804485312
3044.370214407075 106.043594180677303
3088.6515988494466 105.942834467631883
3133.57707086003 105.840656877179185
3179.1559989082334 105.742272402292713
3225.3978877309914 105.652021865452284
3272.3123803148205 105.573085181921471
3319.9092599067053 105.506909795512883
3368.198452054235 105.455031315753899
3417.190026675413 105.420780188796329
3466.8942001585724 105.406155289992071
3517.3213374928373 105.409696401247857
3568.4819544295697 105.430219533569158
3620.386719675257 105.465420977330467
3673.0464571162966 105.515120638256761
3726.472148076138 105.579178513979741
3780.6749336052594 105.657984360425374
3835.6661168044484 105.748325654920194
3891.45716518188 105.854950759493306
3948.059713044477 105.969570918915068
4005.4855639240527 106.098253936123427
4063.746693038744 106.233711061315091
4122.855249790247 106.371019487021073
4182.823560297375 106.507167288882584
4243.664129966465 106.629283003718413
4305.389646099183 106.729700272990371
4368.012980538242 106.804198369123469
4431.5471923516225 106.839471710188377
4496.00553055582 106.831398755624946
4561.401436878714 106.763536118471336
4627.748548562617 106.643289202499176
4695.060701208099 106.455686039455259
4763.351931659176 106.214615418661182
4832.63648093046 105.928756741385016
4902.928797176889 105.596032042586160
4974.243538706657 105.238784766708818
5046.595577037959 104.873192335958294
5120.000000000202 104.502499999998975
5194.472114880326 104.132768979122972
5270.027451614888 103.778937080434474
5346.6817660285715 103.453522369659652
5424.451043119808 103.161833811826398
5503.351500394186 102.909921170234753
5583.399591246343 102.703774754001174
5664.612008391055 102.550575105399560
5747.005687344222 102.445284710769869
5830.597809954497 102.392787229954777
5915.405807986278 102.396438123670265
6001.447366754812 102.458562497625593
6088.740428814181 102.588542742337836
6177.303197698925 102.785403245495090
6267.154141720092 103.037846565317523
6358.3119978165005 103.341675112335906
6450.795775462017 103.689151270829598
6544.624760629676 104.066738394778525
6639.818519813445 104.448991319871510
6736.396904108505 104.805019706160778
6834.380053350861 105.097980726441534
6933.788400317181 105.290329356345723
7034.642674985712 105.349508996880360
7136.963908859177 105.256986407699117
7240.773439350552 105.013379134832775
7346.092914232631 104.642015091071329
7452.944296152315 104.179632630295544
7561.349867210557 103.656528786180772
7671.332233608935 103.105272220274884
7782.914330363799 102.548365497735574
7896.119426088994 102.003955118468951
8010.971127848146 101.483098428449168
8127.49338607753 100.987516407856475
8245.710499580537 100.522377534342738
8365.647120594791 100.088725569241078
8487.328259932974 99.679239133556749
8610.77929219841 99.297276837258210
8736.025961076528 98.980273858398022
8863.094384703289 98.770849900441334
8992.011061111683 98.665997670295837
9122.802873757471 98.612680698440130
9255.497097125279 98.574760006156225
9390.121402416245 98.559265175302031
9526.7038633184 98.585016738493266
9665.272961860968 98.664785510476264
9805.857594353829 98.805107156040918
9948.487077413367 99.011645129022270
10093.19115407597 99.303141813327642
10240.000000000457 99.686200000001307
10388.944229760706 100.163269302857287
10540.05490322983 100.754040519976385
10693.363532057198 101.496270661035524
10848.902086239672 102.452539526252224
11006.703000788428 103.678301800298868
11166.799182492743 104.979589142111308
11329.224016782166 106.035843369177726
11494.0113746885 106.757391043667667
11661.195619909053 106.741998278157240
11830.811615972614 106.231864910882905
12002.894733509682 105.130863887717865
12177.48085762842 103.863834417701895
12354.606395397908 102.571944185691336
12534.308283440243 101.411517222182653
12716.62399563306 100.457254260335390
12901.591550924093 99.749857399311310
13089.249521259411 99.160343289643649
13279.637039626952 98.764777292890557
13472.793808217073 98.588665516986822
13668.760106701786 98.610445282160384
13867.576800634426 98.827394213088041
14069.285349971487 99.236258568091870
14273.927817718419 99.773103975147990
14481.54687870117 100.378424893758705
14692.18582846533 100.883867953579653
14905.888592304698 101.147952200059080
15122.699734421185 101.088812495854796
15342.664467217943 100.689578110068567
15565.828660727671 100.008407326021796
15792.238852178061 99.162880419114458
16021.942255696367 98.293004204328582
16254.986772155136 97.556982593159034
16491.42099916115 97.153152933432750
16731.294241189662 97.010825578863304
16974.65651986603 96.860314331603604
17221.558584396902 96.466521055018887
17472.051922153143 95.628827468667723
17726.188769406665 94.284104635646912
17984.022122223458 92.660874948703224
18245.605747515034 91.293147977307513
18510.99419425065 90.608013498205935
18780.242804832582 90.126090128673269
19053.40772663689 89.192693332338763
19330.545923722028 87.641109902385097
19611.71518870775 85.593991047318696
19896.974154826825 83.105412686176123
20186.382308152035 82.138000000000005
