20 106.694500000000005
20.290906698750476 106.697409076684423
20.586044732869844 106.700360447793869
20.885475648548283 106.702403170990323
21.189261887185914 106.702017898461690
21.49746679841394 106.696575988737550
21.810154653305165 106.687017608879955
22.12739065777668 106.670197322211180
22.449240966187475 106.650053143856397
22.77577269513385 106.627195963660512
23.107053937445478 106.604184623223304
23.44315377638505 106.581933561050420
23.784142300054445 106.562102351372076
24.130090616010463 106.545513176430177
24.481070866093134 106.534699564682455
24.837156241469714 106.528128443013443
25.1984209978975 106.526251973752622
25.56494047120865 106.526412352208894
25.936791093020236 106.526658021477346
26.3140504066728 106.524289253197423
26.69679708340074 106.515596087497983
27.08511093873791 106.499627449509148
27.47907294916184 106.474662596338078
27.878765268980047 106.443501865309145
28.284271247461966 106.409052672718275
28.695675446220072 106.374454613409966
29.11306365684382 106.342037798648306
29.536522918790062 106.315367789517495
29.966141537533712 106.302049612336447
30.402009102982383 106.299003348493812
30.844216508158908 106.300761888851113
31.29285596815558 106.303723209880587
31.74802103936409 106.303011873763808
32.20980663898519 106.296884253942324
32.67830906482211 106.284615800860877
33.153626015361866 106.268162211416239
33.63585661014871 106.249294022373761
34.125101410453844 106.228245335119112
34.62146244024586 106.205048340427950
35.12504320746613 106.180372882834163
35.635948725613716 106.155338512444928
36.15428553564419 106.129785723217793
36.68016172818701 106.102951428406087
37.21368696608603 106.072751408102675
37.754972507267915 106.035694966314054
38.30413122794313 105.993253060852766
38.86127764614443 105.945585881733194
39.4265279456077 105.895066573069528
40.000000000000206 105.841499999999968
40.58181339750116 105.784773004653658
41.1720894657399 105.724360917957071
41.77095129709678 105.661550018971553
42.37852377437204 105.594449134338618
42.9949335968281 105.524082446639596
43.62030930661056 105.449562955391954
44.25478131555359 105.369860017447849
44.89848193237519 105.285451188797595
45.55154539026795 105.194768202505230
46.21410787489121 105.095184113652408
46.88630755277036 104.984450864746037
47.56828460010916 104.869781831722307
48.260181232021196 104.756852604732771
48.962141732186545 104.654423808597812
49.674312482939705 104.563911374971411
50.39684199579528 104.500213131800237
51.129880942417586 104.481247036778967
51.873582186040764 104.532661357908381
52.628100813345895 104.643079747393500
53.393594166801776 104.791868848302698
54.17022187747612 104.975757810632643
54.95814589832399 105.193707627505461
55.75753053796041 105.404276384305490
56.56854249492426 105.518090180780490
57.39135089244048 105.529040033959404
58.226127313687975 105.453020558024747
59.073045837580466 105.335312665987118
59.932283075067765 105.197834707989159
60.804018205965114 105.055440182826032
61.68843301631817 104.942887000952197
62.58571193631152 104.898330373271222
63.49604207872855 104.933451176944004
64.41961327797075 105.039057737753296
65.35661812964459 105.213987242623787
66.3072520307241 105.423833040283085
67.27171322029778 105.594573314571861
68.25020282090806 105.677879360649513
69.2429248804921 105.687076640905985
70.25008641493265 105.650994987933899
71.27189745122783 105.587787434785980
72.30857107128878 105.509851457689962
73.36032345637442 105.421251050654490
74.42737393217246 105.324467911274041
75.50994501453623 105.223905012989150
76.60826245588666 105.122128094511694
77.72255529228926 105.020555667908695
78.85305589121582 104.919402071266475
80.00000000000082 104.819999999999936
81.16362679500274 104.724000549413645
82.34417893148023 104.631666001505195
83.541902594194 104.538953100710927
84.75704754874454 104.444828862044460
85.98986719365665 104.348872655009231
87.24061861322157 104.254453559115547
88.50956263110764 104.162846553540973
89.79696386475084 104.074874135908686
91.10309078053635 103.987460430781979
92.42821574978288 103.898331621076252
93.77261510554118 103.811759141469139
95.13656920021877 103.736899138820604
96.52036246404286 103.671576456194003
97.92428346437356 103.611212772733325
99.34862496587989 103.549354763700748
100.79368399159105 103.479022116428865
102.25976188483567 103.400200080487593
103.74716437208203 103.313403357680244
105.25620162669229 103.221022581876639
106.78718833360406 103.125669531094132
108.34044375495276 103.028052043437981
109.9162917966485 102.928945349579706
111.51506107592134 102.831749909427657
113.13708498984903 102.747725127340459
114.78270178488147 102.683971668497549
116.45225462737648 102.658846792403409
118.14609167516147 102.652320445002758
119.86456615013608 102.667852822397634
121.60803641193078 102.681700264084839
123.3768660326369 102.678926965512630
125.17142387262359 102.656714403184409
126.99208415745765 102.607261222803899
128.83922655594208 102.538752484650445
130.71323625928977 102.460044077109842
132.61450406144883 102.374003805050450
134.5434264405962 102.280328677970189
136.50040564181674 102.181604008035976
138.48584976098482 102.078857274869051
140.50017282986593 101.974657737123593
142.5437949024563 101.869070596706422
144.61714214257822 101.764238607335443
146.7206469127495 101.660000042510177
148.8547478643456 101.554575455501322
151.01989002907314 101.449249256610301
153.216524911774 101.345969769005450
155.4451105845792 101.244791979460103
157.70611178243232 101.142266192147034
160.00000000000236 101.039499999999890
162.3272535900062 100.938497194193729
164.6883578629612 100.836900611892673
167.08380518838874 100.735563421050003
169.51409509748981 100.633810824924922
171.97973438731407 100.532330890120136
174.4812372264439 100.432543005832827
177.01912526221608 100.333254114773581
179.5939277295025 100.232418033003512
182.20618156107355 100.130900155430339
184.85643149956664 100.030426889316374
187.54523021108326 99.926754113852184
190.27313840043846 99.821893879183790
193.04072492808663 99.720142047574498
195.84856692874806 99.619621303950822
198.69724993176072 99.517638452442966
201.58736798318304 99.416764927241246
204.5195237696723 99.317089445792760
207.49432874416505 99.214698493954216
210.5124032533856 99.109317953340394
213.57437666720915 99.003971193314896
216.68088750990657 98.901365823111831
219.83258359329807 98.797982887319478
223.03012215184378 98.694021030065073
226.2741699796992 98.589347532319664
229.5654035697641 98.483479518505931
232.90450925475412 98.376555703847870
236.2921833503241 98.270344068246658
239.72913230027333 98.168524455604398
243.21607282386276 98.067287906313950
246.75373206527502 97.965580203123352
250.34284774524843 97.868843094432464
253.9841683149166 97.776899750048358
257.67845311188546 97.682699445646932
261.42647251858085 97.587981568905832
265.22900812289896 97.493360674973616
269.08685288119375 97.398372104410754
273.0008112836349 97.301979717909120
276.97169952197106 97.203071899271464
281.00034565973334 97.103491358506659
285.0875898049141 97.001222665072220
289.23428428515797 96.893408608585887
293.44129382550057 96.785747007449729
297.7094957286928 96.679617354647036
302.0397800581479 96.573015443560848
306.4330498235497 96.463673754411246
310.89022116916016 96.352244470770998
315.41222356486645 96.242065412086731
320.00000000000654 96.131499999999846
324.6545071800142 96.019326376961658
329.3767157259242 95.909022523585975
334.16761037677935 95.801979049635491
339.02819019498156 95.698505186885882
343.95946877463007 95.600394412017252
348.9624744528898 95.511845439410308
354.03825052443415 95.435445367395701
359.187855459007 95.368733021216514
364.4123631221491 95.302904224660921
369.71286299913527 95.221979337213483
375.0904604221685 95.114251412363245
380.54627680087896 94.978635405235295
386.08144985617537 94.835157868782588
391.6971338574982 94.695039507893014
397.3944998635236 94.563215502866001
403.1747359663683 94.454529488571737
409.0390475393468 94.369271667643005
414.9886574883323 94.310336014046811
421.0248065067734 94.276697119618660
427.1487533344206 94.260709372221314
433.3617750198154 94.260255404189792
439.6651671865984 94.270211072542708
446.06024430368984 94.283792175632684
452.54833995940066 94.297096679918809
459.13080713953053 94.309671498973415
465.8090185095106 94.322935455228148
472.58436670065066 94.340598190573303
479.45826460054917 94.363740821044871
486.432145647728 94.392058226285229
493.50746413055253 94.431220690450971
500.6856954904994 94.480514148274267
507.9683366298358 94.533768461605675
515.3569062237735 94.590855249790195
522.8529450371643 94.650290469649093
530.4580162458005 94.705862601536268
538.1737057623901 94.753794083485218
546.0016225672724 94.787575600887266
553.9433990439449 94.803728774641485
562.0006913194694 94.802298721058975
570.1751796098309 94.786878112385097
578.4685685703187 94.757436581575377
586.8825876510039 94.727910943221488
595.4189914573883 94.703994420502269
604.0795601162986 94.689175412390966
612.8660996471021 94.688280628369768
621.780442338323 94.704998153916165
630.8244471297356 94.744694016917336
640.0000000000159 94.802500000000123
649.3090143600314 94.876506664162250
658.7534314518515 94.959905539921465
668.3352207535618 95.047267269895087
678.0563803899662 95.132993328412198
687.9189375492632 95.213351500394111
697.9249489057827 95.285078394895180
708.0765010488715 95.345939881031015
718.3757109180171 95.399716125681891
728.8247262443015 95.452564867533724
739.425725998274 95.501858339592061
750.1809208443404 95.544118146218167
761.0925536017613 95.581399558139353
772.1628997123541 95.615770460653394
783.3942677149998 95.648068520892110
794.7889997270506 95.678255374306246
806.34947193274 95.707638241162385
818.0780950786972 95.738130329247312
829.9773149766683 95.770857639355782
842.0496130135506 95.806317572916214
854.2975066688449 95.843929708340141
866.7235500396347 95.882715675123478
879.3303343732008 95.922790103431566
892.1204886073838 95.965472311644859
905.0966799188055 96.010263103042391
918.2616142790653 96.057878975250432
931.6180370190256 96.108717608190759
945.1687334013056 96.164168419730487
958.9165292011028 96.223138293204784
972.8642912954606 96.289150027047228
987.0149282611097 96.363733654934393
1001.3713909810035 96.443408354657123
1015.9366732596762 96.527588817116069
1030.7138124475518 96.615502448366627
1045.7058900743334 96.699115850084723
1060.916032491606 96.780019093625256
1076.3474115247852 96.857090418256291
1092.0032451345498 96.955722689427773
1107.8867980878947 97.136543213424375
1124.0013826389438 97.372683834433545
1140.350359219667 97.564421489049977
1156.9371371406426 97.684510351283848
1173.765175302013 97.798959461677853
1190.837982914782 97.936330204543680
1208.1591202326028 98.080660967724640
1225.73219929421 98.234453312712304
1243.5608846766518 98.394690233460793
1261.648894259477 98.557451751859972
1280.0000000000375 98.714000000000212
1298.6180287200684 98.819590820026676
1317.5068629037087 98.917012353226681
1336.6704415071292 98.911080974058052
1356.112760779938 98.877580116479123
1375.8378750985323 98.887421662608375
1395.8498978115715 98.985514397088281
1416.153002097749 99.137877933273842
1436.7514218360407 99.281763465817903
1457.6494524886093 99.341350547511382
1478.8514519965543 99.292957296907773
1500.3618416886875 99.119402635144837
1522.1851072035295 98.932595482337774
1544.3257994247153 98.887241620632807
1566.788535430007 98.991804333838047
1589.5779994541087 99.189739074617506
1612.6989438654878 99.423045142937212
1636.156190157402 99.658161292133087
1659.9546299533442 99.883985317773565
1684.099226027109 100.099207390271516
1708.5950133376978 100.305651009635881
1733.4471000792773 100.510104104653237
1758.6606687464096 100.717171056970699
1784.2409772147755 100.924612637262499
1810.193359837619 101.131527542717180
1836.5232285581387 101.338842111895815
1863.2360740380593 101.548535541939145
1890.3374668026197 101.761859238404639
1917.833058402214 101.977811177873349
1945.7285825909298 102.196097515861069
1974.0298565222283 102.418855269395152
2002.7427819620161 102.645210847172919
2031.8733465193618 102.870268655989136
2061.4276248951132 103.095373742951111
2091.411780148677 103.323517762107642
2121.832064983222 103.549782471128367
2152.694823049581 103.773061411245095
2184.0064902691106 103.998746567680882
2215.7735961758003 104.226281212656971
2248.002765277899 104.456052874630501
2280.7007184393456 104.687118410304706
2313.874274281297 104.921082395778456
2347.530350604038 105.154290729127595
2381.6759658295764 105.383916122339542
2416.318240465218 105.611252651000655
2451.4643985884327 105.828554696512953
2487.1217693533167 106.037023359668794
2523.2977885189675 106.234643168576468
2560.0000000000887 106.423250000000451
2597.236057440151 106.600924061352686
2635.0137258074315 106.768058105918129
2673.340883014273 106.923112965831024
2712.225521559891 107.067400601537614
2751.6757501970797 107.197154294385584
2791.699795623158 107.313551922635426
2832.3060041955137 107.419057250656607
2873.502843672097 107.517351455135667
2915.2989049772345 107.607485853755378
2957.7029039931244 107.689057111027893
3000.723683377391 107.764657893403836
3044.370214407075 107.834055321610606
3088.6515988494466 107.900244253288548
3133.57707086003 107.965302612589795
3179.1559989082334 108.029609958460611
3225.3978877309914 108.096080916087260
3272.3123803148205 108.163906703850188
3319.9092599067053 108.230974778671253
3368.198452054235 108.295430049588333
3417.190026675413 108.352690026675418
3466.8942001585724 108.396650172104657
3517.3213374928373 108.426641028621631
3568.4819544295697 108.451240977214781
3620.386719675257 108.484532578920721
3673.0464571162966 108.547104795957239
3726.472148076138 108.658003977594149
3780.6749336052594 108.832592787682501
3835.6661168044484 109.055950650005713
3891.45716518188 109.349158523596387
3948.059713044477 109.680637194516720
4005.4855639240527 110.051067582800641
4063.746693038744 110.433322723238007
4122.855249790247 110.807155955063138
4182.823560297375 111.141088351115158
4243.664129966465 111.369240487374242
4305.389646099183 111.408232152677272
4368.012980538242 111.330699034768884
4431.5471923516225 111.184682966381217
4496.00553055582 110.886372485484799
4561.401436878714 110.523204901036692
4627.748548562617 110.215545265190002
4695.060701208099 109.816697731144416
4763.351931659176 109.253989052654873
4832.63648093046 108.587140649932621
4902.928797176889 107.889945730725287
4974.243538706657 107.195832754061200
5046.595577037959 106.525562693667553
5120.000000000202 105.883714285712585
5194.472114880326 105.280258582262576
5270.027451614888 104.718051662082431
5346.6817660285715 104.198943803927321
5424.451043119808 103.723596412650835
5503.351500394186 103.293642458639184
5583.399591246343 102.911191900704495
5664.612008391055 102.579751746981202
5747.005687344222 102.291726999555536
5830.597809954497 102.050106288959881
5915.405807986278 101.856079039303523
6001.447366754812 101.709425988654147
6088.740428814181 101.619005469249032
6177.303197698925 101.580684611707994
6267.154141720092 101.592298662987787
6358.3119978165005 101.657063918013023
6450.795775462017 101.769669789929168
6544.624760629676 101.929464530834167
6639.818519813445 102.133166262354138
6736.396904108505 102.375635610134054
6834.380053350861 102.648045955251007
6933.788400317181 102.938675780935682
7034.642674985712 103.229786996335491
7136.963908859177 103.495886629464707
7240.773439350552 103.706125901370626
7346.092914232631 103.828347142253079
7452.944296152315 103.832910080077752
7561.349867210557 103.693747121213761
7671.332233608935 103.422711169128675
7782.914330363799 103.040443774869971
7896.119426088994 102.575910346585289
8010.971127848146 102.073595585089464
8127.49338607753 101.572468814258514
8245.710499580537 101.098690997834922
8365.647120594791 100.676735077918238
8487.328259932974 100.320614459191020
8610.77929219841 100.052325066767494
8736.025961076528 99.893322593011717
8863.094384703289 99.858606451609660
8992.011061111683 99.963028959500463
9122.802873757471 100.237004103257448
9255.497097125279 100.720134614763978
9390.121402416245 101.453801892618458
9526.7038633184 102.508575435427645
9665.272961860968 103.915835568506694
9805.857594353829 105.526128206620044
9948.487077413367 106.862463045843910
10093.19115407597 107.155098156215672
10240.000000000457 106.170399999995254
10388.944229760706 104.084773368216972
10540.05490322983 101.525681007592112
10693.363532057198 99.104194584121274
10848.902086239672 97.031476741661677
11006.703000788428 95.297459091879205
11166.799182492743 93.829645604910652
11329.224016782166 92.622919924824899
11494.0113746885 91.585957652365181
11661.195619909053 90.788850695929710
11830.811615972614 90.128630877551018
12002.894733509682 89.663013672984377
12177.48085762842 89.325985096184411
12354.606395397908 89.203021598809286
12534.308283440243 89.231579561550632
12716.62399563306 89.470420631877488
12901.591550924093 89.947835478003441
13089.249521259411 90.543247409595935
13279.637039626952 91.280939270395891
13472.793808217073 92.083123790128752
13668.760106701786 92.733663137678235
13867.576800634426 92.996773033725617
14069.285349971487 92.677139474774634
14273.927817718419 91.902226663572918
14481.54687870117 90.737365954827382
14692.18582846533 89.473194427609513
14905.888592304698 88.301472901077361
15122.699734421185 87.160562592695300
15342.664467217943 85.995206482105203
15565.828660727671 84.931053874419774
15792.238852178061 84.294761765075933
16021.942255696367 84.191033699883633
16254.986772155136 84.329891005065491
16491.42099916115 84.490666279429576
16731.294241189662 84.484472699458138
16974.65651986603 84.255698288855854
17221.558584396902 83.890572248703947
17472.051922153143 83.566326370398428
17726.188769406665 83.361358422945017
17984.022122223458 82.715384623952247
18245.605747515034 80.572079647251428
18510.99419425065 75.854901964037552
18780.242804832582 70.873776301287151
19053.40772663689 69.437536860081224
19330.545923722028 69.675457713086260
19611.71518870775 69.303024725008996
19896.974154826825 68.415155324838310
20186.382308152035 67.305164500645503
