20 106.701500000000010
20.290906698750476 106.657000045400281
20.586044732869844 106.614999901744270
20.885475648548283 106.575499922866356
21.189261887185914 106.539000013690924
21.49746679841394 106.504500022809893
21.810154653305165 106.471999937995804
22.12739065777668 106.441999946670634
22.449240966187475 106.416000083213504
22.77577269513385 106.390999949457978
23.107053937445478 106.367000004515518
23.44315377638505 106.340499936017238
23.784142300054445 106.310999970403515
24.130090616010463 106.275500040920548
24.481070866093134 106.234000016346428
24.837156241469714 106.187999967800465
25.1984209978975 106.139000000289940
25.56494047120865 106.087000076190165
25.936791093020236 106.030999831351863
26.3140504066728 105.972500092457608
26.69679708340074 105.909499817993023
27.08511093873791 105.842500187897627
27.47907294916184 105.770000009514916
27.878765268980047 105.692999946076441
28.284271247461966 105.611999951101637
28.695675446220072 105.530499913091148
29.11306365684382 105.450000065535349
29.536522918790062 105.373000195893496
29.966141537533712 105.297999908409253
30.402009102982383 105.225000147643044
30.844216508158908 105.154500076468167
31.29285596815558 105.086000004809264
31.74802103936409 105.020499859948927
32.20980663898519 104.960500170327279
32.67830906482211 104.910000095467311
33.153626015361866 104.865999909133635
33.63585661014871 104.823500033832033
34.125101410453844 104.783000129491427
34.62146244024586 104.744500118980596
35.12504320746613 104.706999909866511
35.635948725613716 104.670499949421270
36.15428553564419 104.634999965243139
36.68016172818701 104.599999952056919
37.21368696608603 104.563500073374627
37.754972507267915 104.523500112660685
38.30413122794313 104.479999981112044
38.86127764614443 104.434500108955405
39.4265279456077 104.386500089214763
40.000000000000206 104.335999999999984
40.58181339750116 104.283500054686698
41.1720894657399 104.228499955510159
41.77095129709678 104.171499877872108
42.37852377437204 104.113000120600233
42.9949335968281 104.053000039102670
43.62030930661056 103.989999869790751
44.25478131555359 103.925499868727698
44.89848193237519 103.860500109071822
45.55154539026795 103.794499861009427
46.21410787489121 103.728500012417641
46.88630755277036 103.662499945497387
47.56828460010916 103.595999842170841
48.260181232021196 103.528499977442294
48.962141732186545 103.460000124172282
49.674312482939705 103.392000049192433
50.39684199579528 103.322000096938439
51.129880942417586 103.252500195776975
51.873582186040764 103.182999889567895
52.628100813345895 103.113500017007993
53.393594166801776 103.044499897467233
54.17022187747612 102.977000096491935
54.95814589832399 102.909999924434942
55.75753053796041 102.843499956062260
56.56854249492426 102.776499959553178
57.39135089244048 102.709999927039462
58.226127313687975 102.642500054885829
59.073045837580466 102.576000170452744
59.932283075067765 102.510999844714888
60.804018205965114 102.446500131237940
61.68843301631817 102.380500147500271
62.58571193631152 102.314000004667790
63.49604207872855 102.245999844136364
64.41961327797075 102.177500273055045
65.35661812964459 102.109500207554404
66.3072520307241 102.042499928137715
67.27171322029778 101.975999985086929
68.25020282090806 101.910000213660396
69.2429248804921 101.845000203519405
70.25008641493265 101.780499848196214
71.27189745122783 101.716999910082407
72.30857107128878 101.652499995442241
73.36032345637442 101.584999840585482
74.42737393217246 101.515500135163734
75.50994501453623 101.446000253106334
76.60826245588666 101.376499908210150
77.72255529228926 101.306500106892642
78.85305589121582 101.237000128246450
80.00000000000082 101.166499999999957
81.16362679500274 101.096000072227696
82.34417893148023 101.024999885089329
83.541902594194 100.953499903882360
84.75704754874454 100.880500146730014
85.98986719365665 100.805500049529925
87.24061861322157 100.729499842922394
88.50956263110764 100.653499844114123
89.79696386475084 100.578000181992152
91.10309078053635 100.501999839950230
92.42821574978288 100.424499956341378
93.77261510554118 100.344999934922129
95.13656920021877 100.264499809676579
96.52036246404286 100.182000032030984
97.92428346437356 100.097500152965836
99.34862496587989 100.011500002052713
100.79368399159105 99.924500120480616
102.25976188483567 99.837000246119601
103.74716437208203 99.747499858015843
105.25620162669229 99.656000084330898
106.78718833360406 99.562499858263493
108.34044375495276 99.468500135376729
109.9162917966485 99.374499895111057
111.51506107592134 99.280999938087618
113.13708498984903 99.187500000586155
114.78270178488147 99.091999895923905
116.45225462737648 98.995000021571286
118.14609167516147 98.898500187759339
119.86456615013608 98.802999829544177
121.60803641193078 98.709000192755695
123.3768660326369 98.614000158796756
125.17142387262359 98.517500060717978
126.99208415745765 98.419999831875288
128.83922655594208 98.322500337181395
130.71323625928977 98.227000286913423
132.61450406144883 98.134499902395845
134.5434264405962 98.044000026006898
136.50040564181674 97.954000291355356
138.48584976098482 97.866500228741899
140.50017282986593 97.780999803129248
142.5437949024563 97.697999925406734
144.61714214257822 97.616999994421818
146.7206469127495 97.535999812861192
148.8547478643456 97.456000152541918
151.01989002907314 97.376000253433176
153.216524911774 97.300499904276194
155.4451105845792 97.228000109946606
157.70611178243232 97.157500131963602
160.00000000000236 97.087499999999935
162.3272535900062 97.022500038635570
164.6883578629612 96.961499906129291
167.08380518838874 96.903499903140244
169.51409509748981 96.848000088000475
171.97973438731407 96.792500036495710
174.4812372264439 96.735999884258490
177.01912526221608 96.680999873072523
179.5939277295025 96.631500095860389
182.20618156107355 96.590499941274174
184.85643149956664 96.560499988245752
187.54523021108326 96.542499987004817
190.27313840043846 96.533499983752876
193.04072492808663 96.527500001929582
195.84856692874806 96.526499998200407
198.69724993176072 96.529499999928390
201.58736798318304 96.536999988921309
204.5195237696723 96.544999980344016
207.49432874416505 96.554000015776012
210.5124032533856 96.564499993656980
213.57437666720915 96.578000025632633
216.68088750990657 96.591999975347079
219.83258359329807 96.605500010581551
223.03012215184378 96.619000005701622
226.2741699796992 96.634999999900231
229.5654035697641 96.656500031590852
232.90450925475412 96.680499994440396
236.2921833503241 96.704499946001249
239.72913230027333 96.727500041707259
243.21607282386276 96.750499952836350
246.75373206527502 96.770499968240642
250.34284774524843 96.786999989984679
253.9841683149166 96.801000019872248
257.67845311188546 96.809999970033530
261.42647251858085 96.817499980495001
265.22900812289896 96.824000006435440
269.08685288119375 96.829499999846576
273.0008112836349 96.829500003237285
276.97169952197106 96.825500013146069
281.00034565973334 96.820499988140313
285.0875898049141 96.814999993022383
289.23428428515797 96.808999998467073
293.44129382550057 96.803499983827507
297.7094957286928 96.795500015277185
302.0397800581479 96.787000027504888
306.4330498235497 96.782999993443582
310.89022116916016 96.778000007635200
315.41222356486645 96.770000014744667
320.00000000000654 96.763999999999982
324.6545071800142 96.759000002414723
329.3767157259242 96.754499992955118
334.16761037677935 96.749499992384202
339.02819019498156 96.746000003200010
343.95946877463007 96.749499995731171
348.9624744528898 96.756000011322698
354.03825052443415 96.758999995507963
359.187855459007 96.755000012237502
364.4123631221491 96.746999987909390
369.71286299913527 96.740999997201371
375.0904604221685 96.735999990548962
380.54627680087896 96.727499972183878
386.08144985617537 96.713000003294439
391.6971338574982 96.693500035991917
397.3944998635236 96.669500004968882
403.1747359663683 96.641000040160208
409.0390475393468 96.602500100736904
414.9886574883323 96.554499904087237
421.0248065067734 96.498500042277527
427.1487533344206 96.437499881474750
433.3617750198154 96.359000151439304
439.6651671865984 96.252499881549937
446.06024430368984 96.127499952961642
452.54833995940066 95.993000000854181
459.13080713953053 95.841999771996370
465.8090185095106 95.669000066885388
472.58436670065066 95.457500471046671
479.45826460054917 95.213999557540149
486.432145647728 94.973000454036665
493.50746413055253 94.715500480278195
500.6856954904994 94.429500139324631
507.9683366298358 94.158499520489386
515.3569062237735 93.896500992638991
522.8529450371643 93.631500732830659
530.4580162458005 93.391499761888696
538.1737057623901 93.174500006505212
546.0016225672724 92.996500540625803
553.9433990439449 92.858500328651985
562.0006913194694 92.766499817886114
570.1751796098309 92.697999942694395
578.4685685703187 92.646999994193493
586.8825876510039 92.626000034655334
595.4189914573883 92.652999933798924
604.0795601162986 92.721499742141631
612.8660996471021 92.809000121068777
621.780442338323 92.918999804981510
630.8244471297356 93.073999706257098
640.0000000000159 93.273000000000380
649.3090143600314 93.499499836535406
658.7534314518515 93.730500315611010
668.3352207535618 93.954000364313458
678.0563803899662 94.174499652798332
687.9189375492632 94.376999853216262
697.9249489057827 94.545500305360207
708.0765010488715 94.678500257781494
718.3757109180171 94.783499796041809
728.8247262443015 94.869500138464673
739.425725998274 94.944000038061418
750.1809208443404 95.013500082696652
761.0925536017613 95.081500142743081
772.1628997123541 95.144499981653681
783.3942677149998 95.203499900768918
794.7889997270506 95.259499993877867
806.34947193274 95.310499935067753
818.0780950786972 95.355499890696080
829.9773149766683 95.391000046500594
842.0496130135506 95.415999983682369
854.2975066688449 95.430500014001097
866.7235500396347 95.436999991195393
879.3303343732008 95.438999999029093
892.1204886073838 95.436499998265219
905.0966799188055 95.432500000024930
918.2616142790653 95.432500003895129
931.6180370190256 95.437999997027319
945.1687334013056 95.447999976868246
958.9165292011028 95.462000032640475
972.8642912954606 95.482999952500293
987.0149282611097 95.514999936567051
1001.3713909810035 95.556999975511673
1015.9366732596762 95.610000120340530
1030.7138124475518 95.677999738835069
1045.7058900743334 95.757499766063148
1060.916032491606 95.847000106184794
1076.3474115247852 95.947499996870164
1092.0032451345498 96.056999643899161
1107.8867980878947 96.172499682350264
1124.0013826389438 96.295500309032178
1140.350359219667 96.422500129198113
1156.9371371406426 96.546500023600714
1173.765175302013 96.674500303962247
1190.837982914782 96.809999761207834
1208.1591202326028 96.947999525540695
1225.73219929421 97.086000169016856
1243.5608846766518 97.228499772059052
1261.648894259477 97.373999744723477
1280.0000000000375 97.519500000000292
1298.6180287200684 97.661499899078422
1317.5068629037087 97.803000200074905
1336.6704415071292 97.945000237454380
1356.112760779938 98.092999752311542
1375.8378750985323 98.245999877102605
1395.8498978115715 98.389000285869159
1416.153002097749 98.519000299963992
1436.7514218360407 98.648999724390109
1457.6494524886093 98.785000247778939
1478.8514519965543 98.919000072204796
1500.3618416886875 99.047500151216724
1522.1851072035295 99.176000286239173
1544.3257994247153 99.306499961531955
1566.788535430007 99.435999781007297
1589.5779994541087 99.560999980775890
1612.6989438654878 99.683499836307789
1636.156190157402 99.805499684798036
1659.9546299533442 99.931500212574178
1684.099226027109 100.057999912444757
1708.5950133376978 100.178500203460743
1733.4471000792773 100.298499786928488
1758.6606687464096 100.421000112731932
1784.2409772147755 100.541500047402849
1810.193359837619 100.663500003959044
1836.5232285581387 100.787500166993212
1863.2360740380593 100.911999953923470
1890.3374668026197 101.035499741344978
1917.833058402214 101.157500219416619
1945.7285825909298 101.278499760522337
1974.0298565222283 101.406999767191593
2002.7427819620161 101.541499924865377
2031.8733465193618 101.677500258293122
2061.4276248951132 101.817499473991802
2091.411780148677 101.964499582690621
2121.832064983222 102.108000161343540
2152.694823049581 102.258999995213244
2184.0064902691106 102.442499375205003
2215.7735961758003 102.644499453534848
2248.002765277899 102.835000428265090
2280.7007184393456 103.009000175042686
2313.874274281297 103.175500030718439
2347.530350604038 103.339000376359195
2381.6759658295764 103.504999711650512
2416.318240465218 103.678999403364060
2451.4643985884327 103.848000197522452
2487.1217693533167 104.006499753064048
2523.2977885189675 104.159499734232739
2560.0000000000887 104.308000000000334
2597.236057440151 104.448999901210627
2635.0137258074315 104.583000177531289
2673.340883014273 104.706500190288821
2712.225521559891 104.819499820013078
2751.6757501970797 104.914499929980593
2791.699795623158 104.994000146756235
2832.3060041955137 105.056000114829970
2873.502843672097 105.099999918569807
2915.2989049772345 105.135000061944737
2957.7029039931244 105.167500012337172
3000.723683377391 105.184499994208068
3044.370214407075 105.173999951430659
3088.6515988494466 105.150500006835159
3133.57707086003 105.128000035928480
3179.1559989082334 105.117000001085231
3225.3978877309914 105.121499990758650
3272.3123803148205 105.123000007625848
3319.9092599067053 105.097999923606139
3368.198452054235 105.046000040625614
3417.190026675413 104.976499866794143
3466.8942001585724 104.896500144492606
3517.3213374928373 104.804499903920089
3568.4819544295697 104.700499955757309
3620.386719675257 104.584999998417061
3673.0464571162966 104.461999839306401
3726.472148076138 104.342500043475383
3780.6749336052594 104.226500248188444
3835.6661168044484 104.102499769703172
3891.45716518188 103.976500245161816
3948.059713044477 103.860000202596581
4005.4855639240527 103.750500060107640
4063.746693038744 103.644999800152732
4122.855249790247 103.538000399085462
4182.823560297375 103.434000287605073
4243.664129966465 103.347499916012922
4305.389646099183 103.272500002270618
4368.012980538242 103.195000252507811
4431.5471923516225 103.119000200719739
4496.00553055582 103.050999857977047
4561.401436878714 102.995499952432851
4627.748548562617 102.952499992720163
4695.060701208099 102.918499934278202
4763.351931659176 102.893500036565911
4832.63648093046 102.890499986305088
4902.928797176889 102.912500042447121
4974.243538706657 102.952499928768489
5046.595577037959 103.023499862958943
5120.000000000202 103.127500000000339
5194.472114880326 103.253499906185667
5270.027451614888 103.405500243753337
5346.6817660285715 103.584500311404639
5424.451043119808 103.779999673051350
5503.351500394186 103.972499852959288
5583.399591246343 104.145500330749172
5664.612008391055 104.285500232003471
5747.005687344222 104.369999854689809
5830.597809954497 104.396499983602865
5915.405807986278 104.376999975325631
6001.447366754812 104.324999920071278
6088.740428814181 104.252499812345746
6177.303197698925 104.165500025334438
6267.154141720092 104.069500167030995
6358.3119978165005 103.975000014573055
6450.795775462017 103.888500109575872
6544.624760629676 103.820000165226787
6639.818519813445 103.767499931483741
6736.396904108505 103.729500024876543
6834.380053350861 103.700999948404487
6933.788400317181 103.666500067894106
7034.642674985712 103.607999919140639
7136.963908859177 103.511499943747765
7240.773439350552 103.353499997117169
7346.092914232631 103.101999543665528
7452.944296152315 102.721500154950604
7561.349867210557 102.187001219729311
7671.332233608935 101.502998589496713
7782.914330363799 100.702501629375035
7896.119426088994 99.825001587722227
8010.971127848146 98.935500484322759
8127.49338607753 98.085498452125989
8245.710499580537 97.276002948797768
8365.647120594791 96.523002081382060
8487.328259932974 95.847499328658159
8610.77929219841 95.255500022167780
8736.025961076528 94.744001585597971
8863.094384703289 94.316001092430511
8992.011061111683 93.964499265398445
9122.802873757471 93.678999737852024
9255.497097125279 93.441999958949708
9390.121402416245 93.249999632864359
9526.7038633184 93.097000250737608
9665.272961860968 92.976000386881353
9805.857594353829 92.903499966042290
9948.487077413367 92.885500012719262
10093.19115407597 92.883000003469391
10240.000000000457 92.880500000000012
10388.944229760706 92.898499980099999
10540.05490322983 92.969500169077506
10693.363532057198 93.105000296450555
10848.902086239672 93.302999648282594
11006.703000788428 93.557499790590001
11166.799182492743 93.864500764446888
11329.224016782166 94.229500963000305
11494.0113746885 94.656499079797470
11661.195619909053 95.151501025732472
11830.811615972614 95.741500368175309
12002.894733509682 96.453000947606881
12177.48085762842 97.306502140374434
12354.606395397908 98.318499706459562
12534.308283440243 99.421998088614686
12716.62399563306 100.379999868530717
12901.591550924093 100.830999624861505
13089.249521259411 100.520001291310734
13279.637039626952 99.472997607720771
13472.793808217073 97.964001116258274
13668.760106701786 96.300997169125438
13867.576800634426 94.688002750580992
14069.285349971487 93.230498759521879
14273.927817718419 91.984499569002338
14481.54687870117 90.979499985363134
14692.18582846533 90.198499148723641
14905.888592304698 89.597000207715368
15122.699734421185 89.167000817035557
15342.664467217943 88.917999814119696
15565.828660727671 88.872999976357335
15792.238852178061 89.079999514217803
16021.942255696367 89.528999726654135
16254.986772155136 90.138001500740472
16491.42099916115 91.021496416018863
16731.294241189662 92.069997053261091
16974.65651986603 92.611999580959704
17221.558584396902 91.838000045187769
17472.051922153143 89.398509268158222
17726.188769406665 85.441011087918611
17984.022122223458 82.951502299303201
18245.605747515034 84.082001035361372
18510.99419425065 84.604999802104430
18780.242804832582 83.036491542281397
19053.40772663689 78.874507978992114
19330.545923722028 75.273010123594091
19611.71518870775 74.427498957013057
19896.974154826825 73.444501754574659
20186.382308152035 71.933502874391806
