20 104.586999999999989
20.290906698750476 104.636939149749338
20.586044732869844 104.686174129897864
20.885475648548283 104.734651896515317
21.189261887185914 104.781353341524039
21.49746679841394 104.826754554904426
21.810154653305165 104.872421784353804
22.12739065777668 104.916356977122064
22.449240966187475 104.959983372270102
22.77577269513385 105.002471493463375
23.107053937445478 105.043168091491353
23.44315377638505 105.082224153909777
23.784142300054445 105.119334941505713
24.130090616010463 105.153708194468265
24.481070866093134 105.183032999457225
24.837156241469714 105.209600898905876
25.1984209978975 105.234145391110715
25.56494047120865 105.258633509640362
25.936791093020236 105.283733420111759
26.3140504066728 105.309483485078715
26.69679708340074 105.336767788546553
27.08511093873791 105.365383274127765
27.47907294916184 105.395628130130362
27.878765268980047 105.427301221518405
28.284271247461966 105.459457428549499
28.695675446220072 105.491958360251388
29.11306365684382 105.524140583292763
29.536522918790062 105.554191375127402
29.966141537533712 105.579968492252021
30.402009102982383 105.601093757826646
30.844216508158908 105.621129174419679
31.29285596815558 105.639714238726214
31.74802103936409 105.656928757417106
32.20980663898519 105.673133425725496
32.67830906482211 105.688705890074303
33.153626015361866 105.703455154445493
33.63585661014871 105.716896415253714
34.125101410453844 105.729002433850894
34.62146244024586 105.740429248804915
35.12504320746613 105.750000691319457
35.635948725613716 105.757767333432980
36.15428553564419 105.764197140892094
36.68016172818701 105.769621455553676
37.21368696608603 105.773995808762606
37.754972507267915 105.777456983674398
38.30413122794313 105.780208260455879
38.86127764614443 105.781302394089508
39.4265279456077 105.782362239725813
40.000000000000206 105.783000000000001
40.58181339750116 105.783484846114078
41.1720894657399 105.783023259495593
41.77095129709678 105.782524206499772
42.37852377437204 105.781260305825910
42.9949335968281 105.777287985650418
43.62030930661056 105.768695369423995
44.25478131555359 105.756800680627634
44.89848193237519 105.743614966792080
45.55154539026795 105.731079547917290
46.21410787489121 105.719264884634754
46.88630755277036 105.708205373557917
47.56828460010916 105.697829408527554
48.260181232021196 105.685916755823627
48.962141732186545 105.672569949733358
49.674312482939705 105.657327993560500
50.39684199579528 105.640326964261192
51.129880942417586 105.620839185487512
51.873582186040764 105.596924642167664
52.628100813345895 105.569713799650117
53.393594166801776 105.541978190280417
54.17022187747612 105.514277773264752
54.95814589832399 105.486137669863183
55.75753053796041 105.457289528985854
56.56854249492426 105.428885283925126
57.39135089244048 105.401085420549464
58.226127313687975 105.373424734991460
59.073045837580466 105.344943395684680
59.932283075067765 105.314870092372630
60.804018205965114 105.283853586277587
61.68843301631817 105.251501069392376
62.58571193631152 105.217794752171557
63.49604207872855 105.182902379968951
64.41961327797075 105.146295855603199
65.35661812964459 105.107522038554919
66.3072520307241 105.067134536663502
67.27171322029778 105.025180474917050
68.25020282090806 104.982491075880048
69.2429248804921 104.938446917937611
70.25008641493265 104.892496024913100
71.27189745122783 104.845220819792303
72.30857107128878 104.796651445185063
73.36032345637442 104.747744959278577
74.42737393217246 104.697699738221814
75.50994501453623 104.646065073632826
76.60826245588666 104.593057848752039
77.72255529228926 104.538629055040360
78.85305589121582 104.483413665087397
80.00000000000082 104.427499999999952
81.16362679500274 104.369318514796149
82.34417893148023 104.309850966488568
83.541902594194 104.247901336298384
84.75704754874454 104.185052574696300
85.98986719365665 104.120531842412646
87.24061861322157 104.055467848618463
88.50956263110764 103.988993180551290
89.79696386475084 103.920760915168216
91.10309078053635 103.851168344625592
92.42821574978288 103.779865296861004
93.77261510554118 103.706985263156582
95.13656920021877 103.632045579185331
96.52036246404286 103.556133505735687
97.92428346437356 103.477674906596931
99.34862496587989 103.398097123383621
100.79368399159105 103.321522116428852
102.25976188483567 103.256629048376240
103.74716437208203 103.198079779736972
105.25620162669229 103.108355198600435
106.78718833360406 102.981865861642021
108.34044375495276 102.857328493398356
109.9162917966485 102.762394620544228
111.51506107592134 102.679112872692826
113.13708498984903 102.596198276018882
114.78270178488147 102.512136561366233
116.45225462737648 102.421786003214919
118.14609167516147 102.325874965620244
119.86456615013608 102.224418798381436
121.60803641193078 102.123757900525504
123.3768660326369 102.030689679454554
125.17142387262359 101.944628773477177
126.99208415745765 101.867324549544236
128.83922655594208 101.787755246950638
130.71323625928977 101.702353947612366
132.61450406144883 101.610621170912196
134.5434264405962 101.513964534580339
136.50040564181674 101.415604008035984
138.48584976098482 101.311521188026333
140.50017282986593 101.201490494357373
142.5437949024563 101.089091280364897
144.61714214257822 100.973440040015618
146.7206469127495 100.855299643503486
148.8547478643456 100.739156464043958
151.01989002907314 100.625169696494012
153.216524911774 100.510667484658327
155.4451105845792 100.390950652445156
157.70611178243232 100.261292850757840
160.00000000000236 100.130999999999872
162.3272535900062 100.004397404703667
164.6883578629612 99.866324557657876
167.08380518838874 99.713386184830085
169.51409509748981 99.552361266507177
171.97973438731407 99.386169955417557
174.4812372264439 99.213105889039497
177.01912526221608 99.040103307221756
179.5939277295025 98.883958263959357
182.20618156107355 98.768664083371561
184.85643149956664 98.707957511108930
187.54523021108326 98.697997532321921
190.27313840043846 98.731446066250356
193.04072492808663 98.799681022914513
195.84856692874806 98.877374746447202
198.69724993176072 98.935000949031007
201.58736798318304 98.959055787941139
204.5195237696723 98.958934920767760
207.49432874416505 98.948520794604718
210.5124032533856 98.944764470462275
213.57437666720915 98.955159071669641
216.68088750990657 98.980287543834208
219.83258359329807 99.005702522848054
223.03012215184378 99.012302713765735
226.2741699796992 98.997701781812168
229.5654035697641 98.955729215500043
232.90450925475412 98.893346154408079
236.2921833503241 98.807661453652685
239.72913230027333 98.703693747916731
243.21607282386276 98.598260897210963
246.75373206527502 98.496110986615193
250.34284774524843 98.393100271355962
253.9841683149166 98.287957139906780
257.67845311188546 98.180365053116333
261.42647251858085 98.069490751637048
265.22900812289896 97.955687008343745
269.08685288119375 97.841039168366166
273.0008112836349 97.731978500983672
276.97169952197106 97.627357274869013
281.00034565973334 97.521190390659413
285.0875898049141 97.407486172598965
289.23428428515797 97.288476041015969
293.44129382550057 97.185973724483290
297.7094957286928 97.108315664923879
302.0397800581479 97.049277611809487
306.4330498235497 96.995992385509552
310.89022116916016 96.940858513031657
315.41222356486645 96.904634330513787
320.00000000000654 96.894999999999982
324.6545071800142 96.890810943537986
329.3767157259242 96.856361617337797
334.16761037677935 96.793570215762770
339.02819019498156 96.717548956880293
343.95946877463007 96.630729562056658
348.9624744528898 96.530373026270468
354.03825052443415 96.420158488462448
359.187855459007 96.303935681080532
364.4123631221491 96.179162048756211
369.71286299913527 96.047649711321526
375.0904604221685 95.911660951941059
380.54627680087896 95.770589128434409
386.08144985617537 95.629331173653156
391.6971338574982 95.495617354348781
397.3944998635236 95.367236602893300
403.1747359663683 95.247976158011568
409.0390475393468 95.131485319021124
414.9886574883323 95.021945658326274
421.0248065067734 94.929165112158557
427.1487533344206 94.851863713321379
433.3617750198154 94.788244024821665
439.6651671865984 94.740841580473699
446.06024430368984 94.714596381645691
452.54833995940066 94.714841845922862
459.13080713953053 94.736318286210945
465.8090185095106 94.770219274638805
472.58436670065066 94.813125838318570
479.45826460054917 94.854794245188884
486.432145647728 94.889887869979560
493.50746413055253 94.915276124456938
500.6856954904994 94.935542814853619
507.9683366298358 94.951928757417136
515.3569062237735 94.970392265559425
522.8529450371643 94.987799635972337
530.4580162458005 94.996017178814213
538.1737057623901 95.022116679901075
546.0016225672724 95.072510546687269
553.9433990439449 95.124375018666143
562.0006913194694 95.178304770104347
570.1751796098309 95.232597825009378
578.4685685703187 95.189886871862853
586.8825876510039 95.089085066711448
595.4189914573883 94.989287740978824
604.0795601162986 94.927241429622029
612.8660996471021 94.936049869865741
621.780442338323 94.998290586776932
630.8244471297356 95.060210012083814
640.0000000000159 95.101500000000030
649.3090143600314 95.118256225848057
658.7534314518515 95.117749313709623
668.3352207535618 95.114165911698578
678.0563803899662 95.117931009214487
687.9189375492632 95.132066246956271
697.9249489057827 95.155708619709742
708.0765010488715 95.190075403775921
718.3757109180171 95.237622197952390
728.8247262443015 95.294035994343659
739.425725998274 95.354226638190156
750.1809208443404 95.412934757695751
761.0925536017613 95.469311526942448
772.1628997123541 95.522469214012773
783.3942677149998 95.571837066014041
794.7889997270506 95.616392998999189
806.34947193274 95.654812977128756
818.0780950786972 95.686260146146168
829.9773149766683 95.712837500336150
842.0496130135506 95.738105427653792
854.2975066688449 95.764848452782758
866.7235500396347 95.794127200097563
879.3303343732008 95.826408419526302
892.1204886073838 95.864548213923385
905.0966799188055 95.906276571399417
918.2616142790653 95.949229830747754
931.6180370190256 95.991617730713116
945.1687334013056 96.032110108528741
958.9165292011028 96.069777411202949
972.8642912954606 96.108085729741276
987.0149282611097 96.149120559532477
1001.3713909810035 96.193754155400811
1015.9366732596762 96.244777915480682
1030.7138124475518 96.304635676108887
1045.7058900743334 96.371156286917909
1060.916032491606 96.444110696874418
1076.3474115247852 96.521916712493891
1092.0032451345498 96.602830044008670
1107.8867980878947 96.689551245943392
1124.0013826389438 96.784952893904659
1140.350359219667 96.883916633878925
1156.9371371406426 96.986929311153531
1173.765175302013 97.105783343154371
1190.837982914782 97.242619635834643
1208.1591202326028 97.375882507317584
1225.73219929421 97.498444280672928
1243.5608846766518 97.625710735478407
1261.648894259477 97.754207149242291
1280.0000000000375 97.886500000000282
1298.6180287200684 98.025869243561658
1317.5068629037087 98.168053530648933
1336.6704415071292 98.322530576207754
1356.112760779938 98.487264104668469
1375.8378750985323 98.657101672724849
1395.8498978115715 98.829309121179520
1416.153002097749 99.001492867725972
1436.7514218360407 99.175380728968634
1457.6494524886093 99.350184477555914
1478.8514519965543 99.522925093253676
1500.3618416886875 99.687134207493642
1522.1851072035295 99.846007580441693
1544.3257994247153 100.002553627949993
1566.788535430007 100.154983187381049
1589.5779994541087 100.306214796397114
1612.6989438654878 100.459828945021457
1636.156190157402 100.618531464479773
1659.9546299533442 100.782585131876203
1684.099226027109 100.949966644107604
1708.5950133376978 101.120165093363880
1733.4471000792773 101.296325946575550
1758.6606687464096 101.481628228972994
1784.2409772147755 101.676209983186652
1810.193359837619 101.878415941126931
1836.5232285581387 102.084150718182315
1863.2360740380593 102.292506098977626
1890.3374668026197 102.504438990396494
1917.833058402214 102.715887905024857
1945.7285825909298 102.922647796217433
1974.0298565222283 103.125092578438256
2002.7427819620161 103.320236656687712
2031.8733465193618 103.508145970862046
2061.4276248951132 103.691779893104950
2091.411780148677 103.875829502877195
2121.832064983222 104.054759563906032
2152.694823049581 104.225210729755844
2184.0064902691106 104.394334560683006
2215.7735961758003 104.560536850353174
2248.002765277899 104.724080170440402
2280.7007184393456 104.882506757894220
2313.874274281297 105.040171564931470
2347.530350604038 105.202106545449709
2381.6759658295764 105.374631224022309
2416.318240465218 105.554942733116803
2451.4643985884327 105.736736737783360
2487.1217693533167 105.915111307008701
2523.2977885189675 106.084878604830763
2560.0000000000887 106.245500000000362
2597.236057440151 106.396505173298578
2635.0137258074315 106.541551700541334
2673.340883014273 106.681443656776025
2712.225521559891 106.816566773303634
2751.6757501970797 106.945154294385588
2791.699795623158 107.067891881760062
2832.3060041955137 107.184425991873297
2873.502843672097 107.294902308237283
2915.2989049772345 107.398952426696496
2957.7029039931244 107.496599069345635
3000.723683377391 107.586356906332611
3044.370214407075 107.667720712119177
3088.6515988494466 107.742842558159111
3133.57707086003 107.810302612589794
3179.1559989082334 107.868195638700797
3225.3978877309914 107.916874014467140
3272.3123803148205 107.953387428188904
3319.9092599067053 107.974579129778533
3368.198452054235 107.979316185753490
3417.190026675413 107.970171091730634
3466.8942001585724 107.954424913947676
3517.3213374928373 107.936398251627935
3568.4819544295697 107.908768895089239
3620.386719675257 107.858404998815672
3673.0464571162966 107.777172660621360
3726.472148076138 107.661907958694229
3780.6749336052594 107.510941452503957
3835.6661168044484 107.335071963008119
3891.45716518188 107.127073661119638
3948.059713044477 106.901724767441692
4005.4855639240527 106.657817805701455
4063.746693038744 106.400639881325645
4122.855249790247 106.134603788447379
4182.823560297375 105.864076334691561
4243.664129966465 105.596377828147553
4305.389646099183 105.335401905999277
4368.012980538242 105.082014311829084
4431.5471923516225 104.839681046261319
4496.00553055582 104.603546526225884
4561.401436878714 104.370350654419951
4627.748548562617 104.138042362315232
4695.060701208099 103.918355778561704
4763.351931659176 103.722215541792480
4832.63648093046 103.554210660427430
4902.928797176889 103.416198576469839
4974.243538706657 103.304056585568574
5046.595577037959 103.230184981874231
5120.000000000202 103.189428571428508
5194.472114880326 103.188576765012641
5270.027451614888 103.231645931856349
5346.6817660285715 103.315478056874809
5424.451043119808 103.434884280754531
5503.351500394186 103.584440836497023
5583.399591246343 103.753016626289053
5664.612008391055 103.930000298376413
5747.005687344222 104.101511374688442
5830.597809954497 104.257680408325371
5915.405807986278 104.390372114783190
6001.447366754812 104.495248353826028
6088.740428814181 104.568681278729230
6177.303197698925 104.623321735893697
6267.154141720092 104.671255924403056
6358.3119978165005 104.723487198689895
6450.795775462017 104.787104789351133
6544.624760629676 104.865554779779302
6639.818519813445 104.958508538403180
6736.396904108505 105.063492470683698
6834.380053350861 105.178287465621565
6933.788400317181 105.299039254375856
7034.642674985712 105.408331980737287
7136.963908859177 105.480731104910774
7240.773439350552 105.490525429030555
7346.092914232631 105.406583172072459
7452.944296152315 105.197197880369316
7561.349867210557 104.832123028944608
7671.332233608935 104.316172715150856
7782.914330363799 103.663733548032482
7896.119426088994 102.898701325130162
8010.971127848146 102.065087932119923
8127.49338607753 101.207451110261331
8245.710499580537 100.362653429920627
8365.647120594791 99.554495512308876
8487.328259932974 98.790775984083353
8610.77929219841 98.132255037494986
8736.025961076528 97.716286954126701
8863.094384703289 97.660013819185906
8992.011061111683 97.970273287075457
9122.802873757471 98.521729974461010
9255.497097125279 99.197416893970271
9390.121402416245 99.932354613692070
9526.7038633184 100.709437342858081
9665.272961860968 101.502702713197806
9805.857594353829 102.254424765854168
9948.487077413367 102.885675248041451
10093.19115407597 103.289641813327648
10240.000000000457 103.415899999999993
10388.944229760706 103.227493511758496
10540.05490322983 102.742856098170364
10693.363532057198 102.088027752536888
10848.902086239672 101.354748027774363
11006.703000788428 100.634337858981638
11166.799182492743 99.993333086089891
11329.224016782166 99.486789150492612
11494.0113746885 99.092825639208797
11661.195619909053 98.890595146606870
11830.811615972614 98.807761326632146
12002.894733509682 98.895788459833796
12177.48085762842 99.092829796612023
12354.606395397908 99.436053343121984
12534.308283440243 99.843440933483805
12716.62399563306 100.280179349926925
12901.591550924093 100.606455716432777
13089.249521259411 100.853896154460614
13279.637039626952 100.894518683624767
13472.793808217073 100.700798309318571
13668.760106701786 100.334633560454478
13867.576800634426 99.894203052631227
14069.285349971487 99.519121898536781
14273.927817718419 99.255133115143252
14481.54687870117 99.231031211131807
14692.18582846533 99.541034812172256
14905.888592304698 100.150614794897763
15122.699734421185 100.937838771147682
15342.664467217943 101.575741897794416
15565.828660727671 101.600184042633572
15792.238852178061 100.621124979442925
16021.942255696367 98.611083376215930
16254.986772155136 96.070444817944136
16491.42099916115 93.839451451915394
16731.294241189662 92.068201685385958
16974.65651986603 90.462695673115903
17221.558584396902 89.102799230100700
17472.051922153143 88.049301507591167
17726.188769406665 87.280052568720663
17984.022122223458 86.697087419597295
18245.605747515034 85.919288219514527
18510.99419425065 84.047450220699716
18780.242804832582 80.619227187633584
19053.40772663689 77.542307132565270
19330.545923722028 76.334721224106204
19611.71518870775 77.248315158267019
19896.974154826825 78.572108428469420
20186.382308152035 79.331437022669121
