20 89.230500000000006
20.290906698750476 89.401165832153055
20.586044732869844 89.570022265549710
20.885475648548283 89.735487399449141
21.189261887185914 89.898736695334122
21.49746679841394 90.056855354843378
21.810154653305165 90.213349300206715
22.12739065777668 90.362918179221708
22.449240966187475 90.510501816895811
22.77577269513385 90.651571644877919
23.107053937445478 90.787286446245787
23.44315377638505 90.918137224196215
23.784142300054445 91.046132651020145
24.130090616010463 91.173266414705182
24.481070866093134 91.299506529763036
24.837156241469714 91.425504494529378
25.1984209978975 91.550955244274633
25.56494047120865 91.675961372097333
25.936791093020236 91.800141164990862
26.3140504066728 91.923876097744539
26.69679708340074 92.046729070333981
27.08511093873791 92.169192716930922
27.47907294916184 92.290117157287256
27.878765268980047 92.410281124107797
28.284271247461966 92.528938661763974
28.695675446220072 92.646680475834060
29.11306365684382 92.763366378318352
29.536522918790062 92.878605527641781
29.966141537533712 92.991595224371366
30.402009102982383 93.103502274071360
30.844216508158908 93.212972348159411
31.29285596815558 93.320562222476752
31.74802103936409 93.426296818014379
32.20980663898519 93.529947653937768
32.67830906482211 93.631123212677466
33.153626015361866 93.730032455103100
33.63585661014871 93.826220325758698
34.125101410453844 93.919518659523504
34.62146244024586 94.010120314363775
35.12504320746613 94.099257518099108
35.635948725613716 94.187883180805557
36.15428553564419 94.276574255523869
36.68016172818701 94.364726685150856
37.21368696608603 94.452117288505931
37.754972507267915 94.538384928087012
38.30413122794313 94.623931924875308
38.86127764614443 94.708389133071563
39.4265279456077 94.792116938339305
40.000000000000206 94.875000000000028
40.58181339750116 94.955969301049919
41.1720894657399 95.036208702219497
41.77095129709678 95.114699579535426
42.37852377437204 95.191228724880034
42.9949335968281 95.266717121671149
43.62030930661056 95.340636272845373
44.25478131555359 95.412214560794851
44.89848193237519 95.482502172681222
45.55154539026795 95.550154531663182
46.21410787489121 95.616363669118385
46.88630755277036 95.681260949678091
47.56828460010916 95.746438253098503
48.260181232021196 95.811476401113936
48.962141732186545 95.875092632193031
49.674312482939705 95.938273654433630
50.39684199579528 95.999487532134907
51.129880942417586 96.059390517692663
51.873582186040764 96.117819156038635
52.628100813345895 96.174572400699759
53.393594166801776 96.229551626115651
54.17022187747612 96.282857786262269
54.95814589832399 96.333797701040794
55.75753053796041 96.382800270489184
56.56854249492426 96.429622650963211
57.39135089244048 96.474154570960678
58.226127313687975 96.515901856429650
59.073045837580466 96.554312264746841
59.932283075067765 96.587392898390107
60.804018205965114 96.617629188578604
61.68843301631817 96.645787577233236
62.58571193631152 96.672348133643936
63.49604207872855 96.696897094046946
64.41961327797075 96.720280525310272
65.35661812964459 96.742880526046648
66.3072520307241 96.765066796706662
67.27171322029778 96.787249404066841
68.25020282090806 96.810004867701792
69.2429248804921 96.833708734691555
70.25008641493265 96.857001901128513
71.27189745122783 96.879345795201402
72.30857107128878 96.901942849104003
73.36032345637442 96.925967601224798
74.42737393217246 96.951256974372143
75.50994501453623 96.977323701993882
76.60826245588666 97.003735538404527
77.72255529228926 97.030135879508492
78.85305589121582 97.056171587609981
80.00000000000082 97.081500000000005
81.16362679500274 97.104287748371519
82.34417893148023 97.124803103114616
83.541902594194 97.143929964531594
84.75704754874454 97.161558165002617
85.98986719365665 97.178198262244408
87.24061861322157 97.193807621068231
88.50956263110764 97.208092438767380
89.79696386475084 97.220537317359259
91.10309078053635 97.232152068459868
92.42821574978288 97.241503033260727
93.77261510554118 97.246894662187472
95.13656920021877 97.245930960243157
96.52036246404286 97.239158873165366
97.92428346437356 97.227920360718656
99.34862496587989 97.212870801339278
100.79368399159105 97.193094740126128
102.25976188483567 97.169330793996181
103.74716437208203 97.141023045831091
105.25620162669229 97.106897670729808
106.78718833360406 97.066433934436688
108.34044375495276 97.017705060249924
109.9162917966485 96.961139014674444
111.51506107592134 96.898897529252395
113.13708498984903 96.834332532626775
114.78270178488147 96.770739244588029
116.45225462737648 96.718932301768206
118.14609167516147 96.680404311593449
119.86456615013608 96.667515743116866
121.60803641193078 96.660199933978788
123.3768660326369 96.657205221093420
125.17142387262359 96.651242891600759
126.99208415745765 96.635102905953048
128.83922655594208 96.601379004625414
130.71323625928977 96.555331909057458
132.61450406144883 96.493766211526690
134.5434264405962 96.414496806444220
136.50040564181674 96.332484585610970
138.48584976098482 96.265904467220551
140.50017282986593 96.247670699363539
142.5437949024563 96.295355214390639
144.61714214257822 96.396559959984373
146.7206469127495 96.534315731301859
148.8547478643456 96.682916148795670
151.01989002907314 96.832332631947907
153.216524911774 96.979220559124144
155.4451105845792 97.129246763037457
157.70611178243232 97.287515601205399
160.00000000000236 97.443500000000142
162.3272535900062 97.578015257502358
164.6883578629612 97.681661716534734
167.08380518838874 97.757514155651648
169.51409509748981 97.811893178027788
171.97973438731407 97.848924387667466
174.4812372264439 97.865509938686927
177.01912526221608 97.859115848846244
179.5939277295025 97.836060722704985
182.20618156107355 97.803319639706046
184.85643149956664 97.764624813806421
187.54523021108326 97.720203948284933
190.27313840043846 97.672083508792099
193.04072492808663 97.621726226366349
195.84856692874806 97.568037801582278
198.69724993176072 97.512055001364786
201.58736798318304 97.453458956344747
204.5195237696723 97.392843254798493
207.49432874416505 97.330370041581830
210.5124032533856 97.265983330052222
213.57437666720915 97.199363713321389
216.68088750990657 97.130350252904577
219.83258359329807 97.059308723252471
223.03012215184378 96.985049659969633
226.2741699796992 96.909057005477067
229.5654035697641 96.830430314325667
232.90450925475412 96.749323608134318
236.2921833503241 96.666695416241907
239.72913230027333 96.580771692493158
243.21607282386276 96.494530325051159
246.75373206527502 96.413164162498674
250.34284774524843 96.340457308489988
253.9841683149166 96.276279033449597
257.67845311188546 96.222202623238672
261.42647251858085 96.178952184165965
265.22900812289896 96.141009536663475
269.08685288119375 96.098856437064285
273.0008112836349 96.044862323693195
276.97169952197106 95.980873795925248
281.00034565973334 95.908093294201180
285.0875898049141 95.828686891038274
289.23428428515797 95.742850315297233
293.44129382550057 95.653700441516833
297.7094957286928 95.561432993114494
302.0397800581479 95.466114893706219
306.4330498235497 95.367756378970142
310.89022116916016 95.266011190755464
315.41222356486645 95.163389859216451
320.00000000000654 95.061999999999870
324.6545071800142 94.960997194193695
329.3767157259242 94.862026641328185
334.16761037677935 94.765647792464421
339.02819019498156 94.671255929236850
343.95946877463007 94.579645774546805
348.9624744528898 94.487986717512115
354.03825052443415 94.392677065088193
359.187855459007 94.290742890819871
364.4123631221491 94.177428011312713
369.71286299913527 94.047620997621451
375.0904604221685 93.903408955050736
380.54627680087896 93.747138785917684
386.08144985617537 93.587546099156526
391.6971338574982 93.430360964588331
397.3944998635236 93.276961353507446
403.1747359663683 93.137774756765111
409.0390475393468 93.020063414099809
414.9886574883323 92.932634219721393
421.0248065067734 92.877986930528863
427.1487533344206 92.851388434999194
433.3617750198154 92.859915245929102
439.6651671865984 92.902628719187931
446.06024430368984 92.966334374365886
452.54833995940066 93.037522071561526
459.13080713953053 93.100882206602947
465.8090185095106 93.150306365684443
472.58436670065066 93.180045283452273
479.45826460054917 93.192958264600549
486.432145647728 93.193283927176140
493.50746413055253 93.182309166071235
500.6856954904994 93.164442913528504
507.9683366298358 93.142594990110496
515.3569062237735 93.116623361708292
522.8529450371643 93.088334546758858
530.4580162458005 93.065398853677380
538.1737057623901 93.055562037772276
546.0016225672724 93.060861778763638
553.9433990439449 93.089053082062435
562.0006913194694 93.139605565121741
570.1751796098309 93.205357641976192
578.4685685703187 93.269631406419975
586.8825876510039 93.317977714550324
595.4189914573883 93.356175965829550
604.0795601162986 93.392858020523349
612.8660996471021 93.436568390966613
621.780442338323 93.489651288649696
630.8244471297356 93.549565018125719
640.0000000000159 93.611500000000120
649.3090143600314 93.677128551238226
658.7534314518515 93.744149363308139
668.3352207535618 93.808012456973501
678.0563803899662 93.862504454105817
687.9189375492632 93.906259537706902
697.9249489057827 93.937982351826776
708.0765010488715 93.956922401678185
718.3757109180171 93.963769069913099
728.8247262443015 93.964058763687788
739.425725998274 93.963057427400173
750.1809208443404 93.962000000000003
761.0925536017613 93.962000000000003
772.1628997123541 93.962781761516339
783.3942677149998 93.963968569351735
794.7889997270506 93.964782874988629
806.34947193274 93.965264561330528
818.0780950786972 93.966668864438219
829.9773149766683 93.970105787105524
842.0496130135506 93.976537209760167
854.2975066688449 93.987513757780320
866.7235500396347 94.003767000060975
879.3303343732008 94.024944152027743
892.1204886073838 94.052614473417236
905.0966799188055 94.084378784786864
918.2616142790653 94.119117360971359
931.6180370190256 94.154817791974295
945.1687334013056 94.190220530728311
958.9165292011028 94.223305234802581
972.8642912954606 94.253900012020992
987.0149282611097 94.282529856522217
1001.3713909810035 94.309651355896605
1015.9366732596762 94.338248015823226
1030.7138124475518 94.374217917247748
1045.7058900743334 94.422430178426993
1060.916032491606 94.485263368956339
1076.3474115247852 94.566809037736178
1092.0032451345498 94.664897513120934
1107.8867980878947 94.776218371305220
1124.0013826389438 94.898955313522805
1140.350359219667 95.027802873757338
1156.9371371406426 95.159708786086426
1173.765175302013 95.292290432046968
1190.837982914782 95.422910140105941
1208.1591202326028 95.553153621686363
1225.73219929421 95.678852433188325
1243.5608846766518 95.802072564511008
1261.648894259477 95.919941219735961
1280.0000000000375 96.032500000000212
1298.6180287200684 96.136229017154676
1317.5068629037087 96.240535687099282
1336.6704415071292 96.337268968573326
1356.112760779938 96.433758165860695
1375.8378750985323 96.534961003634905
1395.8498978115715 96.644863180299524
1416.153002097749 96.769763913215826
1436.7514218360407 96.903753596214585
1457.6494524886093 97.051799970316154
1478.8514519965543 97.208848064213754
1500.3618416886875 97.372793417836675
1522.1851072035295 97.541269027611250
1544.3257994247153 97.711808655570309
1566.788535430007 97.883764410685245
1589.5779994541087 98.056709675873066
1612.6989438654878 98.230488100113845
1636.156190157402 98.405055807164771
1659.9546299533442 98.579969706060339
1684.099226027109 98.754650458354092
1708.5950133376978 98.929868395231153
1733.4471000792773 99.106974410562856
1758.6606687464096 99.286163961474443
1784.2409772147755 99.468850216402089
1810.193359837619 99.655799925224358
1836.5232285581387 99.847350033045572
1863.2360740380593 100.045005833804680
1890.3374668026197 100.250178246372016
1917.833058402214 100.465594483713573
1945.7285825909298 100.694132663852898
1974.0298565222283 100.938079154612950
2002.7427819620161 101.198462159214046
2031.8733465193618 101.468859677746082
2061.4276248951132 101.742324830307766
2091.411780148677 102.011141309278628
2121.832064983222 102.272297742609908
2152.694823049581 102.526193325549130
2184.0064902691106 102.776148839275066
2215.7735961758003 103.011647252083350
2248.002765277899 103.250788189746316
2280.7007184393456 103.507249056900122
2313.874274281297 103.765519532919100
2347.530350604038 104.010588971758466
2381.6759658295764 104.252399357389990
2416.318240465218 104.497815565954198
2451.4643985884327 104.735360115736597
2487.1217693533167 104.956591625071781
2523.2977885189675 105.157308058002428
2560.0000000000887 105.340500000000418
2597.236057440151 105.499212468990578
2635.0137258074315 105.635545295164519
2673.340883014273 105.747728623100869
2712.225521559891 105.841396147431766
2751.6757501970797 105.916704190987133
2791.699795623158 105.980342188325324
2832.3060041955137 106.033059445202440
2873.502843672097 106.075917530868168
2915.2989049772345 106.108220375837021
2957.7029039931244 106.130927103517394
3000.723683377391 106.147135690633263
3044.370214407075 106.154718510720357
3088.6515988494466 106.153668550143806
3133.57707086003 106.145400445670731
3179.1559989082334 106.131003840393035
3225.3978877309914 106.113848802662233
3272.3123803148205 106.096690666889813
3319.9092599067053 106.078638110839194
3368.198452054235 106.055808866849631
3417.190026675413 106.026310781860730
3466.8942001585724 105.989977813868393
3517.3213374928373 105.943273315382953
3568.4819544295697 105.880755624710019
3620.386719675257 105.798692302994283
3673.0464571162966 105.691262684061357
3726.472148076138 105.554348542425288
3780.6749336052594 105.385677185759590
3835.6661168044484 105.195752061983313
3891.45716518188 104.977818657212808
3948.059713044477 104.742564317658889
4005.4855639240527 104.487220692916651
4063.746693038744 104.217984650972042
4122.855249790247 103.933342719790033
4182.823560297375 103.636245227694218
4243.664129966465 103.339864738306218
4305.389646099183 103.056053949480400
4368.012980538242 102.788444832712472
4431.5471923516225 102.531173493778439
4496.00553055582 102.286979260415677
4561.401436878714 102.065922596162352
4627.748548562617 101.858222922882476
4695.060701208099 101.670455823416944
4763.351931659176 101.507559104205029
4832.63648093046 101.380440750743873
4902.928797176889 101.302716139482015
4974.243538706657 101.250883151130893
5046.595577037959 101.208498765559654
5120.000000000202 101.182928571428533
5194.472114880326 101.186894422976067
5270.027451614888 101.208884264920030
5346.6817660285715 101.233004529808568
5424.451043119808 101.250937686271385
5503.351500394186 101.261216232185092
5583.399591246343 101.265773732117026
5664.612008391055 101.263269399580452
5747.005687344222 101.254919203771806
5830.597809954497 101.241380438009088
5915.405807986278 101.224803983602399
6001.447366754812 101.209918585620045
6088.740428814181 101.206436474515812
6177.303197698925 101.221971050672508
6267.154141720092 101.264292485032058
6358.3119978165005 101.337938597980269
6450.795775462017 101.439994719327530
6544.624760629676 101.569106512353954
6639.818519813445 101.720094205885658
6736.396904108505 101.878461154929823
6834.380053350861 102.015474258152437
6933.788400317181 102.094771332072952
7034.642674985712 102.073798404639930
7136.963908859177 101.912350949674874
7240.773439350552 101.595095188123111
7346.092914232631 101.130156601984737
7452.944296152315 100.523803984605735
7561.349867210557 99.786514082743849
7671.332233608935 98.967452074540290
7782.914330363799 98.110604276391769
7896.119426088994 97.258649089115920
8010.971127848146 96.448376207837271
8127.49338607753 95.709738782975620
8245.710499580537 95.050905715799246
8365.647120594791 94.479455363645428
8487.328259932974 93.997838998174998
8610.77929219841 93.610661578410685
8736.025961076528 93.321887841274275
8863.094384703289 93.132250537636935
8992.011061111683 93.051033031499628
9122.802873757471 93.083701744253730
9255.497097125279 93.240332477150588
9390.121402416245 93.527532897289007
9526.7038633184 93.965147856690635
9665.272961860968 94.559404654106245
9805.857594353829 95.308778501898473
9948.487077413367 96.215924303346242
10093.19115407597 97.277305956878649
10240.000000000457 98.442300000003712
10388.944229760706 99.622041386389498
10540.05490322983 100.675297630873160
10693.363532057198 101.497349823916068
10848.902086239672 101.984974798351246
11006.703000788428 102.125841281422467
11166.799182492743 102.030319391855500
11329.224016782166 101.835828934624459
11494.0113746885 101.685091279405484
11661.195619909053 101.721165258658885
11830.811615972614 101.887723896320153
12002.894733509682 102.196149791598117
12177.48085762842 102.478077882374862
12354.606395397908 102.534218517448750
12534.308283440243 102.301319812354478
12716.62399563306 101.677460978748741
12901.591550924093 100.818798784731257
13089.249521259411 99.893913073792902
13279.637039626952 99.070171082809196
13472.793808217073 98.441158829320102
13668.760106701786 98.077366308236464
13867.576800634426 98.010283282429825
14069.285349971487 98.260164634017428
14273.927817718419 98.733229805292410
14481.54687870117 99.307731533921071
14692.18582846533 99.595235454041557
14905.888592304698 99.301532471191621
15122.699734421185 98.371559336639024
15342.664467217943 96.951136231931585
15565.828660727671 95.331569206692507
15792.238852178061 93.820318854307970
16021.942255696367 92.622739480110852
16254.986772155136 91.861303783414343
16491.42099916115 91.614939318874093
16731.294241189662 91.847008599319622
16974.65651986603 92.478913673154793
17221.558584396902 93.284017617366501
17472.051922153143 93.802175067468198
17726.188769406665 93.567787885314715
17984.022122223458 92.421682521238552
18245.605747515034 90.687661204273525
18510.99419425065 88.951484108616143
18780.242804832582 87.575967863863042
19053.40772663689 86.263528730220614
19330.545923722028 84.308391194199842
19611.71518870775 81.248351091138034
19896.974154826825 77.224544727328066
20186.382308152035 75.667000000000002
