20 87.547499999999999
20.290906698750476 87.708468909871613
20.586044732869844 88.031486446418825
20.885475648548283 88.366256933626488
21.189261887185914 88.706954335279079
21.49746679841394 88.842721374628979
21.810154653305165 88.878107287524386
22.12739065777668 89.014476138232496
22.449240966187475 89.257289241470232
22.77577269513385 89.462762462220383
23.107053937445478 89.564514606806526
23.44315377638505 89.629348649395197
23.784142300054445 89.659897648627918
24.130090616010463 89.692965023191803
24.481070866093134 89.745444579699665
24.837156241469714 89.827804943982329
25.1984209978975 89.952258535595604
25.56494047120865 90.030875560042730
25.936791093020236 90.098812154252187
26.3140504066728 90.248727382761317
26.69679708340074 90.405365194289459
27.08511093873791 90.515181993294021
27.47907294916184 90.604314529368693
27.878765268980047 90.656376526898015
28.284271247461966 90.669637084989859
28.695675446220072 90.750531257504008
29.11306365684382 90.883366710606452
29.536522918790062 90.909699056116239
29.966141537533712 90.882633083135374
30.402009102982383 90.913992228589933
30.844216508158908 90.994210793434931
31.29285596815558 91.031106996019446
31.74802103936409 91.177538225130945
32.20980663898519 91.431968375921684
32.67830906482211 91.665853010668769
33.153626015361866 91.698585854008869
33.63585661014871 91.565401992542093
34.125101410453844 91.603776975180722
34.62146244024586 91.705079011723200
35.12504320746613 91.735633857530559
35.635948725613716 91.839281898945899
36.15428553564419 91.898502871612820
36.68016172818701 91.882030350603969
37.21368696608603 91.923013948744256
37.754972507267915 91.959059779087170
38.30413122794313 92.001282119721097
38.86127764614443 92.126167586265936
39.4265279456077 92.200356780806985
40.000000000000206 92.144500000000050
40.58181339750116 92.283165988624404
41.1720894657399 92.484393828323007
41.77095129709678 92.680035258588234
42.37852377437204 92.763468419054107
42.9949335968281 92.744766978775985
43.62030930661056 92.774788790529811
44.25478131555359 92.885115567196436
44.89848193237519 92.840635570201144
45.55154539026795 92.746030906332635
46.21410787489121 92.760010996070520
46.88630755277036 92.802308244390971
47.56828460010916 92.808401971574852
48.260181232021196 92.852624331322858
48.962141732186545 92.960495966174562
49.674312482939705 93.146424109471468
50.39684199579528 93.365250091813991
51.129880942417586 93.460999999999999
51.873582186040764 93.458064715588648
52.628100813345895 93.443994803134842
53.393594166801776 93.477049415805709
54.17022187747612 93.593957802509181
54.95814589832399 93.718058881697999
55.75753053796041 93.811525238629642
56.56854249492426 93.865221497261444
57.39135089244048 93.925417791028934
58.226127313687975 94.024811006758512
59.073045837580466 94.163895150662555
59.932283075067765 94.297936159710559
60.804018205965114 94.267937311968723
61.68843301631817 94.181267585550188
62.58571193631152 94.279445916048076
63.49604207872855 94.406576502423945
64.41961327797075 94.484208150205347
65.35661812964459 94.571027646641141
66.3072520307241 94.705370243686900
67.27171322029778 94.792303985084175
68.25020282090806 94.809630780395878
69.2429248804921 94.871325530161684
70.25008641493265 95.049268060720919
71.27189745122783 95.218779180207719
72.30857107128878 95.230165740724630
73.36032345637442 95.160443341996711
74.42737393217246 95.152715061998180
75.50994501453623 95.199886090096811
76.60826245588666 95.253173558106653
77.72255529228926 95.352854663812792
78.85305589121582 95.465246328701681
80.00000000000082 95.502999999999986
81.16362679500274 95.486515245858911
82.34417893148023 95.560811722877418
83.541902594194 95.692822176039201
84.75704754874454 95.796772368396645
85.98986719365665 95.883553539697743
87.24061861322157 95.946829055322581
88.50956263110764 95.966372498251900
89.79696386475084 95.949207148469981
91.10309078053635 95.903755125392024
92.42821574978288 95.887245450108907
93.77261510554118 95.940830750280981
95.13656920021877 96.063225993921108
96.52036246404286 96.151697686470044
97.92428346437356 96.064244102592042
99.34862496587989 96.031586384775238
100.79368399159105 96.065133326400385
102.25976188483567 96.073824286072949
103.74716437208203 96.060233155962607
105.25620162669229 96.148295696872268
106.78718833360406 96.237857409448864
108.34044375495276 96.163494589076493
109.9162917966485 96.050185352899263
111.51506107592134 96.060445857336390
113.13708498984903 96.132957744355593
114.78270178488147 96.054221781121555
116.45225462737648 95.995513818086579
118.14609167516147 96.035825730211343
119.86456615013608 96.027894303456520
121.60803641193078 95.998219036090319
123.3768660326369 95.944399200775266
125.17142387262359 95.859757327676803
126.99208415745765 95.802579158425431
128.83922655594208 95.731955798464185
130.71323625928977 95.596759384151241
132.61450406144883 95.478311057081186
134.5434264405962 95.403397607120013
136.50040564181674 95.365864351902303
138.48584976098482 95.302450436831251
140.50017282986593 95.232001555468798
142.5437949024563 95.250394154122120
144.61714214257822 95.125128628593743
146.7206469127495 94.911423168483452
148.8547478643456 94.784335219622335
151.01989002907314 94.688458312331193
153.216524911774 94.553629866140540
155.4451105845792 94.425315960504960
157.70611178243232 94.384234595775155
160.00000000000236 94.141999999999740
162.3272535900062 93.890191161561333
164.6883578629612 93.771273209876369
167.08380518838874 93.757000000000005
169.51409509748981 93.742498515298081
171.97973438731407 93.617840255496375
174.4812372264439 93.446520899258346
177.01912526221608 93.200414797781974
179.5939277295025 92.976703998451285
182.20618156107355 92.929762910633556
184.85643149956664 93.002463235386315
187.54523021108326 92.997658718073865
190.27313840043846 92.945007656948775
193.04072492808663 92.872427122071116
195.84856692874806 92.791391559066312
198.69724993176072 92.706864152088116
201.58736798318304 92.627051239089894
204.5195237696723 92.557563969143985
207.49432874416505 92.499594520930586
210.5124032533856 92.488615763698263
213.57437666720915 92.516669390004893
216.68088750990657 92.491010237391038
219.83258359329807 92.443513495320630
223.03012215184378 92.449590366455539
226.2741699796992 92.492677002974688
229.5654035697641 92.473004888116321
232.90450925475412 92.359064987822507
236.2921833503241 92.296727898046228
239.72913230027333 92.322934633789586
243.21607282386276 92.290828088373587
246.75373206527502 92.197964533286523
250.34284774524843 92.151985563923972
253.9841683149166 92.210246693038670
257.67845311188546 92.309358427381937
261.42647251858085 92.374965105621399
265.22900812289896 92.362666024479125
269.08685288119375 92.317809435024884
273.0008112836349 92.408023932867223
276.97169952197106 92.519092013885825
281.00034565973334 92.594501728298667
285.0875898049141 92.615410933971106
289.23428428515797 92.658536556565636
293.44129382550057 92.761479709583810
297.7094957286928 92.808835193165905
302.0397800581479 92.840546975799541
306.4330498235497 92.908861847000338
310.89022116916016 93.081403011458576
315.41222356486645 93.244626135950028
320.00000000000654 93.329500000000081
324.6545071800142 93.383492283288177
329.3767157259242 93.440458260283677
334.16761037677935 93.554690825645551
339.02819019498156 93.643270776256188
343.95946877463007 93.667022990671796
348.9624744528898 93.716153445989391
354.03825052443415 93.864589042673430
359.187855459007 93.965262043981809
364.4123631221491 93.993502034615304
369.71286299913527 93.991258423300778
375.0904604221685 93.977563673011772
380.54627680087896 94.071871356129463
386.08144985617537 94.217810915742788
391.6971338574982 94.292558480307179
397.3944998635236 94.342522049058317
403.1747359663683 94.397009463613244
409.0390475393468 94.478124760629555
414.9886574883323 94.497854918232917
421.0248065067734 94.416417713308590
427.1487533344206 94.334181856660692
433.3617750198154 94.315558589604805
439.6651671865984 94.322926643525619
446.06024430368984 94.320602396835852
452.54833995940066 94.284093944341038
459.13080713953053 94.197702143420344
465.8090185095106 94.082167993992300
472.58436670065066 93.972252135197238
479.45826460054917 93.830093886944155
486.432145647728 93.680470657915890
493.50746413055253 93.581149234237543
500.6856954904994 93.578471538993313
507.9683366298358 93.535686022299714
515.3569062237735 93.450032910969071
522.8529450371643 93.385553309064818
530.4580162458005 93.389864512073942
538.1737057623901 93.452557025861310
546.0016225672724 93.407272386054558
553.9433990439449 93.375733516276000
562.0006913194694 93.466512270920589
570.1751796098309 93.609708739307834
578.4685685703187 93.666933123135209
586.8825876510039 93.738755030093927
595.4189914573883 93.846701073569349
604.0795601162986 93.939742278219597
612.8660996471021 93.967475785462227
621.780442338323 94.029055346425139
630.8244471297356 94.180665926885752
640.0000000000159 94.310500000000161
649.3090143600314 94.407313749344326
658.7534314518515 94.581252869157765
668.3352207535618 94.742114381396092
678.0563803899662 94.771111276077988
687.9189375492632 94.784170300078813
697.9249489057827 94.894090562782765
708.0765010488715 95.006803261013147
718.3757109180171 95.037050853101618
728.8247262443015 95.075181377601638
739.425725998274 95.162475102484890
750.1809208443404 95.162545365545412
761.0925536017613 95.255748895348376
772.1628997123541 95.370210446979712
783.3942677149998 95.428088511200201
794.7889997270506 95.446328749886277
806.34947193274 95.487390515588032
818.0780950786972 95.560104980685679
829.9773149766683 95.616134722633078
842.0496130135506 95.629244443350728
854.2975066688449 95.637203784455693
866.7235500396347 95.710791550283545
879.3303343732008 95.774113817654552
892.1204886073838 95.788519285569350
905.0966799188055 95.809755168154027
918.2616142790653 95.798990217610040
931.6180370190256 95.769727300573265
945.1687334013056 95.788811411303698
958.9165292011028 95.788382162098259
972.8642912954606 95.798542864870626
987.0149282611097 95.811204365133975
1001.3713909810035 95.823839894746811
1015.9366732596762 95.862905450817692
1030.7138124475518 95.876168587077927
1045.7058900743334 95.872505526046666
1060.916032491606 95.892553433092004
1076.3474115247852 95.880604995614590
1092.0032451345498 95.907438209873177
1107.8867980878947 95.907063332054193
1124.0013826389438 95.891113223476168
1140.350359219667 95.928658719635223
1156.9371371406426 96.008085963242578
1173.765175302013 96.023812802516787
1190.837982914782 95.951279774467963
1208.1591202326028 95.921753372425442
1225.73219929421 95.985602169815337
1243.5608846766518 96.023203156047572
1261.648894259477 96.033106371802518
1280.0000000000375 96.019999999999953
1298.6180287200684 95.995264618986198
1317.5068629037087 95.969739705644429
1336.6704415071292 95.982253680469455
1356.112760779938 96.014905788423391
1375.8378750985323 96.021999999999991
1395.8498978115715 95.956619171527265
1416.153002097749 95.969921487284097
1436.7514218360407 95.998869354280316
1457.6494524886093 95.996850547511400
1478.8514519965543 95.985354207034760
1500.3618416886875 96.019714471134762
1522.1851072035295 96.153272856085607
1544.3257994247153 96.222293142458241
1566.788535430007 96.238843082834393
1589.5779994541087 96.294313277947452
1612.6989438654878 96.381502007811548
1636.156190157402 96.498953369401079
1659.9546299533442 96.653098742890208
1684.099226027109 96.831435328353678
1708.5950133376978 97.008037061353406
1733.4471000792773 97.166788406781677
1758.6606687464096 97.428904837083991
1784.2409772147755 97.690536734983979
1810.193359837619 97.897804339536677
1836.5232285581387 98.123392529586965
1863.2360740380593 98.401538193668557
1890.3374668026197 98.727252081713004
1917.833058402214 99.109005991504276
1945.7285825909298 99.485873575244824
1974.0298565222283 99.748656766091159
2002.7427819620161 100.014644792067386
2031.8733465193618 100.372760278353908
2061.4276248951132 100.748701554839272
2091.411780148677 101.150788429873330
2121.832064983222 101.535000051280207
2152.694823049581 101.935811105610867
2184.0064902691106 102.335379992566800
2215.7735961758003 102.718234094970057
2248.002765277899 103.100200080441283
2280.7007184393456 103.498153872725908
2313.874274281297 103.922877751178760
2347.530350604038 104.389599668617620
2381.6759658295764 104.774776423245328
2416.318240465218 105.063955712582100
2451.4643985884327 105.283725206830553
2487.1217693533167 105.506001217489782
2523.2977885189675 105.754419630206826
2560.0000000000887 105.921250000000214
2597.236057440151 105.955410294713857
2635.0137258074315 105.909227809944653
2673.340883014273 105.826939553502001
2712.225521559891 105.707340249181044
2751.6757501970797 105.566363246167981
2791.699795623158 105.430701932107709
2832.3060041955137 105.326757830098586
2873.502843672097 105.230238374244010
2915.2989049772345 105.131170671855557
2957.7029039931244 105.020926358742827
3000.723683377391 104.877044411872959
3044.370214407075 104.666410700549278
3088.6515988494466 104.454528444717255
3133.57707086003 104.268860442545133
3179.1559989082334 104.064633045087646
3225.3978877309914 103.841780455731595
3272.3123803148205 103.595273794040153
3319.9092599067053 103.314673477389618
3368.198452054235 103.017493101921104
3417.190026675413 102.729938343948831
3466.8942001585724 102.439168929072352
3517.3213374928373 102.154909404912473
3568.4819544295697 101.889372393320599
3620.386719675257 101.633201753510050
3673.0464571162966 101.398243950969231
3726.472148076138 101.160345625522908
3780.6749336052594 100.900131038671447
3835.6661168044484 100.638285780220201
3891.45716518188 100.399537231990095
3948.059713044477 100.172773274615565
4005.4855639240527 99.994146107732064
4063.746693038744 99.840728257513604
4122.855249790247 99.671076681832062
4182.823560297375 99.505360426105213
4243.664129966465 99.351520699941943
4305.389646099183 99.182716892843075
4368.012980538242 99.021100016618504
4431.5471923516225 98.888949010074143
4496.00553055582 98.777690736319016
4561.401436878714 98.714369353404578
4627.748548562617 98.682253159816071
4695.060701208099 98.625534734987497
4763.351931659176 98.531865572575299
4832.63648093046 98.372568720259750
4902.928797176889 98.140190032657372
4974.243538706657 97.888223260656034
5046.595577037959 97.544757551064492
5120.000000000202 97.008142857141053
5194.472114880326 96.233835548327704
5270.027451614888 95.278885579812368
5346.6817660285715 94.216368356168218
5424.451043119808 93.126670560241507
5503.351500394186 92.106106245072681
5583.399591246343 91.283023964910470
5664.612008391055 90.725928388562835
5747.005687344222 90.371508364518149
5830.597809954497 90.264844539728102
5915.405807986278 90.456073753287342
6001.447366754812 90.916266433247031
6088.740428814181 91.672463438226771
6177.303197698925 92.624192207511072
6267.154141720092 93.713079191972909
6358.3119978165005 94.887346251472579
6450.795775462017 96.097932616307048
6544.624760629676 97.282513356012771
6639.818519813445 98.384030939975872
6736.396904108505 99.389140047249782
6834.380053350861 100.276274321738555
6933.788400317181 100.985735519790495
7034.642674985712 101.499456406942272
7136.963908859177 101.857573148046612
7240.773439350552 102.061831447301842
7346.092914232631 102.137023228558149
7452.944296152315 102.160294694788178
7561.349867210557 102.143693179775639
7671.332233608935 102.087516069828268
7782.914330363799 102.032803288975487
7896.119426088994 102.021507470580403
8010.971127848146 102.061525590237352
8127.49338607753 102.110765465921062
8245.710499580537 102.178058284376618
8365.647120594791 102.241881933238773
8487.328259932974 102.232506358843949
8610.77929219841 102.121567029338223
8736.025961076528 101.882679346329184
8863.094384703289 101.494543329367943
8992.011061111683 100.943639398849399
9122.802873757471 100.298235118305470
9255.497097125279 99.570741432023226
9390.121402416245 98.715897466361497
9526.7038633184 97.808313622333230
9665.272961860968 96.912797804748138
9805.857594353829 96.044229214720573
9948.487077413367 95.252652560273049
10093.19115407597 94.562222797675346
10240.000000000457 93.970899999998309
10388.944229760706 93.480714336827589
10540.05490322983 93.053099702408346
10693.363532057198 92.650300569707099
10848.902086239672 92.280332916994354
11006.703000788428 91.939256804589377
11166.799182492743 91.621411573701465
11329.224016782166 91.351459484352887
11494.0113746885 91.068129809927910
11661.195619909053 90.637292327191631
11830.811615972614 89.929001344632525
12002.894733509682 88.661212069085394
12177.48085762842 86.810590132865514
12354.606395397908 84.296915929521731
12534.308283440243 81.834667663918637
12716.62399563306 79.732220845343406
12901.591550924093 78.126042724550388
13089.249521259411 76.758284203620690
13279.637039626952 76.341115819696796
13472.793808217073 76.881377344374499
13668.760106701786 77.653845548914830
13867.576800634426 78.221870325303740
14069.285349971487 78.495501182582714
14273.927817718419 78.499935102717231
14481.54687870117 78.057071748772387
14692.18582846533 77.339733972028284
14905.888592304698 76.434130671521203
15122.699734421185 75.313056307425356
15342.664467217943 73.982991752919162
15565.828660727671 72.639208833507922
15792.238852178061 71.813567813778633
16021.942255696367 72.170506868284463
16254.986772155136 73.469097721802086
16491.42099916115 75.654695716245669
16731.294241189662 78.521095606335422
16974.65651986603 81.578070776391414
17221.558584396902 84.252224634970275
17472.051922153143 85.913901867421544
17726.188769406665 86.224784659493309
17984.022122223458 85.284689741328293
18245.605747515034 83.489453114504101
18510.99419425065 81.218079973068200
18780.242804832582 78.835831734023358
19053.40772663689 76.784205091614069
19330.545923722028 75.647931199091062
19611.71518870775 75.912283413315294
19896.974154826825 77.154879410341778
20186.382308152035 77.659500000000008
