20 103.515934337349393
20.290906698750476 103.513311867897045
20.586044732869844 103.497459809629504
20.885475648548283 103.465602834199359
21.189261887185914 103.422695137427183
21.49746679841394 103.373608162424873
21.810154653305165 103.320411625828370
22.12739065777668 103.265099339154304
22.449240966187475 103.210477531023457
22.77577269513385 103.158809502349555
23.107053937445478 103.113019455416307
23.44315377638505 103.074890892381958
23.784142300054445 103.042976239995170
24.130090616010463 103.013698418460464
24.481070866093134 102.985201702631926
24.837156241469714 102.957227269284616
25.1984209978975 102.929778435125044
25.56494047120865 102.902837069326267
25.936791093020236 102.876414977264773
26.3140504066728 102.850297136613392
26.69679708340074 102.823951450516205
27.08511093873791 102.797353148814040
27.47907294916184 102.771140894619890
27.878765268980047 102.745287565417215
28.284271247461966 102.719793915588156
28.695675446220072 102.694794397022235
29.11306365684382 102.671498028761476
29.536522918790062 102.654347832945462
29.966141537533712 102.645348569567489
30.402009102982383 102.642095776632601
30.844216508158908 102.641249099925716
31.29285596815558 102.639731965279253
31.74802103936409 102.634175954473960
32.20980663898519 102.618404465589975
32.67830906482211 102.588051793677153
33.153626015361866 102.548844487844065
33.63585661014871 102.506358547809739
34.125101410453844 102.462953619806243
34.62146244024586 102.421160965572341
35.12504320746613 102.383312496292831
35.635948725613716 102.350961766974962
36.15428553564419 102.322796846703525
36.68016172818701 102.296343631921189
37.21368696608603 102.269395188847170
37.754972507267915 102.239783508877508
38.30413122794313 102.207483591459990
38.86127764614443 102.174808283944216
39.4265279456077 102.142889985366978
40.000000000000206 102.109212574850289
40.58181339750116 102.069034508127615
41.1720894657399 102.013166020722650
41.77095129709678 101.934285434395917
42.37852377437204 101.836658278127572
42.9949335968281 101.734751316185083
43.62030930661056 101.646882630368168
44.25478131555359 101.587808537568094
44.89848193237519 101.558380191221460
45.55154539026795 101.543897664440465
46.21410787489121 101.525577259378323
46.88630755277036 101.484300144923083
47.56828460010916 101.410212951590950
48.260181232021196 101.317294627517029
48.962141732186545 101.221625427808505
49.674312482939705 101.136278398630594
50.39684199579528 101.066321163119824
51.129880942417586 101.008215757729204
51.873582186040764 100.956786461687045
52.628100813345895 100.911813467709493
53.393594166801776 100.879291705152767
54.17022187747612 100.858239684673009
54.95814589832399 100.832719626732484
55.75753053796041 100.778807995466295
56.56854249492426 100.682943954407335
57.39135089244048 100.561194386700279
58.226127313687975 100.449138934360931
59.073045837580466 100.366781619888258
59.932283075067765 100.310652259463083
60.804018205965114 100.262105786622385
61.68843301631817 100.216456795780431
62.58571193631152 100.182398547046958
63.49604207872855 100.144843469699623
64.41961327797075 100.066656244586426
65.35661812964459 99.928927241734328
66.3072520307241 99.754596566656616
67.27171322029778 99.595629891143105
68.25020282090806 99.484284146666454
69.2429248804921 99.410225749328660
70.25008641493265 99.356697407733293
71.27189745122783 99.324739225836524
72.30857107128878 99.301341291313946
73.36032345637442 99.259684905369198
74.42737393217246 99.183859581154877
75.50994501453623 99.077727806024228
76.60826245588666 98.946829558264213
77.72255529228926 98.797633048912260
78.85305589121582 98.680967155128116
80.00000000000082 98.667245240480980
81.16362679500274 98.723511265357729
82.34417893148023 98.711054416257582
83.541902594194 98.579150242128890
84.75704754874454 98.452088802516769
85.98986719365665 98.419722249731592
87.24061861322157 98.432198728577049
88.50956263110764 98.393841840027562
89.79696386475084 98.290072987287658
91.10309078053635 98.164023505738243
92.42821574978288 98.039733088564361
93.77261510554118 97.929151750015706
95.13656920021877 97.840986579987558
96.52036246404286 97.768843871590249
97.92428346437356 97.700475305377779
99.34862496587989 97.641187175918517
100.79368399159105 97.602078679064434
102.25976188483567 97.547219865980523
103.74716437208203 97.441890328036919
105.25620162669229 97.340210665714494
106.78718833360406 97.318120268470381
108.34044375495276 97.307402359239461
109.9162917966485 97.199018665502962
111.51506107592134 97.115293238660399
113.13708498984903 97.133250953904934
114.78270178488147 97.113199688689022
116.45225462737648 97.005834443593557
118.14609167516147 96.947604639510317
119.86456615013608 96.941040034013156
121.60803641193078 96.857787046406884
123.3768660326369 96.764228992720007
125.17142387262359 96.722682905712759
126.99208415745765 96.666696161377558
128.83922655594208 96.562217551277271
130.71323625928977 96.452725315193447
132.61450406144883 96.399265583250127
134.5434264405962 96.384110998795933
136.50040564181674 96.344536214680915
138.48584976098482 96.251823533139060
140.50017282986593 96.147363998938971
142.5437949024563 96.089884512145957
144.61714214257822 96.087200411286105
146.7206469127495 96.056641883968808
148.8547478643456 95.968015064846014
151.01989002907314 95.861210748300905
153.216524911774 95.771653916607931
155.4451105845792 95.687329733686283
157.70611178243232 95.631347657456402
160.00000000000236 95.625940551964163
162.3272535900062 95.583379200771788
164.6883578629612 95.522755481826209
167.08380518838874 95.446231875333893
169.51409509748981 95.331103951323485
171.97973438731407 95.239049514861222
174.4812372264439 95.144265691344827
177.01912526221608 95.038735584770762
179.5939277295025 94.972017877022182
182.20618156107355 94.911826418842196
184.85643149956664 94.874734437600935
187.54523021108326 94.853060430923847
190.27313840043846 94.822931660113255
193.04072492808663 94.743712837325688
195.84856692874806 94.628012123018095
198.69724993176072 94.537172916614281
201.58736798318304 94.479990969384104
204.5195237696723 94.445586140097120
207.49432874416505 94.412027999730157
210.5124032533856 94.383810902231261
213.57437666720915 94.315509048017844
216.68088750990657 94.204094957722802
219.83258359329807 94.094937341177484
223.03012215184378 94.023789497798077
226.2741699796992 93.977546450081491
229.5654035697641 93.910118748973474
232.90450925475412 93.857319749449530
236.2921833503241 93.856651581180529
239.72913230027333 93.841872634930724
243.21607282386276 93.823533405394357
246.75373206527502 93.835866190187716
250.34284774524843 93.812164948908602
253.9841683149166 93.732337577012288
257.67845311188546 93.686433620562923
261.42647251858085 93.680076690307558
265.22900812289896 93.671229854292505
269.08685288119375 93.668146014981886
273.0008112836349 93.638930574517531
276.97169952197106 93.603557146377113
281.00034565973334 93.630561686468241
285.0875898049141 93.612518472679113
289.23428428515797 93.555949969616904
293.44129382550057 93.535250818475305
297.7094957286928 93.548674558735598
302.0397800581479 93.580290219625255
306.4330498235497 93.564283981777564
310.89022116916016 93.516289775868671
315.41222356486645 93.523593583441539
320.00000000000654 93.564276979765239
324.6545071800142 93.572941446694998
329.3767157259242 93.598259772970351
334.16761037677935 93.633990135433095
339.02819019498156 93.597855398388901
343.95946877463007 93.544080532904530
348.9624744528898 93.614514061668984
354.03825052443415 93.707231988622851
359.187855459007 93.735336105042265
364.4123631221491 93.751290500243812
369.71286299913527 93.780292206429351
375.0904604221685 93.769462057305191
380.54627680087896 93.745022011140378
386.08144985617537 93.766325386816135
391.6971338574982 93.791715875719902
397.3944998635236 93.795908750800152
403.1747359663683 93.832452286547110
409.0390475393468 93.887537024796103
414.9886574883323 93.940903705602821
421.0248065067734 93.908545828867091
427.1487533344206 93.876843498435477
433.3617750198154 93.890240612492718
439.6651671865984 93.856888463486996
446.06024430368984 93.808628525940549
452.54833995940066 93.804892400979242
459.13080713953053 93.847196773984322
465.8090185095106 93.837689650664828
472.58436670065066 93.801591480549604
479.45826460054917 93.749786295342275
486.432145647728 93.668115945701771
493.50746413055253 93.674321333392243
500.6856954904994 93.651927751197491
507.9683366298358 93.603182035936356
515.3569062237735 93.599733259155528
522.8529450371643 93.579805091236310
530.4580162458005 93.483178093997026
538.1737057623901 93.387780374966781
546.0016225672724 93.337404103172361
553.9433990439449 93.314596104264524
562.0006913194694 93.255650812583724
570.1751796098309 93.189598593323595
578.4685685703187 93.150951608177621
586.8825876510039 93.115825625130370
595.4189914573883 93.094155463029210
604.0795601162986 93.088580588999520
612.8660996471021 93.118010868689439
621.780442338323 93.145209633906376
630.8244471297356 93.157973458060354
640.0000000000159 93.186179186542859
649.3090143600314 93.229039565564307
658.7534314518515 93.277115507643742
668.3352207535618 93.324482454820682
678.0563803899662 93.359603242660398
687.9189375492632 93.415613021820349
697.9249489057827 93.507703618962466
708.0765010488715 93.621156442887553
718.3757109180171 93.738052783681070
728.8247262443015 93.809121293770005
739.425725998274 93.865245398476205
750.1809208443404 93.930177269789482
761.0925536017613 93.965589908548651
772.1628997123541 93.980389204748292
783.3942677149998 94.023910075578499
794.7889997270506 94.073009824773465
806.34947193274 94.142501471429739
818.0780950786972 94.193737501600637
829.9773149766683 94.247921874200529
842.0496130135506 94.326397303285177
854.2975066688449 94.389655638169685
866.7235500396347 94.471646836945297
879.3303343732008 94.567001972552958
892.1204886073838 94.687938728519285
905.0966799188055 94.824031587006999
918.2616142790653 94.961332258063536
931.6180370190256 95.123045744267159
945.1687334013056 95.290128017549364
958.9165292011028 95.468869610130724
972.8642912954606 95.639808610835132
987.0149282611097 95.812240629000655
1001.3713909810035 96.009214712958553
1015.9366732596762 96.219360756186347
1030.7138124475518 96.394777534910872
1045.7058900743334 96.558502835765012
1060.916032491606 96.702965796929391
1076.3474115247852 96.843895472536559
1092.0032451345498 96.968991810371620
1107.8867980878947 97.060629273906670
1124.0013826389438 97.137317404096535
1140.350359219667 97.229739965073463
1156.9371371406426 97.293512057434839
1173.765175302013 97.338055472884889
1190.837982914782 97.362593814621306
1208.1591202326028 97.380474059365667
1225.73219929421 97.376886342265067
1243.5608846766518 97.361471990053246
1261.648894259477 97.367284114388553
1280.0000000000375 97.378803379430622
1298.6180287200684 97.380152472538498
1317.5068629037087 97.400231241205972
1336.6704415071292 97.422354426805370
1356.112760779938 97.447197041007314
1375.8378750985323 97.461988284073414
1395.8498978115715 97.455652598588330
1416.153002097749 97.440603830626202
1436.7514218360407 97.429448934325677
1457.6494524886093 97.450591761549532
1478.8514519965543 97.501275497504935
1500.3618416886875 97.567571770268700
1522.1851072035295 97.614335229589443
1544.3257994247153 97.617774478744110
1566.788535430007 97.621271590905877
1589.5779994541087 97.687889452951495
1612.6989438654878 97.786381542119358
1636.156190157402 97.891880276680752
1659.9546299533442 97.966330045317264
1684.099226027109 98.009342931769055
1708.5950133376978 98.097455850685407
1733.4471000792773 98.201861429982586
1758.6606687464096 98.269618989980728
1784.2409772147755 98.316028174355338
1810.193359837619 98.388100119118320
1836.5232285581387 98.543825506377104
1863.2360740380593 98.699399567598192
1890.3374668026197 98.799058733007840
1917.833058402214 98.887087708443886
1945.7285825909298 98.971562769248493
1974.0298565222283 99.064443419706862
2002.7427819620161 99.202751947163620
2031.8733465193618 99.322690343771953
2061.4276248951132 99.418462791945473
2091.411780148677 99.551440373523462
2121.832064983222 99.703240762002054
2152.694823049581 99.832051899846277
2184.0064902691106 99.924300681318442
2215.7735961758003 100.007751603593420
2248.002765277899 100.126620222523314
2280.7007184393456 100.276178024699846
2313.874274281297 100.433300477055582
2347.530350604038 100.613767283015704
2381.6759658295764 100.833870453615532
2416.318240465218 101.129263151084970
2451.4643985884327 101.472605638201799
2487.1217693533167 101.807762040511989
2523.2977885189675 102.158591343661925
2560.0000000000887 102.539058412371418
2597.236057440151 102.921031903713924
2635.0137258074315 103.289021073416876
2673.340883014273 103.626743784150321
2712.225521559891 103.907621811396794
2751.6757501970797 104.133340717280987
2791.699795623158 104.311257299699491
2832.3060041955137 104.476216850515669
2873.502843672097 104.638292537366056
2915.2989049772345 104.758650962690780
2957.7029039931244 104.800792689103218
3000.723683377391 104.798791866502427
3044.370214407075 104.786917310288217
3088.6515988494466 104.760578785395381
3133.57707086003 104.686266543434300
3179.1559989082334 104.587795080045566
3225.3978877309914 104.462144266421802
3272.3123803148205 104.327990402638193
3319.9092599067053 104.173174501364684
3368.198452054235 104.006485904895868
3417.190026675413 103.865966226278374
3466.8942001585724 103.724967673465869
3517.3213374928373 103.553573339242092
3568.4819544295697 103.408619242000626
3620.386719675257 103.277712920897486
3673.0464571162966 103.149302560645665
3726.472148076138 103.035276392250381
3780.6749336052594 102.933422166458527
3835.6661168044484 102.841229185516369
3891.45716518188 102.739220334089339
3948.059713044477 102.617487625157423
4005.4855639240527 102.520130303689115
4063.746693038744 102.436539279559526
4122.855249790247 102.330060843426281
4182.823560297375 102.218079211103074
4243.664129966465 102.077908189341485
4305.389646099183 101.942892496903966
4368.012980538242 101.794134670809711
4431.5471923516225 101.620846961152864
4496.00553055582 101.426875714323472
4561.401436878714 101.208200244524591
4627.748548562617 100.970275974878533
4695.060701208099 100.720935576844568
4763.351931659176 100.472419453778031
4832.63648093046 100.199748385230180
4902.928797176889 99.927608138198565
4974.243538706657 99.676794041710579
5046.595577037959 99.456286420109961
5120.000000000202 99.347444079591227
5194.472114880326 99.391271310633968
5270.027451614888 99.574236550456675
5346.6817660285715 99.947590681822717
5424.451043119808 100.522025933618039
5503.351500394186 101.189964800923150
5583.399591246343 101.834643987035534
5664.612008391055 102.351919714598807
5747.005687344222 102.668278120422656
5830.597809954497 102.788981220001375
5915.405807986278 102.811224621215530
6001.447366754812 102.790316173535061
6088.740428814181 102.721681986541441
6177.303197698925 102.584935571797089
6267.154141720092 102.415964821575614
6358.3119978165005 102.271503931068764
6450.795775462017 102.182744867420283
6544.624760629676 102.144421071885262
6639.818519813445 102.125881764437167
6736.396904108505 102.119442614042043
6834.380053350861 102.124129963264551
6933.788400317181 102.091810234474877
7034.642674985712 102.028375170473879
7136.963908859177 101.946851472663866
7240.773439350552 101.805273202208852
7346.092914232631 101.579190122748770
7452.944296152315 101.254546496558206
7561.349867210557 100.851914443330230
7671.332233608935 100.392758168679620
7782.914330363799 99.853316561988635
7896.119426088994 99.265164685659471
8010.971127848146 98.680195741840691
8127.49338607753 98.115678734918163
8245.710499580537 97.587490369072725
8365.647120594791 97.110324407012996
8487.328259932974 96.705409123022378
8610.77929219841 96.376636351578583
8736.025961076528 96.156084122483264
8863.094384703289 96.057880347960378
8992.011061111683 96.066484974230491
9122.802873757471 96.163921301431429
9255.497097125279 96.368890531649299
9390.121402416245 96.690838677894519
9526.7038633184 97.084989770638089
9665.272961860968 97.513859196543450
9805.857594353829 97.977393179377557
9948.487077413367 98.338796033103563
10093.19115407597 98.503704719907461
10240.000000000457 98.451221916220035
10388.944229760706 98.239806521564176
10540.05490322983 97.918031960698286
10693.363532057198 97.525844167254547
10848.902086239672 97.145327822507284
11006.703000788428 96.876849634927837
11166.799182492743 96.738674968096376
11329.224016782166 96.710616657751928
11494.0113746885 96.782007554840789
11661.195619909053 96.920825570914459
11830.811615972614 97.121699500454000
12002.894733509682 97.374339522888363
12177.48085762842 97.656387702093241
12354.606395397908 97.871469401133950
12534.308283440243 97.922272973326741
12716.62399563306 97.770280694694407
12901.591550924093 97.396357744554962
13089.249521259411 96.775865700362345
13279.637039626952 95.969285039264165
13472.793808217073 95.084394551759203
13668.760106701786 94.227789039019740
13867.576800634426 93.440946607268344
14069.285349971487 92.709265016727997
14273.927817718419 91.981837687059482
14481.54687870117 91.253786474176522
14692.18582846533 90.613369105316735
14905.888592304698 90.163646976833348
15122.699734421185 89.976385750773190
15342.664467217943 90.071887768978797
15565.828660727671 90.335893992721395
15792.238852178061 90.498548685759602
16021.942255696367 90.265425073987856
16254.986772155136 89.564908519502637
16491.42099916115 88.560532980005519
16731.294241189662 87.270829040633060
16974.65651986603 85.550618420776800
17221.558584396902 83.612679694039116
17472.051922153143 81.290906791664753
17726.188769406665 78.004195009055408
17984.022122223458 74.799521102867956
18245.605747515034 74.355644347774330
18510.99419425065 75.512892248010246
18780.242804832582 76.352514322092418
19053.40772663689 76.620822667916798
19330.545923722028 76.561996178739591
19611.71518870775 76.241005501568296
19896.974154826825 75.513361401309567
20186.382308152035 74.179039479371170
