20 104.687500000000000
20.290906698750476 104.726287689125684
20.586044732869844 104.764685821320342
20.885475648548283 104.801232870573386
21.189261887185914 104.836747107681333
21.49746679841394 104.871465042234178
21.810154653305165 104.906642505284310
22.12739065777668 104.941376019066553
22.449240966187475 104.974842012201719
22.77577269513385 105.006445761873138
23.107053937445478 105.036278038838731
23.44315377638505 105.064213753437656
23.784142300054445 105.089620138878885
24.130090616010463 105.112155007730593
24.481070866093134 105.127158467523060
24.837156241469714 105.136057335479833
25.1984209978975 105.139492104989500
25.56494047120865 105.140706176104459
25.936791093020236 105.142025935567972
26.3140504066728 105.145710746802578
26.69679708340074 105.154403912502033
27.08511093873791 105.168521447273832
27.47907294916184 105.188848995576393
27.878765268980047 105.213619742483701
28.284271247461966 105.240830444827424
28.695675446220072 105.267827553111871
29.11306365684382 105.292653182842187
29.536522918790062 105.313095687563703
29.966141537533712 105.325984246126012
30.402009102982383 105.335536833431888
30.844216508158908 105.343163238030485
31.29285596815558 105.349410699601947
31.74802103936409 105.354480210393632
32.20980663898519 105.358258839833923
32.67830906482211 105.360891545324108
33.153626015361866 105.362960878046096
33.63585661014871 105.364271713220290
34.125101410453844 105.364874898589548
34.62146244024586 105.364135612679263
35.12504320746613 105.362374783962679
35.635948725613716 105.359684307646319
36.15428553564419 105.356265715714841
36.68016172818701 105.351698382718126
37.21368696608603 105.346149443373065
37.754972507267915 105.339721786732582
38.30413122794313 105.332438046580847
38.86127764614443 105.323879251224213
39.4265279456077 105.314693922376279
40.000000000000206 105.304499999999990
40.58181339750116 105.292863693262291
41.1720894657399 105.280581487389654
41.77095129709678 105.267153575493907
42.37852377437204 105.253689826867728
42.9949335968281 105.239039064873538
43.62030930661056 105.223492282373314
44.25478131555359 105.207630511924719
44.89848193237519 105.191122558822173
45.55154539026795 105.173990458584356
46.21410787489121 105.154565036574311
46.88630755277036 105.133725800481244
47.56828460010916 105.111805140989162
48.260181232021196 105.089514052343304
48.962141732186545 105.066386816818408
49.674312482939705 105.042856286756290
50.39684199579528 105.018854592457529
51.129880942417586 104.994425407753965
51.873582186040764 104.969191486205048
52.628100813345895 104.943551613239094
53.393594166801776 104.916732193618685
54.17022187747612 104.887191106056520
54.95814589832399 104.854692450438563
55.75753053796041 104.821153421414692
56.56854249492426 104.788542571450492
57.39135089244048 104.757411367872137
58.226127313687975 104.727133289393549
59.073045837580466 104.695797304009517
59.932283075067765 104.664005526222496
60.804018205965114 104.630844973705678
61.68843301631817 104.596328095295476
62.58571193631152 104.560071543261969
63.49604207872855 104.522914253732765
64.41961327797075 104.484166435686234
65.35661812964459 104.443987111360457
66.3072520307241 104.402788162678860
67.27171322029778 104.361588044747492
68.25020282090806 104.320616582932331
69.2429248804921 104.279175692579088
70.25008641493265 104.236496370572837
71.27189745122783 104.193172460871580
72.30857107128878 104.148231443934577
73.36032345637442 104.103006091375903
74.42737393217246 104.057763981814844
75.50994501453623 104.013602148423914
76.60826245588666 103.969355369824541
77.72255529228926 103.921786663073135
78.85305589121582 103.864449451128721
80.00000000000082 103.798499999999962
81.16362679500274 103.737894286245989
82.34417893148023 103.684952000860108
83.541902594194 103.633919607354244
84.75704754874454 103.582325504992127
85.98986719365665 103.528693202010530
87.24061861322157 103.473472611786093
88.50956263110764 103.416560118969045
89.79696386475084 103.357339662221463
91.10309078053635 103.297901168470219
92.42821574978288 103.239175065278687
93.77261510554118 103.180690317281517
95.13656920021877 103.118797466650392
96.52036246404286 103.055960370184891
97.92428346437356 102.992896844877066
99.34862496587989 102.931412101216139
100.79368399159105 102.875956498963774
102.25976188483567 102.839856825689083
103.74716437208203 102.814323577943270
105.25620162669229 102.734341757833519
106.78718833360406 102.590721263859564
108.34044375495276 102.454108641316679
109.9162917966485 102.371134623863796
111.51506107592134 102.307397529252384
113.13708498984903 102.238410542814009
114.78270178488147 102.165278444126443
116.45225462737648 102.087177927772871
118.14609167516147 102.008038247858821
119.86456615013608 101.932028741458396
121.60803641193078 101.856658428695184
123.3768660326369 101.780007922871221
125.17142387262359 101.700785925731935
126.99208415745765 101.618856212914409
128.83922655594208 101.535495025966611
130.71323625928977 101.450629157972159
132.61450406144883 101.361389300989003
134.5434264405962 101.266328677970193
136.50040564181674 101.169730732013704
138.48584976098482 101.075786523673969
140.50017282986593 100.981575239134614
142.5437949024563 100.885865605401634
144.61714214257822 100.795771458940436
146.7206469127495 100.710329994107468
148.8547478643456 100.623997236707567
151.01989002907314 100.534868596784747
153.216524911774 100.441186293917241
155.4451105845792 100.341079802524774
157.70611178243232 100.234689079156226
160.00000000000236 100.125499999999903
162.3272535900062 100.017515433423711
164.6883578629612 99.906647180440828
167.08380518838874 99.786559457467533
169.51409509748981 99.657947321794040
171.97973438731407 99.523510555575186
174.4812372264439 99.383258220428559
177.01912526221608 99.238102209948806
179.5939277295025 99.092402476056066
182.20618156107355 98.960955867195182
184.85643149956664 98.860254607115849
187.54523021108326 98.793484375593664
190.27313840043846 98.766647181281854
193.04072492808663 98.784976033806231
195.84856692874806 98.836168472432462
198.69724993176072 98.897402798580629
201.58736798318304 98.944606661120318
204.5195237696723 98.963513015846445
207.49432874416505 98.945571835907245
210.5124032533856 98.890958523545436
213.57437666720915 98.820182930821005
216.68088750990657 98.773637796738782
219.83258359329807 98.744046352541886
223.03012215184378 98.737318520965289
226.2741699796992 98.734362915010138
229.5654035697641 98.725448654767462
232.90450925475412 98.696891246955630
236.2921833503241 98.654434635151190
239.72913230027333 98.600732307808229
243.21607282386276 98.522787906313951
246.75373206527502 98.421080203123353
250.34284774524843 98.309186024406813
253.9841683149166 98.189022445607748
257.67845311188546 98.061593367639944
261.42647251858085 97.930145152784831
265.22900812289896 97.796898837652449
269.08685288119375 97.660460149158212
273.0008112836349 97.524597517766864
276.97169952197106 97.391662690416439
281.00034565973334 97.264789906735786
285.0875898049141 97.145880326721084
289.23428428515797 97.045530320299179
293.44129382550057 96.962647805463149
297.7094957286928 96.896379908516906
302.0397800581479 96.842307446853098
306.4330498235497 96.794547468548799
310.89022116916016 96.743762456554663
315.41222356486645 96.683610534744574
320.00000000000654 96.612499999999869
324.6545071800142 96.527787969323754
329.3767157259242 96.433528013908926
334.16761037677935 96.332229898974589
339.02819019498156 96.221448806495928
343.95946877463007 96.104764643163804
348.9624744528898 95.990448077364690
354.03825052443415 95.874120237938001
359.187855459007 95.748559970162532
364.4123631221491 95.615102267760761
369.71286299913527 95.473695271623171
375.0904604221685 95.321402493592018
380.54627680087896 95.164742623289044
386.08144985617537 95.008311259041477
391.6971338574982 94.855677385847542
397.3944998635236 94.706637503411912
403.1747359663683 94.567422827451409
409.0390475393468 94.433881192249544
414.9886574883323 94.306981576279881
421.0248065067734 94.194942519815356
427.1487533344206 94.100029018318935
433.3617750198154 94.022626845612066
439.6651671865984 93.959917186168184
446.06024430368984 93.913698778481546
452.54833995940066 93.886609814117747
459.13080713953053 93.872418616332226
465.8090185095106 93.862738726863114
472.58436670065066 93.853123449949024
479.45826460054917 93.839628128384504
486.432145647728 93.822476421315912
493.50746413055253 93.803336883074223
500.6856954904994 93.783157193369277
507.9683366298358 93.763585095307320
515.3569062237735 93.741980267932078
522.8529450371643 93.721720582444249
530.4580162458005 93.710856869923191
538.1737057623901 93.708562037772282
546.0016225672724 93.712430889381835
553.9433990439449 93.725494110289119
562.0006913194694 93.744301659166723
570.1751796098309 93.763754010434269
578.4685685703187 93.775779424426958
586.8825876510039 93.781785423208049
595.4189914573883 93.783500000000004
604.0795601162986 93.784774862536352
612.8660996471021 93.792256413831979
621.780442338323 93.811466788535924
630.8244471297356 93.832984004833520
640.0000000000159 93.849500000000020
649.3090143600314 93.861601718668027
658.7534314518515 93.879569191331115
668.3352207535618 93.907005662260687
678.0563803899662 93.943822702540359
687.9189375492632 93.985947378339290
697.9249489057827 94.027096043068411
708.0765010488715 94.065383053880822
718.3757109180171 94.104746487034362
728.8247262443015 94.147622613913853
739.425725998274 94.189731617693184
750.1809208443404 94.228633222955182
761.0925536017613 94.266823937606176
772.1628997123541 94.306742791267737
783.3942677149998 94.347994219255384
794.7889997270506 94.390741623965070
806.34947193274 94.434839642408832
818.0780950786972 94.480578607427148
829.9773149766683 94.527526389523842
842.0496130135506 94.575198452054195
854.2975066688449 94.624010963897518
866.7235500396347 94.672849175153971
879.3303343732008 94.721671787336817
892.1204886073838 94.771981954429535
905.0966799188055 94.823461996348655
918.2616142790653 94.873619806568854
931.6180370190256 94.923444908764026
945.1687334013056 94.974084053029856
958.9165292011028 95.025065462454080
972.8642912954606 95.079539307824319
987.0149282611097 95.139294501422427
1001.3713909810035 95.201579833349115
1015.9366732596762 95.266371141878494
1030.7138124475518 95.335416102427573
1045.7058900743334 95.407636068501319
1060.916032491606 95.485007644287464
1076.3474115247852 95.569770073126250
1092.0032451345498 95.660582072217750
1107.8867980878947 95.757196801925318
1124.0013826389438 95.861842435706379
1140.350359219667 95.969081471659536
1156.9371371406426 96.074357107129018
1173.765175302013 96.179532345637568
1190.837982914782 96.285820547720661
1208.1591202326028 96.393263167143132
1225.73219929421 96.501212081378725
1243.5608846766518 96.610792122172683
1261.648894259477 96.722723144408747
1280.0000000000375 96.838500000000238
1298.6180287200684 96.957389411969586
1317.5068629037087 97.078043922583731
1336.6704415071292 97.205691958097759
1356.112760779938 97.342400601537562
1375.8378750985323 97.486012435096740
1395.8498978115715 97.632996748915048
1416.153002097749 97.780878481910307
1436.7514218360407 97.929435095035885
1457.6494524886093 98.077199156470044
1478.8514519965543 98.224342554137323
1500.3618416886875 98.365808549973821
1522.1851072035295 98.505040983958509
1544.3257994247153 98.646685116318181
1566.788535430007 98.791118168169248
1589.5779994541087 98.940506356386209
1612.6989438654878 99.094328945021459
1636.156190157402 99.251469597857749
1659.9546299533442 99.414182409673401
1684.099226027109 99.584832442874642
1708.5950133376978 99.761571697098447
1733.4471000792773 99.945873728608859
1758.6606687464096 100.142631776721146
1784.2409772147755 100.349221554528270
1810.193359837619 100.560881683471720
1836.5232285581387 100.775568615892084
1863.2360740380593 100.990888592304486
1890.3374668026197 101.204018742388328
1917.833058402214 101.412034615680511
1945.7285825909298 101.613087508047414
1974.0298565222283 101.809786607133816
2002.7427819620161 102.001279526360705
2031.8733465193618 102.184052744464239
2061.4276248951132 102.358042286909139
2091.411780148677 102.526529494126294
2121.832064983222 102.688480936288173
2152.694823049581 102.850099932739028
2184.0064902691106 103.018737643560854
2215.7735961758003 103.212845355429522
2248.002765277899 103.425186254051795
2280.7007184393456 103.661790424217060
2313.874274281297 103.913175722442546
2347.530350604038 104.165432421959821
2381.6759658295764 104.410315559098507
2416.318240465218 104.647472357744846
2451.4643985884327 104.865176561636474
2487.1217693533167 105.066316103217702
2523.2977885189675 105.248285496673475
2560.0000000000887 105.418750000000387
2597.236057440151 105.578452384786615
2635.0137258074315 105.727801471777866
2673.340883014273 105.863942524323875
2712.225521559891 105.988417415398345
2751.6757501970797 106.095544791144789
2791.699795623158 106.188824540152098
2832.3060041955137 106.268558347929513
2873.502843672097 106.339134493001922
2915.2989049772345 106.400888576470408
2957.7029039931244 106.454319136312577
3000.723683377391 106.500651315039647
3044.370214407075 106.539496171525656
3088.6515988494466 106.572822974209004
3133.57707086003 106.601056815744528
3179.1559989082334 106.622745519541454
3225.3978877309914 106.637087535300822
3272.3123803148205 106.641830628590554
3319.9092599067053 106.634230851631713
3368.198452054235 106.611989021644206
3417.190026675413 106.573466172791086
3466.8942001585724 106.517361771787506
3517.3213374928373 106.444419793136817
3568.4819544295697 106.352611993419387
3620.386719675257 106.235606130434576
3673.0464571162966 106.085751337227862
3726.472148076138 105.897846951387635
3780.6749336052594 105.672092078799636
3835.6661168044484 105.426592523867583
3891.45716518188 105.174722580482111
3948.059713044477 104.926025135810818
4005.4855639240527 104.686829179140290
4063.746693038744 104.451981564474863
4122.855249790247 104.223435575776080
4182.823560297375 104.002299053549734
4243.664129966465 103.793268239186631
4305.389646099183 103.599330516708363
4368.012980538242 103.420629888474977
4431.5471923516225 103.258054659503358
4496.00553055582 103.104887003193824
4561.401436878714 102.962941442747109
4627.748548562617 102.834279466109706
4695.060701208099 102.729566547052684
4763.351931659176 102.648864745268426
4832.63648093046 102.592170841060323
4902.928797176889 102.561562183623423
4974.243538706657 102.557207256451107
5046.595577037959 102.593243236857106
5120.000000000202 102.663714285714519
5194.472114880326 102.773196647515960
5270.027451614888 102.919932305246078
5346.6817660285715 103.092202150167140
5424.451043119808 103.279087548192678
5503.351500394186 103.469162518800374
5583.399591246343 103.645705368624931
5664.612008391055 103.789078993971117
5747.005687344222 103.891950317666840
5830.597809954497 103.945477715294089
5915.405807986278 103.945256515208229
6001.447366754812 103.892971218865227
6088.740428814181 103.798824737444733
6177.303197698925 103.683640683106461
6267.154141720092 103.563815475606617
6358.3119978165005 103.454315882478269
6450.795775462017 103.366617358507696
6544.624760629676 103.310542590960722
6639.818519813445 103.292088203787870
6736.396904108505 103.314380436574794
6834.380053350861 103.375723045348224
6933.788400317181 103.466302052326697
7034.642674985712 103.570701595360077
7136.963908859177 103.669495224808827
7240.773439350552 103.734343633395426
7346.092914232631 103.730644936597173
7452.944296152315 103.626142441694583
7561.349867210557 103.392900354105180
7671.332233608935 103.036304288925152
7782.914330363799 102.572397369302024
7896.119426088994 102.026858091221499
8010.971127848146 101.442507221661174
8127.49338607753 100.861559244759036
8245.710499580537 100.318215203850997
8365.647120594791 99.843473060121255
8487.328259932974 99.446232774712811
8610.77929219841 99.141052859492135
8736.025961076528 98.938267252938488
8863.094384703289 98.837130943847029
8992.011061111683 98.838420110611111
9122.802873757471 98.948700203685604
9255.497097125279 99.175277603825677
9390.121402416245 99.506026827168199
9526.7038633184 99.919566418464910
9665.272961860968 100.375597281246755
9805.857594353829 100.821709577146521
9948.487077413367 101.194810561357514
10093.19115407597 101.417980464367616
10240.000000000457 101.460999999999885
10388.944229760706 101.310360049614928
10540.05490322983 100.982988085070616
10693.363532057198 100.542516991755065
10848.902086239672 100.031710948509911
11006.703000788428 99.508880778662970
11166.799182492743 99.026952350333360
11329.224016782166 98.636438495014062
11494.0113746885 98.331431136974913
11661.195619909053 98.177156649445081
11830.811615972614 98.118450455434186
12002.894733509682 98.193571354820563
12177.48085762842 98.348568092374322
12354.606395397908 98.606145814027329
12534.308283440243 98.892821448780381
12716.62399563306 99.159946234497653
12901.591550924093 99.289381972221776
13089.249521259411 99.334419885102250
13279.637039626952 99.209069126282174
13472.793808217073 98.911006120415081
13668.760106701786 98.508149261254744
13867.576800634426 98.072926602670876
14069.285349971487 97.696421949540763
14273.927817718419 97.403783220662660
14481.54687870117 97.300689256470818
14692.18582846533 97.472732820472757
14905.888592304698 97.925574796300026
15122.699734421185 98.627360202485974
15342.664467217943 99.381825441243905
15565.828660727671 99.812161090170676
15792.238852178061 99.462569587176333
16021.942255696367 98.070672297806041
16254.986772155136 95.874712780856015
16491.42099916115 93.680130285786220
16731.294241189662 91.823697639181020
16974.65651986603 90.045399161454782
17221.558584396902 88.460749746611583
17472.051922153143 87.202271762180033
17726.188769406665 86.333648387122409
17984.022122223458 85.958823860531766
18245.605747515034 85.969937535681908
18510.99419425065 85.561184036447528
18780.242804832582 83.450829456548490
19053.40772663689 79.380895450290069
19330.545923722028 76.824648004198067
19611.71518870775 77.588690816198778
19896.974154826825 79.046669008822704
20186.382308152035 80.219312381209619
