20 109.387000000000000
20.290906698750476 109.345000043336654
20.586044732869844 109.301999889462309
20.885475648548283 109.256999899297739
21.189261887185914 109.210000017391195
21.49746679841394 109.162000031282162
21.810154653305165 109.112499896659671
22.12739065777668 109.061999889239019
22.449240966187475 109.008500169627524
22.77577269513385 108.952499879962701
23.107053937445478 108.896000010536198
23.44315377638505 108.838999872034492
23.784142300054445 108.783499952993822
24.130090616010463 108.730500057509943
24.481070866093134 108.684500017106728
24.837156241469714 108.643999974508702
25.1984209978975 108.606500000214552
25.56494047120865 108.573000047439166
25.936791093020236 108.542499915675933
26.3140504066728 108.515000040744042
26.69679708340074 108.492999952398179
27.08511093873791 108.478000035401010
27.47907294916184 108.469500001028635
27.878765268980047 108.462999996005664
28.284271247461966 108.456999996377903
28.695675446220072 108.451499993562308
29.11306365684382 108.446500003276768
29.536522918790062 108.441000012720352
29.966141537533712 108.436499995049147
30.402009102982383 108.432000010252992
30.844216508158908 108.428000004432931
31.29285596815558 108.424500000212163
31.74802103936409 108.419999988705570
32.20980663898519 108.414500017620057
32.67830906482211 108.408000013922305
33.153626015361866 108.400499980981465
33.63585661014871 108.391500007249704
34.125101410453844 108.380500035610140
34.62146244024586 108.368000040703890
35.12504320746613 108.351499952561326
35.635948725613716 108.330499966280854
36.15428553564419 108.305499971376705
36.68016172818701 108.277499958905935
37.21368696608603 108.247000059858237
37.754972507267915 108.212000098921578
38.30413122794313 108.174499983986294
38.86127764614443 108.135000096849254
39.4265279456077 108.094000078062919
40.000000000000206 108.051499999999976
40.58181339750116 108.007500045400292
41.1720894657399 107.962999964095928
41.77095129709678 107.916499899298060
42.37852377437204 107.869000096480178
42.9949335968281 107.820500031282137
43.62030930661056 107.769999894592502
44.25478131555359 107.717999889238996
44.89848193237519 107.663500090893194
45.55154539026795 107.606499873644935
46.21410787489121 107.545000011853205
46.88630755277036 107.478499943056988
47.56828460010916 107.406999816639654
48.260181232021196 107.326499970807674
48.962141732186545 107.235500169162236
49.674312482939705 107.137000071618402
50.39684199579528 107.035500141253152
51.129880942417586 106.933000288071838
51.873582186040764 106.829999834351852
52.628100813345895 106.725000025881727
53.393594166801776 106.621499849216519
54.17022187747612 106.525500132496404
54.95814589832399 106.439999907517404
55.75753053796041 106.357499943413515
56.56854249492426 106.271999946875809
57.39135089244048 106.182999903434578
58.226127313687975 106.091000077003997
59.073045837580466 105.991500259495240
59.932283075067765 105.878999706152797
60.804018205965114 105.755500254273500
61.68843301631817 105.633500268182289
62.58571193631152 105.522000007708925
63.49604207872855 105.418999774110659
64.41961327797075 105.320000393520488
65.35661812964459 105.226000283861183
66.3072520307241 105.133999895960557
67.27171322029778 105.032499973563176
68.25020282090806 104.912000401422574
69.2429248804921 104.780000410169890
70.25008641493265 104.659999743831094
71.27189745122783 104.554999858098796
72.30857107128878 104.451999992585129
73.36032345637442 104.340499729688418
74.42737393217246 104.222000231709259
75.50994501453623 104.100500443853150
76.60826245588666 103.977499840023398
77.72255529228926 103.857500180190442
78.85305589121582 103.747000197016277
80.00000000000082 103.642999999999915
81.16362679500274 103.527000124850730
82.34417893148023 103.393499789600170
83.541902594194 103.267499855165198
84.75704754874454 103.162000203010024
85.98986719365665 103.057500070384634
87.24061861322157 102.931999725114196
88.50956263110764 102.800499757966648
89.79696386475084 102.687000264495254
91.10309078053635 102.581999755713497
92.42821574978288 102.460999926675925
93.77261510554118 102.330999901569726
95.13656920021877 102.215499753972153
96.52036246404286 102.108000042064788
97.92428346437356 101.986500226749357
99.34862496587989 101.857500003079082
100.79368399159105 101.741500156486296
102.25976188483567 101.630000316039940
103.74716437208203 101.510499807532582
105.25620162669229 101.390000107907269
106.78718833360406 101.276499834138136
108.34044375495276 101.167000156979384
109.9162917966485 101.056499868042934
111.51506107592134 100.939999922775954
113.13708498984903 100.826500000692164
114.78270178488147 100.723999891632104
116.45225462737648 100.620500023572760
118.14609167516147 100.507500224920051
119.86456615013608 100.392999798717057
121.60803641193078 100.282500225565173
123.3768660326369 100.173500185541485
125.17142387262359 100.058500073237155
126.99208415745765 99.939999800995224
128.83922655594208 99.825000396275044
130.71323625928977 99.713000341854283
132.61450406144883 99.598499874508960
134.5434264405962 99.481500033808970
136.50040564181674 99.366500365812840
138.48584976098482 99.253000299730772
140.50017282986593 99.134999705879835
142.5437949024563 99.008499879361494
144.61714214257822 98.877499991088513
146.7206469127495 98.745499690412345
148.8547478643456 98.610500262603793
151.01989002907314 98.468000461954176
153.216524911774 98.319499807241101
155.4451105845792 98.174000219893202
157.70611178243232 98.042000237906208
160.00000000000236 97.932499999999919
162.3272535900062 97.852000044068689
164.6883578629612 97.803499959538485
167.08380518838874 97.786500008648190
169.51409509748981 97.797999971199857
171.97973438731407 97.828999977841875
174.4812372264439 97.867000086806129
177.01912526221608 97.910000109841093
179.5939277295025 97.953999912297945
182.20618156107355 97.990500050089693
184.85643149956664 98.018500014552870
187.54523021108326 98.043000021264845
190.27313840043846 98.060000023210179
193.04072492808663 98.067499998070417
195.84856692874806 98.069500000000005
198.69724993176072 98.065000000143215
201.58736798318304 98.057000012463519
204.5195237696723 98.046500024569980
207.49432874416505 98.038499988956801
210.5124032533856 98.031000004613105
213.57437666720915 98.022999985352783
216.68088750990657 98.016000010565534
219.83258359329807 98.008499992674302
223.03012215184378 97.998499994654736
226.2741699796992 97.981000000124709
229.5654035697641 97.951499943685889
232.90450925475412 97.907000010674437
236.2921833503241 97.844000152996486
239.72913230027333 97.759999818664085
243.21607282386276 97.655500223514650
246.75373206527502 97.537500200585342
250.34284774524843 97.419500073237074
253.9841683149166 97.317499839034753
257.67845311188546 97.245000239731695
261.42647251858085 97.209500072447156
265.22900812289896 97.203000002145131
269.08685288119375 97.202000000122752
273.0008112836349 97.177000113304842
276.97169952197106 97.108500210337240
281.00034565973334 97.001499724855421
285.0875898049141 96.890999906965220
289.23428428515797 96.828499998467066
293.44129382550057 96.842000134000642
297.7094957286928 96.902999891362313
302.0397800581479 96.940999920923446
306.4330498235497 96.896499861003804
310.89022116916016 96.783000184771396
315.41222356486645 96.691500119595702
320.00000000000654 96.692000000000064
324.6545071800142 96.733499978267517
329.3767157259242 96.702499845012454
334.16761037677935 96.578499815697725
339.02819019498156 96.477500129600656
343.95946877463007 96.478999984632225
348.9624744528898 96.473499809778843
354.03825052443415 96.366499687802929
359.187855459007 96.245500210076969
364.4123631221491 96.196999913638450
369.71286299913527 96.129999928914742
375.0904604221685 95.998999877136470
380.54627680087896 95.911499899434006
386.08144985617537 95.855500013383676
391.6971338574982 95.755500196155964
397.3944998635236 95.660000016695477
403.1747359663683 95.576000121865462
409.0390475393468 95.467500275183710
414.9886574883323 95.378999865722136
421.0248065067734 95.300500059336869
427.1487533344206 95.221499884813483
433.3617750198154 95.151000126786386
439.6651671865984 95.065999914560621
446.06024430368984 94.979999973986367
452.54833995940066 94.907500000448920
459.13080713953053 94.831499892865764
465.8090185095106 94.754000028612069
472.58436670065066 94.674000170333841
479.45826460054917 94.596499867624715
486.432145647728 94.525000133540189
493.50746413055253 94.455000128678307
500.6856954904994 94.384500033613278
507.9683366298358 94.321999894470622
515.3569062237735 94.264500217256852
522.8529450371643 94.208500150467131
530.4580162458005 94.161999960314773
538.1737057623901 94.127500000981911
546.0016225672724 94.106500055033763
553.9433990439449 94.096500015775291
562.0006913194694 94.098500024947100
570.1751796098309 94.111500025006080
578.4685685703187 94.138000007304981
586.8825876510039 94.182000134000674
595.4189914573883 94.243499889664861
604.0795601162986 94.310499766208409
612.8660996471021 94.381000093498656
621.780442338323 94.462499860701087
630.8244471297356 94.555499832146907
640.0000000000159 94.652500000000160
649.3090143600314 94.743999936746306
658.7534314518515 94.820500092992532
668.3352207535618 94.884000095957560
678.0563803899662 94.942499907199561
687.9189375492632 94.995499961610406
697.9249489057827 95.042000099621063
708.0765010488715 95.090500140608100
718.3757109180171 95.154999859268855
728.8247262443015 95.236000178546561
739.425725998274 95.337000062129675
750.1809208443404 95.452000146491187
761.0925536017613 95.576500283255797
772.1628997123541 95.706499960644180
783.3942677149998 95.844499762187581
794.7889997270506 95.984999984416390
806.34947193274 96.122499820786999
818.0780950786972 96.261499646668710
829.9773149766683 96.395000210913409
842.0496130135506 96.520999907286196
854.2975066688449 96.644500215266874
866.7235500396347 96.767999781645685
879.3303343732008 96.892000117479199
892.1204886073838 97.011000049441250
905.0966799188055 97.124999999289258
918.2616142790653 97.237500146716343
931.6180370190256 97.351499957267706
945.1687334013056 97.467499756065152
958.9165292011028 97.578500190402835
972.8642912954606 97.684499788230482
987.0149282611097 97.801999782515580
1001.3713909810035 97.920999934326744
1015.9366732596762 98.036500209207375
1030.7138124475518 98.147999595378280
1045.7058900743334 98.254499697593815
1060.916032491606 98.366000130853990
1076.3474115247852 98.489999996133733
1092.0032451345498 98.612999608289073
1107.8867980878947 98.726999698501942
1124.0013826389438 98.848500323632123
1140.350359219667 98.983500137533483
1156.9371371406426 99.114000023788009
1173.765175302013 99.243500306213832
1190.837982914782 99.380999755940366
1208.1591202326028 99.520499522102597
1225.73219929421 99.662500170215552
1243.5608846766518 99.803499778390758
1261.648894259477 99.942999756962763
1280.0000000000375 100.088000000000306
1298.6180287200684 100.235999894814114
1317.5068629037087 100.385000205710810
1336.6704415071292 100.529500229322380
1356.112760779938 100.669499770475355
1375.8378750985323 100.808499888348109
1395.8498978115715 100.950000296697539
1416.153002097749 101.087500325742155
1436.7514218360407 101.228999699334651
1457.6494524886093 101.380500280573216
1478.8514519965543 101.533000079481241
1500.3618416886875 101.673000166574695
1522.1851072035295 101.817000345235044
1544.3257994247153 101.976999952062897
1566.788535430007 102.139499722837371
1589.5779994541087 102.298499975039661
1612.6989438654878 102.467999767879093
1636.156190157402 102.646499544990718
1659.9546299533442 102.823000295610967
1684.099226027109 103.001999873920454
1708.5950133376978 103.180500304336221
1733.4471000792773 103.361999674229509
1758.6606687464096 103.558500185402096
1784.2409772147755 103.751000067154024
1810.193359837619 103.915000004980726
1836.5232285581387 104.073500225774808
1863.2360740380593 104.243999936087391
1890.3374668026197 104.411499653023739
1917.833058402214 104.569000277444161
1945.7285825909298 104.722499695210246
1974.0298565222283 104.871499738756995
2002.7427819620161 105.015999919856426
2031.8733465193618 105.159000258293133
2061.4276248951132 105.293999510775578
2091.411780148677 105.419999650362413
2121.832064983222 105.536000112719449
2152.694823049581 105.633999997115680
2184.0064902691106 105.721499721593943
2215.7735961758003 105.803999781952328
2248.002765277899 105.875500136266169
2280.7007184393456 105.927500043760659
2313.874274281297 105.968000006743068
2347.530350604038 106.004000084395699
2381.6759658295764 106.038499944747400
2416.318240465218 106.059499948859781
2451.4643985884327 106.055499984050982
2487.1217693533167 106.044000015829226
2523.2977885189675 106.040000003496942
2560.0000000000887 106.035499999999971
2597.236057440151 106.017500016346446
2635.0137258074315 105.978999933778013
2673.340883014273 105.931499928438399
2712.225521559891 105.888500069352759
2751.6757501970797 105.843000038121687
2791.699795623158 105.789499883909258
2832.3060041955137 105.734499859391860
2873.502843672097 105.673000131541073
2915.2989049772345 105.611999897973362
2957.7029039931244 105.554999963524878
3000.723683377391 105.485999920071293
3044.370214407075 105.419499869745891
3088.6515988494466 105.362500015037341
3133.57707086003 105.309000092387521
3179.1559989082334 105.247500009922106
3225.3978877309914 105.180000089773017
3272.3123803148205 105.111500172852658
3319.9092599067053 105.044999898695096
3368.198452054235 104.987500037823850
3417.190026675413 104.937499897933179
3466.8942001585724 104.876000111415991
3517.3213374928373 104.809999943874118
3568.4819544295697 104.753499979458752
3620.386719675257 104.699499999240714
3673.0464571162966 104.637999918336035
3726.472148076138 104.580000020065569
3780.6749336052594 104.534000093335834
3835.6661168044484 104.491999920212123
3891.45716518188 104.449000082374369
3948.059713044477 104.409000071086524
4005.4855639240527 104.372000019479330
4063.746693038744 104.341999947210155
4122.855249790247 104.314500099771365
4182.823560297375 104.292000059212810
4243.664129966465 104.270499975687954
4305.389646099183 104.248500000675051
4368.012980538242 104.226000074457431
4431.5471923516225 104.205000053525268
4496.00553055582 104.188999973064611
4561.401436878714 104.179999998942947
4627.748548562617 104.183000002628830
4695.060701208099 104.198000040792834
4763.351931659176 104.218999958210389
4832.63648093046 104.251999876745742
4902.928797176889 104.287500037596018
4974.243538706657 104.319999946180644
5046.595577037959 104.378499882040614
5120.000000000202 104.467000000000269
5194.472114880326 104.570999923242823
5270.027451614888 104.690000188803168
5346.6817660285715 104.828000246864832
5424.451043119808 104.986999727542781
5503.351500394186 105.168499854515275
5583.399591246343 105.363500453411120
5664.612008391055 105.573500506189376
5747.005687344222 105.790499547462531
5830.597809954497 106.008000388065682
5915.405807986278 106.222000114789438
6001.447366754812 106.432500231677466
6088.740428814181 106.629500417254761
6177.303197698925 106.816999947053887
6267.154141720092 106.999499690045553
6358.3119978165005 107.162999975504874
6450.795775462017 107.295499836296273
6544.624760629676 107.390499786476141
6639.818519813445 107.439000013369025
6736.396904108505 107.430000018479717
6834.380053350861 107.343999740302564
6933.788400317181 107.171500337729640
7034.642674985712 106.915499701296000
7136.963908859177 106.584499846621611
7240.773439350552 106.190499994453106
7346.092914232631 105.751999391111838
7452.944296152315 105.292000171300302
7561.349867210557 104.848500924873008
7671.332233608935 104.446499356708443
7782.914330363799 104.110000630471603
7896.119426088994 103.842500446491073
8010.971127848146 103.639000104096510
8127.49338607753 103.485999737936069
8245.710499580537 103.344500532113884
8365.647120594791 103.172000528829400
8487.328259932974 102.924499645680697
8610.77929219841 102.570000014959376
8736.025961076528 102.075501718000254
8863.094384703289 101.418501878873116
8992.011061111683 100.591997659069690
9122.802873757471 99.594498825619382
9255.497097125279 98.446999748238355
9390.121402416245 97.177996988128001
9526.7038633184 95.836502357629939
9665.272961860968 94.481504618610074
9805.857594353829 93.196498612585188
9948.487077413367 92.127501580368545
10093.19115407597 91.431501013062842
10240.000000000457 91.221500000000447
10388.944229760706 91.458499766174995
10540.05490322983 91.975500897519765
10693.363532057198 92.639501176082518
10848.902086239672 93.378998756604659
11006.703000788428 94.147999392946318
11166.799182492743 94.943001776408124
11329.224016782166 95.761001951711762
11494.0113746885 96.599498247035001
11661.195619909053 97.452501586879194
11830.811615972614 98.329500483670671
12002.894733509682 99.227501066348779
12177.48085762842 100.148502047889124
12354.606395397908 101.078999740222287
12534.308283440243 102.000498424398600
12716.62399563306 102.872499872419453
12901.591550924093 103.647499015095718
13089.249521259411 104.223998701063408
13279.637039626952 104.489999998334071
13472.793808217073 104.396500131241496
13668.760106701786 103.923498692913327
13867.576800634426 103.080501612049375
14069.285349971487 101.975498863212152
14273.927817718419 100.778999531770609
14481.54687870117 99.646999981342390
14692.18582846533 98.595998598830818
14905.888592304698 97.523000403540053
15122.699734421185 96.347002573873624
15342.664467217943 94.959497120677526
15565.828660727671 93.328503313915803
15792.238852178061 91.603003073643961
16021.942255696367 90.005500850961567
16254.986772155136 88.771998629348843
16491.42099916115 88.256501122070318
16731.294241189662 88.504498834878660
16974.65651986603 89.304001088188414
17221.558584396902 90.253999964810902
17472.051922153143 90.601999625398491
17726.188769406665 89.990501945813122
17984.022122223458 89.860002118101463
18245.605747515034 90.386499256393577
18510.99419425065 89.186999586543152
18780.242804832582 87.173497643079486
19053.40772663689 86.474000623793160
19330.545923722028 86.062501716906837
19611.71518870775 85.173998818756644
19896.974154826825 84.227001459501523
20186.382308152035 83.322001587247115
