20 98.081451999999999
20.290906698750476 98.145966989942053
20.586044732869844 98.209494865051198
20.885475648548283 98.271763957778290
21.189261887185914 98.332453791819233
21.49746679841394 98.389639143364235
21.810154653305165 98.441660563566614
22.12739065777668 98.489675392645566
22.449240966187475 98.536096874258675
22.77577269513385 98.582206243557778
23.107053937445478 98.628188166501062
23.44315377638505 98.674857133139341
23.784142300054445 98.722703456573356
24.130090616010463 98.771863247265287
24.481070866093134 98.821782695229956
24.837156241469714 98.872588906019914
25.1984209978975 98.924748456321169
25.56494047120865 98.977521852498555
25.936791093020236 99.030520404844538
26.3140504066728 99.083102373562141
26.69679708340074 99.134126643840176
27.08511093873791 99.182429504046723
27.47907294916184 99.228001201842915
27.878765268980047 99.272406399068871
28.284271247461966 99.316361839870609
28.695675446220072 99.359678072190306
29.11306365684382 99.402448886376561
29.536522918790062 99.443432821477160
29.966141537533712 99.480544708356348
30.402009102982383 99.513280220981883
30.844216508158908 99.544063421613899
31.29285596815558 99.574654165165754
31.74802103936409 99.606773741731843
32.20980663898519 99.639939878613859
32.67830906482211 99.671713809268866
33.153626015361866 99.701919069565037
33.63585661014871 99.732687999155232
34.125101410453844 99.763837028559109
34.62146244024586 99.794750126250619
35.12504320746613 99.824705036783399
35.635948725613716 99.853999105310876
36.15428553564419 99.883642580196209
36.68016172818701 99.913046717136240
37.21368696608603 99.940600958462937
37.754972507267915 99.964435560405235
38.30413122794313 99.984426923287202
38.86127764614443 100.002186553761788
39.4265279456077 100.019245838368235
40.000000000000206 100.036412127236588
40.58181339750116 100.054126912241927
41.1720894657399 100.072092239661913
41.77095129709678 100.090094521522445
42.37852377437204 100.108064923802431
42.9949335968281 100.125479397896612
43.62030930661056 100.142280755821218
44.25478131555359 100.159040980824898
44.89848193237519 100.175728150728276
45.55154539026795 100.190516386279910
46.21410787489121 100.201459207970771
46.88630755277036 100.208460957661657
47.56828460010916 100.212746566960092
48.260181232021196 100.214943023915538
48.962141732186545 100.214802163754229
49.674312482939705 100.212071061181021
50.39684199579528 100.209943684288717
51.129880942417586 100.216337957015668
51.873582186040764 100.237432605626566
52.628100813345895 100.269054731180773
53.393594166801776 100.299068362150166
54.17022187747612 100.320042875139080
54.95814589832399 100.332653504296644
55.75753053796041 100.341002004946759
56.56854249492426 100.347382710834069
57.39135089244048 100.352084735204329
58.226127313687975 100.353639803593609
59.073045837580466 100.347191543164030
59.932283075067765 100.326900619952823
60.804018205965114 100.295993719182235
61.68843301631817 100.267877284649003
62.58571193631152 100.251898825546220
63.49604207872855 100.244711920380880
64.41961327797075 100.236453725464514
65.35661812964459 100.223393401102953
66.3072520307241 100.205821233867496
67.27171322029778 100.183785383334353
68.25020282090806 100.157650803417937
69.2429248804921 100.128992210556433
70.25008641493265 100.097617096759620
71.27189745122783 100.062997237456727
72.30857107128878 100.026437555980976
73.36032345637442 99.989830291490762
74.42737393217246 99.954922013244669
75.50994501453623 99.924514036044158
76.60826245588666 99.900035941622590
77.72255529228926 99.877396374196508
78.85305589121582 99.851464930932678
80.00000000000082 99.820535264735241
81.16362679500274 99.782697410390924
82.34417893148023 99.739631260978584
83.541902594194 99.698021094943883
84.75704754874454 99.661809724715283
85.98986719365665 99.628119398946254
87.24061861322157 99.594921296185902
88.50956263110764 99.562175307473666
89.79696386475084 99.529800903381229
91.10309078053635 99.495304745138924
92.42821574978288 99.454759273622216
93.77261510554118 99.407695419027959
95.13656920021877 99.357669295079972
96.52036246404286 99.308174227753483
97.92428346437356 99.261802367039593
99.34862496587989 99.214536557087655
100.79368399159105 99.159652889799929
102.25976188483567 99.096040184572431
103.74716437208203 99.027743924531649
105.25620162669229 98.957822748282098
106.78718833360406 98.891780303110068
108.34044375495276 98.835156282214783
109.9162917966485 98.783918656046126
111.51506107592134 98.723878908251791
113.13708498984903 98.640029207526624
114.78270178488147 98.541157103627683
116.45225462737648 98.464825961588872
118.14609167516147 98.421646490227317
119.86456615013608 98.381775230242638
121.60803641193078 98.333811536228382
123.3768660326369 98.263858807639991
125.17142387262359 98.157183905421164
126.99208415745765 98.056027561377689
128.83922655594208 97.989247710272096
130.71323625928977 97.922719590781583
132.61450406144883 97.830271747536642
134.5434264405962 97.731398422020106
136.50040564181674 97.659222492064117
138.48584976098482 97.615291357110550
140.50017282986593 97.586018772493844
142.5437949024563 97.575186813570838
144.61714214257822 97.592876505367570
146.7206469127495 97.641122010870589
148.8547478643456 97.739705509859277
151.01989002907314 97.896056258784910
153.216524911774 98.082293431733007
155.4451105845792 98.269855572038665
157.70611178243232 98.433548005609239
160.00000000000236 98.528185567269162
162.3272535900062 98.535421291147756
164.6883578629612 98.508313795932310
167.08380518838874 98.464396610132880
169.51409509748981 98.403976080780026
171.97973438731407 98.347233567659316
174.4812372264439 98.292492147491885
177.01912526221608 98.225626991086244
179.5939277295025 98.153086174990364
182.20618156107355 98.075820568219115
184.85643149956664 97.989174059424599
187.54523021108326 97.897342919481687
190.27313840043846 97.799143751508794
193.04072492808663 97.697518846795646
195.84856692874806 97.601272021692182
198.69724993176072 97.504715107525627
201.58736798318304 97.406980778245725
204.5195237696723 97.309529429060206
207.49432874416505 97.216115809107293
210.5124032533856 97.129935250668268
213.57437666720915 97.048978465924819
216.68088750990657 96.974095728762933
219.83258359329807 96.908326535994860
223.03012215184378 96.847804497070996
226.2741699796992 96.787672068621532
229.5654035697641 96.728639930047819
232.90450925475412 96.672728597296555
236.2921833503241 96.617026438216897
239.72913230027333 96.559068188320879
243.21607282386276 96.498952069731388
246.75373206527502 96.438026695934639
250.34284774524843 96.377704364814093
253.9841683149166 96.319541237888515
257.67845311188546 96.264328199076488
261.42647251858085 96.212530596952604
265.22900812289896 96.163434660915755
269.08685288119375 96.112495470327360
273.0008112836349 96.058484860831101
276.97169952197106 96.004738868568950
281.00034565973334 95.950185995963309
285.0875898049141 95.891092679981895
289.23428428515797 95.825762956113593
293.44129382550057 95.756765918165740
297.7094957286928 95.688000067441692
302.0397800581479 95.618775291027475
306.4330498235497 95.547117020308264
310.89022116916016 95.475858442068855
315.41222356486645 95.404146821127171
320.00000000000654 95.332124215246537
324.6545071800142 95.262289987244316
329.3767157259242 95.194038260332690
334.16761037677935 95.127877834383867
339.02819019498156 95.064362373306636
343.95946877463007 95.000376361782941
348.9624744528898 94.939645090895624
354.03825052443415 94.883080749886972
359.187855459007 94.824255398576227
364.4123631221491 94.761279432230907
369.71286299913527 94.697666034143211
375.0904604221685 94.637167882523471
380.54627680087896 94.578978290179265
386.08144985617537 94.521932580500192
391.6971338574982 94.462768134890595
397.3944998635236 94.405206975170486
403.1747359663683 94.350326648870336
409.0390475393468 94.294991221022684
414.9886574883323 94.240355461746503
421.0248065067734 94.189038905140293
427.1487533344206 94.145073326850735
433.3617750198154 94.115832892390941
439.6651671865984 94.099311367602311
446.06024430368984 94.084015356790104
452.54833995940066 94.070676935404180
459.13080713953053 94.070644684261197
465.8090185095106 94.081937766123986
472.58436670065066 94.098519617286513
479.45826460054917 94.113810318447136
486.432145647728 94.132606225742393
493.50746413055253 94.163508145300256
500.6856954904994 94.200225215074539
507.9683366298358 94.238106770464867
515.3569062237735 94.287606051162726
522.8529450371643 94.348074160629352
530.4580162458005 94.415595563377622
538.1737057623901 94.485551421465999
546.0016225672724 94.552493563714023
553.9433990439449 94.623088977029056
562.0006913194694 94.697165614911086
570.1751796098309 94.773163727958917
578.4685685703187 94.849049288332921
586.8825876510039 94.919553185222583
595.4189914573883 94.989501865996573
604.0795601162986 95.068979045176718
612.8660996471021 95.151239518502109
621.780442338323 95.236360562793934
630.8244471297356 95.331653696596703
640.0000000000159 95.436637030545995
649.3090143600314 95.546120045373925
658.7534314518515 95.650771809000304
668.3352207535618 95.748737529228890
678.0563803899662 95.850949355788359
687.9189375492632 95.954194377904884
697.9249489057827 96.052785969336014
708.0765010488715 96.139012406502545
718.3757109180171 96.225424168167507
728.8247262443015 96.324095399771949
739.425725998274 96.428131559177672
750.1809208443404 96.533566940338659
761.0925536017613 96.642183591157988
772.1628997123541 96.747702563683447
783.3942677149998 96.853452004390505
794.7889997270506 96.959460235384142
806.34947193274 97.063500396620441
818.0780950786972 97.170143439766008
829.9773149766683 97.273417087710641
842.0496130135506 97.373727332271613
854.2975066688449 97.476693253249152
866.7235500396347 97.580031108606590
879.3303343732008 97.682969406008766
892.1204886073838 97.791852127688017
905.0966799188055 97.906619691009126
918.2616142790653 98.025564738497110
931.6180370190256 98.152707637995888
945.1687334013056 98.288413640318055
958.9165292011028 98.423572928532337
972.8642912954606 98.562395521590702
987.0149282611097 98.713345605639006
1001.3713909810035 98.862097311923364
1015.9366732596762 99.007786964309176
1030.7138124475518 99.153029749595078
1045.7058900743334 99.293338085789216
1060.916032491606 99.433327758016020
1076.3474115247852 99.574646761532108
1092.0032451345498 99.711981736335289
1107.8867980878947 99.848309699181428
1124.0013826389438 99.988544401087324
1140.350359219667 100.130425569318916
1156.9371371406426 100.269041605461751
1173.765175302013 100.411819029003908
1190.837982914782 100.560082466088772
1208.1591202326028 100.708245120658262
1225.73219929421 100.855003480089579
1243.5608846766518 101.000678411804216
1261.648894259477 101.146404461515758
1280.0000000000375 101.293091101932092
1298.6180287200684 101.437036351443766
1317.5068629037087 101.579144259055994
1336.6704415071292 101.721051040173933
1356.112760779938 101.865727676487154
1375.8378750985323 102.009902183364602
1395.8498978115715 102.153800209562974
1416.153002097749 102.297383121377948
1436.7514218360407 102.441494232709744
1457.6494524886093 102.587346009162815
1478.8514519965543 102.732473708101395
1500.3618416886875 102.872739719854479
1522.1851072035295 103.013559286822485
1544.3257994247153 103.156505144375785
1566.788535430007 103.297764133433148
1589.5779994541087 103.437077440804387
1612.6989438654878 103.576803235099987
1636.156190157402 103.716006493265951
1659.9546299533442 103.855789096070097
1684.099226027109 103.994873219535094
1708.5950133376978 104.129174769825099
1733.4471000792773 104.261985785451870
1758.6606687464096 104.394798711477819
1784.2409772147755 104.524610071231365
1810.193359837619 104.649272240448141
1836.5232285581387 104.767743921276633
1863.2360740380593 104.880052677624292
1890.3374668026197 104.987170154486222
1917.833058402214 105.087486465375704
1945.7285825909298 105.179021208660771
1974.0298565222283 105.263308025407113
2002.7427819620161 105.339900327990080
2031.8733465193618 105.406672155821582
2061.4276248951132 105.461868306541049
2091.411780148677 105.506784175584414
2121.832064983222 105.540075809230245
2152.694823049581 105.561390804887097
2184.0064902691106 105.571430165330355
2215.7735961758003 105.569964858229014
2248.002765277899 105.556190188941855
2280.7007184393456 105.530723170300604
2313.874274281297 105.494465800911343
2347.530350604038 105.449087506277053
2381.6759658295764 105.394865954396124
2416.318240465218 105.331465860695971
2451.4643985884327 105.261165596667439
2487.1217693533167 105.185465685176197
2523.2977885189675 105.105679186392223
2560.0000000000887 105.022916496035762
2597.236057440151 104.939166343843567
2635.0137258074315 104.855371906263770
2673.340883014273 104.772914110980196
2712.225521559891 104.694185323252313
2751.6757501970797 104.621644441333160
2791.699795623158 104.556277955150421
2832.3060041955137 104.499313331824993
2873.502843672097 104.452110762014712
2915.2989049772345 104.416676297850302
2957.7029039931244 104.393497685999691
3000.723683377391 104.380461097028132
3044.370214407075 104.371792257124838
3088.6515988494466 104.360431246344589
3133.57707086003 104.338543257801035
3179.1559989082334 104.300235032444846
3225.3978877309914 104.244689544450864
3272.3123803148205 104.176419204689793
3319.9092599067053 104.106019959283771
3368.198452054235 104.041209581996199
3417.190026675413 103.985922992251020
3466.8942001585724 103.939962720621665
3517.3213374928373 103.901407676055356
3568.4819544295697 103.867705193720838
3620.386719675257 103.835202918173877
3673.0464571162966 103.800887362125621
3726.472148076138 103.764248710945594
3780.6749336052594 103.727154616998575
3835.6661168044484 103.692577745498085
3891.45716518188 103.663212257895452
3948.059713044477 103.642682583840198
4005.4855639240527 103.632119708526858
4063.746693038744 103.631700409899778
4122.855249790247 103.640383944429601
4182.823560297375 103.656968582608243
4243.664129966465 103.678783257087957
4305.389646099183 103.701793299492607
4368.012980538242 103.720428689868214
4431.5471923516225 103.728811449715607
4496.00553055582 103.719408444262172
4561.401436878714 103.684693267111427
4627.748548562617 103.617207040024851
4695.060701208099 103.509729665415946
4763.351931659176 103.350952408514516
4832.63648093046 103.135057581054014
4902.928797176889 102.861425673236269
4974.243538706657 102.529202288258006
5046.595577037959 102.139926687328412
5120.000000000202 101.700077209848189
5194.472114880326 101.218360204013635
5270.027451614888 100.704728512404287
5346.6817660285715 100.185734487343169
5424.451043119808 99.685672739673464
5503.351500394186 99.239267026263093
5583.399591246343 98.901016874239701
5664.612008391055 98.741056888553359
5747.005687344222 98.876201169811310
5830.597809954497 99.387013185576649
5915.405807986278 100.270318978554627
6001.447366754812 101.402090415032404
6088.740428814181 102.588310047003546
6177.303197698925 103.669107936979216
6267.154141720092 104.536280725594821
6358.3119978165005 105.052197490703961
6450.795775462017 105.116606614637419
6544.624760629676 104.793155839715268
6639.818519813445 104.357784365770840
6736.396904108505 104.031256278737800
6834.380053350861 103.833206877764098
6933.788400317181 103.725445196190037
7034.642674985712 103.669120587055460
7136.963908859177 103.629005800270392
7240.773439350552 103.574635927340296
7346.092914232631 103.477403270335998
7452.944296152315 103.306487236312904
7561.349867210557 103.035986067496424
7671.332233608935 102.649867149006141
7782.914330363799 102.162228039152353
7896.119426088994 101.595478633401427
8010.971127848146 100.976812146871382
8127.49338607753 100.332561775439558
8245.710499580537 99.692050281811220
8365.647120594791 99.085523764016557
8487.328259932974 98.527332228493691
8610.77929219841 98.023108843455816
8736.025961076528 97.574495352554692
8863.094384703289 97.183111718039044
8992.011061111683 96.848654961380348
9122.802873757471 96.572506746716755
9255.497097125279 96.363997887757847
9390.121402416245 96.233797843324766
9526.7038633184 96.202532241372111
9665.272961860968 96.286406192376703
9805.857594353829 96.488231676361437
9948.487077413367 96.797788444190104
10093.19115407597 97.201135662581748
10240.000000000457 97.667956801078688
10388.944229760706 98.175625336811365
10540.05490322983 98.705333766305145
10693.363532057198 99.223522111992452
10848.902086239672 99.671496505181864
11006.703000788428 99.986190643615132
11166.799182492743 100.123254548460324
11329.224016782166 100.079098947075153
11494.0113746885 99.862307493274471
11661.195619909053 99.519739347230171
11830.811615972614 99.129210929047247
12002.894733509682 98.786703836179100
12177.48085762842 98.638628060609491
12354.606395397908 98.809338312995834
12534.308283440243 99.372509242167666
12716.62399563306 100.303912726355179
12901.591550924093 101.462649543690176
13089.249521259411 102.604935333036707
13279.637039626952 103.439768710698530
13472.793808217073 103.749500571154897
13668.760106701786 103.546876081684445
13867.576800634426 102.931367976434217
14069.285349971487 102.059481273015422
14273.927817718419 101.086992140133987
14481.54687870117 100.126575669702561
14692.18582846533 99.263012161483346
14905.888592304698 98.546886628678578
15122.699734421185 98.017264843319623
15342.664467217943 97.703594761451882
15565.828660727671 97.622096614578851
15792.238852178061 97.787767739479335
16021.942255696367 98.222568643690721
16254.986772155136 98.881764249160284
16491.42099916115 99.540014087585305
16731.294241189662 99.808537036936940
16974.65651986603 99.323943440643177
17221.558584396902 98.004492317822155
17472.051922153143 96.133902588779449
17726.188769406665 94.204157489965041
17984.022122223458 92.464232296663823
18245.605747515034 90.923076026206374
18510.99419425065 89.789258043416197
18780.242804832582 89.188763382411864
19053.40772663689 88.799048349094591
19330.545923722028 88.364347605186225
19611.71518870775 87.912818771262465
19896.974154826825 87.518441414207331
20186.382308152035 86.987995215881426
