20 99.209999999999994
20.290906698750476 99.224999985554447
20.586044732869844 99.241000039302293
20.885475648548283 99.257000029996419
21.189261887185914 99.271999994079593
21.49746679841394 99.287999989572612
21.810154653305165 99.305000033068907
22.12739065777668 99.321000032818063
22.449240966187475 99.336999948791700
22.77577269513385 99.354000033694675
23.107053937445478 99.369999996989662
23.44315377638505 99.387000036561574
23.784142300054445 99.404000013927757
24.130090616010463 99.419999982304631
24.481070866093134 99.435999993917619
24.837156241469714 99.451000009391521
25.1984209978975 99.465999999907211
25.56494047120865 99.479999979874307
25.936791093020236 99.495000040708177
26.3140504066728 99.508999978060899
26.69679708340074 99.523000039201506
27.08511093873791 99.536999961875850
27.47907294916184 99.549999998199880
27.878765268980047 99.563000009320120
28.284271247461966 99.576000008451558
28.695675446220072 99.590000012875393
29.11306365684382 99.602999988531309
29.536522918790062 99.616999964383012
29.966141537533712 99.630000017327973
30.402009102982383 99.643999971291635
30.844216508158908 99.657999984484718
31.29285596815558 99.671999999009856
31.74802103936409 99.686000031624445
32.20980663898519 99.698999964759878
32.67830906482211 99.710999976133166
33.153626015361866 99.721000021131715
33.63585661014871 99.730999991944756
34.125101410453844 99.740999967627147
34.62146244024586 99.750999968689328
35.12504320746613 99.762000023719338
35.635948725613716 99.773000014049643
36.15428553564419 99.783000012267124
36.68016172818701 99.794000016437622
37.21368696608603 99.804999980690894
37.754972507267915 99.815999972521780
38.30413122794313 99.825000003284870
38.86127764614443 99.832999980630149
39.4265279456077 99.841999981413593
40.000000000000206 99.849999999999994
40.58181339750116 99.859999989681754
41.1720894657399 99.869000007805241
41.77095129709678 99.879000025711136
42.37852377437204 99.889999979899969
42.9949335968281 99.897999994786304
43.62030930661056 99.904000008267246
44.25478131555359 99.908000004102263
44.89848193237519 99.910999993389581
45.55154539026795 99.915000016847344
46.21410787489121 99.922999998494831
46.88630755277036 99.931000008134717
47.56828460010916 99.941000018568133
48.260181232021196 99.950000003317314
48.962141732186545 99.959999982004007
49.674312482939705 99.968999992765816
50.39684199579528 99.977999988921312
51.129880942417586 99.984999983219112
51.873582186040764 99.985999996844797
52.628100813345895 99.983000000985982
53.393594166801776 99.979999996984333
54.17022187747612 99.977000005760715
54.95814589832399 99.973999995488654
55.75753053796041 99.970999998668560
56.56854249492426 99.969999999999999
57.39135089244048 99.971000004291795
58.226127313687975 99.973999998361620
59.073045837580466 99.977999989823715
59.932283075067765 99.981000009555999
60.804018205965114 99.983999995898813
61.68843301631817 99.986999995530283
62.58571193631152 99.988000000000000
63.49604207872855 99.988999995482217
64.41961327797075 99.987000008031032
65.35661812964459 99.984000012209080
66.3072520307241 99.976999991419433
67.27171322029778 99.967999996836625
68.25020282090806 99.954000045321891
69.2429248804921 99.937000056359224
70.25008641493265 99.917999952561317
71.27189745122783 99.896999971900755
72.30857107128878 99.874999998367372
73.36032345637442 99.850999939930759
74.42737393217246 99.825000050203670
75.50994501453623 99.796000110046236
76.60826245588666 99.764999955416357
77.72255529228926 99.731000051919281
78.85305589121582 99.695000066911177
80.00000000000082 99.656999999999968
81.16362679500274 99.617000041272973
82.34417893148023 99.577999935261587
83.541902594194 99.538999952599525
84.75704754874454 99.506000060300011
85.98986719365665 99.483000013034200
87.24061861322157 99.479000037202596
88.50956263110764 99.507000114863288
89.79696386475084 99.571999820434414
91.10309078053635 99.663000202168135
92.42821574978288 99.760000054853137
93.77261510554118 99.854000065077869
95.13656920021877 99.928000116050868
96.52036246404286 99.969999986878875
97.92428346437356 99.979999992801609
99.34862496587989 99.966000000477365
100.79368399159105 99.938000044314705
102.25976188483567 99.901000106278914
103.74716437208203 99.855999924275110
105.25620162669229 99.806000047152750
106.78718833360406 99.752999918576904
108.34044375495276 99.698000080649962
109.9162917966485 99.641999932329711
111.51506107592134 99.582999958725082
113.13708498984903 99.522000000374149
114.78270178488147 99.461999933477131
116.45225462737648 99.400000013787846
118.14609167516147 99.340000117349589
119.86456615013608 99.284999905705291
121.60803641193078 99.232000110731988
123.3768660326369 99.178000090263410
125.17142387262359 99.125000032549849
126.99208415745765 99.068999897066504
128.83922655594208 99.006000229422398
130.71323625928977 98.934000225868004
132.61450406144883 98.860999922774752
134.5434264405962 98.789000020805517
136.50040564181674 98.712000252507977
138.48584976098482 98.631000215595819
140.50017282986593 98.544999786525679
142.5437949024563 98.453999913434956
144.61714214257822 98.360999993605489
146.7206469127495 98.266999782826559
148.8547478643456 98.173000181505557
151.01989002907314 98.081000295137386
153.216524911774 97.994999889852068
155.4451105845792 97.913000122162885
157.70611178243232 97.841000126387669
160.00000000000236 97.789999999999964
162.3272535900062 97.759000015695690
164.6883578629612 97.744999996763084
167.08380518838874 97.748000024214946
169.51409509748981 97.767999958399784
171.97973438731407 97.809999968717960
174.4812372264439 97.873000165345005
177.01912526221608 97.955000214800350
179.5939277295025 98.042999820516741
182.20618156107355 98.122000117451677
184.85643149956664 98.187000030225207
187.54523021108326 98.240000059069004
190.27313840043846 98.289000106766821
193.04072492808663 98.334999982247894
195.84856692874806 98.375999928016142
198.69724993176072 98.407999999283945
201.58736798318304 98.427999977842632
204.5195237696723 98.433999995085998
207.49432874416505 98.424999971603185
210.5124032533856 98.403000014992600
213.57437666720915 98.364999912116645
216.68088750990657 98.311000105655395
219.83258359329807 98.240999934882737
223.03012215184378 98.157999967928419
226.2741699796992 98.066000000586129
229.5654035697641 97.969999868142551
232.90450925475412 97.872000022238424
236.2921833503241 97.773000224994831
239.72913230027333 97.671999818664077
243.21607282386276 97.572000205059325
246.75373206527502 97.474000163811354
250.34284774524843 97.376000061343873
253.9841683149166 97.278999805251914
257.67845311188546 97.181000367089169
261.42647251858085 97.082000278642866
265.22900812289896 96.982999892742669
269.08685288119375 96.883000003068531
273.0008112836349 96.782000330202706
276.97169952197106 96.683000257663139
281.00034565973334 96.583999772294135
285.0875898049141 96.487999888358260
289.23428428515797 96.393999972407258
293.44129382550057 96.304999805930095
297.7094957286928 96.222000139192033
302.0397800581479 96.145000254420225
306.4330498235497 96.075999916077762
310.89022116916016 96.013000094676258
315.41222356486645 95.953000098297835
320.00000000000654 95.893999999999920
324.6545071800142 95.833000037428164
329.3767157259242 95.767999909825420
334.16761037677935 95.703999908610442
339.02819019498156 95.645000092800458
343.95946877463007 95.588000047810866
348.9624744528898 95.527999855069595
354.03825052443415 95.462999842778444
359.187855459007 95.392000146849909
364.4123631221491 95.318999879093838
369.71286299913527 95.248999963058054
375.0904604221685 95.184999924391676
380.54627680087896 95.121999863059088
386.08144985617537 95.057000013589573
391.6971338574982 94.991000118773343
397.3944998635236 94.924000013515396
403.1747359663683 94.856000094168763
409.0390475393468 94.787000171989817
414.9886574883323 94.716999874441484
421.0248065067734 94.645000053403180
427.1487533344206 94.575999879805366
433.3617750198154 94.503000130308237
439.6651671865984 94.422999922327833
446.06024430368984 94.342999972917312
452.54833995940066 94.268000000461385
459.13080713953053 94.196999903853893
465.8090185095106 94.128000025267809
472.58436670065066 94.055000155613641
479.45826460054917 93.981999876691518
486.432145647728 93.916000122093891
493.50746413055253 93.855000108742232
500.6856954904994 93.795000029228945
507.9683366298358 93.742999911133168
515.3569062237735 93.696000172307137
522.8529450371643 93.651000122602852
530.4580162458005 93.611999961387355
538.1737057623901 93.578000000981916
546.0016225672724 93.549000090643858
553.9433990439449 93.525000063101189
562.0006913194694 93.505999955095206
570.1751796098309 93.489999985413121
578.4685685703187 93.476999998126928
586.8825876510039 93.467999990758585
595.4189914573883 93.464000006789860
604.0795601162986 93.466999986247558
612.8660996471021 93.478000023974005
621.780442338323 93.501999954113288
630.8244471297356 93.539999926564278
640.0000000000159 93.593000000000103
649.3090143600314 93.656999953092765
658.7534314518515 93.730000107082319
668.3352207535618 93.808000136617565
678.0563803899662 93.892999862399336
687.9189375492632 93.979999933759132
697.9249489057827 94.068000194910766
708.0765010488715 94.158000224972938
718.3757109180171 94.256999791962656
728.8247262443015 94.368000218628424
739.425725998274 94.489000069406131
750.1809208443404 94.616000158304999
761.0925536017613 94.752000316711204
772.1628997123541 94.897999955613741
783.3942677149998 95.053999729680839
794.7889997270506 95.216999981744905
806.34947193274 95.383999781827654
818.0780950786972 95.553999567868217
829.9773149766683 95.718000265717677
842.0496130135506 95.877999881326332
854.2975066688449 96.039000283522242
866.7235500396347 96.200999714730642
879.3303343732008 96.366000163111622
892.1204886073838 96.537000076330344
905.0966799188055 96.712999998902689
918.2616142790653 96.889000228513964
931.6180370190256 97.065999933857839
945.1687334013056 97.242999629891955
958.9165292011028 97.412000301017827
972.8642912954606 97.581999655627129
987.0149282611097 97.759999677398113
1001.3713909810035 97.935999903159797
1015.9366732596762 98.109000325845102
1030.7138124475518 98.285999345248470
1045.7058900743334 98.461999497891640
1060.916032491606 98.639000193063268
1076.3474115247852 98.818999994476769
1092.0032451345498 98.996999423764095
1107.8867980878947 99.174999515449556
1124.0013826389438 99.358000447731655
1140.350359219667 99.541000185461812
1156.9371371406426 99.717000033340682
1173.765175302013 99.896000414289290
1190.837982914782 100.079999676928239
1208.1591202326028 100.260999381140039
1225.73219929421 100.440000213368791
1243.5608846766518 100.616999721405534
1261.648894259477 100.791999695766336
1280.0000000000375 100.966000000000335
1298.6180287200684 101.134999882021248
1317.5068629037087 101.299000228254471
1336.6704415071292 101.460000256971171
1356.112760779938 101.618999735798965
1375.8378750985323 101.775999874692843
1395.8498978115715 101.928000324851311
1416.153002097749 102.077000342146420
1436.7514218360407 102.222999695158748
1457.6494524886093 102.369000262354163
1478.8514519965543 102.512000076122888
1500.3618416886875 102.647000158305033
1522.1851072035295 102.781000288424210
1544.3257994247153 102.912999960940141
1566.788535430007 103.040999784429061
1589.5779994541087 103.163999981085951
1612.6989438654878 103.284999838991268
1636.156190157402 103.400999705133643
1659.9546299533442 103.514000182680931
1684.099226027109 103.622999924352285
1708.5950133376978 103.725000170975392
1733.4471000792773 103.822999830951517
1758.6606687464096 103.918000083850202
1784.2409772147755 104.006000033181991
1810.193359837619 104.087000002426507
1836.5232285581387 104.162000093516198
1863.2360740380593 104.229999975475394
1890.3374668026197 104.291999873826811
1917.833058402214 104.349000094294752
1945.7285825909298 104.398999905000593
1974.0298565222283 104.444999921804808
2002.7427819620161 104.484999978850993
2031.8733465193618 104.520000056560534
2061.4276248951132 104.548999897005388
2091.411780148677 104.571999937967533
2121.832064983222 104.590000013261118
2152.694823049581 104.599999999754516
2184.0064902691106 104.604999993525439
2215.7735961758003 104.604000005383895
2248.002765277899 104.596999970800098
2280.7007184393456 104.582999981245422
2313.874274281297 104.563999995504616
2347.530350604038 104.538999936132981
2381.6759658295764 104.509000055252599
2416.318240465218 104.473000129555231
2451.4643985884327 104.432999946018711
2487.1217693533167 104.388000072814449
2523.2977885189675 104.340000087423448
2560.0000000000887 104.288999999999874
2597.236057440151 104.236000038378606
2635.0137258074315 104.180999923915152
2673.340883014273 104.125999912174393
2712.225521559891 104.072000089167830
2751.6757501970797 104.019000040455666
2791.699795623158 103.969999899241984
2832.3060041955137 103.924999896887357
2873.502843672097 103.883000083518127
2915.2989049772345 103.846999941699053
2957.7029039931244 103.814999984980830
3000.723683377391 103.786999967565166
3044.370214407075 103.757999929353701
3088.6515988494466 103.724000009842626
3133.57707086003 103.676000088965765
3179.1559989082334 103.610000011162356
3225.3978877309914 103.520000126738381
3272.3123803148205 103.412000284698522
3319.9092599067053 103.294999804033139
3368.198452054235 103.180000078449467
3417.190026675413 103.076999847764739
3466.8942001585724 102.994000135788227
3517.3213374928373 102.932999958143412
3568.4819544295697 102.894999992099514
3620.386719675257 102.880000000025731
3673.0464571162966 102.887000028977539
3726.472148076138 102.914999987366130
3780.6749336052594 102.963999885451486
3835.6661168044484 103.033000152322316
3891.45716518188 103.122999811715744
3948.059713044477 103.230999800957747
4005.4855639240527 103.356999927648204
4063.746693038744 103.497000279032051
4122.855249790247 103.647999430933709
4182.823560297375 103.802999565772737
4243.664129966465 103.954000152502843
4305.389646099183 104.087999996011078
4368.012980538242 104.191999695695714
4431.5471923516225 104.250999876891896
4496.00553055582 104.248999867771730
4561.401436878714 104.175999858355581
4627.748548562617 104.021999956725381
4695.060701208099 103.787999338249435
4763.351931659176 103.478000571124639
4832.63648093046 103.097001355796735
4902.928797176889 102.658999429995845
4974.243538706657 102.179000775632005
5046.595577037959 101.670000895103641
5120.000000000202 101.146999999998584
5194.472114880326 100.623000372414481
5270.027451614888 100.104999289874655
5346.6817660285715 99.606999231976133
5424.451043119808 99.137000766182695
5503.351500394186 98.700000334537066
5583.399591246343 98.304999211458920
5664.612008391055 97.958999278211436
5747.005687344222 97.665000581240790
5830.597809954497 97.418999613756228
5915.405807986278 97.216999908812141
6001.447366754812 97.059999867943844
6088.740428814181 96.960999911692113
6177.303197698925 96.948999995445490
6267.154141720092 97.086999683157700
6358.3119978165005 97.413999942327933
6450.795775462017 97.896999321421703
6544.624760629676 98.471998495165224
6639.818519813445 99.094001066179743
6736.396904108505 99.732999545114708
6834.380053350861 100.365001045669146
6933.788400317181 100.960998983329375
7034.642674985712 101.494000447104696
7136.963908859177 101.942000152973691
7240.773439350552 102.298000003732255
7346.092914232631 102.568000281229388
7452.944296152315 102.762999933858026
7561.349867210557 102.892999753932870
7671.332233608935 102.966000054670658
7782.914330363799 102.981999996059557
7896.119426088994 102.934000114301710
8010.971127848146 102.812000077798444
8127.49338607753 102.602999479642833
8245.710499580537 102.305001182475308
8365.647120594791 101.921001142497758
8487.328259932974 101.469999464681663
8610.77929219841 100.974000019532454
8736.025961076528 100.459001672789711
8863.094384703289 99.952001347420435
8992.011061111683 99.475998917687036
9122.802873757471 99.049999600435754
9255.497097125279 98.690999939738987
9390.121402416245 98.414999528615979
9526.7038633184 98.232000275114871
9665.272961860968 98.149000191728817
9805.857594353829 98.172000128554174
9948.487077413367 98.306999739255090
10093.19115407597 98.552999528162516
10240.000000000457 98.896000000001209
10388.944229760706 99.294999711449989
10540.05490322983 99.680000431147647
10693.363532057198 99.935000097196905
10848.902086239672 99.906000194848147
11006.703000788428 99.475000421957205
11166.799182492743 98.633997621234002
11329.224016782166 97.495997110999113
11494.0113746885 96.273002519106456
11661.195619909053 95.243998728310359
11830.811615972614 94.696999969635030
12002.894733509682 94.810000689168646
12177.48085762842 95.527002232859743
12354.606395397908 96.576999696972507
12534.308283440243 97.601998319358501
12716.62399563306 98.370999895901448
12901.591550924093 98.881999390234228
13089.249521259411 99.262999064562308
13279.637039626952 99.667000836298172
13472.793808217073 100.214999580873950
13668.760106701786 100.952001451554153
13867.576800634426 101.804998499366576
14069.285349971487 102.556000456617710
14273.927817718419 102.899999952246276
14481.54687870117 102.621999987126600
14692.18582846533 101.783998582968536
14905.888592304698 100.695000410971730
15122.699734421185 99.679002044705527
15342.664467217943 98.948999245544613
15565.828660727671 98.660000323116634
15792.238852178061 98.864999439207310
16021.942255696367 99.322999744877180
16254.986772155136 99.587999864254627
16491.42099916115 99.340001564992804
16731.294241189662 98.209003947838312
16974.65651986603 95.967996886815826
17221.558584396902 93.074000114325813
17472.051922153143 90.283008751466468
17726.188769406665 87.870006201944335
17984.022122223458 85.822995528724547
18245.605747515034 84.049998236831215
18510.99419425065 82.358999629218729
18780.242804832582 80.367994356988390
19053.40772663689 78.227003113753028
19330.545923722028 80.833985334469105
19611.71518870775 87.391006755159594
19896.974154826825 92.272993346576754
20186.382308152035 94.406997460404583
