20 101.314999999999998
20.290906698750476 101.322499992777225
20.586044732869844 101.330500017194751
20.885475648548283 101.338000017140814
21.189261887185914 101.345499997409831
21.49746679841394 101.352999995438026
21.810154653305165 101.360500014467647
22.12739065777668 101.368000014357904
22.449240966187475 101.374999977596360
22.77577269513385 101.382500014741424
23.107053937445478 101.389499998682979
23.44315377638505 101.397000015995687
23.784142300054445 101.404000005222912
24.130090616010463 101.410499992258281
24.481070866093134 101.416999997719103
24.837156241469714 101.423500004695768
25.1984209978975 101.429499999971000
25.56494047120865 101.435499991374698
25.936791093020236 101.441000017446356
26.3140504066728 101.446499992164604
26.69679708340074 101.451500011200437
27.08511093873791 101.455499989107381
27.47907294916184 101.458499999485682
27.878765268980047 101.461000001331456
28.284271247461966 101.462500001811065
28.695675446220072 101.465000002145899
29.11306365684382 101.467999996723222
29.536522918790062 101.470999989823724
29.966141537533712 101.475000004950857
30.402009102982383 101.479499989747012
30.844216508158908 101.484499994458830
31.29285596815558 101.490499999575661
31.74802103936409 101.495500009035553
32.20980663898519 101.498999991189976
32.67830906482211 101.499499999999998
33.153626015361866 101.497499993660483
33.63585661014871 101.494000003222084
34.125101410453844 101.490500016186431
34.62146244024586 101.486500012524274
35.12504320746613 101.481499988140328
35.635948725613716 101.476499991570208
36.15428553564419 101.469999992844180
36.68016172818701 101.463499990411378
37.21368696608603 101.457000011585478
37.754972507267915 101.451500010991282
38.30413122794313 101.446499998768175
38.86127764614443 101.443500007263694
39.4265279456077 101.440500005575927
40.000000000000206 101.436000000000007
40.58181339750116 101.429000009286412
41.1720894657399 101.418999991414239
41.77095129709678 101.407499976431467
42.37852377437204 101.396000024120042
42.9949335968281 101.385000007168827
43.62030930661056 101.374499977265046
44.25478131555359 101.363499977437556
44.89848193237519 101.353000016526039
45.55154539026795 101.341999972623086
46.21410787489121 101.329500002257760
46.88630755277036 101.316499988611383
47.56828460010916 101.302499969826783
48.260181232021196 101.289499995687493
48.962141732186545 101.277000021595171
49.674312482939705 101.266000007234169
50.39684199579528 101.253500018002853
51.129880942417586 101.240000039155390
51.873582186040764 101.223499971603175
52.628100813345895 101.205500004436857
53.393594166801776 101.185999968335466
54.17022187747612 101.164000033124097
54.95814589832399 101.140999971804092
55.75753053796041 101.116499983356917
56.56854249492426 101.090999984907896
57.39135089244048 101.064999972103323
58.226127313687975 101.038000022937354
59.073045837580466 101.011000068689924
59.932283075067765 100.982499933107960
60.804018205965114 100.954000059467191
61.68843301631817 100.924500067045585
62.58571193631152 100.894000002121714
63.49604207872855 100.861999925456502
64.41961327797075 100.829000132511993
65.35661812964459 100.794500103777210
66.3072520307241 100.757999961387412
67.27171322029778 100.721999991865601
68.25020282090806 100.686500113304760
69.2429248804921 100.651500106456297
70.25008641493265 100.616499919354240
71.27189745122783 100.582499953636244
72.30857107128878 100.549999997891177
73.36032345637442 100.519999935310054
74.42737393217246 100.492500052134574
75.50994501453623 100.464500106378011
76.60826245588666 100.434499958038927
77.72255529228926 100.402000050392246
78.85305589121582 100.364500072487132
80.00000000000082 100.322999999999979
81.16362679500274 100.279000046432088
82.34417893148023 100.231999923932364
83.541902594194 100.183999934165996
84.75704754874454 100.133500102509998
85.98986719365665 100.082000033888903
87.24061861322157 100.030999894592654
88.50956263110764 99.979499891290118
89.79696386475084 99.926500128607785
91.10309078053635 99.872499890492264
92.42821574978288 99.820999971453986
93.77261510554118 99.770499960953288
95.13656920021877 99.721499886270152
96.52036246404286 99.671000020067595
97.92428346437356 99.616000100777484
99.34862496587989 99.559000001336642
100.79368399159105 99.508000067856898
102.25976188483567 99.459500134247051
103.74716437208203 99.412499925852728
105.25620162669229 99.365000043525626
106.78718833360406 99.318499926116075
108.34044375495276 99.268500073449076
109.9162917966485 99.215999942480252
111.51506107592134 99.164999964716600
113.13708498984903 99.111000000342955
114.78270178488147 99.049999928112385
116.45225462737648 98.981500015566922
118.14609167516147 98.907000148642823
119.86456615013608 98.828499858557933
121.60803641193078 98.751500155845022
123.3768660326369 98.678500122022768
125.17142387262359 98.605500045694981
126.99208415745765 98.531499874764251
128.83922655594208 98.458500253755062
130.71323625928977 98.383500228920298
132.61450406144883 98.309999919557029
134.5434264405962 98.232500023117240
136.50040564181674 98.144500294592632
138.48584976098482 98.048000257663290
140.50017282986593 97.944999748574702
142.5437949024563 97.838499901463194
144.61714214257822 97.731999992857197
146.7206469127495 97.626499750481599
148.8547478643456 97.518500208538313
151.01989002907314 97.408000352881658
153.216524911774 97.297499853136074
155.4451105845792 97.185000172555078
157.70611178243232 97.073000208167926
160.00000000000236 96.965499999999892
162.3272535900062 96.862500061575417
164.6883578629612 96.767999867286221
167.08380518838874 96.691499897951331
169.51409509748981 96.640000070400376
171.97973438731407 96.622500004561971
174.4812372264439 96.649000121941938
177.01912526221608 96.719000253854958
179.5939277295025 96.832499749131344
182.20618156107355 96.981000279811354
184.85643149956664 97.143000088996445
187.54523021108326 97.297500163030449
190.27313840043846 97.428500257632962
193.04072492808663 97.532999962180327
195.84856692874806 97.609499875827851
198.69724993176072 97.652499999188478
201.58736798318304 97.662499995845508
204.5195237696723 97.645500056510969
207.49432874416505 97.604999906921535
210.5124032533856 97.541500039211400
213.57437666720915 97.459999835218724
216.68088750990657 97.368000165526766
219.83258359329807 97.268499916975486
223.03012215184378 97.165499962583141
226.2741699796992 97.060500000654713
229.5654035697641 96.955499857154436
232.90450925475412 96.851000023350338
236.2921833503241 96.749000229494726
239.72913230027333 96.647499818664087
243.21607282386276 96.547500205059322
246.75373206527502 96.450000162139816
250.34284774524843 96.354000059465989
253.9841683149166 96.259999815188053
257.67845311188546 96.167500344614325
261.42647251858085 96.077500250778584
265.22900812289896 95.988999905613554
269.08685288119375 95.901500002669621
273.0008112836349 95.815500275168915
276.97169952197106 95.730500223483318
281.00034565973334 95.647999805501229
285.0875898049141 95.566499906965220
289.23428428515797 95.485999975473121
293.44129382550057 95.406999822102591
297.7094957286928 95.330500129007262
302.0397800581479 95.256500250982114
306.4330498235497 95.185499912143911
310.89022116916016 95.120000097730326
315.41222356486645 95.060500095021240
320.00000000000654 95.007999999999925
324.6545071800142 94.961500027165613
329.3767157259242 94.923499956321677
334.16761037677935 94.895499968013652
339.02819019498156 94.875000032000159
343.95946877463007 94.857500014514017
348.9624744528898 94.839999947915629
354.03825052443415 94.814499925881279
359.187855459007 94.779000077504122
364.4123631221491 94.733499910184008
369.71286299913527 94.679499968095598
375.0904604221685 94.623499939749621
380.54627680087896 94.575999922970738
386.08144985617537 94.542500006382980
391.6971338574982 94.522500032392728
397.3944998635236 94.506500003180093
403.1747359663683 94.488500026311868
409.0390475393468 94.466500054053938
414.9886574883323 94.441499954659420
421.0248065067734 94.415000020026184
427.1487533344206 94.387999953257633
433.3617750198154 94.358000056349510
439.6651671865984 94.322999963105715
446.06024430368984 94.285999987527703
452.54833995940066 94.251500000211990
459.13080713953053 94.217499954673983
465.8090185095106 94.184000012633902
472.58436670065066 94.148000077806813
479.45826460054917 94.111499940159121
486.432145647728 94.080000057231501
493.50746413055253 94.051000052558749
500.6856954904994 94.022500013153035
507.9683366298358 93.999999962972154
515.3569062237735 93.981500063678737
522.8529450371643 93.966500039009986
530.4580162458005 93.957499994637146
538.1737057623901 93.952500000153421
546.0016225672724 93.951000003237283
553.9433990439449 93.952999994741575
562.0006913194694 93.957000014968258
570.1751796098309 93.963000009377282
578.4685685703187 93.971500001685769
586.8825876510039 93.980500020793215
595.4189914573883 93.989999983025356
604.0795601162986 94.003999948428316
612.8660996471021 94.022500025172718
621.780442338323 94.045999957390919
630.8244471297356 94.078499938803560
640.0000000000159 94.123500000000092
649.3090143600314 94.181999955935638
658.7534314518515 94.256000121172093
668.3352207535618 94.346000167519136
678.0563803899662 94.452999822399136
687.9189375492632 94.571499908918810
697.9249489057827 94.693000253384000
708.0765010488715 94.809000267155369
718.3757109180171 94.923499765448085
728.8247262443015 95.042000222272236
739.425725998274 95.163500067726943
750.1809208443404 95.286500150035323
761.0925536017613 95.412000281025442
772.1628997123541 95.539499961827829
783.3942677149998 95.672999770741981
794.7889997270506 95.810999984527683
806.34947193274 95.950999815592425
818.0780950786972 96.100499618707246
829.9773149766683 96.250500249110331
842.0496130135506 96.401499887260016
854.2975066688449 96.559500280021965
866.7235500396347 96.719999716491571
879.3303343732008 96.881500162140711
892.1204886073838 97.049500073728169
905.0966799188055 97.219999998933872
918.2616142790653 97.390000223320470
931.6180370190256 97.563999934601014
945.1687334013056 97.741999627789070
958.9165292011028 97.912500302831177
972.8642912954606 98.083499653647976
987.0149282611097 98.266999666523887
1001.3713909810035 98.443999903159778
1015.9366732596762 98.616500323993733
1030.7138124475518 98.791499356283609
1045.7058900743334 98.960999517861850
1060.916032491606 99.128500180192390
1076.3474115247852 99.295499994906351
1092.0032451345498 99.457499478797871
1107.8867980878947 99.617499569288498
1124.0013826389438 99.779500391765197
1140.350359219667 99.939000157329957
1156.9371371406426 100.088500027721466
1173.765175302013 100.238000342238976
1190.837982914782 100.389499734870455
1208.1591202326028 100.538499494597701
1225.73219929421 100.684000171414255
1243.5608846766518 100.826999773641987
1261.648894259477 100.967999753465833
1280.0000000000375 101.109000000000279
1298.6180287200684 101.244999904053429
1317.5068629037087 101.377500181758180
1336.6704415071292 101.507000211431972
1356.112760779938 101.637499783685413
1375.8378750985323 101.765999897183889
1395.8498978115715 101.890500262046743
1416.153002097749 102.011500281216229
1436.7514218360407 102.131499749445553
1457.6494524886093 102.251500218628479
1478.8514519965543 102.369500063808886
1500.3618416886875 102.481500131133259
1522.1851072035295 102.592500246908600
1544.3257994247153 102.704499967154220
1566.788535430007 102.813499813514028
1589.5779994541087 102.918999983566479
1612.6989438654878 103.023999860459099
1636.156190157402 103.127499738179012
1659.9546299533442 103.230000169395055
1684.099226027109 103.331499929255358
1708.5950133376978 103.429500164136385
1733.4471000792773 103.526499827429689
1758.6606687464096 103.623500091303555
1784.2409772147755 103.719500037527254
1810.193359837619 103.813000002905426
1836.5232285581387 103.903000118899158
1863.2360740380593 103.991499967300527
1890.3374668026197 104.077499819151768
1917.833058402214 104.161000143255478
1945.7285825909298 104.239499845625971
1974.0298565222283 104.315999864935591
2002.7427819620161 104.390499958815099
2031.8733465193618 104.461000124433184
2061.4276248951132 104.527499753548611
2091.411780148677 104.591499819541895
2121.832064983222 104.652000062990282
2152.694823049581 104.708499998281681
2184.0064902691106 104.761999828424166
2215.7735961758003 104.812999862710726
2248.002765277899 104.861000109499599
2280.7007184393456 104.906500045844524
2313.874274281297 104.951000008054223
2347.530350604038 104.993500095800528
2381.6759658295764 105.034999929207601
2416.318240465218 105.075999856807371
2451.4643985884327 105.117000050300746
2487.1217693533167 105.158499933517248
2523.2977885189675 105.200499926564305
2560.0000000000887 105.244500000000102
2597.236057440151 105.290499967307113
2635.0137258074315 105.339500071857913
2673.340883014273 105.391500087825605
2712.225521559891 105.445999909180912
2751.6757501970797 105.502999954876373
2791.699795623158 105.562500133613881
2832.3060041955137 105.623500145295083
2873.502843672097 105.684999872634847
2915.2989049772345 105.743500096560922
2957.7029039931244 105.795000024674351
3000.723683377391 105.838000040543534
3044.370214407075 105.869500048569336
3088.6515988494466 105.887499996172309
3133.57707086003 105.891500000000008
3179.1559989082334 105.882500001860393
3225.3978877309914 105.863500027724015
3272.3123803148205 105.837500068632679
3319.9092599067053 105.810999956820865
3368.198452054235 105.786000016810590
3417.190026675413 105.766999974050805
3466.8942001585724 105.753500020890499
3517.3213374928373 105.745999996194854
3568.4819544295697 105.742999999604976
3620.386719675257 105.744000000025736
3673.0464571162966 105.747500007902971
3726.472148076138 105.753499997770490
3780.6749336052594 105.759499987272392
3835.6661168044484 105.763500003626717
3891.45716518188 105.763000005883896
3948.059713044477 105.753500021325948
4005.4855639240527 105.730000015026917
4063.746693038744 105.689499892534954
4122.855249790247 105.627000251276030
4182.823560297375 105.536500276326436
4243.664129966465 105.415999837551311
4305.389646099183 105.259500005093543
4368.012980538242 105.066000657167748
4431.5471923516225 104.836000636950672
4496.00553055582 104.571999297231258
4561.401436878714 104.276999667029912
4627.748548562617 103.956499932661444
4695.060701208099 103.619499215870917
4763.351931659176 103.271000611173022
4832.63648093046 102.913501229118765
4902.928797176889 102.554999567039388
4974.243538706657 102.199500560354551
5046.595577037959 101.850500601939856
5120.000000000202 101.511999999999105
5194.472114880326 101.187000228139397
5270.027451614888 100.876999584351239
5346.6817660285715 100.587999559515723
5424.451043119808 100.320500432629018
5503.351500394186 100.073500188274352
5583.399591246343 99.847499535636928
5664.612008391055 99.638999517245310
5747.005687344222 99.432000431778874
5830.597809954497 99.216499604646714
5915.405807986278 99.001999893256567
6001.447366754812 98.814499834350613
6088.740428814181 98.691999878576652
6177.303197698925 98.661000001992591
6267.154141720092 98.716999869130348
6358.3119978165005 98.840999978605510
6450.795775462017 99.012999759725190
6544.624760629676 99.218999456022559
6639.818519813445 99.454000427808808
6736.396904108505 99.716999808095267
6834.380053350861 100.009500541752928
6933.788400317181 100.332499423770585
7034.642674985712 100.682000346268325
7136.963908859177 101.049000149736159
7240.773439350552 101.418500004646006
7346.092914232631 101.773000436436178
7452.944296152315 102.087999888153149
7561.349867210557 102.333999522714606
7671.332233608935 102.487000140321385
7782.914330363799 102.537499952714626
7896.119426088994 102.483000141091168
8010.971127848146 102.334500093138985
8127.49338607753 102.112999506037767
8245.710499580537 101.842001034665884
8365.647120594791 101.544500851217379
8487.328259932974 101.241999677492657
8610.77929219841 100.953500010967616
8736.025961076528 100.697000797642971
8863.094384703289 100.488500520716258
8992.011061111683 100.343499772273518
9122.802873757471 100.268999979916089
9255.497097125279 100.268000011526439
9390.121402416245 100.345500324076525
9526.7038633184 100.510999672648140
9665.272961860968 100.771999024237303
9805.857594353829 101.128500520280568
9948.487077413367 101.581499241613898
10093.19115407597 102.125499021631100
10240.000000000457 102.737500000001944
10388.944229760706 103.374499545853553
10540.05490322983 103.982500753803890
10693.363532057198 104.474000528103176
10848.902086239672 104.728999696169012
11006.703000788428 104.669500111371605
11166.799182492743 104.287498681383852
11329.224016782166 103.623498048288241
11494.0113746885 102.741501934090820
11661.195619909053 101.680497824645528
11830.811615972614 100.444999263649365
12002.894733509682 99.083498499428416
12177.48085762842 97.892998220758699
12354.606395397908 97.254500130865466
12534.308283440243 97.246499772700133
12716.62399563306 97.676999923571316
12901.591550924093 98.329999089328084
13089.249521259411 99.082498037614386
13279.637039626952 99.909501461022899
13472.793808217073 100.795499368488521
13668.760106701786 101.670501353522639
13867.576800634426 102.401998823169151
14069.285349971487 102.825500092274837
14273.927817718419 102.795499829219708
14481.54687870117 102.227499981853811
14692.18582846533 101.005997551919521
14905.888592304698 98.870000899232906
15122.699734421185 95.855506747951580
15342.664467217943 93.832500169479104
15565.828660727671 94.536997407185964
15792.238852178061 96.233496981720918
16021.942255696367 97.447499410787799
16254.986772155136 98.130000539210769
16491.42099916115 98.227000339573920
16731.294241189662 97.321003464256407
16974.65651986603 95.210997006384900
17221.558584396902 92.376500113938278
17472.051922153143 89.313010017361250
17726.188769406665 86.044509010776522
17984.022122223458 82.949995920512094
18245.605747515034 82.165001517757602
18510.99419425065 84.055000706231127
18780.242804832582 88.036507827695630
19053.40772663689 90.823496316318966
19330.545923722028 91.183000352273723
19611.71518870775 90.292498476753963
19896.974154826825 89.087001832308985
20186.382308152035 88.199501365206004
