20 103.503999999999991
20.290906698750476 103.485000019604669
20.586044732869844 103.465499948415740
20.885475648548283 103.444499955005369
21.189261887185914 103.423000008140548
21.49746679841394 103.400500014989348
21.810154653305165 103.373999940062617
22.12739065777668 103.344999934363855
22.449240966187475 103.313500099216100
22.77577269513385 103.280999928398813
23.107053937445478 103.248000006020675
23.44315377638505 103.214499926876840
23.784142300054445 103.181999972144482
24.130090616010463 103.150000035390747
24.481070866093134 103.119000011784635
24.837156241469714 103.087999978533631
25.1984209978975 103.056000000185563
25.56494047120865 103.023500046001615
25.936791093020236 102.990999901137300
26.3140504066728 102.957500051713581
26.69679708340074 102.923999901996240
27.08511093873791 102.890000089864088
27.47907294916184 102.855500004371720
27.878765268980047 102.821499976699698
28.284271247461966 102.786499978871078
28.695675446220072 102.751499961373838
29.11306365684382 102.715000030310108
29.536522918790062 102.678500094130641
29.966141537533712 102.640999951729199
30.402009102982383 102.602000079973322
30.844216508158908 102.561500044329378
31.29285596815558 102.521000002828984
31.74802103936409 102.479999907385604
32.20980663898519 102.439000120403762
32.67830906482211 102.398500079556086
33.153626015361866 102.358499913359978
33.63585661014871 102.317500033026505
34.125101410453844 102.275500135966013
34.62146244024586 102.232500137767005
35.12504320746613 102.186499883775241
35.635948725613716 102.136999928346796
36.15428553564419 102.084999945820186
36.68016172818701 102.031999926030664
37.21368696608603 101.978500102338273
37.754972507267915 101.926000145634546
38.30413122794313 101.873499978237788
38.86127764614443 101.821000125904021
39.4265279456077 101.767500098507981
40.000000000000206 101.713999999999984
40.58181339750116 101.661000054686696
41.1720894657399 101.609499959412787
41.77095129709678 101.558499888585089
42.37852377437204 101.506000106530195
42.9949335968281 101.452000035844122
43.62030930661056 101.395999878058007
44.25478131555359 101.336999876932225
44.89848193237519 101.277000099156211
45.55154539026795 101.216999873644937
46.21410787489121 101.156500011476908
46.88630755277036 101.094499950378236
47.56828460010916 101.032999860738983
48.260181232021196 100.972999979764410
48.962141732186545 100.914000102577120
49.674312482939705 100.857000040511423
50.39684199579528 100.800000078935597
51.129880942417586 100.740500170605657
51.873582186040764 100.677999897455919
52.628100813345895 100.613000016022028
53.393594166801776 100.546499898975071
54.17022187747612 100.479500096491932
54.95814589832399 100.410499919923609
55.75753053796041 100.339999954065078
56.56854249492426 100.270999958345811
57.39135089244048 100.202999927039457
58.226127313687975 100.135500054885824
59.073045837580466 100.071500157732387
59.932283075067765 100.017999887716925
60.804018205965114 99.972000092276673
61.68843301631817 99.924000109507773
62.58571193631152 99.869500003960553
63.49604207872855 99.811499871243086
64.41961327797075 99.756500212822317
65.35661812964459 99.709500137352194
66.3072520307241 99.666999950661705
67.27171322029778 99.617499986216700
68.25020282090806 99.553000220134948
69.2429248804921 99.479500231699006
70.25008641493265 99.406999838708458
71.27189745122783 99.339999905867515
72.30857107128878 99.271999994966052
73.36032345637442 99.195999815171575
74.42737393217246 99.116000154472829
75.50994501453623 99.042000260442762
76.60826245588666 98.981499926568119
77.72255529228926 98.924500088568195
78.85305589121582 98.859500126387815
80.00000000000082 98.789499999999947
81.16362679500274 98.722500067068580
82.34417893148023 98.660999901273925
83.541902594194 98.598999918365848
84.75704754874454 98.536500126630017
85.98986719365665 98.474500039102566
87.24061861322157 98.415499880124997
88.50956263110764 98.356999876932193
89.79696386475084 98.296500148020286
91.10309078053635 98.232999865221245
92.42821574978288 98.168499962498373
93.77261510554118 98.102499945497300
95.13656920021877 98.035999851454889
96.52036246404286 97.973500023540851
97.92428346437356 97.918000095378687
99.34862496587989 97.863500001336661
100.79368399159105 97.796000098323248
102.25976188483567 97.715500234932335
103.74716437208203 97.629999873791860
105.25620162669229 97.555000063474864
106.78718833360406 97.497499926116092
108.34044375495276 97.449000069128545
109.9162917966485 97.401999946991609
111.51506107592134 97.354999968710942
113.13708498984903 97.307500000299314
114.78270178488147 97.254499934550097
116.45225462737648 97.189000015566904
118.14609167516147 97.123500121261245
119.86456615013608 97.076499911145362
121.60803641193078 97.021000127136730
123.3768660326369 96.938500147095951
125.17142387262359 96.854500050702654
126.99208415745765 96.780499874764246
128.83922655594208 96.705500267659460
130.71323625928977 96.625000244181635
132.61450406144883 96.548999928137604
134.5434264405962 96.483500018493800
136.50040564181674 96.418500216897883
138.48584976098482 96.348500189303650
140.50017282986593 96.277499831592479
142.5437949024563 96.205499930932149
144.61714214257822 96.128999994557859
146.7206469127495 96.047999812861207
148.8547478643456 95.967000156403728
151.01989002907314 95.885500259849209
153.216524911774 95.805999902964913
155.4451105845792 95.736500099257341
157.70611178243232 95.684000089214834
160.00000000000236 95.652499999999989
162.3272535900062 95.649499997585281
164.6883578629612 95.678000080923027
167.08380518838874 95.734000119345055
169.51409509748981 95.805499881599374
171.97973438731407 95.875499955683779
174.4812372264439 95.938000111607877
177.01912526221608 95.989500102518349
179.5939277295025 96.028999924535441
182.20618156107355 96.067500070816436
184.85643149956664 96.109500024068225
187.54523021108326 96.153000051980712
190.27313840043846 96.196000085877643
193.04072492808663 96.230499987650717
195.84856692874806 96.250999969406848
198.69724993176072 96.253500000047723
201.58736798318304 96.240500022157363
204.5195237696723 96.216500063881966
207.49432874416505 96.186499949516758
210.5124032533856 96.153500019605701
213.57437666720915 96.120999937749303
216.68088750990657 96.086500061632307
219.83258359329807 96.050999970697234
223.03012215184378 96.014499986102308
226.2741699796992 95.975500000243187
229.5654035697641 95.934499942312371
232.90450925475412 95.892000009562523
236.2921833503241 95.849000096747773
239.72913230027333 95.805999920212201
243.21607282386276 95.762000090226110
246.75373206527502 95.719500070204859
250.34284774524843 95.679000025038306
253.9841683149166 95.640999926472659
257.67845311188546 95.604000138594898
261.42647251858085 95.566500105884288
265.22900812289896 95.527999958169630
269.08685288119375 95.489000001196729
273.0008112836349 95.450500123016695
276.97169952197106 95.415500089393333
281.00034565973334 95.384999935957723
285.0875898049141 95.359499975578373
289.23428428515797 95.339499995094627
293.44129382550057 95.323499960723950
297.7094957286928 95.305000033949284
302.0397800581479 95.283500079076560
306.4330498235497 95.258499965906594
310.89022116916016 95.231500042757020
315.41222356486645 95.200500052425511
320.00000000000654 95.166999999999945
324.6545071800142 95.131000021732490
329.3767157259242 95.091999939413952
334.16761037677935 95.048499929934664
339.02819019498156 95.002000075200371
343.95946877463007 94.954000040980759
348.9624744528898 94.906499895831274
354.03825052443415 94.859999898929004
359.187855459007 94.815500089741619
364.4123631221491 94.771499925729074
369.71286299913527 94.727999974812306
375.0904604221685 94.682499944475140
380.54627680087896 94.635499899434024
386.08144985617537 94.588500009677432
391.6971338574982 94.541000084581015
397.3944998635236 94.494000009341519
403.1747359663683 94.445000067856910
409.0390475393468 94.394500125306877
414.9886574883323 94.343999912806581
421.0248065067734 94.296000034118691
427.1487533344206 94.251999928217103
433.3617750198154 94.207500081002422
439.6651671865984 94.160999956309411
446.06024430368984 94.118999987884052
452.54833995940066 94.086500000193283
459.13080713953053 94.063499979397278
465.8090185095106 94.052000002972676
472.58436670065066 94.056499978971132
479.45826460054917 94.081500067094311
486.432145647728 94.122999912245007
493.50746413055253 94.183999880383539
500.6856954904994 94.262999960540924
507.9683366298358 94.344500155516954
515.3569062237735 94.430999666623137
522.8529450371643 94.521499746435012
530.4580162458005 94.606500086878441
538.1737057623901 94.687999997483843
546.0016225672724 94.765499750729418
553.9433990439449 94.843499797550379
562.0006913194694 94.918500172135055
570.1751796098309 94.983500055221754
578.4685685703187 95.032500006743049
586.8825876510039 95.066000067000331
595.4189914573883 95.096499945681160
604.0795601162986 95.137499852161199
612.8660996471021 95.187000070723343
621.780442338323 95.249499891838482
630.8244471297356 95.329499851380092
640.0000000000159 95.422000000000168
649.3090143600314 95.518999931060591
658.7534314518515 95.613500128216970
668.3352207535618 95.703500144749555
678.0563803899662 95.790999862399332
687.9189375492632 95.874499937522828
697.9249489057827 95.953500168922659
708.0765010488715 96.031500196851326
718.3757109180171 96.117499820516798
728.8247262443015 96.215500193121784
739.425725998274 96.322500060450494
750.1809208443404 96.432500132314630
761.0925536017613 96.543000240878939
772.1628997123541 96.651999967450081
783.3942677149998 96.761999811803122
794.7889997270506 96.871999987755729
806.34947193274 96.981499857149061
818.0780950786972 97.092999715301417
829.9773149766683 97.200000174377209
842.0496130135506 97.304999922120402
854.2975066688449 97.410500182014275
866.7235500396347 97.514499816864117
879.3303343732008 97.619000103886577
892.1204886073838 97.726500048140167
905.0966799188055 97.837999999301729
918.2616142790653 97.950500148014726
931.6180370190256 98.065999956524536
945.1687334013056 98.184999749756486
958.9165292011028 98.301000206723074
972.8642912954606 98.417499764480624
987.0149282611097 98.540999777078468
1001.3713909810035 98.661999934326758
1015.9366732596762 98.780000220315728
1030.7138124475518 98.899499558594471
1045.7058900743334 99.017499666212046
1060.916032491606 99.135500127636277
1076.3474115247852 99.254999996317849
1092.0032451345498 99.373499618000920
1107.8867980878947 99.492999676966377
1124.0013826389438 99.616500301732202
1140.350359219667 99.740000123988523
1156.9371371406426 99.858000022102260
1173.765175302013 99.976500274691816
1190.837982914782 100.097499789301025
1208.1591202326028 100.215499597741029
1225.73219929421 100.330500136651921
1243.5608846766518 100.443499822712610
1261.648894259477 100.553499809416849
1280.0000000000375 100.661500000000217
1298.6180287200684 100.764499928217745
1317.5068629037087 100.860000129626002
1336.6704415071292 100.950500143123179
1356.112760779938 101.036499861294459
1375.8378750985323 101.116499937346418
1395.8498978115715 101.190500149431614
1416.153002097749 101.258500152325468
1436.7514218360407 101.321999870546861
1457.6494524886093 101.381500103848538
1478.8514519965543 101.436500028546078
1500.3618416886875 101.486500055524886
1522.1851072035295 101.534000102696496
1544.3257994247153 101.581499985796412
1566.788535430007 101.628499919588620
1589.5779994541087 101.675999992558417
1612.6989438654878 101.722999938279997
1636.156190157402 101.769999880528275
1659.9546299533442 101.815500073072371
1684.099226027109 101.859499969180547
1708.5950133376978 101.900000063260904
1733.4471000792773 101.936499936606822
1758.6606687464096 101.970000028881728
1784.2409772147755 102.000000010665644
1810.193359837619 102.025500000766272
1836.5232285581387 102.048500028054860
1863.2360740380593 102.069499992196711
1890.3374668026197 102.091999951633611
1917.833058402214 102.115500045334016
1945.7285825909298 102.140999948541989
1974.0298565222283 102.169499948462260
2002.7427819620161 102.199499983303411
2031.8733465193618 102.229000052789843
2061.4276248951132 102.255499908040520
2091.411780148677 102.277999940787183
2121.832064983222 102.293500012156017
2152.694823049581 102.302499999785198
2184.0064902691106 102.303500003237275
2215.7735961758003 102.296000026919472
2248.002765277899 102.280999948900188
2280.7007184393456 102.257999968742382
2313.874274281297 102.226499992882310
2347.530350604038 102.186499890513687
2381.6759658295764 102.134500096692051
2416.318240465218 102.068500238654366
2451.4643985884327 101.993499899398500
2487.1217693533167 101.909000137714287
2523.2977885189675 101.812000174846887
2560.0000000000887 101.702999999999719
2597.236057440151 101.585500084575074
2635.0137258074315 101.459499815423811
2673.340883014273 101.326999783688777
2712.225521559891 101.193000222919579
2751.6757501970797 101.060000103473129
2791.699795623158 100.928999721820276
2832.3060041955137 100.803499716440243
2873.502843672097 100.686000238026679
2915.2989049772345 100.581999834206712
2957.7029039931244 100.495499961379281
3000.723683377391 100.428999943239035
3044.370214407075 100.385999947015279
3088.6515988494466 100.368500003007455
3133.57707086003 100.379999967493291
3179.1559989082334 100.421999992403386
3225.3978877309914 100.492499897025056
3272.3123803148205 100.587499745804905
3319.9092599067053 100.698500199288333
3368.198452054235 100.817999916647466
3417.190026675413 100.935000186834174
3466.8942001585724 101.038999825912526
3517.3213374928373 101.121000058028457
3568.4819544295697 101.173000010665646
3620.386719675257 101.191499999909922
3673.0464571162966 101.177499953899371
3726.472148076138 101.136500017464471
3780.6749336052594 101.076000137882460
3835.6661168044484 101.001999858557838
3891.45716518188 100.923500154942275
3948.059713044477 100.850000127955724
4005.4855639240527 100.790000030610372
4063.746693038744 100.748499954751566
4122.855249790247 100.731500036952355
4182.823560297375 100.742499949246167
4243.664129966465 100.784000070725966
4305.389646099183 100.854999997606654
4368.012980538242 100.951999669797488
4431.5471923516225 101.068499678848397
4496.00553055582 101.198500335467998
4561.401436878714 101.336500147986712
4627.748548562617 101.475500027299404
4695.060701208099 101.608500281017356
4763.351931659176 101.728499798016898
4832.63648093046 101.828999678169453
4902.928797176889 101.897000046085438
4974.243538706657 101.924499973090320
5046.595577037959 101.912000038163342
5120.000000000202 101.861499999999779
5194.472114880326 101.771000071071470
5270.027451614888 101.647499802742956
5346.6817660285715 101.503499756362174
5424.451043119808 101.351000254293382
5503.351500394186 101.200000115920986
5583.399591246343 101.060499730581796
5664.612008391055 100.946499803148569
5747.005687344222 100.875500120399877
5830.597809954497 100.862500065588563
5915.405807986278 100.915500056321918
6001.447366754812 101.038000202717797
6088.740428814181 101.229000525431928
6177.303197698925 101.481999923712038
6267.154141720092 101.784999459301702
6358.3119978165005 102.120999946978912
6450.795775462017 102.466999544534019
6544.624760629676 102.794499189117744
6639.818519813445 103.074000377674963
6736.396904108505 103.279499868509717
6834.380053350861 103.401000101471197
6933.788400317181 103.440499965182511
7034.642674985712 103.408999924848359
7136.963908859177 103.316499945771227
7240.773439350552 103.168999997593346
7346.092914232631 102.970999694892654
7452.944296152315 102.729000094382371
7561.349867210557 102.431000668199545
7671.332233608935 102.045999156249337
7782.914330363799 101.558501008754575
7896.119426088994 100.983001060862776
8010.971127848146 100.340000359954814
8127.49338607753 99.652498674597538
8245.710499580537 98.950002594055178
8365.647120594791 98.263001920188060
8487.328259932974 97.632499396669914
8610.77929219841 97.122000018253544
8736.025961076528 96.831000720139201
8863.094384703289 96.842499755746502
8992.011061111683 97.149501121491710
9122.802873757471 97.628500529581174
9255.497097125279 98.117000089178219
9390.121402416245 98.546500945034325
9526.7038633184 98.977999223409938
9665.272961860968 99.506498089559358
9805.857594353829 100.122000715537354
9948.487077413367 100.665499209815749
10093.19115407597 100.901999772754749
10240.000000000457 100.638999999997935
10388.944229760706 99.843500653146435
10540.05490322983 98.678998189461709
10693.363532057198 97.388997955625129
10848.902086239672 96.161001971598978
11006.703000788428 95.136000750581886
11166.799182492743 94.441499152318187
11329.224016782166 94.170500196339873
11494.0113746885 94.377499312970969
11661.195619909053 95.049001738097303
11830.811615972614 96.063500616517430
12002.894733509682 97.201501257267125
12177.48085762842 98.231501880534736
12354.606395397908 99.015999800492949
12534.308283440243 99.549499175176976
12716.62399563306 99.933499945557656
12901.591550924093 100.295499509536228
13089.249521259411 100.721498868832128
13279.637039626952 101.209000797981730
13472.793808217073 101.658999702942651
13668.760106701786 101.896499965602985
13867.576800634426 101.776000384733180
14069.285349971487 101.288499353124905
14273.927817718419 100.580999705383761
14481.54687870117 99.885499990424307
14692.18582846533 99.422499746203329
14905.888592304698 99.336499992568321
15122.699734421185 99.652499134280987
15342.664467217943 100.195500882020298
15565.828660727671 100.575999454248119
15792.238852178061 100.253501007283660
16021.942255696367 98.754001006685883
16254.986772155136 96.032493770795867
16491.42099916115 92.721512246806839
16731.294241189662 89.642508413194122
16974.65651986603 87.002997469303779
17221.558584396902 84.800000081345729
17472.051922153143 82.964005302549069
17726.188769406665 82.490000233175948
17984.022122223458 82.911500100395557
18245.605747515034 82.816500335992146
18510.99419425065 83.697500415838732
18780.242804832582 85.854004448687462
19053.40772663689 87.640497202487524
19330.545923722028 88.758996706411779
19611.71518870775 89.268500041234375
19896.974154826825 89.135500475924403
20186.382308152035 88.362001608063480
