20 103.805499999999995
20.290906698750476 103.796000010318238
20.586044732869844 103.786999975436061
20.885475648548283 103.777999985001784
21.189261887185914 103.770000003330225
21.49746679841394 103.763500004561990
21.810154653305165 103.757999989665961
22.12739065777668 103.752499989744365
22.449240966187475 103.746500022403637
22.77577269513385 103.740999989470410
23.107053937445478 103.735500001128884
23.44315377638505 103.729499984004306
23.784142300054445 103.722999993036126
24.130090616010463 103.715000008847682
24.481070866093134 103.704000004561792
24.837156241469714 103.689999990608470
25.1984209978975 103.675500000086970
25.56494047120865 103.660000021563249
25.936791093020236 103.644499953476384
26.3140504066728 103.628500025073237
26.69679708340074 103.613499955198279
27.08511093873791 103.597500043570463
27.47907294916184 103.581000002185860
27.878765268980047 103.563499986685542
28.284271247461966 103.544499987926329
28.695675446220072 103.524499977468082
29.11306365684382 103.503500017203024
29.536522918790062 103.481000055969560
29.966141537533712 103.456499969057191
30.402009102982383 103.430500055366139
30.844216508158908 103.403000031030558
31.29285596815558 103.374000002051019
31.74802103936409 103.345999943527801
32.20980663898519 103.321000073416940
32.67830906482211 103.300000039778041
33.153626015361866 103.282499966189263
33.63585661014871 103.267000012082860
34.125101410453844 103.251000051796581
34.62146244024586 103.233000059490280
35.12504320746613 103.210499940701652
35.635948725613716 103.183499957851069
36.15428553564419 103.152499967287667
36.68016172818701 103.119999953426714
37.21368696608603 103.086000065650964
37.754972507267915 103.051500093425943
38.30413122794313 103.015999985628724
38.86127764614443 102.981000084743101
39.4265279456077 102.945000066911078
40.000000000000206 102.907999999999987
40.58181339750116 102.868500042304802
41.1720894657399 102.824499964876452
41.77095129709678 102.778499901440654
42.37852377437204 102.732500092460185
42.9949335968281 102.690500026068435
43.62030930661056 102.657999942129209
44.25478131555359 102.631499948721768
44.89848193237519 102.606000042967693
45.55154539026795 102.574999917869206
46.21410787489121 102.533000008466573
46.88630755277036 102.480499954445577
47.56828460010916 102.424499874665088
48.260181232021196 102.371999983745184
48.962141732186545 102.325000080981923
49.674312482939705 102.281000031830402
50.39684199579528 102.237500059547898
51.129880942417586 102.192000125856623
51.873582186040764 102.147499929007935
52.628100813345895 102.103000010845676
53.393594166801776 102.056999926116092
54.17022187747612 102.008000070568727
54.95814589832399 101.956999941352507
55.75753053796041 101.903999963385218
56.56854249492426 101.847499962571590
57.39135089244048 101.783999929185356
58.226127313687975 101.717000055705014
59.073045837580466 101.649000172996807
59.932283075067765 101.578999832769881
60.804018205965114 101.508500145592080
61.68843301631817 101.440500149735101
62.58571193631152 101.380500004031276
63.49604207872855 101.326499875760874
64.41961327797075 101.268500244946438
65.35661812964459 101.200000219763496
66.3072520307241 101.124999919557126
67.27171322029778 101.050999984183093
68.25020282090806 100.982000220134950
69.2429248804921 100.915000209781539
70.25008641493265 100.841999814989123
71.27189745122783 100.762499881983146
72.30857107128878 100.677499994081700
73.36032345637442 100.588999794378367
74.42737393217246 100.499500173781939
75.50994501453623 100.414500304461257
76.60826245588666 100.338999902965014
77.72255529228926 100.263000119108938
78.85305589121582 100.176500167277979
80.00000000000082 100.081999999999937
81.16362679500274 99.996000084609591
82.34417893148023 99.920999870523175
83.541902594194 99.834999860431921
84.75704754874454 99.724000233160012
85.98986719365665 99.608500073643185
87.24061861322157 99.510499824321101
88.50956263110764 99.426999837960722
89.79696386475084 99.348000191698389
91.10309078053635 99.263999799937778
92.42821574978288 99.165499939549619
93.77261510554118 99.055499909704452
95.13656920021877 98.946499756293179
96.52036246404286 98.844500038205638
97.92428346437356 98.750500167362617
99.34862496587989 98.650000002506218
100.79368399159105 98.526000178643670
102.25976188483567 98.394500360788953
103.74716437208203 98.277499824886206
105.25620162669229 98.163000107000499
106.78718833360406 98.034499793426590
108.34044375495276 97.896000201624901
109.9162917966485 97.759999859020226
111.51506107592134 97.637999920778782
113.13708498984903 97.518000000754512
114.78270178488147 97.389499863735409
116.45225462737648 97.265500026908526
118.14609167516147 97.153500215140909
119.86456615013608 97.043999805970486
121.60803641193078 96.938000215312201
123.3768660326369 96.828000188884559
125.17142387262359 96.702000080748661
126.99208415745765 96.574499785555219
128.83922655594208 96.445000465796994
130.71323625928977 96.290500494467807
132.61450406144883 96.129999858420376
134.5434264405962 96.007500032653112
136.50040564181674 95.908000326965464
138.48584976098482 95.785500347056683
140.50017282986593 95.634999637093671
142.5437949024563 95.484999870152450
144.61714214257822 95.345499990748365
146.7206469127495 95.207999667308798
148.8547478643456 95.064500276120157
151.01989002907314 94.947000336841569
153.216524911774 94.886999972463016
155.4451105845792 94.874000007635175
157.70611178243232 94.881499981413583
160.00000000000236 94.891500000000008
162.3272535900062 94.894999999396305
164.6883578629612 94.896000025895376
167.08380518838874 94.918500070915172
169.51409509748981 94.960999929599637
171.97973438731407 95.024999951773523
174.4812372264439 95.149000314155501
177.01912526221608 95.294000253854961
179.5939277295025 95.380999857229227
182.20618156107355 95.408500010363383
184.85643149956664 95.420000022389047
187.54523021108326 95.470500050799345
190.27313840043846 95.491499865380973
193.04072492808663 95.414000037433766
195.84856692874806 95.323000149366507
198.69724993176072 95.264500001336643
201.58736798318304 95.201500091399112
204.5195237696723 95.123000203930872
207.49432874416505 95.032499846972698
210.5124032533856 94.932500059393760
213.57437666720915 94.819499789446141
216.68088750990657 94.705000200745246
219.83258359329807 94.595999917789470
223.03012215184378 94.491499957594243
226.2741699796992 94.369000000785661
229.5654035697641 94.261999896986367
232.90450925475412 94.198500011563993
236.2921833503241 94.155500103497616
239.72913230027333 94.084999871251497
243.21607282386276 94.014000145592121
246.75373206527502 93.940000127037365
250.34284774524843 93.834500072611121
253.9841683149166 93.747499940383250
257.67845311188546 93.730000018729044
261.42647251858085 93.736499986067855
265.22900812289896 93.727499979621115
269.08685288119375 93.706000000736452
273.0008112836349 93.676000103593012
276.97169952197106 93.653000047325875
281.00034565973334 93.651000052182582
285.0875898049141 93.680500051169133
289.23428428515797 93.724000011037106
293.44129382550057 93.762000103966017
297.7094957286928 93.808499918521733
302.0397800581479 93.825499993123785
306.4330498235497 93.787999975085597
310.89022116916016 93.786499975567423
315.41222356486645 93.851999868936218
320.00000000000654 93.930500000000023
324.6545071800142 93.940000004829443
329.3767157259242 93.903999953503728
334.16761037677935 93.877999980198922
339.02819019498156 93.869000008000043
343.95946877463007 93.882499985485993
348.9624744528898 93.887999963767385
354.03825052443415 93.867999988769895
359.187855459007 93.886499914337548
364.4123631221491 93.946500058725860
369.71286299913527 93.970000004477811
375.0904604221685 93.987000074426945
380.54627680087896 94.052000092007177
386.08144985617537 94.082999996087850
391.6971338574982 94.108499935214553
397.3944998635236 94.145499993838584
403.1747359663683 94.146500013848339
409.0390475393468 94.115500078623910
414.9886574883323 94.107499980817437
421.0248065067734 94.095500009642237
427.1487533344206 94.092500026709928
433.3617750198154 94.119499933084967
439.6651671865984 94.175500036894277
446.06024430368984 94.199499997149189
452.54833995940066 94.189000000081052
459.13080713953053 94.204500090652033
465.8090185095106 94.283499965814144
472.58436670065066 94.381499800225740
479.45826460054917 94.455000099734804
486.432145647728 94.514499877906104
493.50746413055253 94.621999777078429
500.6856954904994 94.773499924004767
507.9683366298358 94.925500270303274
515.3569062237735 95.070499460603727
522.8529450371643 95.215999595967872
530.4580162458005 95.354500159813426
538.1737057623901 95.510999994967676
546.0016225672724 95.684499443187804
553.9433990439449 95.833999639797412
562.0006913194694 95.936000224523980
570.1751796098309 96.031500123988479
578.4685685703187 96.157500025099125
586.8825876510039 96.285000235656355
595.4189914573883 96.379499852320663
604.0795601162986 96.455499745579743
612.8660996471021 96.530000093498657
621.780442338323 96.611499860701088
630.8244471297356 96.710999819907627
640.0000000000159 96.813500000000161
649.3090143600314 96.899999941721319
658.7534314518515 96.981000122581065
668.3352207535618 97.071500170771941
678.0563803899662 97.182999811199096
687.9189375492632 97.302999912682480
697.9249489057827 97.400000181916710
708.0765010488715 97.485000215599058
718.3757109180171 97.581499794002241
728.8247262443015 97.693000225916052
739.425725998274 97.819500072204761
750.1809208443404 97.946500144128436
761.0925536017613 98.067500254261120
772.1628997123541 98.178499968041905
783.3942677149998 98.273499844309839
794.7889997270506 98.366999989425409
806.34947193274 98.477999849357190
818.0780950786972 98.590499725469215
829.9773149766683 98.682000146144716
842.0496130135506 98.773499929537508
854.2975066688449 98.874000161012617
866.7235500396347 98.964999841517027
879.3303343732008 99.063500100973869
892.1204886073838 99.168500045537996
905.0966799188055 99.271999999364070
918.2616142790653 99.374000137627718
931.6180370190256 99.480999959868797
945.1687334013056 99.594499758168041
958.9165292011028 99.703500184962749
972.8642912954606 99.806499794167934
987.0149282611097 99.919499791577422
1001.3713909810035 100.030999939892283
1015.9366732596762 100.129500179585079
1030.7138124475518 100.229499621126934
1045.7058900743334 100.343999663359170
1060.916032491606 100.467000130853990
1076.3474115247852 100.587499996348527
1092.0032451345498 100.709499598577239
1107.8867980878947 100.843499633895220
1124.0013826389438 100.983000340665399
1140.350359219667 101.120000128156192
1156.9371371406426 101.239000021540335
1173.765175302013 101.357000299459102
1190.837982914782 101.492499757696180
1208.1591202326028 101.627499546169375
1225.73219929421 101.757000152235037
1243.5608846766518 101.882999802134606
1261.648894259477 102.013499769202042
1280.0000000000375 102.146000000000271
1298.6180287200684 102.276999907607006
1317.5068629037087 102.410000191621037
1336.6704415071292 102.545500219563991
1356.112760779938 102.680499777080371
1375.8378750985323 102.812499895577375
1395.8498978115715 102.941000288034843
1416.153002097749 103.076000330429082
1436.7514218360407 103.218499699334657
1457.6494524886093 103.363000260532260
1478.8514519965543 103.506500080040979
1500.3618416886875 103.650000174844337
1522.1851072035295 103.800000332124853
1544.3257994247153 103.952999954430169
1566.788535430007 104.105999736524410
1589.5779994541087 104.266999974419534
1612.6989438654878 104.434499775929524
1636.156190157402 104.594499595829745
1659.9546299533442 104.759000279003615
1684.099226027109 104.925999883726647
1708.5950133376978 105.080000263302111
1733.4471000792773 105.236999718252548
1758.6606687464096 105.408000161178705
1784.2409772147755 105.578000063993841
1810.193359837619 105.739000005012642
1836.5232285581387 105.895500204399681
1863.2360740380593 106.046999944262268
1890.3374668026197 106.191999697184343
1917.833058402214 106.332000244803652
1945.7285825909298 106.465499738751646
1974.0298565222283 106.593499776077422
2002.7427819620161 106.708999938222661
2031.8733465193618 106.802000154598801
2061.4276248951132 106.883999698372918
2091.411780148677 106.965499768788050
2121.832064983222 107.035000056359721
2152.694823049581 107.079999998803316
2184.0064902691106 107.101499944966235
2215.7735961758003 107.102000008075834
2248.002765277899 107.091499965933451
2280.7007184393456 107.074499966658536
2313.874274281297 107.036999989323476
2347.530350604038 106.974499826646678
2381.6759658295764 106.895000143311421
2416.318240465218 106.803500320478747
2451.4643985884327 106.703499872407860
2487.1217693533167 106.596000175704432
2523.2977885189675 106.481000202822401
2560.0000000000887 106.363499999999704
2597.236057440151 106.243500085996516
2635.0137258074315 106.114999815423801
2673.340883014273 105.985999803205573
2712.225521559891 105.867500191545702
2751.6757501970797 105.758500084023296
2791.699795623158 105.658499813816718
2832.3060041955137 105.580999878139608
2873.502843672097 105.540000062638597
2915.2989049772345 105.546000071054266
2957.7029039931244 105.595000042375517
3000.723683377391 105.682500128580955
3044.370214407075 105.798500275962098
3088.6515988494466 105.920999967191250
3133.57707086003 106.026499828912009
3179.1559989082334 106.099499989922862
3225.3978877309914 106.140999953793283
3272.3123803148205 106.166999941535124
3319.9092599067053 106.180500001660732
3368.198452054235 106.180500000700448
3417.190026675413 106.177499982700539
3466.8942001585724 106.163000033076628
3517.3213374928373 106.126499956240835
3568.4819544295697 106.079999981038839
3620.386719675257 106.032499999395142
3673.0464571162966 105.983999934141963
3726.472148076138 105.935500017464477
3780.6749336052594 105.896000074244398
3835.6661168044484 105.866999956479333
3891.45716518188 105.845500037264600
3948.059713044477 105.839500000000001
4005.4855639240527 105.850499992208256
4063.746693038744 105.868000035821694
4122.855249790247 105.889999907619099
4182.823560297375 105.925499890033365
4243.664129966465 105.971500050834280
4305.389646099183 106.015999998680584
4368.012980538242 106.055499876983376
4431.5471923516225 106.089999917035840
4496.00553055582 106.108500014692027
4561.401436878714 106.110499985201329
4627.748548562617 106.090999991102422
4695.060701208099 106.037499816432216
4763.351931659176 105.947000174123360
4832.63648093046 105.815500489593262
4902.928797176889 105.638999748955627
4974.243538706657 105.422000359323391
5046.595577037959 105.166000459694700
5120.000000000202 104.874499999999159
5194.472114880326 104.559500226007259
5270.027451614888 104.251999618166735
5346.6817660285715 103.997999696662845
5424.451043119808 103.843500199801952
5503.351500394186 103.854499953320413
5583.399591246343 104.091500922154992
5664.612008391055 104.566001434203258
5747.005687344222 105.201998629932433
5830.597809954497 105.858501065814181
5915.405807986278 106.404000223142063
6001.447366754812 106.772500257161994
6088.740428814181 106.944500072853998
6177.303197698925 106.946500008255043
6267.154141720092 106.898000077488604
6358.3119978165005 106.891499999689941
6450.795775462017 106.868500052807647
6544.624760629676 106.756000350789179
6639.818519813445 106.566499650734215
6736.396904108505 106.360000144994686
6834.380053350861 106.182499743742255
6933.788400317181 106.039000240240654
7034.642674985712 105.903499859209589
7136.963908859177 105.749499927964763
7240.773439350552 105.557999996821152
7346.092914232631 105.285499531726543
7452.944296152315 104.905500151234762
7561.349867210557 104.429001054270387
7671.332233608935 103.875498908408957
7782.914330363799 103.268001213657840
7896.119426088994 102.644001112655744
8010.971127848146 102.031000333108864
8127.49338607753 101.448498968712443
8245.710499580537 100.916501910436665
8365.647120594791 100.447501281068014
8487.328259932974 100.046999620450535
8610.77929219841 99.720500011897741
8736.025961076528 99.471000739515148
8863.094384703289 99.307000383826932
8992.011061111683 99.231499968167270
9122.802873757471 99.241000079278621
9255.497097125279 99.338000032759339
9390.121402416245 99.521500559768526
9526.7038633184 99.786999505489732
9665.272961860968 100.118498815389870
9805.857594353829 100.491000464492885
9948.487077413367 100.870999400604688
10093.19115407597 101.212499436223595
10240.000000000457 101.465000000000487
10388.944229760706 101.584999941010707
10540.05490322983 101.552499795697997
10693.363532057198 101.370999531834912
10848.902086239672 101.050000582893162
11006.703000788428 100.617000356859734
11166.799182492743 100.132998957373275
11329.224016782166 99.674999095434174
11494.0113746885 99.326500645390908
11661.195619909053 99.160000003643802
11830.811615972614 99.225000143149160
12002.894733509682 99.562000658901098
12177.48085762842 100.208501935585517
12354.606395397908 101.155999716504652
12534.308283440243 102.294497995628376
12716.62399563306 103.414999837869502
12901.591550924093 104.275998979305115
13089.249521259411 104.700999229789062
13279.637039626952 104.630499305306103
13472.793808217073 104.114000434649256
13668.760106701786 103.279998354102702
13867.576800634426 102.315501692129573
14069.285349971487 101.391499210431874
14273.927817718419 100.602999734116935
14481.54687870117 99.998499992258331
14692.18582846533 99.616999725053603
14905.888592304698 99.469500032327801
15122.699734421185 99.590499587248885
15342.664467217943 99.963500858329681
15565.828660727671 100.435499068084312
15792.238852178061 100.796999464210813
16021.942255696367 100.760000090563068
16254.986772155136 100.235998610495329
16491.42099916115 99.477502878996177
16731.294241189662 98.574502720501755
16974.65651986603 97.395998586013249
17221.558584396902 96.128000048326882
17472.051922153143 95.063003184112887
17726.188769406665 94.387501530384711
17984.022122223458 94.023499162554117
18245.605747515034 93.623499425969541
18510.99419425065 93.067499899762026
18780.242804832582 92.578998486131823
19053.40772663689 91.699501895705666
19330.545923722028 90.012005663740467
19611.71518870775 89.469499898126855
19896.974154826825 89.268500504479874
20186.382308152035 88.545001450206115
