20 101.069000000000003
20.290906698750476 101.080151460623640
20.586044732869844 101.090988308577536
20.885475648548283 101.101015854951612
21.189261887185914 101.110177827689483
21.49746679841394 101.118193008446838
21.810154653305165 101.125203112050542
22.12739065777668 101.131229336511097
22.449240966187475 101.136738612030769
22.77577269513385 101.141510292636099
23.107053937445478 101.145570542942920
23.44315377638505 101.148692952493363
23.784142300054445 101.151150889375344
24.130090616010463 101.153150455248237
24.481070866093134 101.154226338700923
24.837156241469714 101.154499999999999
25.1984209978975 101.154251973752622
25.56494047120865 101.153381471686657
25.936791093020236 101.151645053693358
26.3140504066728 101.148859502131614
26.69679708340074 101.145032029166003
27.08511093873791 101.140531862377287
27.47907294916184 101.134813910297339
27.878765268980047 101.128470064379073
28.284271247461966 101.121098846298224
28.695675446220072 101.112890815629385
29.11306365684382 101.103899535892594
29.536522918790062 101.094086927030247
29.966141537533712 101.083346461561661
30.402009102982383 101.072443075605250
30.844216508158908 101.060034063610800
31.29285596815558 101.047214320955334
31.74802103936409 101.033311347779716
32.20980663898519 101.018576380913487
32.67830906482211 101.002937491796047
33.153626015361866 100.986776715477703
33.63585661014871 100.970109162034646
34.125101410453844 100.952496349223651
34.62146244024586 100.934627352151153
35.12504320746613 100.916123314908816
35.635948725613716 100.896062050975445
36.15428553564419 100.875328578574226
36.68016172818701 100.853933207416148
37.21368696608603 100.831311460458295
37.754972507267915 100.807344130604704
38.30413122794313 100.781689358374905
38.86127764614443 100.753032965493617
39.4265279456077 100.723357287677203
40.000000000000206 100.691499999999991
40.58181339750116 100.658530464243142
41.1720894657399 100.623174683682180
41.77095129709678 100.585815487483075
42.37852377437204 100.546395943385903
42.9949335968281 100.503854532737137
43.62030930661056 100.457476847119977
44.25478131555359 100.407513909246944
44.89848193237519 100.356121472481561
45.55154539026795 100.303265920419534
46.21410787489121 100.248836178942071
46.88630755277036 100.193348730129401
47.56828460010916 100.136988465150523
48.260181232021196 100.081125401206293
48.962141732186545 100.024903257609267
49.674312482939705 99.969240866708390
50.39684199579528 99.914980892783589
51.129880942417586 99.864293333996955
51.873582186040764 99.820753541232790
52.628100813345895 99.786108423343364
53.393594166801776 99.762390116838858
54.17022187747612 99.754293333604124
54.95814589832399 99.764162904876613
55.75753053796041 99.785377450649406
56.56854249492426 99.814957428549505
57.39135089244048 99.851567544622014
58.226127313687975 99.893984747625467
59.073045837580466 99.938615768960233
59.932283075067765 99.981148012215868
60.804018205965114 100.018614834292094
61.68843301631817 100.040249732651915
62.58571193631152 100.040660746542429
63.49604207872855 100.023350926992435
64.41961327797075 99.996442955187973
65.35661812964459 99.962200347619756
66.3072520307241 99.920905528540601
67.27171322029778 99.873055772883617
68.25020282090806 99.817737627924600
69.2429248804921 99.755481108126531
70.25008641493265 99.685993778124853
71.27189745122783 99.611607691157900
72.30857107128878 99.533857169653345
73.36032345637442 99.454795579043733
74.42737393217246 99.374233268120975
75.50994501453623 99.292541550674272
76.60826245588666 99.210037186282648
77.72255529228926 99.127578773523680
78.85305589121582 99.046918920890235
80.00000000000082 98.969499999999954
81.16362679500274 98.894833760655047
82.34417893148023 98.822088966703603
83.541902594194 98.750787450295917
84.75704754874454 98.679273492194994
85.98986719365665 98.605607819900158
87.24061861322157 98.527761180183774
88.50956263110764 98.444321053191359
89.79696386475084 98.352915565602686
91.10309078053635 98.254848740014509
92.42821574978288 98.150659898975050
93.77261510554118 98.041233161625513
95.13656920021877 97.926834684984698
96.52036246404286 97.807906477984375
97.92428346437356 97.683488205184091
99.34862496587989 97.551652189886099
100.79368399159105 97.409867039510360
102.25976188483567 97.258465240207414
103.74716437208203 97.098345724557149
105.25620162669229 96.931212547029475
106.78718833360406 96.761146887192353
108.34044375495276 96.598175476586405
109.9162917966485 96.461846321627007
111.51506107592134 96.373551144801453
113.13708498984903 96.372819672081448
114.78270178488147 96.458021510823954
116.45225462737648 96.665273708924062
118.14609167516147 96.914930875155420
119.86456615013608 97.190547954885631
121.60803641193078 97.440624845956862
123.3768660326369 97.611984154257556
125.17142387262359 97.730171259414448
126.99208415745765 97.790302103936440
128.83922655594208 97.841995581266161
130.71323625928977 97.901160744757576
132.61450406144883 97.983912227441124
134.5434264405962 98.098452997960550
136.50040564181674 98.234655118904897
138.48584976098482 98.382195807193369
140.50017282986593 98.526344164004939
142.5437949024563 98.654411147220600
144.61714214257822 98.747281400167481
146.7206469127495 98.781771245422789
148.8547478643456 98.766385488014649
151.01989002907314 98.708264068924294
153.216524911774 98.620683159040738
155.4451105845792 98.518613935226270
157.70611178243232 98.415513526285963
160.00000000000236 98.315499999999901
162.3272535900062 98.214497194193740
164.6883578629612 98.108086224594160
167.08380518838874 97.998978483409473
169.51409509748981 97.893393910807944
171.97973438731407 97.790934943242661
174.4812372264439 97.690646758387530
177.01912526221608 97.592061764878451
179.5939277295025 97.494768317370713
182.20618156107355 97.398312518552487
184.85643149956664 97.302197179715677
187.54523021108326 97.209007403034249
190.27313840043846 97.119478081906323
193.04072492808663 97.033886397143021
195.84856692874806 96.950552132294803
198.69724993176072 96.866321952033530
201.58736798318304 96.780408083165568
204.5195237696723 96.694687064641116
207.49432874416505 96.610656904744772
210.5124032533856 96.528417179367494
213.57437666720915 96.447172612485758
216.68088750990657 96.366967146619913
219.83258359329807 96.286727264269217
223.03012215184378 96.206368180934930
226.2741699796992 96.125903807167418
229.5654035697641 96.045147612540774
232.90450925475412 95.963339523258526
236.2921833503241 95.880987599592231
239.72913230027333 95.798500824793422
243.21607282386276 95.715341261330281
246.75373206527502 95.630879646941565
250.34284774524843 95.546743069763764
253.9841683149166 95.464358191875021
257.67845311188546 95.386752484650401
261.42647251858085 95.319608421860011
265.22900812289896 95.268896943139708
269.08685288119375 95.242456573559394
273.0008112836349 95.246004056418172
276.97169952197106 95.269016521056272
281.00034565973334 95.301602627013978
285.0875898049141 95.332201456551303
289.23428428515797 95.341738853855873
293.44129382550057 95.330767212845643
297.7094957286928 95.303594983743324
302.0397800581479 95.263317391867645
306.4330498235497 95.211992385509546
310.89022116916016 95.152968291862493
315.41222356486645 95.088940313596467
320.00000000000654 95.021499999999889
324.6545071800142 94.951682392299787
329.3767157259242 94.880849264111134
334.16761037677935 94.809819366423653
339.02819019498156 94.740299699231258
343.95946877463007 94.672651224665032
348.9624744528898 94.606987832112438
354.03825052443415 94.542618043392139
359.187855459007 94.481083305583724
364.4123631221491 94.419875351470850
369.71286299913527 94.355974357710465
375.0904604221685 94.287772322842002
380.54627680087896 94.213729100559505
386.08144985617537 94.137267846999151
391.6971338574982 94.060795122057669
397.3944998635236 93.983195351869739
403.1747359663683 93.904641064454026
409.0390475393468 93.826739128026873
414.9886574883323 93.750890836186528
421.0248065067734 93.681523474071241
427.1487533344206 93.620877471101693
433.3617750198154 93.570180316521345
439.6651671865984 93.530174164067006
446.06024430368984 93.504894572468544
452.54833995940066 93.500803173955347
459.13080713953053 93.519433113252475
465.8090185095106 93.558115384193954
472.58436670065066 93.621480940828178
479.45826460054917 93.703183649921272
486.432145647728 93.794004322550023
493.50746413055253 93.897252686492408
500.6856954904994 94.010085424134587
507.9683366298358 94.122511196723082
515.3569062237735 94.236583033071895
522.8529450371643 94.352974321168531
530.4580162458005 94.463253829087861
538.1737057623901 94.559761872732821
546.0016225672724 94.637084525007268
553.9433990439449 94.697403319144172
562.0006913194694 94.744703525729307
570.1751796098309 94.786332103146691
578.4685685703187 94.825725700709015
586.8825876510039 94.866036420724811
595.4189914573883 94.908365906859814
604.0795601162986 94.954447525654174
612.8660996471021 95.005349019336393
621.780442338323 95.063041509818845
630.8244471297356 95.135997137158427
640.0000000000159 95.225000000000165
649.3090143600314 95.330657312986347
658.7534314518515 95.444854192139985
668.3352207535618 95.564190259419519
678.0563803899662 95.685704754874578
687.9189375492632 95.805027250591166
697.9249489057827 95.918363180299480
708.0765010488715 96.026303261013155
718.3757109180171 96.134863750185076
728.8247262443015 96.249071988687319
739.425725998274 96.365211699681097
750.1809208443404 96.479316746811918
761.0925536017613 96.588887725751022
772.1628997123541 96.693765785751026
783.3942677149998 96.794756983632681
794.7889997270506 96.891226372759547
806.34947193274 96.984266652800855
818.0780950786972 97.075287031753163
829.9773149766683 97.163798380793736
842.0496130135506 97.250184758845990
854.2975066688449 97.337119735015520
866.7235500396347 97.425064850277437
879.3303343732008 97.513745374049734
892.1204886073838 97.605742217213646
905.0966799188055 97.700588014401191
918.2616142790653 97.797980444456130
931.6180370190256 97.898653437184080
945.1687334013056 98.002161592184962
958.9165292011028 98.105502446958226
972.8642912954606 98.212907186218573
987.0149282611097 98.328854214466872
1001.3713909810035 98.446199693011522
1015.9366732596762 98.565430500265251
1030.7138124475518 98.690516419200804
1045.7058900743334 98.817000065631831
1060.916032491606 98.946438948260578
1076.3474115247852 99.080132652830656
1092.0032451345498 99.215277989285497
1107.8867980878947 99.352442097623083
1124.0013826389438 99.492789799055259
1140.350359219667 99.633890463562253
1156.9371371406426 99.768839434917396
1173.765175302013 99.903011078959736
1190.837982914782 100.037328058583000
1208.1591202326028 100.172193401744522
1225.73219929421 100.302626685350816
1243.5608846766518 100.431710735478418
1261.648894259477 100.559430556291659
1280.0000000000375 100.686500000000251
1298.6180287200684 100.808049130358157
1317.5068629037087 100.930793236293368
1336.6704415071292 101.051107020457238
1356.112760779938 101.173510392913613
1375.8378750985323 101.296194825610897
1395.8498978115715 101.419080624095884
1416.153002097749 101.541687229288129
1436.7514218360407 101.665846102108048
1457.6494524886093 101.792508671130747
1478.8514519965543 101.920415450619942
1500.3618416886875 102.045620392295717
1522.1851072035295 102.173504728212691
1544.3257994247153 102.303635700617320
1566.788535430007 102.433701964076846
1589.5779994541087 102.563803036899344
1612.6989438654878 102.694368064524042
1636.156190157402 102.825751541078304
1659.9546299533442 102.958148649941535
1684.099226027109 103.090635820546396
1708.5950133376978 103.221194069356031
1733.4471000792773 103.349411268402719
1758.6606687464096 103.477669410606680
1784.2409772147755 103.608683442428230
1810.193359837619 103.744636408729633
1836.5232285581387 103.888069150783252
1863.2360740380593 104.037386736093907
1890.3374668026197 104.188776315422558
1917.833058402214 104.336658548363687
1945.7285825909298 104.480215771213750
1974.0298565222283 104.622149282611147
2002.7427819620161 104.763345362188772
2031.8733465193618 104.899305169569175
2061.4276248951132 105.030019818307721
2091.411780148677 105.156076531587274
2121.832064983222 105.275687037188760
2152.694823049581 105.384051601351743
2184.0064902691106 105.486519470807337
2215.7735961758003 105.575905689961473
2248.002765277899 105.657239463032681
2280.7007184393456 105.726153019727434
2313.874274281297 105.784236363040691
2347.530350604038 105.831120765744970
2381.6759658295764 105.866008369246615
2416.318240465218 105.891203061581450
2451.4643985884327 105.901183049823544
2487.1217693533167 105.899790283306785
2523.2977885189675 105.883312549245105
2560.0000000000887 105.854749999999910
2597.236057440151 105.814024026763803
2635.0137258074315 105.761728724998477
2673.340883014273 105.697653454725014
2712.225521559891 105.625901083676865
2751.6757501970797 105.545668765218522
2791.699795623158 105.459552944519629
2832.3060041955137 105.367196190350313
2873.502843672097 105.271503345807304
2915.2989049772345 105.174159529502589
2957.7029039931244 105.076822524095334
3000.723683377391 104.980971218865264
3044.370214407075 104.888968223558720
3088.6515988494466 104.800095672214809
3133.57707086003 104.717445412609194
3179.1559989082334 104.642725081714076
3225.3978877309914 104.576220809317789
3272.3123803148205 104.519625753063139
3319.9092599067053 104.474072592074634
3368.198452054235 104.440718789452347
3417.190026675413 104.420546293864660
3466.8942001585724 104.414520478014268
3517.3213374928373 104.424255321622212
3568.4819544295697 104.450122187644993
3620.386719675257 104.493090586872000
3673.0464571162966 104.553190858822347
3726.472148076138 104.630061272479537
3780.6749336052594 104.722214880489474
3835.6661168044484 104.823705588936718
3891.45716518188 104.933646115798979
3948.059713044477 105.046143679675893
4005.4855639240527 105.153188319572791
4063.746693038744 105.249370700950365
4122.855249790247 105.324879374825201
4182.823560297375 105.373105048635153
4243.664129966465 105.386142313564250
4305.389646099183 105.363036239639527
4368.012980538242 105.302987019461767
4431.5471923516225 105.208679211472571
4496.00553055582 105.091923055717103
4561.401436878714 104.957405471875916
4627.748548562617 104.813501194496098
4695.060701208099 104.659354317100565
4763.351931659176 104.492498864864871
4832.63648093046 104.308238758966809
4902.928797176889 104.103713608469334
4974.243538706657 103.885488941541695
5046.595577037959 103.657932709973949
5120.000000000202 103.429928571427951
5194.472114880326 103.210301498700773
5270.027451614888 103.008491983664257
5346.6817660285715 102.833176530302325
5424.451043119808 102.690925808655749
5503.351500394186 102.589289020983699
5583.399591246343 102.535630224814511
5664.612008391055 102.536191801258667
5747.005687344222 102.583570090173083
5830.597809954497 102.679038561628559
5915.405807986278 102.820352196771182
6001.447366754812 103.001509864380424
6088.740428814181 103.214412956744923
6177.303197698925 103.441513199813670
6267.154141720092 103.663580513356720
6358.3119978165005 103.853375915829517
6450.795775462017 103.990907184026696
6544.624760629676 104.055701828322782
6639.818519813445 104.036237924941787
6736.396904108505 103.931537015344219
6834.380053350861 103.751488680494063
6933.788400317181 103.516650159175327
7034.642674985712 103.250618350788727
7136.963908859177 102.976100100156074
7240.773439350552 102.709697339197646
7346.092914232631 102.458908155549594
7452.944296152315 102.224287535118606
7561.349867210557 102.001789016685464
7671.332233608935 101.781335532782123
7782.914330363799 101.557538371380787
7896.119426088994 101.328723833619051
8010.971127848146 101.095192040042093
8127.49338607753 100.858513227844938
8245.710499580537 100.622079000838937
8365.647120594791 100.390656894546197
8487.328259932974 100.167573126705378
8610.77929219841 99.956175203262703
8736.025961076528 99.754858462277554
8863.094384703289 99.559683831149016
8992.011061111683 99.364589927517656
9122.802873757471 99.168651438725306
9255.497097125279 98.988249190699719
9390.121402416245 98.850788500778435
9526.7038633184 98.757924141272042
9665.272961860968 98.686627167162555
9805.857594353829 98.631957558595218
9948.487077413367 98.610570725645118
10093.19115407597 98.659459400119516
10240.000000000457 98.803000000000580
10388.944229760706 99.058476749338553
10540.05490322983 99.434774954446468
10693.363532057198 99.895084820168364
10848.902086239672 100.393464717691757
11006.703000788428 100.903450965052542
11166.799182492743 101.423860194404938
11329.224016782166 101.868341399235788
11494.0113746885 102.160115924563897
11661.195619909053 102.167400938955168
11830.811615972614 102.053544733141877
12002.894733509682 101.838771765292734
12177.48085762842 101.694913612965294
12354.606395397908 101.812783546553447
12534.308283440243 102.135871761827815
12716.62399563306 102.586400149781355
12901.591550924093 102.877721711803815
13089.249521259411 103.055460617992850
13279.637039626952 103.016177478787966
13472.793808217073 102.729215761237555
13668.760106701786 102.226811459087799
13867.576800634426 101.552397577605035
14069.285349971487 100.778476440862761
14273.927817718419 99.969115480923648
14481.54687870117 99.195184283199168
14692.18582846533 98.524689613589658
14905.888592304698 97.985579792068421
15122.699734421185 97.606063953750976
15342.664467217943 97.402399476063792
15565.828660727671 97.366091800718664
15792.238852178061 97.425148356730304
16021.942255696367 97.381680894941496
16254.986772155136 96.981386720748048
16491.42099916115 96.146301030962817
16731.294241189662 94.974331625487821
16974.65651986603 93.634257688664079
17221.558584396902 92.397671241572937
17472.051922153143 91.482926999374143
17726.188769406665 91.028121744337469
17984.022122223458 91.047601397822518
18245.605747515034 91.157110471431452
18510.99419425065 90.475614297867551
18780.242804832582 88.233500066726734
19053.40772663689 84.206486550829709
19330.545923722028 79.484475090634419
19611.71518870775 76.848620130102603
19896.974154826825 76.002423364524986
20186.382308152035 75.701999999999998
