20 106.191499999999991
20.290906698750476 106.166500025795614
20.586044732869844 106.141499936133783
20.885475648548283 106.114999946434963
21.189261887185914 106.088500010360718
21.49746679841394 106.061500017596217
21.810154653305165 106.032999937995811
22.12739065777668 106.003499940517258
22.449240966187475 105.973500099216096
22.77577269513385 105.943499934716556
23.107053937445478 105.912000006020691
23.44315377638505 105.880499924591760
23.784142300054445 105.847999971273993
24.130090616010463 105.815000036496698
24.481070866093134 105.781000012925091
24.837156241469714 105.745999976521162
25.1984209978975 105.710500000208754
25.56494047120865 105.674500051751806
25.936791093020236 105.637499889506387
26.3140504066728 105.600000057981902
26.69679708340074 105.561999890795818
27.08511093873791 105.523000106203000
27.47907294916184 105.483000005271776
27.878765268980047 105.441999972039639
28.284271247461966 105.399999974041606
28.695675446220072 105.357499954936145
29.11306365684382 105.315000035225253
29.536522918790062 105.273000109395070
29.966141537533712 105.232499951729196
30.402009102982383 105.193000082023914
30.844216508158908 105.153500044329377
31.29285596815558 105.114000002828988
31.74802103936409 105.072499905126705
32.20980663898519 105.029500129213801
32.67830906482211 104.983000093478410
33.153626015361866 104.932499890115096
33.63585661014871 104.880500041887274
34.125101410453844 104.828000168338860
34.62146244024586 104.775500162815547
35.12504320746613 104.724999881403306
35.635948725613716 104.675499932561692
36.15428553564419 104.626999950931491
36.68016172818701 104.577999931509879
37.21368696608603 104.527500098476452
37.754972507267915 104.476000142886733
38.30413122794313 104.421499977005965
38.86127764614443 104.365500135588945
39.4265279456077 104.308500107801194
40.000000000000206 104.251499999999979
40.58181339750116 104.195000057782181
41.1720894657399 104.139499955510161
41.77095129709678 104.083499880014699
42.37852377437204 104.027500112560205
42.9949335968281 103.971000036495823
43.62030930661056 103.914499882191635
44.25478131555359 103.857499883085595
44.89848193237519 103.800500094198398
45.55154539026795 103.742499875750852
46.21410787489121 103.683000011288755
46.88630755277036 103.622499949564741
47.56828460010916 103.560999858417958
48.260181232021196 103.500499980759614
48.962141732186545 103.443500100777513
49.674312482939705 103.389500038341168
50.39684199579528 103.335500074781095
51.129880942417586 103.277000165012026
51.873582186040764 103.209999887990307
52.628100813345895 103.138500017747475
53.393594166801776 103.066999900482898
54.17022187747612 103.003500087850881
54.95814589832399 102.948499940224664
55.75753053796041 102.895499961388040
56.56854249492426 102.834999958345804
57.39135089244048 102.762999918455876
58.226127313687975 102.685500064716109
59.073045837580466 102.608000193349383
59.932283075067765 102.533999823213861
60.804018205965114 102.460000151743856
61.68843301631817 102.386000165379073
62.58571193631152 102.312500005162860
63.49604207872855 102.238999835100785
64.41961327797075 102.167500281086063
65.35661812964459 102.101000195345335
66.3072520307241 102.038499931355418
67.27171322029778 101.972499983957135
68.25020282090806 101.900000239558636
69.2429248804921 101.821500247354351
70.25008641493265 101.740499805501386
71.27189745122783 101.657499880578200
72.30857107128878 101.571499993945650
73.36032345637442 101.482499789757668
74.42737393217246 101.391500175712849
75.50994501453623 101.304500311797668
76.60826245588666 101.225499899031163
77.72255529228926 101.147500120635982
78.85305589121582 101.061000165419330
80.00000000000082 100.966499999999940
81.16362679500274 100.867500102150586
82.34417893148023 100.765499834917051
83.541902594194 100.663499867015332
84.75704754874454 100.563500198990027
85.98986719365665 100.461500067126082
87.24061861322157 100.355999776784458
88.50956263110764 100.247999778477947
89.79696386475084 100.139500264495268
91.10309078053635 100.027999755713495
92.42821574978288 99.910499932273183
93.77261510554118 99.789499903196685
95.13656920021877 99.671499735404012
96.52036246404286 99.559000042836630
97.92428346437356 99.456500179959804
99.34862496587989 99.361500002219799
100.79368399159105 99.271500121865444
102.25976188483567 99.194500201370573
103.74716437208203 99.136499925852718
105.25620162669229 99.090000041712045
106.78718833360406 99.043999927623915
108.34044375495276 98.996000069128542
109.9162917966485 98.949999954886465
111.51506107592134 98.913999982025445
113.13708498984903 98.890500000124717
114.78270178488147 98.877499989270504
116.45225462737648 98.869500001334302
118.14609167516147 98.866500001955828
119.86456615013608 98.870500010880164
121.60803641193078 98.873999997949397
123.3768660326369 98.865500021730085
125.17142387262359 98.846500010641307
126.99208415745765 98.855000066906769
128.83922655594208 98.898499833147355
130.71323625928977 98.933499917588691
132.61450406144883 98.937500003217721
134.5434264405962 98.947499995087583
136.50040564181674 98.980999883457855
138.48584976098482 98.998499981595472
140.50017282986593 98.975499900378651
142.5437949024563 98.929499953033869
144.61714214257822 98.876999996394574
146.7206469127495 98.822999856757946
148.8547478643456 98.756000139025531
151.01989002907314 98.664500314385464
153.216524911774 98.555999854447350
155.4451105845792 98.447000163392858
157.70611178243232 98.347500182146945
160.00000000000236 98.255499999999898
162.3272535900062 98.165500054331261
164.6883578629612 98.070999836535478
167.08380518838874 97.969499827036145
169.51409509748981 97.872000152000794
171.97973438731407 97.778500061912382
174.4812372264439 97.676999780917868
177.01912526221608 97.570999746145048
179.5939277295025 97.468000208037424
182.20618156107355 97.367499830731404
184.85643149956664 97.270999946266301
187.54523021108326 97.173499880680609
190.27313840043846 97.072499760935173
193.04072492808663 96.970000039363356
195.84856692874806 96.871000176360440
198.69724993176072 96.773500002315231
201.58736798318304 96.675000138483526
204.5195237696723 96.574500248156852
207.49432874416505 96.477999854860713
210.5124032533856 96.386500052474076
213.57437666720915 96.294499829726007
216.68088750990657 96.201500163765857
219.83258359329807 96.109999927557055
223.03012215184378 96.021499969353812
226.2741699796992 95.936500000523779
229.5654035697641 95.856499896986378
232.90450925475412 95.783500015789272
236.2921833503241 95.722000132746956
239.72913230027333 95.674499934719080
243.21607282386276 95.642500057416612
246.75373206527502 95.623000028416257
250.34284774524843 95.610000008137462
253.9841683149166 95.598499978140524
257.67845311188546 95.588000037458073
261.42647251858085 95.579500025077863
265.22900812289896 95.568999987129132
269.08685288119375 95.556500000398898
273.0008112836349 95.540000058271062
276.97169952197106 95.516000065730395
281.00034565973334 95.484999912238365
285.0875898049141 95.446499947667931
289.23428428515797 95.398999983444355
293.44129382550057 95.342499856757925
297.7094957286928 95.278500112032617
302.0397800581479 95.211500233791554
306.4330498235497 95.142499908210056
310.89022116916016 95.071500109946612
315.41222356486645 94.999000117957394
320.00000000000654 94.927499999999895
324.6545071800142 94.860000040446579
329.3767157259242 94.795999912643367
334.16761037677935 94.734999908610433
339.02819019498156 94.675500094400462
343.95946877463007 94.617500049518412
348.9624744528898 94.561499875450437
354.03825052443415 94.508499887698889
359.187855459007 94.459000099939530
364.4123631221491 94.410999913638449
369.71286299913527 94.359499970894234
375.0904604221685 94.307499942112386
380.54627680087896 94.258499903713414
386.08144985617537 94.213000009471529
391.6971338574982 94.168500080981829
397.3944998635236 94.123500008944006
403.1747359663683 94.084000052623722
409.0390475393468 94.049000083537919
414.9886574883323 94.010999930245276
421.0248065067734 93.971500028926727
427.1487533344206 93.941999961604495
433.3617750198154 93.920500035218438
439.6651671865984 93.900999983494671
446.06024430368984 93.885499997149196
452.54833995940066 93.879000000031169
459.13080713953053 93.880500009614607
465.8090185095106 93.889499995912558
472.58436670065066 93.908999953736497
479.45826460054917 93.939000065280965
486.432145647728 93.976999923691324
493.50746413055253 94.024499909381461
500.6856954904994 94.079499972719645
507.9683366298358 94.133000099975192
515.3569062237735 94.188499786488961
522.8529450371643 94.245499841173583
530.4580162458005 94.297500052556103
538.1737057623901 94.345999998527120
546.0016225672724 94.390499857559675
553.9433990439449 94.433999886943724
562.0006913194694 94.475500104777865
570.1751796098309 94.518000047928325
578.4685685703187 94.564000008803418
586.8825876510039 94.611000115517811
595.4189914573883 94.662999908336957
604.0795601162986 94.725499773084636
612.8660996471021 94.793000083909050
621.780442338323 94.864499880366807
630.8244471297356 94.947499847883137
640.0000000000159 95.044500000000184
649.3090143600314 95.154999919689146
658.7534314518515 95.274000171895267
668.3352207535618 95.397500209805528
678.0563803899662 95.526999791999003
687.9189375492632 95.659999898380491
697.9249489057827 95.794500290200460
708.0765010488715 95.927500321055135
718.3757109180171 96.066999710379378
728.8247262443015 96.217500287860773
739.425725998274 96.375000087317375
750.1809208443404 96.532500190202271
761.0925536017613 96.692000345705907
772.1628997123541 96.846999954134205
783.3942677149998 96.995999748500537
794.7889997270506 97.138999984193759
806.34947193274 97.277499820787000
818.0780950786972 97.417499644126764
829.9773149766683 97.551000217556350
842.0496130135506 97.681999902835926
854.2975066688449 97.813500229267973
866.7235500396347 97.943499772841079
879.3303343732008 98.071500125246416
892.1204886073838 98.201000056380366
905.0966799188055 98.330999999189501
918.2616142790653 98.461500170087106
931.6180370190256 98.594499949836006
945.1687334013056 98.731499711904533
958.9165292011028 98.865000242990277
972.8642912954606 99.000999726876699
987.0149282611097 99.146499735393945
1001.3713909810035 99.287499922639142
1015.9366732596762 99.425000259194974
1030.7138124475518 99.563999492383658
1045.7058900743334 99.697499623418722
1060.916032491606 99.829500142652307
1076.3474115247852 99.961499995980319
1092.0032451345498 100.091999582390827
1107.8867980878947 100.222499647354951
1124.0013826389438 100.357000328498771
1140.350359219667 100.491500135449641
1156.9371371406426 100.620500024162624
1173.765175302013 100.751000301710675
1190.837982914782 100.885499762963661
1208.1591202326028 101.018999539293134
1225.73219929421 101.151500158228544
1243.5608846766518 101.283499791054140
1261.648894259477 101.414999770950516
1280.0000000000375 101.545000000000272
1298.6180287200684 101.670499912582017
1317.5068629037087 101.791000163441481
1336.6704415071292 101.907000187035976
1356.112760779938 102.022499808454256
1375.8378750985323 102.135499910035890
1395.8498978115715 102.245500236058632
1416.153002097749 102.353500250751154
1436.7514218360407 102.459499780764844
1457.6494524886093 102.564500187656108
1478.8514519965543 102.666500055412982
1500.3618416886875 102.764500115775320
1522.1851072035295 102.863000220688221
1544.3257994247153 102.963999970113292
1566.788535430007 103.065499827201080
1589.5779994541087 103.167499984186620
1612.6989438654878 103.269999861800841
1636.156190157402 103.371999738179014
1659.9546299533442 103.475000172716506
1684.099226027109 103.578999927154044
1708.5950133376978 103.681000172685145
1733.4471000792773 103.782499820385993
1758.6606687464096 103.885000095030222
1784.2409772147755 103.986500039502374
1810.193359837619 104.085500003128914
1836.5232285581387 104.183000128250782
1863.2360740380593 104.278499964699435
1890.3374668026197 104.372999804431558
1917.833058402214 104.464000161389095
1945.7285825909298 104.551999827813574
1974.0298565222283 104.638999845386792
2002.7427819620161 104.725999952136476
2031.8733465193618 104.810000152713457
2061.4276248951132 104.890999702051289
2091.411780148677 104.970499777247028
2121.832064983222 105.047000081776858
2152.694823049581 105.119499997821407
2184.0064902691106 105.187499783102254
2215.7735961758003 105.249499838483203
2248.002765277899 105.304000119232882
2280.7007184393456 105.350500040634913
2313.874274281297 105.387500005619231
2347.530350604038 105.414000041057363
2381.6759658295764 105.429499977553633
2416.318240465218 105.434499989771950
2451.4643985884327 105.428499984050987
2487.1217693533167 105.412000031658465
2523.2977885189675 105.385000050705600
2560.0000000000887 105.348999999999904
2597.236057440151 105.305500032692890
2635.0137258074315 105.254499922506170
2673.340883014273 105.198499905668797
2712.225521559891 105.141000094121608
2751.6757501970797 105.084000044345629
2791.699795623158 105.028999886099626
2832.3060041955137 104.978499887513479
2873.502843672097 104.932500091869940
2915.2989049772345 104.891499932589539
2957.7029039931244 104.855499982298838
3000.723683377391 104.824499966406776
3044.370214407075 104.795499940392176
3088.6515988494466 104.769000007108559
3133.57707086003 104.746500037639350
3179.1559989082334 104.725000003255687
3225.3978877309914 104.704000027724021
3272.3123803148205 104.684500045755115
3319.9092599067053 104.666999971767495
3368.198452054235 104.650500011207072
3417.190026675413 104.631999967131023
3466.8942001585724 104.610500041780995
3517.3213374928373 104.579499962899831
3568.4819544295697 104.535999977483627
3620.386719675257 104.473999999034788
3673.0464571162966 104.394499877504060
3726.472148076138 104.299000036415279
3780.6749336052594 104.199500210005596
3835.6661168044484 104.112499882131544
3891.45716518188 104.059000082374368
3948.059713044477 104.060499969788225
4005.4855639240527 104.133499948797180
4063.746693038744 104.277500356331458
4122.855249790247 104.478999209219580
4182.823560297375 104.712999331741173
4243.664129966465 104.943500228754289
4305.389646099183 105.136499994507574
4368.012980538242 105.260499669797483
4431.5471923516225 105.287000002676251
4496.00553055582 105.198499554341780
4561.401436878714 104.984499676543336
4627.748548562617 104.649999915877373
4695.060701208099 104.209998855534138
4763.351931659176 103.685500947231120
4832.63648093046 103.096002064508681
4902.928797176889 102.470499227462454
4974.243538706657 101.833501008321605
5046.595577037959 101.205501080716218
5120.000000000202 100.610499999998481
5194.472114880326 100.071000371703761
5270.027451614888 99.603499444862337
5346.6817660285715 99.236999551448235
5424.451043119808 98.994500341809953
5503.351500394186 98.902500040455635
5583.399591246343 98.985000501599743
5664.612008391055 99.264001003004893
5747.005687344222 99.737498922628689
5830.597809954497 100.374501324524630
5915.405807986278 101.121000416782181
6001.447366754812 101.892000842147610
6088.740428814181 102.591501326825977
6177.303197698925 103.153499851124622
6267.154141720092 103.544999399032776
6358.3119978165005 103.774499970233762
6450.795775462017 103.877999897025092
6544.624760629676 103.905999961870734
6639.818519813445 103.905000006684517
6736.396904108505 103.915999987206362
6834.380053350861 103.967500159946098
6933.788400317181 104.074999787613322
7034.642674985712 104.238000190257324
7136.963908859177 104.447000094293315
7240.773439350552 104.686000003230319
7346.092914232631 104.938500330311882
7452.944296152315 105.179999913049301
7561.349867210557 105.378499611807882
7671.332233608935 105.507500123920181
7782.914330363799 105.553499952714631
7896.119426088994 105.515500103585936
8010.971127848146 105.403500070128189
8127.49338607753 105.236499632356356
8245.710499580537 105.034500772304170
8365.647120594791 104.811500644775961
8487.328259932974 104.566999702722825
8610.77929219841 104.282000011587712
8736.025961076528 103.921001246518983
8863.094384703289 103.441501379629685
8992.011061111683 102.803998114522642
9122.802873757471 101.994499027515587
9255.497097125279 101.051999799804008
9390.121402416245 100.063497810783787
9526.7038633184 99.119001607158367
9665.272961860968 98.301002656813509
9805.857594353829 97.683999465166139
9948.487077413367 97.299500521489819
10093.19115407597 97.126000220306480
10240.000000000457 97.100000000000108
10388.944229760706 97.136999970149986
10540.05490322983 97.156499947867772
10693.363532057198 97.095999787786766
10848.902086239672 96.952500257595844
11006.703000788428 96.819500090195305
11166.799182492743 96.816000291322183
11329.224016782166 96.992500670827866
11494.0113746885 97.299999317134763
11661.195619909053 97.649000624913384
11830.811615972614 97.986000175683074
12002.894733509682 98.308500376015999
12177.48085762842 98.635500748690646
12354.606395397908 98.979499902897260
12534.308283440243 99.324499412808649
12716.62399563306 99.624499957822138
12901.591550924093 99.836499750791376
13089.249521259411 99.961999717843526
13279.637039626952 100.067500253221766
13472.793808217073 100.247999852529716
13668.760106701786 100.555000675901397
13867.576800634426 100.966999249683283
14069.285349971487 101.408500387173774
14273.927817718419 101.793500125859410
14481.54687870117 102.081500004020739
14692.18582846533 102.299500260405978
14905.888592304698 102.496499926797981
15122.699734421185 102.675999640165685
15342.664467217943 102.781000014578851
15565.828660727671 102.744000161558318
15792.238852178061 102.465000648304922
16021.942255696367 101.744500466068502
16254.986772155136 100.560497275665881
16491.42099916115 99.047005839194810
16731.294241189662 97.257505260013801
16974.65651986603 95.381498037531173
17221.558584396902 93.638500065766408
17472.051922153143 92.095504246560296
17726.188769406665 92.434497598555694
17984.022122223458 94.068002504991682
18245.605747515034 94.869000365483615
18510.99419425065 95.169500027590260
18780.242804832582 95.216999331450438
19053.40772663689 94.797000946984042
19330.545923722028 93.972503081539969
19611.71518870775 92.930498621074236
19896.974154826825 91.763501898938387
20186.382308152035 90.409002465003482
