20 100.953500000000005
20.290906698750476 100.960287845596994
20.586044732869844 100.966697636886721
20.885475648548283 100.973185305718545
21.189261887185914 100.978803116921341
21.49746679841394 100.984827507039029
21.810154653305165 100.990677723044229
22.12739065777668 100.996388574833304
22.449240966187475 101.002320680034188
22.77577269513385 101.007762865795115
23.107053937445478 101.013462662062039
23.44315377638505 101.019385904986734
23.784142300054445 101.024762134500804
24.130090616010463 101.029084092080396
24.481070866093134 101.030726338700930
24.837156241469714 101.030542814337821
25.1984209978975 101.029007895010508
25.56494047120865 101.027175295582197
25.936791093020236 101.025145053693350
26.3140504066728 101.022929751065817
26.69679708340074 101.020770018228745
27.08511093873791 101.017648896782958
27.47907294916184 101.013360432723005
27.878765268980047 101.008166977551525
28.284271247461966 101.002520202535521
28.695675446220072 100.996956219199149
29.11306365684382 100.991530172461040
29.536522918790062 100.986098247893310
29.966141537533712 100.981372443087139
30.402009102982383 100.975976560543330
30.844216508158908 100.970877571477146
31.29285596815558 100.966071440318444
31.74802103936409 100.961271768567002
32.20980663898519 100.956401933610152
32.67830906482211 100.951538600286966
33.153626015361866 100.946463739846379
33.63585661014871 100.941369720678210
34.125101410453844 100.935248580253642
34.62146244024586 100.927327826314581
35.12504320746613 100.915248703776015
35.635948725613716 100.899241794603512
36.15428553564419 100.880637149645523
36.68016172818701 100.860834016057083
37.21368696608603 100.841307269220906
37.754972507267915 100.822622343872126
38.30413122794313 100.804876093161710
38.86127764614443 100.788262492597624
39.4265279456077 100.771658244295580
40.000000000000206 100.754500000000007
40.58181339750116 100.738015232121583
41.1720894657399 100.722721044363169
41.77095129709678 100.709629368994129
42.37852377437204 100.695363364084997
42.9949335968281 100.678476834679316
43.62030930661056 100.658156376497772
44.25478131555359 100.635686445606737
44.89848193237519 100.612222341554045
45.55154539026795 100.588511823501335
46.21410787489121 100.562959234659957
46.88630755277036 100.537109311699297
47.56828460010916 100.510463718476359
48.260181232021196 100.484773331415226
48.962141732186545 100.459137844367845
49.674312482939705 100.434127693925205
50.39684199579528 100.409110512785304
51.129880942417586 100.384161037376231
51.873582186040764 100.359992018317229
52.628100813345895 100.336121864110268
53.393594166801776 100.312200166912660
54.17022187747612 100.287335551403572
54.95814589832399 100.261446656274131
55.75753053796041 100.235380267366622
56.56854249492426 100.207316741430191
57.39135089244048 100.177324341533478
58.226127313687975 100.146020225736692
59.073045837580466 100.114187735253154
59.932283075067765 100.081107101609888
60.804018205965114 100.048862198849491
61.68843301631817 100.019481612405514
62.58571193631152 99.995098284175256
63.49604207872855 99.973343011149879
64.41961327797075 99.948701795021890
65.35661812964459 99.917091892943859
66.3072520307241 99.879556292755666
67.27171322029778 99.840223901357646
68.25020282090806 99.799866785753238
69.2429248804921 99.759783004780317
70.25008641493265 99.719996716232558
71.27189745122783 99.681303845578952
72.30857107128878 99.642428584826661
73.36032345637442 99.602987870385959
74.42737393217246 99.564896660238304
75.50994501453623 99.535163641350209
76.60826245588666 99.515318181171807
77.72255529228926 99.499206512458755
78.85305589121582 99.474430514711145
80.00000000000082 99.440499999999986
81.16362679500274 99.408015337427855
82.34417893148023 99.377515379807136
83.541902594194 99.344246648516901
84.75704754874454 99.305098435287931
85.98986719365665 99.261942115913286
87.24061861322157 99.216477374953740
88.50956263110764 99.170684433173449
89.79696386475084 99.128200192463225
91.10309078053635 99.086568704621442
92.42821574978288 99.042402005906482
93.77261510554118 98.997416438968941
95.13656920021877 98.954516721702092
96.52036246404286 98.913889058257809
97.92428346437356 98.870302855300906
99.34862496587989 98.819740845674261
100.79368399159105 98.761165272353168
102.25976188483567 98.702122540453018
103.74716437208203 98.648683504522268
105.25620162669229 98.601313979091714
106.78718833360406 98.555384349991883
108.34044375495276 98.507385947759829
109.9162917966485 98.458152187106421
111.51506107592134 98.409874954713814
113.13708498984903 98.361703363573881
114.78270178488147 98.310471668497556
116.45225462737648 98.254651368649206
118.14609167516147 98.198117246373812
119.86456615013608 98.146562972467450
121.60803641193078 98.097499009681826
123.3768660326369 98.049627886378801
125.17142387262359 97.998185859948677
126.99208415745765 97.941253306961357
128.83922655594208 97.883583424305755
130.71323625928977 97.826827701861504
132.61450406144883 97.770525756202630
134.5434264405962 97.713289636951671
136.50040564181674 97.652612120872305
138.48584976098482 97.590060119849710
140.50017282986593 97.528411452965713
142.5437949024563 97.466762187109225
144.61714214257822 97.402060022508778
146.7206469127495 97.336315816322212
148.8547478643456 97.274067059798313
151.01989002907314 97.214258991209206
153.216524911774 97.152647557629138
155.4451105845792 97.084900372825814
157.70611178243232 97.010780755892711
160.00000000000236 96.935999999999922
162.3272535900062 96.860131532965795
164.6883578629612 96.778782817941533
167.08380518838874 96.696317101519440
169.51409509748981 96.620771509036302
171.97973438731407 96.548983649645351
174.4812372264439 96.475355378097248
177.01912526221608 96.405483617920169
179.5939277295025 96.346433589950948
182.20618156107355 96.295582550339603
184.85643149956664 96.253239668606753
187.54523021108326 96.230162828759902
190.27313840043846 96.242168405445085
193.04072492808663 96.274921279079507
195.84856692874806 96.309503949601975
198.69724993176072 96.341169749249374
201.58736798318304 96.370050873179181
204.5195237696723 96.391610634694814
207.49432874416505 96.407471643720825
210.5124032533856 96.423570285102528
213.57437666720915 96.442233448336850
216.68088750990657 96.462760879753134
219.83258359329807 96.476997750779901
223.03012215184378 96.469545929351398
226.2741699796992 96.454492065111651
229.5654035697641 96.434680011319784
232.90450925475412 96.411184350340932
236.2921833503241 96.382699056116195
239.72913230027333 96.355633083135345
243.21607282386276 96.339662054617904
246.75373206527502 96.342315299048948
250.34284774524843 96.366314181165876
253.9841683149166 96.406823872503452
257.67845311188546 96.458958150205376
261.42647251858085 96.508044142741554
265.22900812289896 96.545059162568407
269.08685288119375 96.562456573559402
273.0008112836349 96.555245335119096
276.97169952197106 96.527189842818075
281.00034565973334 96.478294745972050
285.0875898049141 96.416116081082350
289.23428428515797 96.350598308294508
293.44129382550057 96.279653875583946
297.7094957286928 96.203145278592046
302.0397800581479 96.123519041431535
306.4330498235497 96.044110611480022
310.89022116916016 95.968352517770427
315.41222356486645 95.899182316013224
320.00000000000654 95.839999999999947
324.6545071800142 95.793454928199850
329.3767157259242 95.751047230039276
334.16761037677935 95.704657418307562
339.02819019498156 95.650578631777208
343.95946877463007 95.588026905929809
348.9624744528898 95.518232862768969
354.03825052443415 95.441714766976162
359.187855459007 95.357481599380492
364.4123631221491 95.261047573303600
369.71286299913527 95.153386308517725
375.0904604221685 95.040184330097901
380.54627680087896 94.930678301353794
386.08144985617537 94.829666482531309
391.6971338574982 94.740400854342681
397.3944998635236 94.652603602074436
403.1747359663683 94.566172644496064
409.0390475393468 94.480433810679472
414.9886574883323 94.394164466419184
421.0248065067734 94.310097227373802
427.1487533344206 94.230677771653347
433.3617750198154 94.153584183082330
439.6651671865984 94.076850577354122
446.06024430368984 94.010346358545178
452.54833995940066 93.963719628235481
459.13080713953053 93.934747117358825
465.8090185095106 93.921008399699616
472.58436670065066 93.926531459579650
479.45826460054917 93.947696163459256
486.432145647728 93.978774299109091
493.50746413055253 94.017291052718036
500.6856954904994 94.057057045356970
507.9683366298358 94.094835746267279
515.3569062237735 94.129902131593397
522.8529450371643 94.158185671657733
530.4580162458005 94.176900764215077
538.1737057623901 94.183437962227714
546.0016225672724 94.179640655087269
553.9433990439449 94.168099051673096
562.0006913194694 94.152998444531192
570.1751796098309 94.134588327916902
578.4685685703187 94.115098863859757
586.8825876510039 94.100487859758402
595.4189914573883 94.089268159824002
604.0795601162986 94.081705247434570
612.8660996471021 94.080195157092447
621.780442338323 94.085343173098806
630.8244471297356 94.097355006041909
640.0000000000159 94.118000000000052
649.3090143600314 94.147788845952107
658.7534314518515 94.182825367944446
668.3352207535618 94.223341449240323
678.0563803899662 94.269976263910834
687.9189375492632 94.319094687746315
697.9249489057827 94.367936002193034
708.0765010488715 94.416767205034589
718.3757109180171 94.466203412406486
728.8247262443015 94.515476213348222
739.425725998274 94.561059335492658
750.1809208443404 94.600057839270050
761.0925536017613 94.633702040272098
772.1628997123541 94.666988699137079
783.3942677149998 94.699714233793273
794.7889997270506 94.733366999181158
806.34947193274 94.769635783781411
818.0780950786972 94.808104468337234
829.9773149766683 94.846889120887056
842.0496130135506 94.885155040667343
854.2975066688449 94.923071582784402
866.7235500396347 94.960852325120428
879.3303343732008 95.000290103431553
892.1204886073838 95.042734962024610
905.0966799188055 95.085776571399407
918.2616142790653 95.129693156021460
931.6180370190256 95.175917669451934
945.1687334013056 95.224187961354673
958.9165292011028 95.274936984504137
972.8642912954606 95.330792879896876
987.0149282611097 95.393567177174987
1001.3713909810035 95.457851268185607
1015.9366732596762 95.519840360364668
1030.7138124475518 95.580049330169828
1045.7058900743334 95.631871343315481
1060.916032491606 95.669751911071870
1076.3474115247852 95.688910172565016
1092.0032451345498 95.684932530887721
1107.8867980878947 95.658850390426267
1124.0013826389438 95.619552290991379
1140.350359219667 95.583464119341272
1156.9371371406426 95.575414541816770
1173.765175302013 95.589192291342272
1190.837982914782 95.645267704175524
1208.1591202326028 95.713487155415493
1225.73219929421 95.799933958342208
1243.5608846766518 95.889519880641402
1261.648894259477 95.973808320642974
1280.0000000000375 96.051500000000132
1298.6180287200684 96.120120734425399
1317.5068629037087 96.189023333872598
1336.6704415071292 96.252929218011204
1356.112760779938 96.315560834495798
1375.8378750985323 96.375513625295596
1395.8498978115715 96.434360951098853
1416.153002097749 96.493882139486729
1436.7514218360407 96.554247908870423
1457.6494524886093 96.614724445067651
1478.8514519965543 96.674167833270900
1500.3618416886875 96.730948025224365
1522.1851072035295 96.788124980873249
1544.3257994247153 96.843041466584793
1566.788535430007 96.893934777946015
1589.5779994541087 96.943780038809962
1612.6989438654878 96.992151866608282
1636.156190157402 97.037527389889618
1659.9546299533442 97.079524685722561
1684.099226027109 97.119058761643373
1708.5950133376978 97.157220619739803
1733.4471000792773 97.192312288101476
1758.6606687464096 97.224585655995412
1784.2409772147755 97.256219533569137
1810.193359837619 97.285101094231123
1836.5232285581387 97.310409976560010
1863.2360740380593 97.332853580711202
1890.3374668026197 97.355383472114198
1917.833058402214 97.376339802049586
1945.7285825909298 97.392278862947279
1974.0298565222283 97.406514928261117
2002.7427819620161 97.421279964915612
2031.8733465193618 97.434499559071838
2061.4276248951132 97.442166556237765
2091.411780148677 97.445452940661710
2121.832064983222 97.444270991877090
2152.694823049581 97.439619720678195
2184.0064902691106 97.433298052919270
2215.7735961758003 97.421007541816493
2248.002765277899 97.404831720254549
2280.7007184393456 97.384866187707104
2313.874274281297 97.361363056384334
2347.530350604038 97.332930511946302
2381.6759658295764 97.299282135024683
2416.318240465218 97.261734023464996
2451.4643985884327 97.219437806746811
2487.1217693533167 97.174241699840678
2523.2977885189675 97.125756763142903
2560.0000000000887 97.073249999999874
2597.236057440151 97.016353209531758
2635.0137258074315 96.956728267471561
2673.340883014273 96.894195781988770
2712.225521559891 96.828346187988856
2751.6757501970797 96.759963384032574
2791.699795623158 96.691214099995335
2832.3060041955137 96.620464492657845
2873.502843672097 96.548840080447278
2915.2989049772345 96.477450828688021
2957.7029039931244 96.407252382650938
3000.723683377391 96.338905428891692
3044.370214407075 96.273090352202956
3088.6515988494466 96.209154616625156
3133.57707086003 96.146581527567463
3179.1559989082334 96.085514081441119
3225.3978877309914 96.026506619213563
3272.3123803148205 95.970787010244251
3319.9092599067053 95.918993462296100
3368.198452054235 95.871075439589561
3417.190026675413 95.828091779193187
3466.8942001585724 95.791856653900098
3517.3213374928373 95.762512544628521
3568.4819544295697 95.740770594126843
3620.386719675257 95.728757460835723
3673.0464571162966 95.728035110282789
3726.472148076138 95.737882758499794
3780.6749336052594 95.756708186779321
3835.6661168044484 95.782869653586800
3891.45716518188 95.824079663228474
3948.059713044477 95.875729488153070
4005.4855639240527 95.944225502526365
4063.746693038744 96.027244488397912
4122.855249790247 96.126591530839235
4182.823560297375 96.244953852108296
4243.664129966465 96.384018011351912
4305.389646099183 96.543436240626193
4368.012980538242 96.726638292587808
4431.5471923516225 96.935166111957841
4496.00553055582 97.163686484491677
4561.401436878714 97.419234524211817
4627.748548562617 97.696158184913543
4695.060701208099 97.996532260617656
4763.351931659176 98.317710577951232
4832.63648093046 98.661577876791853
4902.928797176889 99.028522625037510
4974.243538706657 99.411627285951283
5046.595577037959 99.806528339569837
5120.000000000202 100.197285714286750
5194.472114880326 100.559977676230091
5270.027451614888 100.855784781660262
5346.6817660285715 101.041942524323929
5424.451043119808 101.072964389029835
5503.351500394186 100.892610348778021
5583.399591246343 100.468527401427735
5664.612008391055 99.795630065277663
5747.005687344222 98.964847609833896
5830.597809954497 98.054114575839833
5915.405807986278 97.190223975464022
6001.447366754812 96.545861023350511
6088.740428814181 96.402220739517645
6177.303197698925 96.790373525927805
6267.154141720092 97.601386768375477
6358.3119978165005 98.668527853001024
6450.795775462017 99.819455151029842
6544.624760629676 100.938590423705890
6639.818519813445 101.925450345104224
6736.396904108505 102.706714077938230
6834.380053350861 103.245784701399486
6933.788400317181 103.541141644447222
7034.642674985712 103.617525089257001
7136.963908859177 103.516747129521946
7240.773439350552 103.285742104211963
7346.092914232631 102.959174800185792
7452.944296152315 102.551840056890939
7561.349867210557 102.059697519582087
7671.332233608935 101.478655066742263
7782.914330363799 100.822709836154246
7896.119426088994 100.153887954193578
8010.971127848146 99.667843176661336
8127.49338607753 99.574595441095312
8245.710499580537 99.931065506427473
8365.647120594791 100.605412570478677
8487.328259932974 101.405257738301771
8610.77929219841 102.241452865412541
8736.025961076528 103.053259956336504
8863.094384703289 103.780250139368746
8992.011061111683 104.358656294187753
9122.802873757471 104.684456878865262
9255.497097125279 104.668186404793019
9390.121402416245 104.296134201073158
9526.7038633184 103.612716304980466
9665.272961860968 102.735952268096796
9805.857594353829 101.796265692757927
9948.487077413367 100.871463146892779
10093.19115407597 99.985853075544185
10240.000000000457 99.160499999997540
10388.944229760706 98.427721227173890
10540.05490322983 97.816043426597759
10693.363532057198 97.316011215751843
10848.902086239672 96.931256063031128
11006.703000788428 96.665781330121575
11166.799182492743 96.517410551817392
11329.224016782166 96.515460469323841
11494.0113746885 96.633710995532212
11661.195619909053 96.958960410365222
11830.811615972614 97.429383642414734
12002.894733509682 98.110104743902724
12177.48085762842 98.948998332125427
12354.606395397908 100.010335232857699
12534.308283440243 101.128706091193450
12716.62399563306 102.118363820377880
12901.591550924093 102.510415694444134
13089.249521259411 102.542585632215904
13279.637039626952 101.996357635606486
13472.793808217073 100.988748129053377
13668.760106701786 99.878633429145452
13867.576800634426 98.904672319448025
14069.285349971487 98.230773361641454
14273.927817718419 97.813643798217299
14481.54687870117 97.732360233801330
14692.18582846533 97.923992058406924
14905.888592304698 98.090998460244066
15122.699734421185 97.898585158246675
15342.664467217943 97.054997671773265
15565.828660727671 95.450706121836930
15792.238852178061 93.248487268894934
16021.942255696367 90.826109725770579
16254.986772155136 88.618506801368710
16491.42099916115 86.888281128138715
16731.294241189662 85.471040923593335
16974.65651986603 84.315948556543503
17221.558584396902 83.567001151637612
17472.051922153143 83.342998562133374
17726.188769406665 83.697759091982178
17984.022122223458 84.245296049469346
18245.605747515034 83.978396142051537
18510.99419425065 81.667695287103186
18780.242804832582 76.809855218839431
19053.40772663689 71.109217888337085
19330.545923722028 68.918281525713169
19611.71518870775 71.237250452648198
19896.974154826825 74.747198430679731
20186.382308152035 77.134418968425706
