20 98.382499999999993
20.290906698750476 98.447469379285536
20.586044732869844 98.508615921073357
20.885475648548283 98.565264580476594
21.189261887185914 98.621031169213524
21.49746679841394 98.676422233772087
21.810154653305165 98.732302619448575
22.12739065777668 98.788134126788691
22.449240966187475 98.844035072355581
22.77577269513385 98.900507517689704
23.107053937445478 98.956485534734554
23.44315377638505 99.009473144880616
23.784142300054445 99.057398854757224
24.130090616010463 99.102261381205921
24.481070866093134 99.146133870092285
24.837156241469714 99.190415869500839
25.1984209978975 99.234558545995071
25.56494047120865 99.279205258236203
25.936791093020236 99.324243979826264
26.3140504066728 99.368615725486450
26.69679708340074 99.411155686465577
27.08511093873791 99.452436583778876
27.47907294916184 99.493453787110013
27.878765268980047 99.533876526897998
28.284271247461966 99.574142853498728
28.695675446220072 99.613893491944680
29.11306365684382 99.652449601802260
29.536522918790062 99.689531402259576
29.966141537533712 99.725189747615303
30.402009102982383 99.759147333727597
30.844216508158908 99.791455650480643
31.29285596815558 99.823017777850495
31.74802103936409 99.852129283401212
32.20980663898519 99.878409945227219
32.67830906482211 99.901345598852174
33.153626015361866 99.921952292645202
33.63585661014871 99.942070121016101
34.125101410453844 99.961878955007705
34.62146244024586 99.981237035169585
35.12504320746613 100.000751641883710
35.635948725613716 100.020030102847713
36.15428553564419 100.039208564818836
36.68016172818701 100.058485822214735
37.21368696608603 100.077479043813014
37.754972507267915 100.095877656127868
38.30413122794313 100.113728037066238
38.86127764614443 100.130334315283022
39.4265279456077 100.145525436070002
40.000000000000206 100.161000000000001
40.58181339750116 100.174090845079931
41.1720894657399 100.186418512610345
41.77095129709678 100.197943250505190
42.37852377437204 100.207591090610009
42.9949335968281 100.216099136621494
43.62030930661056 100.222269496463127
44.25478131555359 100.225773897615056
44.89848193237519 100.227330802656638
45.55154539026795 100.226889545750083
46.21410787489121 100.225464732695215
46.88630755277036 100.223815053365428
47.56828460010916 100.222256126776585
48.260181232021196 100.219759279071923
48.962141732186545 100.217251027549423
49.674312482939705 100.215542814337823
50.39684199579528 100.215992106229621
51.129880942417586 100.217706888866772
51.873582186040764 100.218500000000006
52.628100813345895 100.215021684668670
53.393594166801776 100.205604086794580
54.17022187747612 100.192124442097679
54.95814589832399 100.177818834931600
55.75753053796041 100.163394764492921
56.56854249492426 100.148766235091358
57.39135089244048 100.134151359382287
58.226127313687975 100.119881962980998
59.073045837580466 100.106404312436297
59.932283075067765 100.093515753873987
60.804018205965114 100.080948324568567
61.68843301631817 100.069711888070572
62.58571193631152 100.059642885815492
63.49604207872855 100.049795516094633
64.41961327797075 100.037915607469429
65.35661812964459 100.023794109925689
66.3072520307241 100.007815837431593
67.27171322029778 99.989429878983898
68.25020282090806 99.968745335119110
69.2429248804921 99.945912727748691
70.25008641493265 99.922622969249090
71.27189745122783 99.899018256072992
72.30857107128878 99.875902865360359
73.36032345637442 99.851172075318829
74.42737393217246 99.824388277763518
75.50994501453623 99.795901432282619
76.60826245588666 99.765723139026790
77.72255529228926 99.733237758647149
78.85305589121582 99.698864198431352
80.00000000000082 99.663499999999971
81.16362679500274 99.627136571747599
82.34417893148023 99.590794483351800
83.541902594194 99.554742994305741
84.75704754874454 99.517092283082434
85.98986719365665 99.478154127169518
87.24061861322157 99.437479756537556
88.50956263110764 99.394658932823830
89.79696386475084 99.348741622157206
91.10309078053635 99.301053236930102
92.42821574978288 99.250733317065993
93.77261510554118 99.199053378125228
95.13656920021877 99.144866506407254
96.52036246404286 99.087692542203115
97.92428346437356 99.029049587162064
99.34862496587989 98.968683508158875
100.79368399159105 98.907136149692121
102.25976188483567 98.844583492913671
103.74716437208203 98.782046091662181
105.25620162669229 98.721822222993453
106.78718833360406 98.665186012212644
108.34044375495276 98.612265356086567
109.9162917966485 98.561006820928895
111.51506107592134 98.509914108066624
113.13708498984903 98.462282645649879
114.78270178488147 98.421798680913895
116.45225462737648 98.393565859284422
118.14609167516147 98.367892906910484
119.86456615013608 98.343107198301652
121.60803641193078 98.315219366196374
123.3768660326369 98.278012223098500
125.17142387262359 98.232743001239541
126.99208415745765 98.174941082541466
128.83922655594208 98.104992263666418
130.71323625928977 98.026819287469635
132.61450406144883 97.944040065204078
134.5434264405962 97.855051387461529
136.50040564181674 97.761355427782348
138.48584976098482 97.666165061233713
140.50017282986593 97.570741617751509
142.5437949024563 97.471625947230862
144.61714214257822 97.369855749478020
146.7206469127495 97.271161983248419
148.8547478643456 97.182706732436259
151.01989002907314 97.107699321121999
153.216524911774 97.045516792152711
155.4451105845792 96.994077031594486
157.70611178243232 96.954985436254319
160.00000000000236 96.926999999999992
162.3272535900062 96.915829182767965
164.6883578629612 96.917626029435553
167.08380518838874 96.937587768770840
169.51409509748981 96.991046739398243
171.97973438731407 97.068331234781368
174.4812372264439 97.140182147449849
177.01912526221608 97.190440429667433
179.5939277295025 97.219101706203219
182.20618156107355 97.232265962556511
184.85643149956664 97.238212862999134
187.54523021108326 97.245644736675473
190.27313840043846 97.254100904480964
193.04072492808663 97.259757014899321
195.84856692874806 97.263178853542996
198.69724993176072 97.265697249931762
201.58736798318304 97.270174735966378
204.5195237696723 97.275532539616123
207.49432874416505 97.277750945209306
210.5124032533856 97.273466924657640
213.57437666720915 97.261234522497148
216.68088750990657 97.234536901472097
219.83258359329807 97.198218267388796
223.03012215184378 97.146002984494572
226.2741699796992 97.084137572076060
229.5654035697641 97.012205986941936
232.90450925475412 96.933275862761690
236.2921833503241 96.851304984998265
239.72913230027333 96.766670117105775
243.21607282386276 96.681287243124316
246.75373206527502 96.595941213925244
250.34284774524843 96.511157357827443
253.9841683149166 96.427862149796283
257.67845311188546 96.347033838177509
261.42647251858085 96.269329004304268
265.22900812289896 96.194291975741734
269.08685288119375 96.123509025539505
273.0008112836349 96.057111715230491
276.97169952197106 95.993910356931423
281.00034565973334 95.937495679253345
285.0875898049141 95.886597825009375
289.23428428515797 95.843886871862878
293.44129382550057 95.805716614335594
297.7094957286928 95.767885488014628
302.0397800581479 95.727867116940331
306.4330498235497 95.683452976852720
310.89022116916016 95.633735011846952
315.41222356486645 95.577893759517821
320.00000000000654 95.515499999999918
324.6545071800142 95.448940547325805
329.3767157259242 95.381850636691865
334.16761037677935 95.314653454725089
339.02819019498156 95.246202518250755
343.95946877463007 95.177463384032649
348.9624744528898 95.110299089776561
354.03825052443415 95.044406568234791
359.187855459007 94.978395450124708
364.4123631221491 94.909315570475414
369.71286299913527 94.831749627612794
375.0904604221685 94.743891096777133
380.54627680087896 94.646855505470086
386.08144985617537 94.547533902588839
391.6971338574982 94.450561582690341
397.3944998635236 94.357364152088095
403.1747359663683 94.275170187115094
409.0390475393468 94.202297699335901
414.9886574883323 94.140603973023616
421.0248065067734 94.093554815313610
427.1487533344206 94.061195614441004
433.3617750198154 94.048409556245048
439.6651671865984 94.053020703457946
446.06024430368984 94.070756038290682
452.54833995940066 94.103299707748292
459.13080713953053 94.148890938240839
465.8090185095106 94.199202475239588
472.58436670065066 94.252347478840875
479.45826460054917 94.305255431975581
486.432145647728 94.351536088451141
493.50746413055253 94.383353950854541
500.6856954904994 94.404071399203900
507.9683366298358 94.415450525984113
515.3569062237735 94.416770560284732
522.8529450371643 94.411753673092477
530.4580162458005 94.405213739846374
538.1737057623901 94.400512407554459
546.0016225672724 94.401930078098189
553.9433990439449 94.411508260528137
562.0006913194694 94.430702315920229
570.1751796098309 94.458375898049155
578.4685685703187 94.499842842851592
586.8825876510039 94.556022242939576
595.4189914573883 94.625416175252155
604.0795601162986 94.703235931075767
612.8660996471021 94.783990053916369
621.780442338323 94.865008298354795
630.8244471297356 94.942100908760040
640.0000000000159 95.010000000000105
649.3090143600314 95.074697649802232
658.7534314518515 95.148214436897035
668.3352207535618 95.227599093292241
678.0563803899662 95.312396147431713
687.9189375492632 95.402750172330684
697.9249489057827 95.494513282487901
708.0765010488715 95.584169384177628
718.3757109180171 95.669680829527749
728.8247262443015 95.751391628393336
739.425725998274 95.831192944987066
750.1809208443404 95.909221215699290
761.0925536017613 95.982874736811880
772.1628997123541 96.051150040548634
783.3942677149998 96.118219893388840
794.7889997270506 96.184819623419173
806.34947193274 96.248599288977417
818.0780950786972 96.308189156730563
829.9773149766683 96.364206482203599
842.0496130135506 96.417379589183156
854.2975066688449 96.470122528898330
866.7235500396347 96.523847600170740
879.3303343732008 96.579419538116724
892.1204886073838 96.639203646074947
905.0966799188055 96.700921591277606
918.2616142790653 96.763863083484779
931.6180370190256 96.826799326127002
945.1687334013056 96.888460603080816
958.9165292011028 96.949752859354916
972.8642912954606 97.011971453472057
987.0149282611097 97.075105064549561
1001.3713909810035 97.137442694251007
1015.9366732596762 97.200683807226554
1030.7138124475518 97.266559196203787
1045.7058900743334 97.331069887204848
1060.916032491606 97.398774818294157
1076.3474115247852 97.470743006731510
1092.0032451345498 97.543390211568195
1107.8867980878947 97.617894905271498
1124.0013826389438 97.693450819946236
1140.350359219667 97.768478684854344
1156.9371371406426 97.842559454925151
1173.765175302013 97.917612318489930
1190.837982914782 97.989519313646014
1208.1591202326028 98.061059369493535
1225.73219929421 98.129291025949925
1243.5608846766518 98.194820824997350
1261.648894259477 98.255053054580955
1280.0000000000375 98.314000000000107
1298.6180287200684 98.370120057999060
1317.5068629037087 98.426268529840016
1336.6704415071292 98.476343147918527
1356.112760779938 98.524879082930354
1375.8378750985323 98.572114953359005
1395.8498978115715 98.619643507302484
1416.153002097749 98.665305821316679
1436.7514218360407 98.710346771401589
1457.6494524886093 98.753186948778136
1478.8514519965543 98.792431236074691
1500.3618416886875 98.825426973192648
1522.1851072035295 98.851178426500155
1544.3257994247153 98.884261731114066
1566.788535430007 98.948737937627612
1589.5779994541087 99.042475677510737
1612.6989438654878 99.136478134547687
1636.156190157402 99.206489865952577
1659.9546299533442 99.252830130128160
1684.099226027109 99.288010978355786
1708.5950133376978 99.319657816538751
1733.4471000792773 99.349798636091947
1758.6606687464096 99.378353522246130
1784.2409772147755 99.405240977214788
1810.193359837619 99.431397227034367
1836.5232285581387 99.459175551413949
1863.2360740380593 99.490677453287958
1890.3374668026197 99.526665704187621
1917.833058402214 99.566749587603312
1945.7285825909298 99.608592873886394
1974.0298565222283 99.650564187652890
2002.7427819620161 99.693477033844914
2031.8733465193618 99.735560240243132
2061.4276248951132 99.775879706111908
2091.411780148677 99.815264725185841
2121.832064983222 99.853106874730713
2152.694823049581 99.887964305354529
2184.0064902691106 99.922106652525841
2215.7735961758003 99.953879256271406
2248.002765277899 99.984835868171402
2280.7007184393456 100.014452301288088
2313.874274281297 100.043061895234416
2347.530350604038 100.070524280483227
2381.6759658295764 100.096756974372184
2416.318240465218 100.122194739000065
2451.4643985884327 100.147025079011911
2487.1217693533167 100.171414512902217
2523.2977885189675 100.196599674319771
2560.0000000000887 100.222250000000059
2597.236057440151 100.248065240208106
2635.0137258074315 100.274759836828665
2673.340883014273 100.303005662260702
2712.225521559891 100.333650842607256
2751.6757501970797 100.368112228299907
2791.699795623158 100.404426063506136
2832.3060041955137 100.444306004195511
2873.502843672097 100.487148042729132
2915.2989049772345 100.531716839275873
2957.7029039931244 100.576665078232708
3000.723683377391 100.622250821504053
3044.370214407075 100.667734398941008
3088.6515988494466 100.716249903720012
3133.57707086003 100.766818918103283
3179.1559989082334 100.817571598799049
3225.3978877309914 100.866151866608305
3272.3123803148205 100.911527389889642
3319.9092599067053 100.954121963519768
3368.198452054235 100.994558761643390
3417.190026675413 101.033236320540070
3466.8942001585724 101.071339592120523
3517.3213374928373 101.109837429869486
3568.4819544295697 101.149600743999372
3620.386719675257 101.191420977330466
3673.0464571162966 101.236050417691175
3726.472148076138 101.283854376230039
3780.6749336052594 101.337489573616921
3835.6661168044484 101.396359373157082
3891.45716518188 101.462053241912571
3948.059713044477 101.532098894892542
4005.4855639240527 101.609999780722575
4063.746693038744 101.695338596652050
4122.855249790247 101.787758749650408
4182.823560297375 101.888042071959603
4243.664129966465 101.996685946368700
4305.389646099183 102.113240327588443
4368.012980538242 102.238025961076488
4431.5471923516225 102.372567972345934
4496.00553055582 102.516979156505215
4561.401436878714 102.675655102875567
4627.748548562617 102.846743937309171
4695.060701208099 103.033891186377886
4763.351931659176 103.235295617203036
4832.63648093046 103.450684009358866
4902.928797176889 103.673225711107207
4974.243538706657 103.891874527652305
5046.595577037959 104.116732179452015
5120.000000000202 104.370428571429315
5194.472114880326 104.650947010435544
5270.027451614888 104.930162183676572
5346.6817660285715 105.195967438271083
5424.451043119808 105.443893188966271
5503.351500394186 105.663762558190257
5583.399591246343 105.828062975922762
5664.612008391055 105.904728405873740
5747.005687344222 105.951122616178338
5830.597809954497 105.988810047330219
5915.405807986278 106.006290208411315
6001.447366754812 105.933650496701460
6088.740428814181 105.755837863642427
6177.303197698925 105.507104881566974
6267.154141720092 105.207844644136941
6358.3119978165005 104.898446367303819
6450.795775462017 104.610168377896287
6544.624760629676 104.338373184599135
6639.818519813445 104.069901792715825
6736.396904108505 103.824154749043458
6834.380053350861 103.646994340247034
6933.788400317181 103.584481230103080
7034.642674985712 103.673553216222132
7136.963908859177 103.924644275133943
7240.773439350552 104.303894304517769
7346.092914232631 104.744394885488688
7452.944296152315 105.175217768340318
7561.349867210557 105.533437112697456
7671.332233608935 105.792159660470645
7782.914330363799 105.928145716518188
7896.119426088994 105.898679055285527
8010.971127848146 105.630461289351075
8127.49338607753 105.117203882780018
8245.710499580537 104.394715446794351
8365.647120594791 103.509597731274852
8487.328259932974 102.533641094542901
8610.77929219841 101.525379286277996
8736.025961076528 100.554815084924940
8863.094384703289 99.706599402647953
8992.011061111683 99.077486021774988
9122.802873757471 98.791869096027696
9255.497097125279 98.865015336931805
9390.121402416245 99.135122357423100
9526.7038633184 99.392491095245163
9665.272961860968 99.523081888558281
9805.857594353829 99.529379515778885
9948.487077413367 99.473751540809090
10093.19115407597 99.441370247412152
10240.000000000457 99.476900000000214
10388.944229760706 99.608374154041968
10540.05490322983 99.879365983073015
10693.363532057198 100.289202713906832
10848.902086239672 100.849355525301107
11006.703000788428 101.557839594377427
11166.799182492743 102.353505851150672
11329.224016782166 103.122891678037064
11494.0113746885 103.762315237960578
11661.195619909053 104.039947577128046
11830.811615972614 104.039318345415779
12002.894733509682 103.650145756524253
12177.48085762842 103.033874015333595
12354.606395397908 102.128816424160988
12534.308283440243 101.119011956046592
12716.62399563306 100.085121303785272
12901.591550924093 99.211862287044596
13089.249521259411 98.437639118004029
13279.637039626952 97.905056050874279
13472.793808217073 97.673123222877138
13668.760106701786 97.729136925908108
13867.576800634426 97.999725271086447
14069.285349971487 98.250749872490019
14273.927817718419 98.322374736201454
14481.54687870117 97.836330888342559
14692.18582846533 96.642494320631286
14905.888592304698 94.974382296963910
15122.699734421185 93.015242110250966
15342.664467217943 90.961154862004847
15565.828660727671 88.979601443105111
15792.238852178061 87.207255823764768
16021.942255696367 85.812612078024827
16254.986772155136 85.132950132278452
16491.42099916115 85.130585790008396
16731.294241189662 85.194337210568349
16974.65651986603 85.254316190847305
17221.558584396902 85.578658127193961
17472.051922153143 86.358488796925656
17726.188769406665 87.581086714416884
17984.022122223458 88.530778533893283
18245.605747515034 88.296211583447160
18510.99419425065 86.656147824940930
18780.242804832582 84.372614287666437
19053.40772663689 82.414397795936978
19330.545923722028 81.215802435271627
19611.71518870775 80.609735179012660
19896.974154826825 79.999963730277230
20186.382308152035 78.494361863638602
