20 102.590559600000006
20.290906698750476 102.586047899367344
20.586044732869844 102.581179724718481
20.885475648548283 102.575960642115461
21.189261887185914 102.570462321314707
21.49746679841394 102.564375598248631
21.810154653305165 102.557430948351140
22.12739065777668 102.549389556996815
22.449240966187475 102.540422844168276
22.77577269513385 102.530648433041193
23.107053937445478 102.520414150950003
23.44315377638505 102.509762482583739
23.784142300054445 102.499028877473052
24.130090616010463 102.488178550427577
24.481070866093134 102.477138261263946
24.837156241469714 102.466113536917021
25.1984209978975 102.455171635394905
25.56494047120865 102.443980826442100
25.936791093020236 102.432032921730638
26.3140504066728 102.418616208262193
26.69679708340074 102.402509588648172
27.08511093873791 102.381606554316903
27.47907294916184 102.355457777054298
27.878765268980047 102.326523891736883
28.284271247461966 102.295774058295194
28.695675446220072 102.263267397860517
29.11306365684382 102.228839994531100
29.536522918790062 102.192408811806132
29.966141537533712 102.153856165766115
30.402009102982383 102.113508568594057
30.844216508158908 102.071857532237658
31.29285596815558 102.029284623438258
31.74802103936409 101.985961885898917
32.20980663898519 101.942333006752264
32.67830906482211 101.898151878860375
33.153626015361866 101.853442950114669
33.63585661014871 101.808192754480217
34.125101410453844 101.762842218784314
34.62146244024586 101.718086987105252
35.12504320746613 101.675308981117240
35.635948725613716 101.636203146806736
36.15428553564419 101.601649319450615
36.68016172818701 101.572422307794966
37.21368696608603 101.549582711745117
37.754972507267915 101.540464145405039
38.30413122794313 101.553108145043765
38.86127764614443 101.584669556278541
39.4265279456077 101.622133599635447
40.000000000000206 101.648882604373767
40.58181339750116 101.656432862537798
41.1720894657399 101.645847017808677
41.77095129709678 101.619053130843866
42.37852377437204 101.575540096451846
42.9949335968281 101.504989556590814
43.62030930661056 101.396209392483158
44.25478131555359 101.259729394812581
44.89848193237519 101.117683201051932
45.55154539026795 100.974708267532222
46.21410787489121 100.831764521503004
46.88630755277036 100.687766988495454
47.56828460010916 100.543393176953288
48.260181232021196 100.402120298993879
48.962141732186545 100.267180065314349
49.674312482939705 100.141201841692606
50.39684199579528 100.026017384919442
51.129880942417586 99.927776857858007
51.873582186040764 99.853534832371480
52.628100813345895 99.803721976750751
53.393594166801776 99.776765168155336
54.17022187747612 99.772977503482579
54.95814589832399 99.787028927552697
55.75753053796041 99.806663888062531
56.56854249492426 99.823714183505246
57.39135089244048 99.836164301902343
58.226127313687975 99.842733502201895
59.073045837580466 99.839130996334774
59.932283075067765 99.820430787318045
60.804018205965114 99.785636635216662
61.68843301631817 99.729933917486079
62.58571193631152 99.643345592262989
63.49604207872855 99.525345505592384
64.41961327797075 99.384152211998966
65.35661812964459 99.223351159106372
66.3072520307241 99.051431342817850
67.27171322029778 98.885238288989882
68.25020282090806 98.733900211742863
69.2429248804921 98.592454908093032
70.25008641493265 98.455997348340674
71.27189745122783 98.321958949423959
72.30857107128878 98.187370655036290
73.36032345637442 98.050522061930678
74.42737393217246 97.911749015159728
75.50994501453623 97.772950001069063
76.60826245588666 97.635374745463380
77.72255529228926 97.497837993474832
78.85305589121582 97.358876520504765
80.00000000000082 97.218639010988909
81.16362679500274 97.077445400663123
82.34417893148023 96.935980195802784
83.541902594194 96.794763140509616
84.75704754874454 96.654175304275270
85.98986719365665 96.513250480794312
87.24061861322157 96.371841990995165
88.50956263110764 96.231046611977078
89.79696386475084 96.092409475662492
91.10309078053635 95.954245351975118
92.42821574978288 95.812022902643747
93.77261510554118 95.667236540229027
95.13656920021877 95.524190529281810
96.52036246404286 95.383436406243362
97.92428346437356 95.243313522015569
99.34862496587989 95.103908701825333
100.79368399159105 94.966559206058790
102.25976188483567 94.832033172186925
103.74716437208203 94.700435910964401
105.25620162669229 94.573453440980202
106.78718833360406 94.451746073012714
108.34044375495276 94.334523276834005
109.9162917966485 94.221770372165508
111.51506107592134 94.115116385110042
113.13708498984903 94.016942851733347
114.78270178488147 93.926321182101901
116.45225462737648 93.841343963639673
118.14609167516147 93.759293923322787
119.86456615013608 93.679651006451280
121.60803641193078 93.609318230991491
123.3768660326369 93.556193112235817
125.17142387262359 93.513274188315009
126.99208415745765 93.469862620984074
128.83922655594208 93.422671539830560
130.71323625928977 93.376635141344423
132.61450406144883 93.340379001211119
134.5434264405962 93.311654730166396
136.50040564181674 93.279440621380672
138.48584976098482 93.244864548512112
140.50017282986593 93.214396738150327
142.5437949024563 93.185322567981387
144.61714214257822 93.154992027315018
146.7206469127495 93.127796778633837
148.8547478643456 93.103745796563956
151.01989002907314 93.071518603241373
153.216524911774 93.033551334877842
155.4451105845792 92.997935397045552
157.70611178243232 92.962646896604355
160.00000000000236 92.922313579317233
162.3272535900062 92.879970948970282
164.6883578629612 92.834598076852515
167.08380518838874 92.784999719183531
169.51409509748981 92.735206738161622
171.97973438731407 92.686419305401614
174.4812372264439 92.636914126685184
177.01912526221608 92.588073828427611
179.5939277295025 92.540014187493767
182.20618156107355 92.491927756511927
184.85643149956664 92.445560204685393
187.54523021108326 92.400076576429896
190.27313840043846 92.355583841947492
193.04072492808663 92.314541130360453
195.84856692874806 92.275043383786965
198.69724993176072 92.235875076024143
201.58736798318304 92.200337548902226
204.5195237696723 92.169539391277993
207.49432874416505 92.143343154838476
210.5124032533856 92.122357020531894
213.57437666720915 92.106412423469891
216.68088750990657 92.094184149574829
219.83258359329807 92.085010210567532
223.03012215184378 92.078170726137316
226.2741699796992 92.075034578684324
229.5654035697641 92.076974083502023
232.90450925475412 92.083673253661601
236.2921833503241 92.092274366291775
239.72913230027333 92.103265249446281
243.21607282386276 92.118671692527229
246.75373206527502 92.137349309772347
250.34284774524843 92.157365259693449
253.9841683149166 92.178369927882216
257.67845311188546 92.198958892863914
261.42647251858085 92.217945433632309
265.22900812289896 92.236040964045003
269.08685288119375 92.255402938667231
273.0008112836349 92.276461334934936
276.97169952197106 92.296587847958776
281.00034565973334 92.314280241008305
285.0875898049141 92.332673240219577
289.23428428515797 92.350670030303718
293.44129382550057 92.366348625321606
297.7094957286928 92.378094249250552
302.0397800581479 92.386882597550624
306.4330498235497 92.392768159161733
310.89022116916016 92.394832924862882
315.41222356486645 92.392102597737789
320.00000000000654 92.384300560538094
324.6545071800142 92.372454959471042
329.3767157259242 92.357968217165535
334.16761037677935 92.344178723519519
339.02819019498156 92.334381266589673
343.95946877463007 92.328626792499790
348.9624744528898 92.323498240645620
354.03825052443415 92.316073900291798
359.187855459007 92.304328728656628
364.4123631221491 92.287238566790165
369.71286299913527 92.265709174010595
375.0904604221685 92.238887986477550
380.54627680087896 92.209195451237349
386.08144985617537 92.179533994321829
391.6971338574982 92.152535043869307
397.3944998635236 92.128805010599635
403.1747359663683 92.108632873286268
409.0390475393468 92.092765769394717
414.9886574883323 92.082064036619599
421.0248065067734 92.076134956579580
427.1487533344206 92.074137899869413
433.3617750198154 92.077770410462080
439.6651671865984 92.089080484364388
446.06024430368984 92.109606328714989
452.54833995940066 92.138373117262717
459.13080713953053 92.174049923042787
465.8090185095106 92.215967982516958
472.58436670065066 92.268077415646928
479.45826460054917 92.328397420921306
486.432145647728 92.389042639603474
493.50746413055253 92.454099338679271
500.6856954904994 92.525650089242049
507.9683366298358 92.594113378564799
515.3569062237735 92.663604816205066
522.8529450371643 92.736891823774300
530.4580162458005 92.808932518413229
538.1737057623901 92.879538048207991
546.0016225672724 92.945846076851410
553.9433990439449 93.009062548868741
562.0006913194694 93.066181511330456
570.1751796098309 93.123626373974929
578.4685685703187 93.181385071954537
586.8825876510039 93.234301941485370
595.4189914573883 93.281370895735478
604.0795601162986 93.325213277788322
612.8660996471021 93.362953006469610
621.780442338323 93.395226261172695
630.8244471297356 93.423167928253946
640.0000000000159 93.445355264146258
649.3090143600314 93.462568714679662
658.7534314518515 93.474197036652413
668.3352207535618 93.476158338812240
678.0563803899662 93.468616412655194
687.9189375492632 93.452240579171942
697.9249489057827 93.425710563849805
708.0765010488715 93.389022402494192
718.3757109180171 93.341699857884635
728.8247262443015 93.284511963570679
739.425725998274 93.216653841733233
750.1809208443404 93.140099855877622
761.0925536017613 93.054856240658339
772.1628997123541 92.962941961359917
783.3942677149998 92.865891444443449
794.7889997270506 92.766002225775679
806.34947193274 92.667569240982601
818.0780950786972 92.572779876670026
829.9773149766683 92.491414232212065
842.0496130135506 92.429045453760466
854.2975066688449 92.387585766632284
866.7235500396347 92.370035848896464
879.3303343732008 92.380252851062920
892.1204886073838 92.421499939951545
905.0966799188055 92.488591714695815
918.2616142790653 92.575812432181209
931.6180370190256 92.681309287775136
945.1687334013056 92.799578861465491
958.9165292011028 92.918422437203077
972.8642912954606 93.035873195339704
987.0149282611097 93.149360932032607
1001.3713909810035 93.265208217323064
1015.9366732596762 93.406330728209696
1030.7138124475518 93.572132382642565
1045.7058900743334 93.750839981029827
1060.916032491606 93.943599981597728
1076.3474115247852 94.138747782091855
1092.0032451345498 94.321613476889610
1107.8867980878947 94.491641641829062
1124.0013826389438 94.652811468961659
1140.350359219667 94.801061676186151
1156.9371371406426 94.929577293505915
1173.765175302013 95.043731671341618
1190.837982914782 95.147685321788884
1208.1591202326028 95.237130450336906
1225.73219929421 95.313486946779165
1243.5608846766518 95.379806871698392
1261.648894259477 95.439141784606306
1280.0000000000375 95.499812547363319
1298.6180287200684 95.571568345645744
1317.5068629037087 95.659212647895885
1336.6704415071292 95.755625794444910
1356.112760779938 95.840713831638993
1375.8378750985323 95.895521702007258
1395.8498978115715 95.917357473891030
1416.153002097749 95.916673877927806
1436.7514218360407 95.905779586762975
1457.6494524886093 95.887495402815205
1478.8514519965543 95.864825295744026
1500.3618416886875 95.838658269314294
1522.1851072035295 95.804368407030410
1544.3257994247153 95.759147983645576
1566.788535430007 95.705502933015453
1589.5779994541087 95.647523034324749
1612.6989438654878 95.585783799819723
1636.156190157402 95.519052834872440
1659.9546299533442 95.444423415268574
1684.099226027109 95.360804049225266
1708.5950133376978 95.272004681060196
1733.4471000792773 95.178322288537757
1758.6606687464096 95.076430359409258
1784.2409772147755 94.966198852929779
1810.193359837619 94.848269070003283
1836.5232285581387 94.724058545299329
1863.2360740380593 94.595765574288663
1890.3374668026197 94.462736296808657
1917.833058402214 94.335202404483852
1945.7285825909298 94.225383865568602
1974.0298565222283 94.114736850528786
2002.7427819620161 93.955735340563521
2031.8733465193618 93.708948545001206
2061.4276248951132 93.383152223411088
2091.411780148677 93.078400444418818
2121.832064983222 92.888481245152619
2152.694823049581 92.792023070438717
2184.0064902691106 92.705081128928725
2215.7735961758003 92.580064742429030
2248.002765277899 92.403859483909343
2280.7007184393456 92.200276993665426
2313.874274281297 92.022152666317197
2347.530350604038 91.931319494906688
2381.6759658295764 91.959816510755985
2416.318240465218 92.086873643689216
2451.4643985884327 92.250307728926771
2487.1217693533167 92.375393854977887
2523.2977885189675 92.482052858257305
2560.0000000000887 92.735320978214332
2597.236057440151 93.359471377906715
2635.0137258074315 94.446499979189497
2673.340883014273 95.789697499959345
2712.225521559891 97.005937863835911
2751.6757501970797 97.812028012337095
2791.699795623158 98.190869236523881
2832.3060041955137 98.302384383152926
2873.502843672097 98.385230541609417
2915.2989049772345 98.596706570213684
2957.7029039931244 98.963052609202180
3000.723683377391 99.442846446114885
3044.370214407075 99.974652990352709
3088.6515988494466 100.516493638820293
3133.57707086003 101.017215300068074
3179.1559989082334 101.442278724050254
3225.3978877309914 101.775932893306916
3272.3123803148205 102.000377149228143
3319.9092599067053 102.123298724556989
3368.198452054235 102.158031729791873
3417.190026675413 102.113449693992209
3466.8942001585724 101.991328831244374
3517.3213374928373 101.793730059683796
3568.4819544295697 101.524687865105960
3620.386719675257 101.207964479215576
3673.0464571162966 100.890961351046897
3726.472148076138 100.607305783529924
3780.6749336052594 100.370815592170544
3835.6661168044484 100.184556764234969
3891.45716518188 100.054062581886299
3948.059713044477 100.011652048534117
4005.4855639240527 100.072063352154601
4063.746693038744 100.212279491525777
4122.855249790247 100.382121841363059
4182.823560297375 100.513388739285929
4243.664129966465 100.543853501113318
4305.389646099183 100.438758373270872
4368.012980538242 100.195676676996115
4431.5471923516225 99.857721940112228
4496.00553055582 99.485871358229190
4561.401436878714 99.153691846134905
4627.748548562617 98.909285112574111
4695.060701208099 98.732068712504002
4763.351931659176 98.519892481411489
4832.63648093046 98.239832541550868
4902.928797176889 98.042630729591011
4974.243538706657 98.108802475262223
5046.595577037959 98.453571202984705
5120.000000000202 98.943188382215951
5194.472114880326 99.439249471410520
5270.027451614888 99.838380374845201
5346.6817660285715 100.088050216097699
5424.451043119808 100.163457637783523
5503.351500394186 100.071266392503873
5583.399591246343 99.873165769223505
5664.612008391055 99.676044346678310
5747.005687344222 99.580121850027822
5830.597809954497 99.615958356572321
5915.405807986278 99.773202778180320
6001.447366754812 100.020019081594199
6088.740428814181 100.299223991929352
6177.303197698925 100.558517972217288
6267.154141720092 100.782815371381687
6358.3119978165005 100.906708200365159
6450.795775462017 100.839890938136847
6544.624760629676 100.611457309335222
6639.818519813445 100.358729406333495
6736.396904108505 100.154296492008143
6834.380053350861 100.006859758406335
6933.788400317181 99.957640386738376
7034.642674985712 100.031401542308089
7136.963908859177 100.202246145241588
7240.773439350552 100.418698435483492
7346.092914232631 100.603158034433051
7452.944296152315 100.696036458688212
7561.349867210557 100.711892594419851
7671.332233608935 100.712028359334155
7782.914330363799 100.804907989872476
7896.119426088994 101.027569793441856
8010.971127848146 101.395756346252810
8127.49338607753 101.866978442325660
8245.710499580537 102.291476939784303
8365.647120594791 102.394789658827591
8487.328259932974 102.035896363478770
8610.77929219841 101.267868241284134
8736.025961076528 100.257793964682804
8863.094384703289 99.136116208006342
8992.011061111683 98.039925890002991
9122.802873757471 96.961732088924393
9255.497097125279 95.860126460873431
9390.121402416245 94.885033830784096
9526.7038633184 94.125275225231093
9665.272961860968 93.659623214607649
9805.857594353829 93.515413715434548
9948.487077413367 93.591985189745628
10093.19115407597 93.769626692008529
10240.000000000457 93.843420398172213
10388.944229760706 93.573261071243394
10540.05490322983 92.837545588273173
10693.363532057198 91.656978042461787
10848.902086239672 90.066341879256754
11006.703000788428 87.995700413903734
11166.799182492743 84.995775884217196
11329.224016782166 81.421968465869014
11494.0113746885 79.739744297561856
11661.195619909053 79.602902102743315
11830.811615972614 79.960881728596632
12002.894733509682 81.458579285692906
12177.48085762842 83.803536573685307
12354.606395397908 86.199174251814242
12534.308283440243 88.110524029979814
12716.62399563306 89.088950703258348
12901.591550924093 88.754493826509048
13089.249521259411 86.957514513908990
13279.637039626952 83.665674731860747
13472.793808217073 79.693391817365040
13668.760106701786 78.064937617537907
13867.576800634426 79.452315282399681
14069.285349971487 81.496532234067217
14273.927817718419 83.359378280208716
14481.54687870117 84.785951399242052
14692.18582846533 85.419284750433633
14905.888592304698 85.130774406484221
15122.699734421185 84.372564378033587
15342.664467217943 84.109164406741940
15565.828660727671 84.599587827393293
15792.238852178061 85.496951345370164
16021.942255696367 86.376827562930856
16254.986772155136 87.186217909935181
16491.42099916115 87.816009462241027
16731.294241189662 88.951506018929820
16974.65651986603 90.953789841927886
17221.558584396902 92.324689870134378
17472.051922153143 91.883747669254660
17726.188769406665 89.384097216761688
17984.022122223458 86.012720448222780
18245.605747515034 83.764868286562390
18510.99419425065 83.589124375952821
18780.242804832582 84.424020249752502
19053.40772663689 84.829369732340638
19330.545923722028 83.784602254522639
19611.71518870775 81.944804687782181
19896.974154826825 81.060239455724627
20186.382308152035 80.367766248652885
