20 98.516499999999994
20.290906698750476 98.597469301049884
20.586044732869844 98.675801866537611
20.885475648548283 98.750393119389486
21.189261887185914 98.821012113824366
21.49746679841394 98.888346245034526
21.810154653305165 98.953556509511756
22.12739065777668 99.017318893233124
22.449240966187475 99.081019888396611
22.77577269513385 99.143896670064322
23.107053937445478 99.206483468268047
23.44315377638505 99.268744954854071
23.784142300054445 99.330185258259661
24.130090616010463 99.391265933688274
24.481070866093134 99.451555724624598
24.837156241469714 99.511130690278137
25.1984209978975 99.569995385910971
25.56494047120865 99.628065836951933
25.936791093020236 99.685189700620811
26.3140504066728 99.741537219091612
26.69679708340074 99.796543584384608
27.08511093873791 99.850798410632819
27.47907294916184 99.903825966515313
27.878765268980047 99.955542571794965
28.284271247461966 100.005965363437824
28.695675446220072 100.055198351761533
29.11306365684382 100.102823938595975
29.536522918790062 100.148798383554166
29.966141537533712 100.193478719903510
30.402009102982383 100.236190864147119
30.844216508158908 100.277118888511126
31.29285596815558 100.315892757293227
31.74802103936409 100.353093662109757
32.20980663898519 100.388945304562867
32.67830906482211 100.424551488926483
33.153626015361866 100.460368325136784
33.63585661014871 100.495645819320544
34.125101410453844 100.530006895910859
34.62146244024586 100.563516521056215
35.12504320746613 100.596502765277833
35.635948725613716 100.628792872262437
36.15428553564419 100.659794275531709
36.68016172818701 100.689769218506655
37.21368696608603 100.719325409202554
37.754972507267915 100.747248607151107
38.30413122794313 100.774289990485386
38.86127764614443 100.799656660118487
39.4265279456077 100.824739673510933
40.000000000000206 100.847499999999997
40.58181339750116 100.869318075133208
41.1720894657399 100.890023101185392
41.77095129709678 100.908604359508345
42.37852377437204 100.925616024263178
42.9949335968281 100.941373381165306
43.62030930661056 100.955706945864023
44.25478131555359 100.968991861548091
44.89848193237519 100.981554230551296
45.55154539026795 100.993809997832784
46.21410787489121 101.004211603828708
46.88630755277036 101.014232977563893
47.56828460010916 101.023829168959651
48.260181232021196 101.032101802320213
48.962141732186545 101.038934160464350
49.674312482939705 101.045057335479839
50.39684199579528 101.049732239016649
51.129880942417586 101.053178148111272
51.873582186040764 101.055567376149583
52.628100813345895 101.057035125435590
53.393594166801776 101.057254003338244
54.17022187747612 101.057000000000002
54.95814589832399 101.056999999999988
55.75753053796041 101.055954630809609
56.56854249492426 101.053510101267761
57.39135089244048 101.050043245537807
58.226127313687975 101.045417108804187
59.073045837580466 101.039415633299356
59.932283075067765 101.032541735399462
60.804018205965114 101.023956937140468
61.68843301631817 101.014077293251205
62.58571193631152 101.002196467996299
63.49604207872855 100.988811347779702
64.41961327797075 100.973446960996526
65.35661812964459 100.955332710212645
66.3072520307241 100.934586829308699
67.27171322029778 100.912478882712861
68.25020282090806 100.888744929477298
69.2429248804921 100.863683953107213
70.25008641493265 100.837247666796827
71.27189745122783 100.809386871365632
72.30857107128878 100.780205724468260
73.36032345637442 100.750230781493343
74.42737393217246 100.718965095068739
75.50994501453623 100.685139223215018
76.60826245588666 100.649181816458110
77.72255529228926 100.611381778729083
78.85305589121582 100.572687355018516
80.00000000000082 100.533499999999975
81.16362679500274 100.493742651777367
82.34417893148023 100.452453724812671
83.541902594194 100.409732031672220
84.75704754874454 100.365807048375629
85.98986719365665 100.318642550352180
87.24061861322157 100.265673326261236
88.50956263110764 100.205493180551301
89.79696386475084 100.137260915168213
91.10309078053635 100.066289477702753
92.42821574978288 99.992030952440757
93.77261510554118 99.919474729375338
95.13656920021877 99.851695794480179
96.52036246404286 99.798737316285155
97.92428346437356 99.774347257714993
99.34862496587989 99.780086384775245
100.79368399159105 99.805696486484464
102.25976188483567 99.839740793159280
103.74716437208203 99.874010642243704
105.25620162669229 99.898434945993998
106.78718833360406 99.903826454443177
108.34044375495276 99.882570533227664
109.9162917966485 99.840438528650793
111.51506107592134 99.788453261419434
113.13708498984903 99.731254522439542
114.78270178488147 99.670648703438701
116.45225462737648 99.607050202250434
118.14609167516147 99.541240612221983
119.86456615013608 99.473493008691179
121.60803641193078 99.404898547533364
123.3768660326369 99.335080957358599
125.17142387262359 99.264085903804187
126.99208415745765 99.190324549544229
128.83922655594208 99.113752484650433
130.71323625928977 99.035044077109831
132.61450406144883 98.953769073326981
134.5434264405962 98.869317523393477
136.50040564181674 98.781731543297340
138.48584976098482 98.690907986114212
140.50017282986593 98.595741444921629
142.5437949024563 98.494582152328405
144.61714214257822 98.389930036264161
146.7206469127495 98.279993972389377
148.8547478643456 98.161237472586564
151.01989002907314 98.028799192098617
153.216524911774 97.879980291405204
155.4451105845792 97.716938661922725
157.70611178243232 97.546129392752704
160.00000000000236 97.369499999999817
162.3272535900062 97.187974219979509
164.6883578629612 97.000306714108291
167.08380518838874 96.806711779740510
169.51409509748981 96.613080849259305
171.97973438731407 96.433938858500696
174.4812372264439 96.286446962764430
177.01912526221608 96.180773240035791
179.5939277295025 96.120202659864049
182.20618156107355 96.131855634049657
184.85643149956664 96.265046305075998
187.54523021108326 96.517138151979054
190.27313840043846 96.828667352692435
193.04072492808663 97.163023195953301
195.84856692874806 97.523038255066496
198.69724993176072 97.904431490855927
201.58736798318304 98.263663808710291
204.5195237696723 98.556146504575707
207.49432874416505 98.763686190510469
210.5124032533856 98.898421710615111
213.57437666720915 98.976157997509361
216.68088750990657 98.979813779673890
219.83258359329807 98.950969391998854
223.03012215184378 98.881837312659428
226.2741699796992 98.796065183908524
229.5654035697641 98.694689787552434
232.90450925475412 98.583698939965728
236.2921833503241 98.465444876469547
239.72913230027333 98.341285095652637
243.21607282386276 98.213586332826026
246.75373206527502 98.084019563109294
250.34284774524843 97.951900345362120
253.9841683149166 97.818081814426819
257.67845311188546 97.683236461416186
261.42647251858085 97.548146989331087
265.22900812289896 97.412427463667811
269.08685288119375 97.276474624638411
273.0008112836349 97.140597112125050
276.97169952197106 97.004705141133471
281.00034565973334 96.869488593228795
285.0875898049141 96.734740921145203
289.23428428515797 96.604120045017524
293.44129382550057 96.478825961530276
297.7094957286928 96.361740262335374
302.0397800581479 96.253820141140793
306.4330498235497 96.157311462009375
310.89022116916016 96.074017186016675
315.41222356486645 96.006182316013223
320.00000000000654 95.946999999999917
324.6545071800142 95.891611364557832
329.3767157259242 95.834541739716315
334.16761037677935 95.770320498875805
339.02819019498156 95.695354594919280
343.95946877463007 95.610313349566511
348.9624744528898 95.516712985395088
354.03825052443415 95.414619689301546
359.187855459007 95.304542322085453
364.4123631221491 95.183750702941722
369.71286299913527 95.053120997621448
375.0904604221685 94.914141567564883
380.54627680087896 94.771900640548509
386.08144985617537 94.629514883681907
391.6971338574982 94.492975216553958
397.3944998635236 94.358426503138958
403.1747359663683 94.227597563417774
409.0390475393468 94.098907223942433
414.9886574883323 93.973483466698497
421.0248065067734 93.856621367662825
427.1487533344206 93.751910574427939
433.3617750198154 93.666142772687138
439.6651671865984 93.604201615185275
446.06024430368984 93.565475893038325
452.54833995940066 93.553254833995936
459.13080713953053 93.564417133154478
465.8090185095106 93.587870910456289
472.58436670065066 93.620249288267587
479.45826460054917 93.655109770474212
486.432145647728 93.688831084544319
493.50746413055253 93.714276124456944
500.6856954904994 93.726157152254757
507.9683366298358 93.722515831685087
515.3569062237735 93.704750828216788
522.8529450371643 93.677715056397574
530.4580162458005 93.643853048847816
538.1737057623901 93.607892029831632
546.0016225672724 93.582354477210913
553.9433990439449 93.572985849760983
562.0006913194694 93.578801486336857
570.1751796098309 93.596595610673432
578.4685685703187 93.624793133139079
586.8825876510039 93.654777315543612
595.4189914573883 93.683340772663655
604.0795601162986 93.710748625363436
612.8660996471021 93.738641034579970
621.780442338323 93.771168817423643
630.8244471297356 93.816611572204366
640.0000000000159 93.873500000000121
649.3090143600314 93.941921255546220
658.7534314518515 94.024467868348893
668.3352207535618 94.117185163384903
678.0563803899662 94.212049708802169
687.9189375492632 94.302666384820824
697.9249489057827 94.386088333582137
708.0765010488715 94.460343157446985
718.3757109180171 94.524673051054009
728.8247262443015 94.582153521719235
739.425725998274 94.633743484791722
750.1809208443404 94.681208606640340
761.0925536017613 94.723945834940224
772.1628997123541 94.764242791267748
783.3942677149998 94.805494219255380
794.7889997270506 94.849373123919577
806.34947193274 94.897249817044681
818.0780950786972 94.948383882078843
829.9773149766683 95.001206482203600
842.0496130135506 95.054885790809848
854.2975066688449 95.107906277786853
866.7235500396347 95.159075875160056
879.3303343732008 95.209388304055494
892.1204886073838 95.259269905568800
905.0966799188055 95.310174358011949
918.2616142790653 95.363028119753110
931.6180370190256 95.418499387388181
945.1687334013056 95.477161905855766
958.9165292011028 95.539367425505048
972.8642912954606 95.605732169689716
987.0149282611097 95.676074641305547
1001.3713909810035 95.749768372199313
1015.9366732596762 95.827089258044239
1030.7138124475518 95.907553434970026
1045.7058900743334 95.993075413251532
1060.916032491606 96.083179401447950
1076.3474115247852 96.179123433758633
1092.0032451345498 96.279583694785032
1107.8867980878947 96.383398958863310
1124.0013826389438 96.489120136670877
1140.350359219667 96.595483540025384
1156.9371371406426 96.700357107129008
1173.765175302013 96.805422022181205
1190.837982914782 96.910070011230488
1208.1591202326028 97.015763167143135
1225.73219929421 97.122620233894111
1243.5608846766518 97.226731237496040
1261.648894259477 97.312031727692329
1280.0000000000375 97.390500000000188
1298.6180287200684 97.479866537856338
1317.5068629037087 97.568026079034098
1336.6704415071292 97.613758210278007
1356.112760779938 97.643155046072408
1375.8378750985323 97.723729906718034
1395.8498978115715 97.845335593439358
1416.153002097749 97.905921304405268
1436.7514218360407 97.948165272580269
1457.6494524886093 98.018060846334379
1478.8514519965543 98.146115599574841
1500.3618416886875 98.302953286649313
1522.1851072035295 98.450915026839937
1544.3257994247153 98.589433440444736
1566.788535430007 98.720866193368238
1589.5779994541087 98.847887437008509
1612.6989438654878 98.971796444732462
1636.156190157402 99.094065941212193
1659.9546299533442 99.216666797960187
1684.099226027109 99.341133990820424
1708.5950133376978 99.467850268822531
1733.4471000792773 99.596255978410653
1758.6606687464096 99.726515837356544
1784.2409772147755 99.858553081516845
1810.193359837619 99.993913205549120
1836.5232285581387 100.133034040500462
1863.2360740380593 100.276210078324752
1890.3374668026197 100.422322320734139
1917.833058402214 100.571868498876086
1945.7285825909298 100.724592632598302
1974.0298565222283 100.880644808002700
2002.7427819620161 101.035488188006269
2031.8733465193618 101.183741842828852
2061.4276248951132 101.330042618195847
2091.411780148677 101.488458905118847
2121.832064983222 101.648614523291528
2152.694823049581 101.797396186028067
2184.0064902691106 101.941429855237899
2215.7735961758003 102.086769862599894
2248.002765277899 102.231545270116271
2280.7007184393456 102.369837909679347
2313.874274281297 102.503497097125177
2347.530350604038 102.635199677315484
2381.6759658295764 102.759949678694994
2416.318240465218 102.880210046907308
2451.4643985884327 102.993307940606499
2487.1217693533167 103.099797042656959
2523.2977885189675 103.197365472505808
2560.0000000000887 103.290000000000219
2597.236057440151 103.376703875650321
2635.0137258074315 103.454525621507202
2673.340883014273 103.517511324521408
2712.225521559891 103.569911476590534
2751.6757501970797 103.609987909564680
2791.699795623158 103.638604867155053
2832.3060041955137 103.654337921342574
2873.502843672097 103.659529943126557
2915.2989049772345 103.653798372307733
2957.7029039931244 103.637378257604126
3000.723683377391 103.611448191424742
3044.370214407075 103.577421133220071
3088.6515988494466 103.533682676222469
3133.57707086003 103.483002228353712
3179.1559989082334 103.427055001364707
3225.3978877309914 103.367474788195096
3272.3123803148205 103.305324534181295
3319.9092599067053 103.241423406526877
3368.198452054235 103.175568120685696
3417.190026675413 103.108965364254942
3466.8942001585724 103.043375423797016
3517.3213374928373 102.980387608383523
3568.4819544295697 102.921354669671757
3620.386719675257 102.866817147521488
3673.0464571162966 102.816988653166504
3726.472148076138 102.772616445981370
3780.6749336052594 102.736314146505450
3835.6661168044484 102.706420230942143
3891.45716518188 102.687842674246014
3948.059713044477 102.676875930597646
4005.4855639240527 102.680371390981009
4063.746693038744 102.695904568961367
4122.855249790247 102.726736612335685
4182.823560297375 102.774464738312247
4243.664129966465 102.838347336464778
4305.389646099183 102.920237602618045
4368.012980538242 103.024155183906032
4431.5471923516225 103.147517025085676
4496.00553055582 103.290012443750598
4561.401436878714 103.459994095104335
4627.748548562617 103.652053640352463
4695.060701208099 103.874895795037560
4763.351931659176 104.123572533470792
4832.63648093046 104.398836868000984
4902.928797176889 104.715911786590226
4974.243538706657 105.064359144823499
5046.595577037959 105.447072227787416
5120.000000000202 105.869071428572653
5194.472114880326 106.341110010429560
5270.027451614888 106.861193533884972
5346.6817660285715 107.419112112762136
5424.451043119808 108.013853151236219
5503.351500394186 108.637644428133768
5583.399591246343 109.274819245299000
5664.612008391055 109.916142626121513
5747.005687344222 110.577861323418688
5830.597809954497 111.245103136649632
5915.405807986278 111.877943113032302
6001.447366754812 112.425727787731844
6088.740428814181 112.850027428440541
6177.303197698925 113.134762057778346
6267.154141720092 113.261713185818309
6358.3119978165005 113.251553721233677
6450.795775462017 113.177204224537988
6544.624760629676 113.074227163441236
6639.818519813445 112.937021219930202
6736.396904108505 112.743875368221751
6834.380053350861 112.502424260220749
6933.788400317181 112.242650159175327
7034.642674985712 111.981987965411506
7136.963908859177 111.718339378333255
7240.773439350552 111.433626088309381
7346.092914232631 111.106241060176501
7452.944296152315 110.726605839063495
7561.349867210557 110.252998139602482
7671.332233608935 109.626376603152409
7782.914330363799 108.827456774498657
7896.119426088994 107.894455034620989
8010.971127848146 106.968667765469093
8127.49338607753 106.186841372435964
8245.710499580537 105.584843455982195
8365.647120594791 104.891357107314860
8487.328259932974 104.002143648336585
8610.77929219841 103.038305717010815
8736.025961076528 102.101606589979866
8863.094384703289 101.224005376369291
8992.011061111683 100.411830314996394
9122.802873757471 99.672259245255304
9255.497097125279 99.001220777573749
9390.121402416245 98.399640907865219
9526.7038633184 97.869037873260041
9665.272961860968 97.413141269615693
9805.857594353829 97.028723078339922
9948.487077413367 96.715806287511612
10093.19115407597 96.482426012491104
10240.000000000457 96.323599999999601
10388.944229760706 96.247540336815803
10540.05490322983 96.269144559275617
10693.363532057198 96.381996261416049
10848.902086239672 96.594094969879478
11006.703000788428 96.911080389244404
11166.799182492743 97.331470541845519
11329.224016782166 97.874553458318019
11494.0113746885 98.509895783121209
11661.195619909053 99.229705641380207
11830.811615972614 99.922363394862430
12002.894733509682 100.496856264178490
12177.48085762842 100.865819158900280
12354.606395397908 100.804659389504621
12534.308283440243 100.433663037566333
12716.62399563306 99.726690739520222
12901.591550924093 98.875503795147523
13089.249521259411 97.991634754868159
13279.637039626952 97.175322804662343
13472.793808217073 96.472925612472423
13668.760106701786 95.897584032445280
13867.576800634426 95.425575066658183
14069.285349971487 94.992725803312879
14273.927817718419 94.541489161930883
14481.54687870117 93.934820691928962
14692.18582846533 93.051447822628290
14905.888592304698 91.906764148617214
15122.699734421185 90.605261646588644
15342.664467217943 89.276322142922709
15565.828660727671 87.998074023319262
15792.238852178061 86.801760993025425
16021.942255696367 85.830110660875448
16254.986772155136 85.109569604167518
16491.42099916115 84.401685528511507
16731.294241189662 83.592375110849417
16974.65651986603 82.786734858362649
17221.558584396902 82.149103539007740
17472.051922153143 81.755136505189341
17726.188769406665 81.580143870972449
17984.022122223458 81.473795283843970
18245.605747515034 81.176702794942202
18510.99419425065 80.366234616699856
18780.242804832582 78.756577004547637
19053.40772663689 76.169911984067426
19330.545923722028 72.694830723244650
19611.71518870775 69.475583996935228
19896.974154826825 67.774588987013260
20186.382308152035 67.379999999999995
