20 98.876999999999995
20.290906698750476 98.901727151817624
20.586044732869844 98.925383582350975
20.885475648548283 98.948386466388698
21.189261887185914 98.970712467685416
21.49746679841394 98.992079025340502
21.810154653305165 99.013134725157954
22.12739065777668 99.032484201144371
22.449240966187475 99.051290312116265
22.77577269513385 99.069414883964868
23.107053937445478 99.086352714714650
23.44315377638505 99.102680533962854
23.784142300054445 99.118286403502452
24.130090616010463 99.133420460401965
24.481070866093134 99.147969177130449
24.837156241469714 99.162486227946218
25.1984209978975 99.176440787421171
25.56494047120865 99.189979107029089
25.936791093020236 99.203287699317201
26.3140504066728 99.216491742539361
26.69679708340074 99.229641901564776
27.08511093873791 99.242361826853937
27.47907294916184 99.254372179405294
27.878765268980047 99.266362958069408
28.284271247461966 99.277675323681478
28.695675446220072 99.288587561601730
29.11306365684382 99.299326591421092
29.536522918790062 99.309840027132168
29.966141537533712 99.319721255363277
30.402009102982383 99.329040181925706
30.844216508158908 99.337704047538097
31.29285596815558 99.345633909482530
31.74802103936409 99.353216357669197
32.20980663898519 99.360227486306798
32.67830906482211 99.366496326907509
33.153626015361866 99.372536260153623
33.63585661014871 99.377358566101492
34.125101410453844 99.382125912694079
34.62146244024586 99.386471699521962
35.12504320746613 99.390250259244795
35.635948725613716 99.393587589804923
36.15428553564419 99.397271427678220
36.68016172818701 99.399900808640922
37.21368696608603 99.402354747864337
37.754972507267915 99.404410614796518
38.30413122794313 99.406312390683837
38.86127764614443 99.407701596059667
39.4265279456077 99.408408159817213
40.000000000000206 99.408500000000004
40.58181339750116 99.408015153885941
41.1720894657399 99.407046518991166
41.77095129709678 99.404621032498866
42.37852377437204 99.402020611651821
42.9949335968281 99.399025323766935
43.62030930661056 99.395031275299544
44.25478131555359 99.390141018033489
44.89848193237519 99.384845986716840
45.55154539026795 99.378447728750388
46.21410787489121 99.371335419244332
46.88630755277036 99.363390320192508
47.56828460010916 99.354573281750973
48.260181232021196 99.345037116287671
48.962141732186545 99.333693408409204
49.674312482939705 99.321470957715960
50.39684199579528 99.308307229835250
51.129880942417586 99.294166740954580
51.873582186040764 99.278761522915545
52.628100813345895 99.262367742159398
53.393594166801776 99.245390116838848
54.17022187747612 99.228037774889430
54.95814589832399 99.210028108712436
55.75753053796041 99.192652482508947
56.56854249492426 99.175560607606599
57.39135089244048 99.159455683936073
58.226127313687975 99.144768899324148
59.073045837580466 99.130977358273867
59.932283075067765 99.118948036949050
60.804018205965114 99.108956937140462
61.68843301631817 99.099615672528699
62.58571193631152 99.091366094725089
63.49604207872855 99.083783642330815
64.41961327797075 99.076352900415216
65.35661812964459 99.068790436833197
66.3072520307241 99.060234731723483
67.27171322029778 99.051282867797028
68.25020282090806 99.041623073201379
69.2429248804921 99.032070751195079
70.25008641493265 99.022249222265600
71.27189745122783 99.013324820390181
72.30857107128878 99.005494288036630
73.36032345637442 98.999198382718134
74.42737393217246 98.994504191237397
75.50994501453623 98.990587701414739
76.60826245588666 98.986586776683211
77.72255529228926 98.982130432131072
78.85305589121582 98.975013680614722
80.00000000000082 98.964499999999987
81.16362679500274 98.949469782989013
82.34417893148023 98.930077034801599
83.541902594194 98.907463457888284
84.75704754874454 98.880567674260448
85.98986719365665 98.849840812596597
87.24061861322157 98.816083090754887
88.50956263110764 98.779206745979366
89.79696386475084 98.739726441480968
91.10309078053635 98.697189837698602
92.42821574978288 98.651484833696372
93.77261510554118 98.602011243000220
95.13656920021877 98.548980314358602
96.52036246404286 98.492692542203116
97.92428346437356 98.433723216019558
99.34862496587989 98.371311949815279
100.79368399159105 98.305490536386813
102.25976188483567 98.236784683489503
103.74716437208203 98.165209210914284
105.25620162669229 98.090689965152848
106.78718833360406 98.013090998874986
108.34044375495276 97.932516776824144
109.9162917966485 97.849608278999852
111.51506107592134 97.764152026045622
113.13708498984903 97.676407999036513
114.78270178488147 97.586451431710103
116.45225462737648 97.494295828255105
118.14609167516147 97.400324478812678
119.86456615013608 97.304155929410413
121.60803641193078 97.206117913729742
123.3768660326369 97.105321866060621
125.17142387262359 97.001443132806088
126.99208415745765 96.894138978605028
128.83922655594208 96.782327622055561
130.71323625928977 96.666942167463731
132.61450406144883 96.546864488036547
134.5434264405962 96.420818715259756
136.50040564181674 96.287471605072824
138.48584976098482 96.147032967448098
140.50017282986593 95.998153416376937
142.5437949024563 95.841475724145013
144.61714214257822 95.677937199665024
146.7206469127495 95.506062823771998
148.8547478643456 95.327117381103491
151.01989002907314 95.141881501488086
153.216524911774 94.953095382499214
155.4451105845792 94.769452037910298
157.70611178243232 94.612307414503519
160.00000000000236 94.509999999999991
162.3272535900062 94.493243774151964
164.6883578629612 94.574282255647347
167.08380518838874 94.763540202050720
169.51409509748981 95.070902838161132
171.97973438731407 95.494040030348913
174.4812372264439 96.012777261349569
177.01912526221608 96.575476408631516
179.5939277295025 97.119793324374228
182.20618156107355 97.605142571490944
184.85643149956664 98.013378583834736
187.54523021108326 98.339025488786405
190.27313840043846 98.573178144185164
193.04072492808663 98.715383283087107
195.84856692874806 98.766312006299756
198.69724993176072 98.736942151542195
201.58736798318304 98.648502823291693
204.5195237696723 98.527368176403129
207.49432874416505 98.386281672373144
210.5124032533856 98.233611232450642
213.57437666720915 98.076706789972334
216.68088750990657 97.921625846382142
219.83258359329807 97.769410425216662
223.03012215184378 97.623250676822124
226.2741699796992 97.480073605883092
229.5654035697641 97.341180617331531
232.90450925475412 97.205851460058255
236.2921833503241 97.074579647281638
239.72913230027333 96.946123680277282
243.21607282386276 96.820545487576737
246.75373206527502 96.698496243747996
250.34284774524843 96.578943160215744
253.9841683149166 96.461510571843945
257.67845311188546 96.347427760170547
261.42647251858085 96.235562442572217
265.22900812289896 96.125116398574193
269.08685288119375 96.017640496727566
273.0008112836349 95.912228703804587
276.97169952197106 95.808843124629988
281.00034565973334 95.707591565902504
285.0875898049141 95.607941639584510
289.23428428515797 95.510494319298786
293.44129382550057 95.414382630161128
297.7094957286928 95.319391093968761
302.0397800581479 95.224889756242547
306.4330498235497 95.130189428793685
310.89022116916016 95.035332800155345
315.41222356486645 94.940590639276721
320.00000000000654 94.846999999999866
324.6545071800142 94.754840757835723
329.3767157259242 94.665280072780035
334.16761037677935 94.577649491142608
339.02819019498156 94.492006671587831
343.95946877463007 94.407689030831278
348.9624744528898 94.324222924082022
354.03825052443415 94.240772691399286
359.187855459007 94.156737956018191
364.4123631221491 94.072902190045610
369.71286299913527 93.989508050913571
375.0904604221685 93.909272322841986
380.54627680087896 93.835229100559502
386.08144985617537 93.768971471639617
391.6971338574982 93.719161503943454
397.3944998635236 93.680485300627794
403.1747359663683 93.663737896050435
409.0390475393468 93.665071587155467
414.9886574883323 93.685692342232358
421.0248065067734 93.725198452054187
427.1487533344206 93.779203784455689
433.3617750198154 93.847144485652791
439.6651671865984 93.924576066171511
446.06024430368984 94.006783175947973
452.54833995940066 94.091383253468138
459.13080713953053 94.176905435161075
465.8090185095106 94.261612731368885
472.58436670065066 94.345322219465132
479.45826460054917 94.427225385320710
486.432145647728 94.507083245819331
493.50746413055253 94.584617286569625
500.6856954904994 94.658971251191588
507.9683366298358 94.727701176944080
515.3569062237735 94.789176796678305
522.8529450371643 94.844384215547095
530.4580162458005 94.892076341382619
538.1737057623901 94.935368528811949
546.0016225672724 94.974150390490905
553.9433990439449 95.010988220578241
562.0006913194694 95.049003456597347
570.1751796098309 95.090007282756517
578.4685685703187 95.137694269279336
586.8825876510039 95.191236819731529
595.4189914573883 95.251329587211814
604.0795601162986 95.318401398452195
612.8660996471021 95.393252161185245
621.780442338323 95.475445567594306
630.8244471297356 95.563744471297355
640.0000000000159 95.655500000000160
649.3090143600314 95.750451946472310
658.7534314518515 95.845034314518514
668.3352207535618 95.937934880271868
678.0563803899662 96.026507423509685
687.9189375492632 96.109727181658883
697.9249489057827 96.187229611683961
708.0765010488715 96.258727857237204
718.3757109180171 96.324348193237597
728.8247262443015 96.386124648529162
739.425725998274 96.442956347790840
750.1809208443404 96.496836758905076
761.0925536017613 96.547303060408140
772.1628997123541 96.595278644914757
783.3942677149998 96.641399927310573
794.7889997270506 96.686590248930941
806.34947193274 96.731604203739366
818.0780950786972 96.777578607427159
829.9773149766683 96.825675000672305
842.0496130135506 96.877054524685406
854.2975066688449 96.932555031121268
866.7235500396347 96.992117750198176
879.3303343732008 97.056234255459316
892.1204886073838 97.125162687340605
905.0966799188055 97.197593547869843
918.2616142790653 97.273606360400692
931.6180370190256 97.353217301884854
945.1687334013056 97.436505886533098
958.9165292011028 97.524085917757120
972.8642912954606 97.617125037565600
987.0149282611097 97.714680272576913
1001.3713909810035 97.817102580226731
1015.9366732596762 97.924525049447567
1030.7138124475518 98.035379086658338
1045.7058900743334 98.148134248363021
1060.916032491606 98.260564899523189
1076.3474115247852 98.370617484651035
1092.0032451345498 98.475895890553659
1107.8867980878947 98.577725102403349
1124.0013826389438 98.677119445351408
1140.350359219667 98.775210428781392
1156.9371371406426 98.869811916481268
1173.765175302013 98.962046523422799
1190.837982914782 99.045688841593574
1208.1591202326028 99.126944926677936
1225.73219929421 99.197018064078776
1243.5608846766518 99.261536282255506
1261.648894259477 99.317946682778427
1280.0000000000375 99.363500000000045
1298.6180287200684 99.387437465497229
1317.5068629037087 99.411508235484447
1336.6704415071292 99.438255379147648
1356.112760779938 99.480059349793862
1375.8378750985323 99.535721731540661
1395.8498978115715 99.601097157668761
1416.153002097749 99.676381407971448
1436.7514218360407 99.759212612716283
1457.6494524886093 99.854758404796002
1478.8514519965543 99.952867982225811
1500.3618416886875 100.041165130237573
1522.1851072035295 100.111436045195362
1544.3257994247153 100.168814498561801
1566.788535430007 100.215569758734205
1589.5779994541087 100.253658559170248
1612.6989438654878 100.283214859374738
1636.156190157402 100.304309333110183
1659.9546299533442 100.317583666783207
1684.099226027109 100.323545953561620
1708.5950133376978 100.322437196798958
1733.4471000792773 100.314107507958767
1758.6606687464096 100.298571465002880
1784.2409772147755 100.275704564152335
1810.193359837619 100.245748632211104
1836.5232285581387 100.208984692591628
1863.2360740380593 100.165469231173773
1890.3374668026197 100.115552063738960
1917.833058402214 100.059193916187297
1945.7285825909298 99.997153403344498
1974.0298565222283 99.927905955824883
2002.7427819620161 99.851911636571742
2031.8733465193618 99.771036072651867
2061.4276248951132 99.684693331566407
2091.411780148677 99.594052892531664
2121.832064983222 99.498091590429112
2152.694823049581 99.397448398648265
2184.0064902691106 99.293578257598483
2215.7735961758003 99.185186753289088
2248.002765277899 99.072590183263458
2280.7007184393456 98.955620723003705
2313.874274281297 98.834627660968579
2347.530350604038 98.710345530254983
2381.6759658295764 98.582444178566220
2416.318240465218 98.451762656906595
2451.4643985884327 98.318971895328673
2487.1217693533167 98.185364090570175
2523.2977885189675 98.052463071905777
2560.0000000000887 97.919749999999681
2597.236057440151 97.787458348241472
2635.0137258074315 97.655702645964354
2673.340883014273 97.526099802939854
2712.225521559891 97.398267054930358
2751.6757501970797 97.273617333756661
2791.699795623158 97.152004365685229
2832.3060041955137 97.035897068168651
2873.502843672097 96.925127634889265
2915.2989049772345 96.820700562353267
2957.7029039931244 96.723246872574506
3000.723683377391 96.632597863456311
3044.370214407075 96.548487940253693
3088.6515988494466 96.469092846999075
3133.57707086003 96.393687259852456
3179.1559989082334 96.321516641703155
3225.3978877309914 96.251411126158132
3272.3123803148205 96.183985791362403
3319.9092599067053 96.119617962121282
3368.198452054235 96.058843842055467
3417.190026675413 96.003466172791079
3466.8942001585724 95.955133103860447
3517.3213374928373 95.913355423630236
3568.4819544295697 95.879334925063745
3620.386719675257 95.854456913720156
3673.0464571162966 95.839351637719062
3726.472148076138 95.835029442961513
3780.6749336052594 95.843387840069923
3835.6661168044484 95.861959703074405
3891.45716518188 95.898470375839821
3948.059713044477 95.945875009674751
4005.4855639240527 96.012908354657185
4063.746693038744 96.097994267933828
4122.855249790247 96.201353262070000
4182.823560297375 96.325195871562343
4243.664129966465 96.469474936777601
4305.389646099183 96.634513624851948
4368.012980538242 96.822005824623702
4431.5471923516225 97.035062339982957
4496.00553055582 97.271653888565794
4561.401436878714 97.535514811587547
4627.748548562617 97.826224464530242
4695.060701208099 98.146341388226503
4763.351931659176 98.495577285661668
4832.63648093046 98.876286130159443
4902.928797176889 99.291895251390770
4974.243538706657 99.736658647722606
5046.595577037959 100.209322030807016
5120.000000000202 100.695142857144191
5194.472114880326 101.177668561343793
5270.027451614888 101.630659219366350
5346.6817660285715 102.029447760050175
5424.451043119808 102.351928799936445
5503.351500394186 102.571138190217681
5583.399591246343 102.667559632121709
5664.612008391055 102.623380012322187
5747.005687344222 102.454683506701755
5830.597809954497 102.154589479367729
5915.405807986278 101.722978480408642
6001.447366754812 101.165382414114589
6088.740428814181 100.488830124498435
6177.303197698925 99.739632317063581
6267.154141720092 98.972431642622468
6358.3119978165005 98.272154895852196
6450.795775462017 97.725426298905006
6544.624760629676 97.419162249614544
6639.818519813445 97.391829594522036
6736.396904108505 97.610527025064641
6834.380053350861 97.990366439545369
6933.788400317181 98.440426641459027
7034.642674985712 98.889633168065345
7136.963908859177 99.290764763741350
7240.773439350552 99.616122543901696
7346.092914232631 99.847514237626172
7452.944296152315 99.970354906575949
7561.349867210557 99.963445704120375
7671.332233608935 99.823663784437144
7782.914330363799 99.549825340979851
7896.119426088994 99.142589447019702
8010.971127848146 98.611170170274022
8127.49338607753 97.990026990132435
8245.710499580537 97.335740735013871
8365.647120594791 96.774240889234221
8487.328259932974 96.464669811901643
8610.77929219841 96.559703542954892
8736.025961076528 97.074712930682892
8863.094384703289 97.832744444418410
8992.011061111683 98.671992007837048
9122.802873757471 99.453938906801582
9255.497097125279 100.107727251976058
9390.121402416245 100.617430341906427
9526.7038633184 100.984462662248163
9665.272961860968 101.222434540022050
9805.857594353829 101.344917222248341
9948.487077413367 101.364014761452665
10093.19115407597 101.297842758833411
10240.000000000457 101.190099999999632
10388.944229760706 101.079556697130940
10540.05490322983 101.010231470159937
10693.363532057198 101.012407247693730
10848.902086239672 101.120286655548483
11006.703000788428 101.358397826399454
11166.799182492743 101.719997956231865
11329.224016782166 102.188877272335631
11494.0113746885 102.685859455827256
11661.195619909053 103.106989049772636
11830.811615972614 103.412975600104431
12002.894733509682 103.530124491658512
12177.48085762842 103.504805102795899
12354.606395397908 103.243289215037180
12534.308283440243 102.808152362916786
12716.62399563306 102.122577779330982
12901.591550924093 101.150771841446058
13089.249521259411 100.037423911728098
13279.637039626952 98.810830019697562
13472.793808217073 97.549310760561127
13668.760106701786 96.380320221676328
13867.576800634426 95.371493135206947
14069.285349971487 94.572676134838815
14273.927817718419 93.935214847807117
14481.54687870117 93.516322805615829
14692.18582846533 93.327482593913885
14905.888592304698 93.301265516999607
15122.699734421185 93.392273229498400
15342.664467217943 93.543127692544587
15565.828660727671 93.701577084294058
15792.238852178061 93.831959419897174
16021.942255696367 93.906902887215182
16254.986772155136 93.892328412909336
16491.42099916115 93.741956244533512
16731.294241189662 93.420552066534924
16974.65651986603 92.919626803963482
17221.558584396902 92.263803767609218
17472.051922153143 91.501247768235402
17726.188769406665 90.674005591423764
17984.022122223458 89.800792828684692
18245.605747515034 88.893756844627802
18510.99419425065 87.954723005201146
18780.242804832582 86.977194337974467
19053.40772663689 85.949957574289044
19330.545923722028 84.851895508401029
19611.71518870775 83.639131878737828
19896.974154826825 82.257843913763878
20186.382308152035 81.731999999999999
