20 100.729500000000002
20.290906698750476 100.723000007222765
20.586044732869844 100.715999982805243
20.885475648548283 100.709499982859199
21.189261887185914 100.702000002590182
21.49746679841394 100.693500005865403
21.810154653305165 100.685499979331937
22.12739065777668 100.676499979488710
22.449240966187475 100.667000028804665
22.77577269513385 100.656999978940831
23.107053937445478 100.646500002069601
23.44315377638505 100.634999972578811
23.784142300054445 100.622499988683686
24.130090616010463 100.609500014377488
24.481070866093134 100.595000005702246
24.837156241469714 100.580499989937650
25.1984209978975 100.565500000086985
25.56494047120865 100.550000021563250
25.936791093020236 100.533499950568654
26.3140504066728 100.516500026640330
26.69679708340074 100.498999949598058
27.08511093873791 100.481000049016771
27.47907294916184 100.462500002314442
27.878765268980047 100.443499986685538
28.284271247461966 100.423999988530028
28.695675446220072 100.404999977468080
29.11306365684382 100.385000015564643
29.536522918790062 100.364500050881418
29.966141537533712 100.342999974008038
30.402009102982383 100.321500045113154
30.844216508158908 100.299500024381160
31.29285596815558 100.277000001626675
31.74802103936409 100.254999950304466
32.20980663898519 100.232500067543583
32.67830906482211 100.210000043755855
33.153626015361866 100.186999951397070
33.63585661014871 100.164000018527062
34.125101410453844 100.141000074457565
34.62146244024586 100.117000075145640
35.12504320746613 100.092499935957790
35.635948725613716 100.065499960660986
36.15428553564419 100.036999971376702
36.68016172818701 100.007499960275723
37.21368696608603 99.978000057927318
37.754972507267915 99.949000079686840
38.30413122794313 99.920499988913591
38.86127764614443 99.893000067794475
39.4265279456077 99.866000052041954
40.000000000000206 99.838499999999982
40.58181339750116 99.811000028891087
41.1720894657399 99.782499978145353
41.77095129709678 99.754499940007349
42.37852377437204 99.726500056280116
42.9949335968281 99.698000018899620
43.62030930661056 99.668499931795154
44.25478131555359 99.634499926159322
44.89848193237519 99.597000064451535
45.55154539026795 99.556999913657364
46.21410787489121 99.516500007525821
46.88630755277036 99.479499973155427
47.56828460010916 99.447499935011521
48.260181232021196 99.418999990711526
48.962141732186545 99.390000053987933
49.674312482939705 99.360000021702547
50.39684199579528 99.326500045699547
51.129880942417586 99.291500100685298
51.873582186040764 99.255499941628756
52.628100813345895 99.217000009859703
53.393594166801776 99.175499935163103
54.17022187747612 99.131000066248191
54.95814589832399 99.086499952630874
55.75753053796041 99.046499976699693
56.56854249492426 99.013999983096852
57.39135089244048 98.985999969957419
58.226127313687975 98.956500025394931
59.073045837580466 98.921000094130619
59.932283075067765 98.880999902050931
60.804018205965114 98.839500086124900
61.68843301631817 98.798500091628938
62.58571193631152 98.758000002828965
63.49604207872855 98.716499909644256
64.41961327797075 98.676500160620606
65.35661812964459 98.636000125143113
66.3072520307241 98.596499958169716
67.27171322029778 98.556999991187723
68.25020282090806 98.518500123016594
69.2429248804921 98.479500122111645
70.25008641493265 98.439499905122631
71.27189745122783 98.398499939586614
72.30857107128878 98.354999997142897
73.36032345637442 98.312499900654728
74.42737393217246 98.268500086890967
75.50994501453623 98.225000161401141
76.60826245588666 98.181999944926076
77.72255529228926 98.140500062608538
78.85305589121582 98.098000079921690
80.00000000000082 98.052499999999966
81.16362679500274 98.004000050559384
82.34417893148023 97.956999922313912
83.541902594194 97.909999938116044
84.75704754874454 97.863000094470010
85.98986719365665 97.818500028675217
87.24061861322157 97.774499909060339
88.50956263110764 97.731499911801393
89.79696386475084 97.689000101915610
91.10309078053635 97.648499917869202
92.42821574978288 97.608999978730424
93.77261510554118 97.571499970714967
95.13656920021877 97.535499921085403
96.52036246404286 97.499500014664790
97.92428346437356 97.460000073783519
99.34862496587989 97.416000001074096
100.79368399159105 97.368000067856883
102.25976188483567 97.319000137043872
103.74716437208203 97.269499922697520
105.25620162669229 97.220500044432399
106.78718833360406 97.173999932147410
108.34044375495276 97.130500060487464
109.9162917966485 97.090499957142157
111.51506107592134 97.050999970708119
113.13708498984903 97.005000000299304
114.78270178488147 96.953499943133679
116.45225462737648 96.900000012008775
118.14609167516147 96.854000086056359
119.86456615013608 96.812999918398816
121.60803641193078 96.766000100479033
123.3768660326369 96.717000081905695
125.17142387262359 96.669000030046021
126.99208415745765 96.618499915937647
128.83922655594208 96.570500163376551
130.71323625928977 96.531000119038552
132.61450406144883 96.486999943153634
134.5434264405962 96.434500015026202
136.50040564181674 96.384500158626807
138.48584976098482 96.334000139348518
140.50017282986593 96.279999876659289
142.5437949024563 96.229999958559290
144.61714214257822 96.184999996870772
146.7206469127495 96.137999884482227
148.8547478643456 96.089000092683676
151.01989002907314 96.038500163608774
153.216524911774 95.987499926568034
155.4451105845792 95.930000090095120
157.70611178243232 95.869500115235809
160.00000000000236 95.810499999999948
162.3272535900062 95.752000035013481
164.6883578629612 95.695499909366220
167.08380518838874 95.638499894492057
169.51409509748981 95.577000099200518
171.97973438731407 95.515000040405980
174.4812372264439 95.451999861523575
177.01912526221608 95.384999834017918
179.5939277295025 95.318500132572865
182.20618156107355 95.254499889457236
184.85643149956664 95.188999963617803
187.54523021108326 95.125499932661342
190.27313840043846 95.069999879307062
193.04072492808663 95.019500018909838
195.84856692874806 94.976500071983850
198.69724993176072 94.941500000835390
201.58736798318304 94.903000056778239
204.5195237696723 94.857000117935939
207.49432874416505 94.807999921119944
210.5124032533856 94.757000029985193
213.57437666720915 94.704999913947546
216.68088750990657 94.662500066915072
219.83258359329807 94.639499994302241
223.03012215184378 94.636000003919861
226.2741699796992 94.653499999850354
229.5654035697641 94.697500092025507
232.90450925475412 94.771999981764495
236.2921833503241 94.877999745755830
239.72913230027333 95.009500259310357
243.21607282386276 95.155999692411015
246.75373206527502 95.315499727538253
250.34284774524843 95.476999899846732
253.9841683149166 95.624000252377613
257.67845311188546 95.742499587961134
261.42647251858085 95.828499782658554
265.22900812289896 95.883000031104629
269.08685288119375 95.903499999631777
273.0008112836349 95.891500061508339
276.97169952197106 95.858500099910188
281.00034565973334 95.811499867171591
285.0875898049141 95.754999931386834
289.23428428515797 95.695999981911427
293.44129382550057 95.635499854447573
297.7094957286928 95.572500106940225
302.0397800581479 95.507000226915338
306.4330498235497 95.443999918700342
310.89022116916016 95.382500093149218
315.41222356486645 95.322500101574434
320.00000000000654 95.260999999999910
324.6545071800142 95.204500032598730
329.3767157259242 95.150499926733147
334.16761037677935 95.097999922318877
339.02819019498156 95.049500073600370
343.95946877463007 95.012000029881804
348.9624744528898 94.983499956973787
354.03825052443415 94.964999955079548
359.187855459007 94.943000048949969
364.4123631221491 94.902499913638451
369.71286299913527 94.850999970894236
375.0904604221685 94.802999955107566
380.54627680087896 94.766499920831038
386.08144985617537 94.728500008030210
391.6971338574982 94.685000079182231
397.3944998635236 94.647500006757696
403.1747359663683 94.610000054008566
409.0390475393468 94.573500088451908
414.9886574883323 94.540499937220744
421.0248065067734 94.503500028185016
427.1487533344206 94.462999934894583
433.3617750198154 94.424500066915044
439.6651671865984 94.386999965047522
446.06024430368984 94.352499989309450
452.54833995940066 94.322500000187034
459.13080713953053 94.291499965662098
465.8090185095106 94.270500006316951
472.58436670065066 94.258000023131757
479.45826460054917 94.245999989119838
486.432145647728 94.242999999999995
493.50746413055253 94.248999985501044
500.6856954904994 94.260499993179906
507.9683366298358 94.281500062947345
515.3569062237735 94.320499835184478
522.8529450371643 94.366999871824305
530.4580162458005 94.408000041830363
538.1737057623901 94.447499998772599
546.0016225672724 94.486999873746072
553.9433990439449 94.523999900089791
562.0006913194694 94.560000082325445
570.1751796098309 94.591500028131847
578.4685685703187 94.616500004495379
586.8825876510039 94.641000053138200
595.4189914573883 94.662999964353276
604.0795601162986 94.687999910609093
612.8660996471021 94.718000044351925
621.780442338323 94.756499934447561
630.8244471297356 94.804499910828042
640.0000000000159 94.861500000000120
649.3090143600314 94.933499945985616
658.7534314518515 95.025000136670826
668.3352207535618 95.122500162639938
678.0563803899662 95.222999838399232
687.9189375492632 95.326499921715339
697.9249489057827 95.429000220898871
708.0765010488715 95.531500243720686
718.3757109180171 95.636499783804311
728.8247262443015 95.747500218628431
739.425725998274 95.869500071645035
750.1809208443404 95.999000154760864
761.0925536017613 96.129500283255794
772.1628997123541 96.255499963011459
783.3942677149998 96.381999781007266
794.7889997270506 96.510499985529492
806.34947193274 96.640999833773463
818.0780950786972 96.765999682256052
829.9773149766683 96.884000189323842
842.0496130135506 96.997999915445007
854.2975066688449 97.112500208266340
866.7235500396347 97.232499786928457
879.3303343732008 97.356500126217327
892.1204886073838 97.486500056380365
905.0966799188055 97.615999999195736
918.2616142790653 97.750000181772464
931.6180370190256 97.891999946491723
945.1687334013056 98.033499703492993
958.9165292011028 98.174000264750617
972.8642912954606 98.320999707085150
987.0149282611097 98.470999728144477
1001.3713909810035 98.617999919299820
1015.9366732596762 98.769000281411678
1030.7138124475518 98.920499444564712
1045.7058900743334 99.064499592036952
1060.916032491606 99.212000168394070
1076.3474115247852 99.370499995090455
1092.0032451345498 99.525999501458827
1107.8867980878947 99.683499571980434
1124.0013826389438 99.840000352832007
1140.350359219667 99.981500135449636
1156.9371371406426 100.109500022851478
1173.765175302013 100.229000263433946
1190.837982914782 100.345999794568513
1208.1591202326028 100.472999553045582
1225.73219929421 100.613500176209044
1243.5608846766518 100.759999768893209
1261.648894259477 100.904499744723481
1280.0000000000375 101.056000000000324
1298.6180287200684 101.212999889128398
1317.5068629037087 101.363500202892851
1336.6704415071292 101.506000226069574
1356.112760779938 101.643499775429120
1375.8378750985323 101.777499892364375
1395.8498978115715 101.909000275040796
1416.153002097749 102.034000276529298
1436.7514218360407 102.149999761973277
1457.6494524886093 102.261000196765622
1478.8514519965543 102.368000056532452
1500.3618416886875 102.467000108687017
1522.1851072035295 102.558000185727707
1544.3257994247153 102.640999976031452
1566.788535430007 102.713499880238373
1589.5779994541087 102.775999990698011
1612.6989438654878 102.825999938279978
1636.156190157402 102.861499918657557
1659.9546299533442 102.882500019928841
1684.099226027109 102.889999997898670
1708.5950133376978 102.879499958965908
1733.4471000792773 102.852500052827651
1758.6606687464096 102.809999947826540
1784.2409772147755 102.749999970373224
1810.193359837619 102.671499997126517
1836.5232285581387 102.577999863733538
1863.2360740380593 102.473000040131154
1890.3374668026197 102.351000267066581
1917.833058402214 102.210999727995926
1945.7285825909298 102.058500306768906
1974.0298565222283 101.896000295009117
2002.7427819620161 101.725500096283611
2031.8733465193618 101.543999643668599
2061.4276248951132 101.353000709927159
2091.411780148677 101.158000549833304
2121.832064983222 100.958999771245800
2152.694823049581 100.749500006505087
2184.0064902691106 100.533000702489716
2215.7735961758003 100.316500584152408
2248.002765277899 100.094999447635360
2280.7007184393456 99.866999762442077
2313.874274281297 99.641499958230412
2347.530350604038 99.418999489063879
2381.6759658295764 99.194500388494816
2416.318240465218 98.968500767103365
2451.4643985884327 98.745999730093544
2487.1217693533167 98.526500346660086
2523.2977885189675 98.306000384663150
2560.0000000000887 98.089999999999492
2597.236057440151 97.878000149960855
2635.0137258074315 97.663999704114502
2673.340883014273 97.455499668214358
2712.225521559891 97.252500333553741
2751.6757501970797 97.052500154820706
2791.699795623158 96.856499577254425
2832.3060041955137 96.665499564114754
2873.502843672097 96.480500384183429
2915.2989049772345 96.298499679344843
2957.7029039931244 96.123999909348598
3000.723683377391 95.956499811182908
3044.370214407075 95.794999657806997
3088.6515988494466 95.640000042377949
3133.57707086003 95.490500251499370
3179.1559989082334 95.349500021549559
3225.3978877309914 95.219000170304724
3272.3123803148205 95.093000317743872
3319.9092599067053 94.972499805693872
3368.198452054235 94.859500076348127
3417.190026675413 94.755999832195243
3466.8942001585724 94.660000165383110
3517.3213374928373 94.570499921994525
3568.4819544295697 94.491499971953289
3620.386719675257 94.424499999253555
3673.0464571162966 94.370999942044932
3726.472148076138 94.331000013377036
3780.6749336052594 94.303500053031712
3835.6661168044484 94.288999987306468
3891.45716518188 94.285999998038704
3948.059713044477 94.295499976896892
4005.4855639240527 94.317999984973085
4063.746693038744 94.357000098038284
4122.855249790247 94.414999763504909
4182.823560297375 94.493999760329118
4243.664129966465 94.598500133716271
4305.389646099183 94.724499995980409
4368.012980538242 94.869499520882613
4431.5471923516225 95.030999555740294
4496.00553055582 95.211500482388288
4561.401436878714 95.415000232550540
4627.748548562617 95.641500050352249
4695.060701208099 95.898000634555331
4763.351931659176 96.185999484594831
4832.63648093046 96.504998880440567
4902.928797176889 96.856500457216100
4974.243538706657 97.240499381077314
5046.595577037959 97.651499278366060
5120.000000000202 98.077000000001163
5194.472114880326 98.499499702210557
5270.027451614888 98.892500479052813
5346.6817660285715 99.205500345288044
5424.451043119808 99.373499798546788
5503.351500394186 99.326500084801253
5583.399591246343 99.000498775570918
5664.612008391055 98.366498005707570
5747.005687344222 97.457002009432443
5830.597809954497 96.371497952179254
5915.405807986278 95.264999464673593
6001.447366754812 94.338499252840151
6088.740428814181 93.819499794684162
6177.303197698925 93.868999945345934
6267.154141720092 94.460998777401954
6358.3119978165005 95.438999837060919
6450.795775462017 96.621498401248417
6544.624760629676 97.835996942033404
6639.818519813445 98.945501619323153
6736.396904108505 99.855999394433951
6834.380053350861 100.498500720617386
6933.788400317181 100.841999533445687
7034.642674985712 100.905999894407188
7136.963908859177 100.747999886686145
7240.773439350552 100.437499995045130
7346.092914232631 100.035499411010150
7452.944296152315 99.581500172415062
7561.349867210557 99.098001037300236
7671.332233608935 98.606999136203427
7782.914330363799 98.148000874779342
7896.119426088994 97.804500537575251
8010.971127848146 97.702000015340531
8127.49338607753 97.934000880459394
8245.710499580537 98.455997867849220
8365.647120594791 99.129998037392483
8487.328259932974 99.826000714123424
8610.77929219841 100.448499976979619
8736.025961076528 100.928998585556187
8863.094384703289 101.208999398760596
8992.011061111683 101.241999588623131
9122.802873757471 101.011499565553152
9255.497097125279 100.547499877455778
9390.121402416245 99.904998334292003
9526.7038633184 99.151501344232130
9665.272961860968 98.352502752677907
9805.857594353829 97.552999047971468
9948.487077413367 96.777501217869514
10093.19115407597 96.059501207348859
10240.000000000457 95.448499999998432
10388.944229760706 94.971000315557148
10540.05490322983 94.616499609712761
10693.363532057198 94.360499682490115
10848.902086239672 94.184000259247114
11006.703000788428 94.083500063528874
11166.799182492743 94.056500050379015
11329.224016782166 94.096000219713659
11494.0113746885 94.210999716860755
11661.195619909053 94.419000530174344
11830.811615972614 94.738500223399456
12002.894733509682 95.183000637946648
12177.48085762842 95.770001556836121
12354.606395397908 96.522499777333394
12534.308283440243 97.454998317636523
12716.62399563306 98.549499831288557
12901.591550924093 99.689498508725009
13089.249521259411 100.624497854593969
13279.637039626952 101.050999871723192
13472.793808217073 100.799500300585350
13668.760106701786 99.951998087525809
13867.576800634426 98.812002033340889
14069.285349971487 97.709499114351900
14273.927817718419 96.855499757993812
14481.54687870117 96.350999996137972
14692.18582846533 96.228500194313085
14905.888592304698 96.452499888153255
15122.699734421185 96.810499259164658
15342.664467217943 96.844499003171279
15565.828660727671 96.051002049032377
15792.238852178061 94.202503745166410
16021.942255696367 91.536501539572271
16254.986772155136 88.790495484581143
16491.42099916115 86.549507703160288
16731.294241189662 84.534505746423676
16974.65651986603 82.631998147227591
17221.558584396902 81.039000058015517
17472.051922153143 79.929003029105374
17726.188769406665 79.536000635203450
17984.022122223458 79.076996513090776
18245.605747515034 77.151996673783145
18510.99419425065 73.745999219731715
18780.242804832582 70.214999272527422
19053.40772663689 70.667997867982734
19330.545923722028 72.711492650133891
19611.71518870775 74.878002654765595
19896.974154826825 76.922496985812074
20186.382308152035 77.898498974794478
