20 102.327499999999986
20.290906698750476 102.314409154920071
20.586044732869844 102.299697761030643
20.885475648548283 102.283298839329845
21.189261887185914 102.266108547697641
21.49746679841394 102.246786476067314
21.810154653305165 102.226839885835744
22.12739065777668 102.205901130600068
22.449240966187475 102.184217279863248
22.77577269513385 102.162322250240024
23.107053937445478 102.139684623223303
23.44315377638505 102.116479199055703
23.784142300054445 102.092610038996185
24.130090616010463 102.068176808108618
24.481070866093134 102.042872355346475
24.837156241469714 102.016941915431943
25.1984209978975 101.990366451405066
25.56494047120865 101.963129433732945
25.936791093020236 101.935069655058925
26.3140504066728 101.906256183009020
26.69679708340074 101.876748226036440
27.08511093873791 101.846499691466562
27.47907294916184 101.815174188252513
27.878765268980047 101.783198778481591
28.284271247461966 101.750189757708114
28.695675446220072 101.716063262517508
29.11306365684382 101.681115716481969
29.536522918790062 101.645859028984063
29.966141537533712 101.608911827772090
30.402009102982383 101.571322529828123
30.844216508158908 101.532381111488874
31.29285596815558 101.492642962866000
31.74802103936409 101.451430085417869
32.20980663898519 101.409407595852343
32.67830906482211 101.366238947906723
33.153626015361866 101.321251902525262
33.63585661014871 101.274550195595282
34.125101410453844 101.225989858954620
34.62146244024586 101.175989368654683
35.12504320746613 101.123870463216051
35.635948725613716 101.070089435084952
36.15428553564419 101.015145733221715
36.68016172818701 100.959222695083980
37.21368696608603 100.901921807662717
37.754972507267915 100.843499433145482
38.30413122794313 100.784358065610093
38.86127764614443 100.724763536897740
39.4265279456077 100.664352335628593
40.000000000000206 100.603999999999985
40.58181339750116 100.543879081855152
41.1720894657399 100.483837658461482
41.77095129709678 100.424380573473144
42.37852377437204 100.366126993557259
42.9949335968281 100.309130935727211
43.62030930661056 100.254406578894191
44.25478131555359 100.201928824895489
44.89848193237519 100.149706071153247
45.55154539026795 100.098560465085995
46.21410787489121 100.047941980856422
46.88630755277036 99.997588516667747
47.56828460010916 99.947024986242070
48.260181232021196 99.896606843062457
48.962141732186545 99.845401202510402
49.674312482939705 99.793155238032767
50.39684199579528 99.739236813111376
51.129880942417586 99.683787630418607
51.873582186040764 99.625880311849187
52.628100813345895 99.565216846686710
53.393594166801776 99.502036447325906
54.17022187747612 99.436266655835396
54.95814589832399 99.368075914466175
55.75753053796041 99.296125366067827
56.56854249492426 99.219988462982201
57.39135089244048 99.140647612540832
58.226127313687975 99.058387268631208
59.073045837580466 98.973695416241952
59.932283075067765 98.887771692493217
60.804018205965114 98.801603821692268
61.68843301631817 98.715098889022784
62.58571193631152 98.630821693793308
63.49604207872855 98.551080486426173
64.41961327797075 98.484242816599732
65.35661812964459 98.438766528916204
66.3072520307241 98.412815837431609
67.27171322029778 98.396467728136130
68.25020282090806 98.384748174611829
69.2429248804921 98.376542450717039
70.25008641493265 98.370749567925344
71.27189745122783 98.365640512743852
72.30857107128878 98.360148573572275
73.36032345637442 98.353117412349008
74.42737393217246 98.343085199780020
75.50994501453623 98.329488238520725
76.60826245588666 98.314661156358824
77.72255529228926 98.300346462253941
78.85305589121582 98.286881048055108
80.00000000000082 98.273499999999984
81.16362679500274 98.257500091568943
82.34417893148023 98.239397241675903
83.541902594194 98.216562727046053
84.75704754874454 98.186377517789253
85.98986719365665 98.142467441742468
87.24061861322157 98.078866895984930
88.50956263110764 98.001868866346882
89.79696386475084 97.916900384926436
91.10309078053635 97.827662319243927
92.42821574978288 97.733607713709191
93.77261510554118 97.635990884656692
95.13656920021877 97.535257284376797
96.52036246404286 97.430979776837233
97.92428346437356 97.323036514606713
99.34862496587989 97.212253098291271
100.79368399159105 97.098798964664297
102.25976188483567 96.982978811097979
103.74716437208203 96.866061155810513
105.25620162669229 96.747841757833527
106.78718833360406 96.626524933311686
108.34044375495276 96.497501984992383
109.9162917966485 96.356529244408023
111.51506107592134 96.205915516425364
113.13708498984903 96.050529536756898
114.78270178488147 95.895281217447433
116.45225462737648 95.754858771542629
118.14609167516147 95.648106675956626
119.86456615013608 95.643480010349634
121.60803641193078 95.686141637326017
123.3768660326369 95.789390296217150
125.17142387262359 95.909171094956264
126.99208415745765 96.037617834917057
128.83922655594208 96.175597240539304
130.71323625928977 96.327659742182362
132.61450406144883 96.501218536221700
134.5434264405962 96.694076508127679
136.50040564181674 96.873030828778070
138.48584976098482 97.005097903596692
140.50017282986593 97.056164823148094
142.5437949024563 97.034366187707121
144.61714214257822 96.976134309294920
146.7206469127495 96.897427158550414
148.8547478643456 96.814664833290522
151.01989002907314 96.732060090918480
153.216524911774 96.650345273281999
155.4451105845792 96.567352864136751
157.70611178243232 96.482915086406493
160.00000000000236 96.398499999999913
162.3272535900062 96.317511575067783
164.6883578629612 96.238846518949686
167.08380518838874 96.160151189820851
169.51409509748981 96.080034861782835
171.97973438731407 95.998272818341178
174.4812372264439 95.915619171527339
177.01912526221608 95.832272691399311
179.5939277295025 95.748656741564105
182.20618156107355 95.665784662670077
184.85643149956664 95.584393196113268
187.54523021108326 95.504206415963012
190.27313840043846 95.426679890868257
193.04072492808663 95.353373731812212
195.84856692874806 95.284482960638798
198.69724993176072 95.220160501501255
201.58736798318304 95.157107027031032
204.5195237696723 95.094083492913654
207.49432874416505 95.030371932000449
210.5124032533856 94.965987464470004
213.57437666720915 94.901044495821793
216.68088750990657 94.834025807598266
219.83258359329807 94.766099452744086
223.03012215184378 94.697352373735356
226.2741699796992 94.628363402096369
229.5654035697641 94.560409226819843
232.90450925475412 94.494377984656495
236.2921833503241 94.431069405963285
239.72913230027333 94.373070892432878
243.21607282386276 94.322069180731546
246.75373206527502 94.282270514265662
250.34284774524843 94.259142880636887
253.9841683149166 94.250039579212711
257.67845311188546 94.248620580083042
261.42647251858085 94.248071690935177
265.22900812289896 94.245456105708115
269.08685288119375 94.236109162034623
273.0008112836349 94.217120233708641
276.97169952197106 94.191847866264482
281.00034565973334 94.156796128610978
285.0875898049141 94.110835055594649
289.23428428515797 94.055684019007401
293.44129382550057 93.995601239530245
297.7094957286928 93.931544715351009
302.0397800581479 93.865393354113252
306.4330498235497 93.797787727734971
310.89022116916016 93.733078070693324
315.41222356486645 93.674841873717014
320.00000000000654 93.622999999999934
324.6545071800142 93.578782181789876
329.3767157259242 93.540048602620018
334.16761037677935 93.502492639061117
339.02819019498156 93.464580116479141
343.95946877463007 93.426512090435352
348.9624744528898 93.389970183939198
354.03825052443415 93.351001645909406
359.187855459007 93.304971729777137
364.4123631221491 93.251611423529653
369.71286299913527 93.194129793309429
375.0904604221685 93.132946782227606
380.54627680087896 93.069425491532627
386.08144985617537 93.006379616625225
391.6971338574982 92.951377228353763
397.3944998635236 92.899167851187343
403.1747359663683 92.850308428277458
409.0390475393468 92.808005952879085
414.9886574883323 92.780284972744312
421.0248065067734 92.771432115215248
427.1487533344206 92.779162511114748
433.3617750198154 92.806564279288864
439.6651671865984 92.851463552001320
446.06024430368984 92.909117504112828
452.54833995940066 92.978551075537169
459.13080713953053 93.056954858632835
465.8090185095106 93.140564985996264
472.58436670065066 93.227114402815459
479.45826460054917 93.312136070149535
486.432145647728 93.394412889513632
493.50746413055253 93.473046924302551
500.6856954904994 93.544328411669255
507.9683366298358 93.606230861353609
515.3569062237735 93.655462984230752
522.8529450371643 93.695784943602419
530.4580162458005 93.729303438967833
538.1737057623901 93.759694823049557
546.0016225672724 93.791650390490901
553.9433990439449 93.830431619622189
562.0006913194694 93.877904631840437
570.1751796098309 93.932848882995700
578.4685685703187 93.996707977991463
586.8825876510039 94.066657865650981
595.4189914573883 94.141499973543631
604.0795601162986 94.221000848597569
612.8660996471021 94.306660996471024
621.780442338323 94.400647596482031
630.8244471297356 94.506552923260614
640.0000000000159 94.624000000000223
649.3090143600314 94.752929848886424
658.7534314518515 94.890300099197034
668.3352207535618 95.033111550265744
678.0563803899662 95.176025972713006
687.9189375492632 95.315761072567156
697.9249489057827 95.448816830665749
708.0765010488715 95.574937137848679
718.3757109180171 95.693564318919499
728.8247262443015 95.804659625565165
739.425725998274 95.909843401083009
750.1809208443404 96.009567980650957
761.0925536017613 96.104135464548591
772.1628997123541 96.193303197698825
783.3942677149998 96.278634151411921
794.7889997270506 96.361088748066607
806.34947193274 96.441388058207053
818.0780950786972 96.519975163786810
829.9773149766683 96.596512501008462
842.0496130135506 96.670460210330162
854.2975066688449 96.741494412234374
866.7235500396347 96.810297850216472
879.3303343732008 96.879100322333954
892.1204886073838 96.951773533163319
905.0966799188055 97.030703696145665
918.2616142790653 97.119312962590300
931.6180370190256 97.217907977069430
945.1687334013056 97.326440747785824
958.9165292011028 97.443033542309479
972.8642912954606 97.564771477514029
987.0149282611097 97.686551115470280
1001.3713909810035 97.805879701782629
1015.9366732596762 97.921087494331545
1030.7138124475518 98.032828100054942
1045.7058900743334 98.144847484622332
1060.916032491606 98.259614519018129
1076.3474115247852 98.379689464763288
1092.0032451345498 98.503963359665960
1107.8867980878947 98.630257456473174
1124.0013826389438 98.755010369792075
1140.350359219667 98.876648377805978
1156.9371371406426 98.991510351283864
1173.765175302013 99.103863316006709
1190.837982914782 99.212154238714106
1208.1591202326028 99.320994501453754
1225.73219929421 99.430894486056602
1243.5608846766518 99.542292122172682
1261.648894259477 99.651893365556859
1280.0000000000375 99.758000000000195
1298.6180287200684 99.854281805666631
1317.5068629037087 99.951032941937797
1336.6704415071292 100.040934314045828
1356.112760779938 100.129410242529218
1375.8378750985323 100.218270437943403
1395.8498978115715 100.306739550370906
1416.153002097749 100.390419658495887
1436.7514218360407 100.470636333063851
1457.6494524886093 100.542937215112858
1478.8514519965543 100.611362472149381
1500.3618416886875 100.677607235567393
1522.1851072035295 100.744386428042802
1544.3257994247153 100.808658302343176
1566.788535430007 100.868314421409423
1589.5779994541087 100.920988478820874
1612.6989438654878 100.967374014467111
1636.156190157402 101.010358018480176
1659.9546299533442 101.052121963519753
1684.099226027109 101.092558761643375
1708.5950133376978 101.129173517339012
1733.4471000792773 101.158440274074522
1758.6606687464096 101.179542827997707
1784.2409772147755 101.194620488607384
1810.193359837619 101.206373476738293
1836.5232285581387 101.213382787426980
1863.2360740380593 101.212088063711633
1890.3374668026197 101.201217767926579
1917.833058402214 101.181733553278235
1945.7285825909298 101.158173418971785
1974.0298565222283 101.130470143477766
2002.7427819620161 101.095568679187778
2031.8733465193618 101.053315310917085
2061.4276248951132 101.002644750209782
2091.411780148677 100.942535261687780
2121.832064983222 100.878606861910654
2152.694823049581 100.811277962850312
2184.0064902691106 100.739283449813769
2215.7735961758003 100.656305630229738
2248.002765277899 100.570426051434879
2280.7007184393456 100.483786405521087
2313.874274281297 100.391533366679553
2347.530350604038 100.291616775677824
2381.6759658295764 100.191139699094236
2416.318240465218 100.090949073325291
2451.4643985884327 99.988984939111191
2487.1217693533167 99.885632231697940
2523.2977885189675 99.783848636859858
2560.0000000000887 99.682499999999749
2597.236057440151 99.577730884141573
2635.0137258074315 99.468960652685368
2673.340883014273 99.363271376899149
2712.225521559891 99.258861517147622
2751.6757501970797 99.151287633835494
2791.699795623158 99.038948077364580
2832.3060041955137 98.929566028839929
2873.502843672097 98.820452492705670
2915.2989049772345 98.709498934661013
2957.7029039931244 98.598167088496353
3000.723683377391 98.495907896569747
3044.370214407075 98.399812691397642
3088.6515988494466 98.301500192559985
3133.57707086003 98.204488151193942
3179.1559989082334 98.112854242139861
3225.3978877309914 98.025521865452276
3272.3123803148205 97.944353943889993
3319.9092599067053 97.869636110139950
3368.198452054235 97.798476213562452
3417.190026675413 97.732371967989508
3466.8942001585724 97.675092147831919
3517.3213374928373 97.625276863131091
3568.4819544295697 97.586041188253660
3620.386719675257 97.557529843342877
3673.0464571162966 97.538507921149758
3726.472148076138 97.530705835557711
3780.6749336052594 97.535039453378005
3835.6661168044484 97.547766446721781
3891.45716518188 97.574240191826746
3948.059713044477 97.607847954620155
4005.4855639240527 97.655668416054851
4063.746693038744 97.716589698972456
4122.855249790247 97.789759080937131
4182.823560297375 97.879860557369057
4243.664129966465 97.984593252299419
4305.389646099183 98.105356131430057
4368.012980538242 98.249863621255898
4431.5471923516225 98.413203831706682
4496.00553055582 98.596482613102609
4561.401436878714 98.805020568883080
4627.748548562617 99.031605058443660
4695.060701208099 99.284097346209194
4763.351931659176 99.556338290743042
4832.63648093046 99.843463232810279
4902.928797176889 100.153385204378367
4974.243538706657 100.474239835712297
5046.595577037959 100.795685428392972
5120.000000000202 101.117214285715164
5194.472114880326 101.427612065265322
5270.027451614888 101.699529977627662
5346.6817660285715 101.905533973564289
5424.451043119808 102.021775968611252
5503.351500394186 102.021872906968298
5583.399591246343 101.891267044514919
5664.612008391055 101.638996111428469
5747.005687344222 101.318960857223772
5830.597809954497 100.981859026516759
5915.405807986278 100.700462806984092
6001.447366754812 100.552949834432837
6088.740428814181 100.630159401733067
6177.303197698925 100.940470280432720
6267.154141720092 101.434792684964322
6358.3119978165005 102.055680144322480
6450.795775462017 102.732920569437411
6544.624760629676 103.394639039171594
6639.818519813445 103.967361747435518
6736.396904108505 104.405707179859220
6834.380053350861 104.695041104034175
6933.788400317181 104.846820822223606
7034.642674985712 104.890728586001131
7136.963908859177 104.868866241013365
7240.773439350552 104.819297811537723
7346.092914232631 104.766836330310667
7452.944296152315 104.721381167462113
7561.349867210557 104.683561293156572
7671.332233608935 104.641005631540523
7782.914330363799 104.573857979732708
7896.119426088994 104.450970104778690
8010.971127848146 104.214658139003006
8127.49338607753 103.815860145318254
8245.710499580537 103.222046490568530
8365.647120594791 102.431891444662313
8487.328259932974 101.519463621260229
8610.77929219841 100.562614163925687
8736.025961076528 99.678372018767845
8863.094384703289 98.978114297107723
8992.011061111683 98.496825371849710
9122.802873757471 98.193907599151217
9255.497097125279 97.977529209168353
9390.121402416245 97.784769972080369
9526.7038633184 97.639760729312400
9665.272961860968 97.641228201202637
9805.857594353829 97.858702737153266
9948.487077413367 98.243246595062658
10093.19115407597 98.651790576266890
10240.000000000457 98.956200000000763
10388.944229760706 99.085542190599085
10540.05490322983 99.025895464714665
10693.363532057198 98.853025596402205
10848.902086239672 98.628635891502881
11006.703000788428 98.422455717789106
11166.799182492743 98.284647700513887
11329.224016782166 98.267384334032585
11494.0113746885 98.364034431512550
11661.195619909053 98.662082945289185
11830.811615972614 99.103932356511891
12002.894733509682 99.754207983358697
12177.48085762842 100.555725990175972
12354.606395397908 101.534900145623993
12534.308283440243 102.515724949801978
12716.62399563306 103.292643506258685
12901.591550924093 103.434396315974396
13089.249521259411 103.211619496904902
13279.637039626952 102.487672689627516
13472.793808217073 101.405654392204156
13668.760106701786 100.307667256354407
13867.576800634426 99.384911229614559
14069.285349971487 98.752701896638598
14273.927817718419 98.356036579989137
14481.54687870117 98.251035936389655
14692.18582846533 98.349664719028198
14905.888592304698 98.380688222815394
15122.699734421185 98.071542068727453
15342.664467217943 97.193159907347990
15565.828660727671 95.666312813632118
15792.238852178061 93.629545516202739
16021.942255696367 91.386806785638981
16254.986772155136 89.252770081874246
16491.42099916115 87.463908720346737
16731.294241189662 85.996431721425893
16974.65651986603 84.747136635557354
17221.558584396902 83.832023908222197
17472.051922153143 83.405915985967795
17726.188769406665 83.399833070488626
17984.022122223458 83.802741740513227
18245.605747515034 84.787371203813606
18510.99419425065 86.066758925452461
18780.242804832582 86.500904265766252
19053.40772663689 85.239369721468279
19330.545923722028 82.352234013306926
19611.71518870775 78.815679748517283
19896.974154826825 75.526885179560651
20186.382308152035 74.414000000000001
