20 97.460000000000008
20.290906698750476 97.474545383422139
20.586044732869844 97.489302238969373
20.885475648548283 97.503322196932245
21.189261887185914 97.516534639995911
21.49746679841394 97.528411346472865
21.810154653305165 97.539355446088450
22.12739065777668 97.549980958055514
22.449240966187475 97.559895156058118
22.77577269513385 97.568894298692669
23.107053937445478 97.577176357357331
23.44315377638505 97.585101676482751
23.784142300054445 97.592182846001094
24.130090616010463 97.598668184160786
24.481070866093134 97.603763387009224
24.837156241469714 97.607871556986566
25.1984209978975 97.610988157484229
25.56494047120865 97.613530880522262
25.936791093020236 97.615854946306641
26.3140504066728 97.618260331912268
26.69679708340074 97.620975978125514
27.08511093873791 97.624042586014198
27.47907294916184 97.627790726468433
27.878765268980047 97.632484565862256
28.284271247461966 97.637126983722084
28.695675446220072 97.641261079015976
29.11306365684382 97.644452254627367
29.536522918790062 97.645926954162420
29.966141537533712 97.645067716924927
30.402009102982383 97.641983257530953
30.844216508158908 97.637877571477148
31.29285596815558 97.632348230437856
31.74802103936409 97.625531663370168
32.20980663898519 97.617303867220301
32.67830906482211 97.607398891509092
33.153626015361866 97.596466601646682
33.63585661014871 97.585103584746278
34.125101410453844 97.572997566149098
34.62146244024586 97.560720514113370
35.12504320746613 97.546998790190955
35.635948725613716 97.532557486957202
36.15428553564419 97.517371433930677
36.68016172818701 97.501595148154394
37.21368696608603 97.485589391017413
37.754972507267915 97.470079327546543
38.30413122794313 97.455500874529378
38.86127764614443 97.442169674866165
39.4265279456077 97.428744963473008
40.000000000000206 97.413499999999999
40.58181339750116 97.396530386007498
41.1720894657399 97.376453639319038
41.77095129709678 97.355516672990518
42.37852377437204 97.332598736257722
42.9949335968281 97.308202590135522
43.62030930661056 97.282320470622210
44.25478131555359 97.254431192552346
44.89848193237519 97.225152926942556
45.55154539026795 97.197475005418028
46.21410787489121 97.171494501964730
46.88630755277036 97.147294258333872
47.56828460010916 97.121866169186973
48.260181232021196 97.095032610487124
48.962141732186545 97.065952656354057
49.674312482939705 97.035384579952094
50.39684199579528 97.003142087866820
51.129880942417586 96.968977185686597
51.873582186040764 96.932587761419768
52.628100813345895 96.894559857140848
53.393594166801776 96.855328273736745
54.17022187747612 96.816253327105358
54.95814589832399 96.779383464027617
55.75753053796041 96.744108052224306
56.56854249492426 96.711326842697957
57.39135089244048 96.680607043318361
58.226127313687975 96.649728780138787
59.073045837580466 96.613726818501547
59.932283075067765 96.563461440108540
60.804018205965114 96.502715785127066
61.68843301631817 96.441251871436648
62.58571193631152 96.385821593439076
63.49604207872855 96.336205811906112
64.41961327797075 96.290278175935384
65.35661812964459 96.249091892943866
66.3072520307241 96.217547707354797
67.27171322029778 96.206124702033421
68.25020282090806 96.223131997321332
69.2429248804921 96.257988220578198
70.25008641493265 96.294002765277838
71.27189745122783 96.323845795201393
72.30857107128878 96.340117142142589
73.36032345637442 96.333392722231579
74.42737393217246 96.301263981814841
75.50994501453623 96.247753133118209
76.60826245588666 96.179235533664297
77.72255529228926 96.101749969507296
78.85305589121582 96.021764182904008
80.00000000000082 95.940999999999946
81.16362679500274 95.856152000744387
82.34417893148023 95.765046139421401
83.541902594194 95.669247253973055
84.75704754874454 95.569144857778753
85.98986719365665 95.467748198057848
87.24061861322157 95.367250463056592
88.50956263110764 95.266725426880271
89.79696386475084 95.162445926955172
91.10309078053635 95.052696671554642
92.42821574978288 94.932543395400415
93.77261510554118 94.804612377750587
95.13656920021877 94.673525893543953
96.52036246404286 94.542927871562497
97.92428346437356 94.417088731037907
99.34862496587989 94.310396820581900
100.79368399159105 94.250393338879690
102.25976188483567 94.243643174310932
103.74716437208203 94.291858165235297
105.25620162669229 94.390052865859701
106.78718833360406 94.517059761690760
108.34044375495276 94.655299494190785
109.9162917966485 94.797039047870072
111.51506107592134 94.944296829152904
113.13708498984903 95.089626483617565
114.78270178488147 95.221702593122586
116.45225462737648 95.318534230064827
118.14609167516147 95.395601807880922
119.86456615013608 95.443851320639453
121.60803641193078 95.490780963909671
123.3768660326369 95.542961671434341
125.17142387262359 95.605542650395435
126.99208415745765 95.689916432292762
128.83922655594208 95.791675140244649
130.71323625928977 95.900367703038810
132.61450406144883 96.001420812842014
134.5434264405962 96.078949804404743
136.50040564181674 96.116251014104535
138.48584976098482 96.112104941383990
140.50017282986593 96.069993950954682
142.5437949024563 95.998467178414032
144.61714214257822 95.911345745726564
146.7206469127495 95.811564818805479
148.8547478643456 95.709243052084275
151.01989002907314 95.607789036668450
153.216524911774 95.509332733776063
155.4451105845792 95.415284598733749
157.70611178243232 95.325544085198118
160.00000000000236 95.236999999999910
162.3272535900062 95.151357067887773
164.6883578629612 95.066656788505981
167.08380518838874 94.982566818406397
169.51409509748981 94.901132042763336
171.97973438731407 94.819272818341176
174.4812372264439 94.738996656199078
177.01912526221608 94.662733892238407
179.5939277295025 94.591963951303427
182.20618156107355 94.525404224660946
184.85643149956664 94.459089212510833
187.54523021108326 94.394468751187304
190.27313840043846 94.332490955190352
193.04072492808663 94.272361066481423
195.84856692874806 94.215877228353776
198.69724993176072 94.163667851187370
201.58736798318304 94.115072989607995
204.5195237696723 94.067940873646847
207.49432874416505 94.022085068837526
210.5124032533856 93.978074287243714
213.57437666720915 93.934958726659076
216.68088750990657 93.893143129555000
219.83258359329807 93.853050850982100
223.03012215184378 93.819562482674627
226.2741699796992 93.791306640162404
229.5654035697641 93.769252444058168
232.90450925475412 93.753913793229401
236.2921833503241 93.747463477081212
239.72913230027333 93.747033858462459
243.21607282386276 93.753864291295457
246.75373206527502 93.768014928261096
250.34284774524843 93.788599942439646
253.9841683149166 93.810903030928870
257.67845311188546 93.832610912032322
261.42647251858085 93.850775744463263
265.22900812289896 93.862671756092169
269.08685288119375 93.865369720678203
273.0008112836349 93.857622261917726
276.97169952197106 93.842520039949903
281.00034565973334 93.820697822343675
285.0875898049141 93.794921907287574
289.23428428515797 93.767553723717953
293.44129382550057 93.740475719516795
297.7094957286928 93.713159227336362
302.0397800581479 93.686006347143845
306.4330498235497 93.660212717666553
310.89022116916016 93.634631228277328
315.41222356486645 93.609691548036750
320.00000000000654 93.583999999999975
324.6545071800142 93.560727464099926
329.3767157259242 93.539742450805932
334.16761037677935 93.520746319530559
339.02819019498156 93.505415429415052
343.95946877463007 93.494581062450749
348.9624744528898 93.490122515328267
354.03825052443415 93.491115300209771
359.187855459007 93.493175142183603
364.4123631221491 93.490411345814493
369.71286299913527 93.479631701401900
375.0904604221685 93.458496006219349
380.54627680087896 93.428099314966531
386.08144985617537 93.394286865906082
391.6971338574982 93.357381488194079
397.3944998635236 93.320175200873450
403.1747359663683 93.284187022871251
409.0390475393468 93.250285238533593
414.9886574883323 93.219803876930428
421.0248065067734 93.195777407656806
427.1487533344206 93.180493121109834
433.3617750198154 93.178558589604791
439.6651671865984 93.192970299661624
446.06024430368984 93.223219900948664
452.54833995940066 93.270925391642720
459.13080713953053 93.337938878534828
465.8090185095106 93.419334658832767
472.58436670065066 93.514145862395111
479.45826460054917 93.615237074065305
486.432145647728 93.719038970151146
493.50746413055253 93.826041599691223
500.6856954904994 93.920856954904991
507.9683366298358 93.993683366298370
515.3569062237735 94.046462984230743
522.8529450371643 94.086091925759717
530.4580162458005 94.112944658506962
538.1737057623901 94.128698520871296
546.0016225672724 94.137286989160003
553.9433990439449 94.143336086842709
562.0006913194694 94.149900829583373
570.1751796098309 94.159894154122128
578.4685685703187 94.178554279283219
586.8825876510039 94.203680151100656
595.4189914573883 94.234905016256675
604.0795601162986 94.271358020523337
612.8660996471021 94.312287762596839
621.780442338323 94.356402211691616
630.8244471297356 94.405781793352475
640.0000000000159 94.459000000000103
649.3090143600314 94.513923184724177
658.7534314518515 94.570520588711105
668.3352207535618 94.630511890747442
678.0563803899662 94.698603119788260
687.9189375492632 94.774663659761728
697.9249489057827 94.854399591246263
708.0765010488715 94.936015833443406
718.3757109180171 95.023949899440851
728.8247262443015 95.110803991515496
739.425725998274 95.183652364188447
750.1809208443404 95.241859374010616
761.0925536017613 95.293689629608366
772.1628997123541 95.345687452496435
783.3942677149998 95.395482778915195
794.7889997270506 95.441241623965070
806.34947193274 95.485339642408832
818.0780950786972 95.529442197213655
829.9773149766683 95.571846296844114
842.0496130135506 95.612329976169605
854.2975066688449 95.652287833895883
866.7235500396347 95.691352325120420
879.3303343732008 95.729707519838257
892.1204886073838 95.768836165062652
905.0966799188055 95.808927124746276
918.2616142790653 95.850007336792473
931.6180370190256 95.891363190827775
945.1687334013056 95.932207502978855
958.9165292011028 95.970648933252988
972.8642912954606 96.006160728238655
987.0149282611097 96.041999433278193
1001.3713909810035 96.076199912289013
1015.9366732596762 96.110216793381227
1030.7138124475518 96.145233544515492
1045.7058900743334 96.181658107056194
1060.916032491606 96.218790081229017
1076.3474115247852 96.257323615094478
1092.0032451345498 96.296008112836375
1107.8867980878947 96.335716995219741
1124.0013826389438 96.376225755632845
1140.350359219667 96.417875898049175
1156.9371371406426 96.458396869605167
1173.765175302013 96.498192291342292
1190.837982914782 96.537802307054989
1208.1591202326028 96.577049574775828
1225.73219929421 96.613464398588420
1243.5608846766518 96.648694955240529
1261.648894259477 96.681856306142379
1280.0000000000375 96.714500000000072
1298.6180287200684 96.745884676985270
1317.5068629037087 96.777510980645928
1336.6704415071292 96.809006228486766
1356.112760779938 96.841488874306407
1375.8378750985323 96.874924387667505
1395.8498978115715 96.909737321170240
1416.153002097749 96.946075403775950
1436.7514218360407 96.983490130396675
1457.6494524886093 97.022533959728349
1478.8514519965543 97.062663700713586
1500.3618416886875 97.102673025540952
1522.1851072035295 97.143264299398567
1544.3257994247153 97.184832502918454
1566.788535430007 97.226726675899812
1589.5779994541087 97.268823518995561
1612.6989438654878 97.311366056712501
1636.156190157402 97.354750513692764
1659.9546299533442 97.399612889510422
1684.099226027109 97.446152498492580
1708.5950133376978 97.494190026675398
1733.4471000792773 97.544401026163314
1758.6606687464096 97.596860617742379
1784.2409772147755 97.651090871695317
1810.193359837619 97.705906055659000
1836.5232285581387 97.761429244543251
1863.2360740380593 97.818325198441443
1890.3374668026197 97.876935677629717
1917.833058402214 97.936162744980734
1945.7285825909298 97.995859166744594
1974.0298565222283 98.057385087218449
2002.7427819620161 98.121125546381833
2031.8733465193618 98.186058917458610
2061.4276248951132 98.250069393524498
2091.411780148677 98.314370619635639
2121.832064983222 98.375935121843540
2152.694823049581 98.432057255048647
2184.0064902691106 98.485810222173853
2215.7735961758003 98.533477374550529
2248.002765277899 98.578003456597372
2280.7007184393456 98.617449135590590
2313.874274281297 98.653105512185988
2347.530350604038 98.684985143033572
2381.6759658295764 98.712798873517926
2416.318240465218 98.737606856302392
2451.4643985884327 98.758037114241290
2487.1217693533167 98.775419433386446
2523.2977885189675 98.788863003625153
2560.0000000000887 98.798750000000013
2597.236057440151 98.804508155026014
2635.0137258074315 98.805749313709626
2673.340883014273 98.800915345472504
2712.225521559891 98.791332343532034
2751.6757501970797 98.775141859288780
2791.699795623158 98.753272617516686
2832.3060041955137 98.725885797063142
2873.502843672097 98.696812980992803
2915.2989049772345 98.668973646063421
2957.7029039931244 98.646497244961779
3000.723683377391 98.635635690633251
3044.370214407075 98.645694965551030
3088.6515988494466 98.681317323777535
3133.57707086003 98.739660319675792
3179.1559989082334 98.820187957914726
3225.3978877309914 98.915113416376244
3272.3123803148205 99.018033484298897
3319.9092599067053 99.122304908799407
3368.198452054235 99.223032935067380
3417.190026675413 99.317457748815997
3466.8942001585724 99.405882256266395
3517.3213374928373 99.487308792864326
3568.4819544295697 99.558547984404072
3620.386719675257 99.614940313314236
3673.0464571162966 99.652292763986992
3726.472148076138 99.666823607403813
3780.6749336052594 99.655730026557904
3835.6661168044484 99.626527139548173
3891.45716518188 99.566155325051042
3948.059713044477 99.484789162498572
4005.4855639240527 99.364191820764773
4063.746693038744 99.210572586231834
4122.855249790247 99.029506294447430
4182.823560297375 98.829738548686223
4243.664129966465 98.619404007830212
4305.389646099183 98.400866756347909
4368.012980538242 98.173236062539900
4431.5471923516225 97.935198028681413
4496.00553055582 97.684145005323046
4561.401436878714 97.429407489374512
4627.748548562617 97.182476082698543
4695.060701208099 96.938958746339239
4763.351931659176 96.692314529788661
4832.63648093046 96.446656870408532
4902.928797176889 96.211951820563343
4974.243538706657 95.990125472347700
5046.595577037959 95.788565609066978
5120.000000000202 95.607571428570964
5194.472114880326 95.453867665800516
5270.027451614888 95.329020807859891
5346.6817660285715 95.229524208029460
5424.451043119808 95.152581598446446
5503.351500394186 95.097345853326473
5583.399591246343 95.063621400727911
5664.612008391055 95.049100438909164
5747.005687344222 95.045910170620331
5830.597809954497 95.056679342986342
5915.405807986278 95.093984214545316
6001.447366754812 95.187430917678498
6088.740428814181 95.369662136357590
6177.303197698925 95.612934478893237
6267.154141720092 95.888330259804036
6358.3119978165005 96.187053632696191
6450.795775462017 96.509872749417880
6544.624760629676 96.859751576030547
6639.818519813445 97.233968634848182
6736.396904108505 97.625181353283239
6834.380053350861 98.024067315804245
6933.788400317181 98.420261109227496
7034.642674985712 98.800174349698992
7136.963908859177 99.149751493362118
7240.773439350552 99.455438012688703
7346.092914232631 99.705990474176900
7452.944296152315 99.890622014613243
7561.349867210557 99.994332418113174
7671.332233608935 100.009572243220973
7782.914330363799 99.923444542056373
7896.119426088994 99.716917842965074
8010.971127848146 99.367192697874287
8127.49338607753 98.864892934387427
8245.710499580537 98.200603692741680
8365.647120594791 97.371418122013182
8487.328259932974 96.412873920536214
8610.77929219841 95.350028059794639
8736.025961076528 94.218626291168079
8863.094384703289 93.060757706129294
8992.011061111683 91.896640118161500
9122.802873757471 90.742056989940977
9255.497097125279 89.611311796185262
9390.121402416245 88.536107692240591
9526.7038633184 87.549361583572392
9665.272961860968 86.638106213499512
9805.857594353829 85.761979653033478
9948.487077413367 84.891655641891248
10093.19115407597 84.024944544788738
10240.000000000457 83.237499999997709
10388.944229760706 82.681150023511108
10540.05490322983 82.406742669954554
10693.363532057198 82.150308383129612
10848.902086239672 81.700447149714734
11006.703000788428 81.095353868704052
11166.799182492743 80.456091823939573
11329.224016782166 79.795617353601813
11494.0113746885 79.113902700253647
11661.195619909053 78.447514703498285
11830.811615972614 77.814373617568137
12002.894733509682 77.241204464540829
12177.48085762842 76.728347216013375
12354.606395397908 76.356182877808493
12534.308283440243 76.096409763799798
12716.62399563306 75.984676481004385
12901.591550924093 76.058238572915002
13089.249521259411 76.229543491549663
13279.637039626952 76.595126358799291
13472.793808217073 77.204989588895813
13668.760106701786 78.059755048180421
13867.576800634426 79.137264557785940
14069.285349971487 80.313419399341186
14273.927817718419 81.453277944691592
14481.54687870117 82.168103331924925
14692.18582846533 82.197172125730205
14905.888592304698 81.725199103670434
15122.699734421185 80.976787014511075
15342.664467217943 80.154498641867747
15565.828660727671 79.306729681015042
15792.238852178061 78.259826569016852
16021.942255696367 76.727290932413695
16254.986772155136 74.610067754776409
16491.42099916115 72.147841714735790
16731.294241189662 69.583651619270626
16974.65651986603 67.049768071631703
17221.558584396902 64.729106985290372
17472.051922153143 62.656165042140501
17726.188769406665 60.690013118340374
17984.022122223458 58.318425112966224
18245.605747515034 54.473124711393766
18510.99419425065 48.960495504899441
18780.242804832582 44.401305944350746
19053.40772663689 42.262592464211004
19330.545923722028 42.772595822948794
19611.71518870775 44.093628906533894
19896.974154826825 44.996576572025205
20186.382308152035 45.103730225340669
