20 97.174999999999997
20.290906698750476 97.187605998965864
20.586044732869844 97.199918532474470
20.885475648548283 97.212394818689518
21.189261887185914 97.224570436919322
21.49746679841394 97.236276847880660
21.810154653305165 97.248355446088453
22.12739065777668 97.259777149666633
22.449240966187475 97.271723428071795
22.77577269513385 97.283278304749260
23.107053937445478 97.295246900300270
23.44315377638505 97.307010400472137
23.784142300054445 97.318714802626829
24.130090616010463 97.330553186737660
24.481070866093134 97.342611144924916
24.837156241469714 97.354343263790753
25.1984209978975 97.366196708679041
25.56494047120865 97.378154402611273
25.936791093020236 97.389603742271902
26.3140504066728 97.401111576583219
26.69679708340074 97.413149908856269
27.08511093873791 97.424744792448266
27.47907294916184 97.436023338596755
27.878765268980047 97.447166044896946
28.284271247461966 97.458459594928939
28.695675446220072 97.469978912494156
29.11306365684382 97.481439655077935
29.536522918790062 97.492449595888544
29.966141537533712 97.503619679975870
30.402009102982383 97.514550227407142
30.844216508158908 97.525244857045720
31.29285596815558 97.535821399203883
31.74802103936409 97.546456462866018
32.20980663898519 97.556196132779689
32.67830906482211 97.565031254101967
33.153626015361866 97.572958016245792
33.63585661014871 97.580673705762379
34.125101410453844 97.588376521156817
34.62146244024586 97.595821936603684
35.12504320746613 97.603375648112007
35.635948725613716 97.611039230884217
36.15428553564419 97.618659997499023
36.68016172818701 97.626022264194617
37.21368696608603 97.633491617525209
37.754972507267915 97.640596090308122
38.30413122794313 97.647353692963264
38.86127764614443 97.654415162566920
39.4265279456077 97.661127518263498
40.000000000000206 97.668000000000006
40.58181339750116 97.674302999482933
41.1720894657399 97.680697626557389
41.77095129709678 97.687185315502930
42.37852377437204 97.692872008087733
42.9949335968281 97.698124460388442
43.62030930661056 97.702468724700452
44.25478131555359 97.706170168702926
44.89848193237519 97.709492407969904
45.55154539026795 97.712757726583163
46.21410787489121 97.716070534609571
46.88630755277036 97.719431542147362
47.56828460010916 97.722841422512801
48.260181232021196 97.726240720928075
48.962141732186545 97.729123458675858
49.674312482939705 97.732371556986550
50.39684199579528 97.735736185901828
51.129880942417586 97.738678148111276
51.873582186040764 97.741601064224369
52.628100813345895 97.744605376306765
53.393594166801776 97.746983986646995
54.17022187747612 97.748793333604112
54.95814589832399 97.749827246602734
55.75753053796041 97.750348456396793
56.56854249492426 97.750215728752536
57.39135089244048 97.749608649107557
58.226127313687975 97.748660809029474
59.073045837580466 97.747317385406049
59.932283075067765 97.745169292312340
60.804018205965114 97.743485645713491
61.68843301631817 97.740327025903113
62.58571193631152 97.737053582180806
63.49604207872855 97.733019789606345
64.41961327797075 97.726513673859273
65.35661812964459 97.716185655249802
66.3072520307241 97.702430341493056
67.27171322029778 97.686245018644797
68.25020282090806 97.668746146402754
69.2429248804921 97.649884427270649
70.25008641493265 97.630498271701356
71.27189745122783 97.610197999701057
72.30857107128878 97.589982864109871
73.36032345637442 97.569473692600695
74.42737393217246 97.548879895288721
75.50994501453623 97.528650984694295
76.60826245588666 97.508619833790121
77.72255529228926 97.488476894385016
78.85305589121582 97.468049466656055
80.00000000000082 97.447499999999991
81.16362679500274 97.426651634468612
82.34417893148023 97.404436621052980
83.541902594194 97.380661996203827
84.75704754874454 97.355561522054956
85.98986719365665 97.327815486767420
87.24061861322157 97.295783805230045
88.50956263110764 97.259693995804554
89.79696386475084 97.218497156327970
91.10309078053635 97.175689837698599
92.42821574978288 97.131402005906480
93.77261510554118 97.087884837625182
95.13656920021877 97.046415049531873
96.52036246404286 97.011723053899743
97.92428346437356 96.985614876148617
99.34862496587989 96.970613918026487
100.79368399159105 96.963618948025214
102.25976188483567 96.960233730191945
103.74716437208203 96.956865247700847
105.25620162669229 96.948578494772931
106.78718833360406 96.928830609995117
108.34044375495276 96.891066835269740
109.9162917966485 96.838284380851974
111.51506107592134 96.778858375899574
113.13708498984903 96.716280101872371
114.78270178488147 96.652010868035973
116.45225462737648 96.584749619051067
118.14609167516147 96.516015855625767
119.86456615013608 96.445624443176683
121.60803641193078 96.374098481512164
123.3768660326369 96.300302701777781
125.17142387262359 96.225243056058929
126.99208415745765 96.147840381229315
128.83922655594208 96.065775688918677
130.71323625928977 95.979303526892778
132.61450406144883 95.886199414820027
134.5434264405962 95.786241825088993
136.50040564181674 95.685604819319622
138.48584976098482 95.589986997837400
140.50017282986593 95.509161366550785
142.5437949024563 95.446490289658016
144.61714214257822 95.400157157148442
146.7206469127495 95.372196366429563
148.8547478643456 95.366251394874439
151.01989002907314 95.400208634889637
153.216524911774 95.486485224953469
155.4451105845792 95.618144364932988
157.70611178243232 95.768067487006206
160.00000000000236 95.913500000000141
162.3272535900062 96.044291651758357
164.6883578629612 96.168669952019172
167.08380518838874 96.288773498381758
169.51409509748981 96.394494813114065
171.97973438731407 96.464493359682862
174.4812372264439 96.490576165694534
177.01912526221608 96.488750274318249
179.5939277295025 96.480799431265595
182.20618156107355 96.478617527375576
184.85643149956664 96.485569294498703
187.54523021108326 96.499771381266498
190.27313840043846 96.515811064322094
193.04072492808663 96.527581449856172
195.84856692874806 96.530651433071256
198.69724993176072 96.524450450259309
201.58736798318304 96.508388424117726
204.5195237696723 96.480265714763931
207.49432874416505 96.438092630511960
210.5124032533856 96.385268472603471
213.57437666720915 96.326406060822620
216.68088750990657 96.262371584169443
219.83258359329807 96.196057598642426
223.03012215184378 96.125458547390451
226.2741699796992 96.051315062136965
229.5654035697641 95.972075179802403
232.90450925475412 95.886950929127977
236.2921833503241 95.796464957866093
239.72913230027333 95.701948861742494
243.21607282386276 95.604003979137815
246.75373206527502 95.505833935188605
250.34284774524843 95.407700254910139
253.9841683149166 95.308929434457895
257.67845311188546 95.210561185896054
261.42647251858085 95.112483405452082
265.22900812289896 95.015832048958245
269.08685288119375 94.920444481811757
273.0008112836349 94.829357050349586
276.97169952197106 94.743930396881325
281.00034565973334 94.669294745972053
285.0875898049141 94.607799281560688
289.23428428515797 94.574625725718732
293.44129382550057 94.570908905677840
297.7094957286928 94.584192730779122
302.0397800581479 94.602659120232602
306.4330498235497 94.618610166078497
310.89022116916016 94.632170663507480
315.41222356486645 94.646113003625146
320.00000000000654 94.658500000000004
324.6545071800142 94.662689056462000
329.3767157259242 94.657310269556291
334.16761037677935 94.636912231229132
339.02819019498156 94.599163202362149
343.95946877463007 94.547445843479068
348.9624744528898 94.487657811674751
354.03825052443415 94.421695093077474
359.187855459007 94.352882736849310
364.4123631221491 94.280226916289905
369.71286299913527 94.202720913912714
375.0904604221685 94.118436326988245
380.54627680087896 94.024128643870512
386.08144985617537 93.924309467631986
391.6971338574982 93.820015881904084
397.3944998635236 93.715159552470226
403.1747359663683 93.613764927241206
409.0390475393468 93.516875239370449
414.9886574883323 93.425666356837795
421.0248065067734 93.343473861057703
427.1487533344206 93.271475278322185
433.3617750198154 93.213893058181412
439.6651671865984 93.172483794982242
446.06024430368984 93.145006015190148
452.54833995940066 93.134754833995942
459.13080713953053 93.151523228558119
465.8090185095106 93.199185675840340
472.58436670065066 93.291385138624406
479.45826460054917 93.423578899025927
486.432145647728 93.586087568369322
493.50746413055253 93.765940335329091
500.6856954904994 93.941456732886522
507.9683366298358 94.100309342738285
515.3569062237735 94.225333861288675
522.8529450371643 94.312397087778734
530.4580162458005 94.367832064983190
538.1737057623901 94.398322596415881
546.0016225672724 94.411858533629101
553.9433990439449 94.417971699521971
562.0006913194694 94.421900311093765
570.1751796098309 94.425613866746389
578.4685685703187 94.431004569570703
586.8825876510039 94.441635622711402
595.4189914573883 94.459547478643458
604.0795601162986 94.486043377928837
612.8660996471021 94.524482919689291
621.780442338323 94.576651288649714
630.8244471297356 94.643713912385181
640.0000000000159 94.724000000000160
649.3090143600314 94.818951946472325
658.7534314518515 94.923600760688146
668.3352207535618 95.033355038665960
678.0563803899662 95.145954012523603
687.9189375492632 95.258775888061592
697.9249489057827 95.370070685408905
708.0765010488715 95.477399435960706
718.3757109180171 95.579581966996571
728.8247262443015 95.675363772510934
739.425725998274 95.765176098385510
750.1809208443404 95.846728754067811
761.0925536017613 95.920836926545292
772.1628997123541 95.986413875241453
783.3942677149998 96.044002769223283
794.7889997270506 96.093938873896832
806.34947193274 96.135371222450885
818.0780950786972 96.168695237696738
829.9773149766683 96.196337500336156
842.0496130135506 96.220761758275970
854.2975066688449 96.245132201671296
866.7235500396347 96.273672225102132
879.3303343732008 96.308424036556914
892.1204886073838 96.352108458227065
905.0966799188055 96.402236166328350
918.2616142790653 96.459177264255800
931.6180370190256 96.520299326127002
945.1687334013056 96.583454089206100
958.9165292011028 96.646495903455005
972.8642912954606 96.710642882902135
987.0149282611097 96.777339852927554
1001.3713909810035 96.848768372199316
1015.9366732596762 96.926432704906119
1030.7138124475518 97.012435834495506
1045.7058900743334 97.106248212677627
1060.916032491606 97.206729020942930
1076.3474115247852 97.311752225803531
1092.0032451345498 97.419084506068671
1107.8867980878947 97.526803272739286
1124.0013826389438 97.635231286188628
1140.350359219667 97.742081471659532
1156.9371371406426 97.847514769336755
1173.765175302013 97.952811698724830
1190.837982914782 98.052276288018192
1208.1591202326028 98.149104046910537
1225.73219929421 98.236613782437416
1243.5608846766518 98.318597166932165
1261.648894259477 98.395037059414491
1280.0000000000375 98.471500000000162
1298.6180287200684 98.549695720624285
1317.5068629037087 98.629028824195572
1336.6704415071292 98.709932615367620
1356.112760779938 98.790062319197745
1375.8378750985323 98.867767712884273
1395.8498978115715 98.941455879566945
1416.153002097749 99.011150990430707
1436.7514218360407 99.079773335421237
1457.6494524886093 99.146519280814232
1478.8514519965543 99.212631385029596
1500.3618416886875 99.277491446227003
1522.1851072035295 99.337287193737666
1544.3257994247153 99.393314498561779
1566.788535430007 99.447792485032011
1589.5779994541087 99.503361878657103
1612.6989438654878 99.561509296295640
1636.156190157402 99.621336722999814
1659.9546299533442 99.680988389685226
1684.099226027109 99.739292188903448
1708.5950133376978 99.796784231476963
1733.4471000792773 99.856448808196603
1758.6606687464096 99.920364165490525
1784.2409772147755 99.988635458024191
1810.193359837619 100.059837540348582
1836.5232285581387 100.133034575391633
1863.2360740380593 100.209678779152654
1890.3374668026197 100.293273144432334
1917.833058402214 100.384989059735574
1945.7285825909298 100.482879182371903
1974.0298565222283 100.585468677740920
2002.7427819620161 100.689919728095958
2031.8733465193618 100.795431382121635
2061.4276248951132 100.905400849566462
2091.411780148677 101.029453006293593
2121.832064983222 101.157374061557476
2152.694823049581 101.279851124605244
2184.0064902691106 101.402526772360090
2215.7735961758003 101.535537783747145
2248.002765277899 101.671978234745879
2280.7007184393456 101.807516254986666
2313.874274281297 101.945196903600205
2347.530350604038 102.088503990067167
2381.6759658295764 102.231184308619873
2416.318240465218 102.373904785907399
2451.4643985884327 102.516125899336089
2487.1217693533167 102.656989537655392
2523.2977885189675 102.796114041085048
2560.0000000000887 102.935750000000326
2597.236057440151 103.079151525452588
2635.0137258074315 103.226803301885525
2673.340883014273 103.367276612625318
2712.225521559891 103.498973795788316
2751.6757501970797 103.627446188140510
2791.699795623158 103.757920583220553
2832.3060041955137 103.882564132670439
2873.502843672097 103.997577450420891
2915.2989049772345 104.100657590949922
2957.7029039931244 104.189324646388997
3000.723683377391 104.257814143799564
3044.370214407075 104.305496171525661
3088.6515988494466 104.333926929511023
3133.57707086003 104.342705286614247
3179.1559989082334 104.334044760316601
3225.3978877309914 104.318348802662229
3272.3123803148205 104.298066933645742
3319.9092599067053 104.269368962470907
3368.198452054235 104.226299718219792
3417.190026675413 104.165902561053898
3466.8942001585724 104.087759381716154
3517.3213374928373 103.992818044764761
3568.4819544295697 103.882067407090517
3620.386719675257 103.754179060057311
3673.0464571162966 103.609165274362738
3726.472148076138 103.449730505406251
3780.6749336052594 103.284598772509781
3835.6661168044484 103.117875004914481
3891.45716518188 102.945239393265140
3948.059713044477 102.765172537877262
4005.4855639240527 102.562109144055896
4063.746693038744 102.339606895170988
4122.855249790247 102.104079332125721
4182.823560297375 101.853782224765894
4243.664129966465 101.601293860639174
4305.389646099183 101.351595094066624
4368.012980538242 101.102398402360478
4431.5471923516225 100.873369730336663
4496.00553055582 100.667982717013075
4561.401436878714 100.486473673821394
4627.748548562617 100.328857190494546
4695.060701208099 100.191814973453418
4763.351931659176 100.064108184549681
4832.63648093046 99.933100673329761
4902.928797176889 99.785791851904960
4974.243538706657 99.627166675087466
5046.595577037959 99.462121395169191
5120.000000000202 99.291214285713806
5194.472114880326 99.115037556140948
5270.027451614888 98.937560831850192
5346.6817660285715 98.763633070586422
5424.451043119808 98.595517794546680
5503.351500394186 98.435940245648652
5583.399591246343 98.288484488311298
5664.612008391055 98.157382206868007
5747.005687344222 98.044418033003325
5830.597809954497 97.954103817737774
5915.405807986278 97.890337676805501
6001.447366754812 97.856481907915565
6088.740428814181 97.858371855181801
6177.303197698925 97.896442101345002
6267.154141720092 97.969001721248333
6358.3119978165005 98.077846517085021
6450.795775462017 98.223916480322401
6544.624760629676 98.407666359156948
6639.818519813445 98.625351743939206
6736.396904108505 98.870815764928622
6834.380053350861 99.134029445914621
6933.788400317181 99.404728680856394
7034.642674985712 99.668894193839776
7136.963908859177 99.903003719996889
7240.773439350552 100.080097736762212
7346.092914232631 100.174937165693052
7452.944296152315 100.163145093424049
7561.349867210557 100.023837112361122
7671.332233608935 99.768162205856811
7782.914330363799 99.413951041870718
7896.119426088994 98.984843188759754
8010.971127848146 98.513746940986096
8127.49338607753 98.041245650797464
8245.710499580537 97.603387649630548
8365.647120594791 97.230773112626835
8487.328259932974 96.936067393489736
8610.77929219841 96.737561579397436
8736.025961076528 96.648083125300246
8863.094384703289 96.661340661088332
8992.011061111683 96.753301223592999
9122.802873757471 96.890096507799385
9255.497097125279 97.087078764975558
9390.121402416245 97.357441527141205
9526.7038633184 97.588305365294474
9665.272961860968 97.593769599841863
9805.857594353829 97.252143807091485
9948.487077413367 96.526672863586015
10093.19115407597 95.446287828903124
10240.000000000457 94.159999999995819
10388.944229760706 92.797748587506703
10540.05490322983 91.480720650973865
10693.363532057198 90.252100803159578
10848.902086239672 89.141817445466245
11006.703000788428 88.167620211000383
11166.799182492743 87.332828282740849
11329.224016782166 86.657193488893057
11494.0113746885 86.097789311914823
11661.195619909053 85.736825661374866
11830.811615972614 85.513293029357584
12002.894733509682 85.489797065232324
12177.48085762842 85.610389794408206
12354.606395397908 85.923966715207996
12534.308283440243 86.344754625437545
12716.62399563306 86.969381742211993
12901.591550924093 87.772837995362011
13089.249521259411 88.629630671350114
13279.637039626952 89.316015469988116
13472.793808217073 89.669615693560871
13668.760106701786 89.591684705535997
13867.576800634426 89.148755946087221
14069.285349971487 88.553999837497116
14273.927817718419 87.976567007671207
14481.54687870117 87.622056205209944
14692.18582846533 87.545069171226743
14905.888592304698 87.496516286877579
15122.699734421185 87.118207574427828
15342.664467217943 86.047939259307839
15565.828660727671 84.081851971627287
15792.238852178061 81.312683534411690
16021.942255696367 78.110319181162282
16254.986772155136 74.891266406288395
16491.42099916115 71.916923830552733
16731.294241189662 69.229606622252888
16974.65651986603 66.838237252981656
17221.558584396902 64.867387979054513
17472.051922153143 63.398956405187946
17726.188769406665 62.267578781396089
17984.022122223458 60.771632284281537
18245.605747515034 57.727266183839475
18510.99419425065 52.196519019152134
18780.242804832582 45.507349330953730
19053.40772663689 41.932940030800033
19330.545923722028 41.481824086773145
19611.71518870775 41.394704838049478
19896.974154826825 39.769787365990268
20186.382308152035 35.887127672185180
