20 100.403000000000006
20.290906698750476 100.414151460623629
20.586044732869844 100.424511567278557
20.885475648548283 100.434515854951599
21.189261887185914 100.443677827689484
21.49746679841394 100.452680343657249
21.810154653305165 100.461253890063176
22.12739065777668 100.469025528122188
22.449240966187475 100.476731020051290
22.77577269513385 100.484641725533649
23.107053937445478 100.491641085885860
23.44315377638505 100.498124495485399
23.784142300054445 100.503992312375885
24.130090616010463 100.509234547328617
24.481070866093134 100.513989725710161
24.837156241469714 100.518828742648736
25.1984209978975 100.523480262473726
25.56494047120865 100.527649408835600
25.936791093020236 100.531196924829302
26.3140504066728 100.533880165956134
26.69679708340074 100.534500000000008
27.08511093873791 100.533882965594330
27.47907294916184 100.532453477574336
27.878765268980047 100.530606173655102
28.284271247461966 100.528294372515234
28.695675446220072 100.525434596430244
29.11306365684382 100.522095490745244
29.536522918790062 100.518707816649680
29.966141537533712 100.515270867699726
30.402009102982383 100.510979909037147
30.844216508158908 100.506377571477145
31.29285596815558 100.501330370358261
31.74802103936409 100.495527705448907
32.20980663898519 100.488433287137241
32.67830906482211 100.480290436833201
33.153626015361866 100.471427479692764
33.63585661014871 100.461511154576726
34.125101410453844 100.450747768970018
34.62146244024586 100.439706363874336
35.12504320746613 100.428374092643210
35.635948725613716 100.417373179310886
36.15428553564419 100.405605718215838
36.68016172818701 100.393676118523516
37.21368696608603 100.381298886746109
37.754972507267915 100.368989942343049
38.30413122794313 100.356105004757296
38.86127764614443 100.343169674866161
39.4265279456077 100.329744963473019
40.000000000000206 100.316500000000005
40.58181339750116 100.301954616577859
41.1720894657399 100.286721044363162
41.77095129709678 100.268395640491661
42.37852377437204 100.248904587388637
42.9949335968281 100.228914604485098
43.62030930661056 100.209457148260441
44.25478131555359 100.190752885397529
44.89848193237519 100.172791756165537
45.55154539026795 100.153990458584360
46.21410787489121 100.134541525037804
46.88630755277036 100.112294258333876
47.56828460010916 100.086671070608247
48.260181232021196 100.057972430255106
48.962141732186545 100.029201628804628
49.674312482939705 100.002627693925206
50.39684199579528 99.981578937703802
51.129880942417586 99.964431111332317
51.873582186040764 99.948227834840765
52.628100813345895 99.930029928570420
53.393594166801776 99.909430150221397
54.17022187747612 99.887422218611803
54.95814589832399 99.864582889287817
55.75753053796041 99.841819462144187
56.56854249492426 99.818512267647193
57.39135089244048 99.794650824119230
58.226127313687975 99.770103116932518
59.073045837580466 99.743979918603472
59.932283075067765 99.714336233910160
60.804018205965114 99.684362198849485
61.68843301631817 99.654443233128006
62.58571193631152 99.626187587809937
63.49604207872855 99.597378632441320
64.41961327797075 99.565684115354074
65.35661812964459 99.530056965749395
66.3072520307241 99.491863544786398
67.27171322029778 99.455261750509877
68.25020282090806 99.423244118193665
69.2429248804921 99.393969328704742
70.25008641493265 99.361496889062423
71.27189745122783 99.323352204499656
72.30857107128878 99.279922872863295
73.36032345637442 99.232744959278591
74.42737393217246 99.182913425187891
75.50994501453623 99.133052416976909
76.60826245588666 99.085983469076439
77.72255529228926 99.042183406843748
78.85305589121582 98.997002086793799
80.00000000000082 98.942999999999955
81.16362679500274 98.884333669086118
82.34417893148023 98.833212276692521
83.541902594194 98.792437878410084
84.75704754874454 98.752098435287934
85.98986719365665 98.702755430486206
87.24061861322157 98.646371659152578
88.50956263110764 98.591114307211996
89.79696386475084 98.539189124121719
91.10309078053635 98.482280035393075
92.42821574978288 98.417533985701482
93.77261510554118 98.349879925344055
95.13656920021877 98.284069850747670
96.52036246404286 98.218967501377591
97.92428346437356 98.153580917020776
99.34862496587989 98.089269135929811
100.79368399159105 98.029017201666889
102.25976188483567 97.977700635531704
103.74716437208203 97.936854605457142
105.25620162669229 97.897989606269661
106.78718833360406 97.847824447211849
108.34044375495276 97.777637368497409
109.9162917966485 97.688736081934735
111.51506107592134 97.592923101653113
113.13708498984903 97.499881147714930
114.78270178488147 97.405994678606021
116.45225462737648 97.305044370256667
118.14609167516147 97.197548818276005
119.86456615013608 97.074611703576181
121.60803641193078 96.940277002637032
123.3768660326369 96.801628868065677
125.17142387262359 96.667314633425860
126.99208415745765 96.533569940663057
128.83922655594208 96.423834252522568
130.71323625928977 96.340842394231458
132.61450406144883 96.295924617892467
134.5434264405962 96.307357374235210
136.50040564181674 96.364516225672673
138.48584976098482 96.445877389483343
140.50017282986593 96.538508987153023
142.5437949024563 96.644777334927724
144.61714214257822 96.725908546061532
146.7206469127495 96.745694328885889
148.8547478643456 96.724656437587512
151.01989002907314 96.682674353377834
153.216524911774 96.641111956217514
155.4451105845792 96.616500000000002
157.70611178243232 96.619385564954058
160.00000000000236 96.651500000000055
162.3272535900062 96.709215889032151
164.6883578629612 96.782214436896979
167.08380518838874 96.850763306312558
169.51409509748981 96.896336797637829
171.97973438731407 96.906479734387318
174.4812372264439 96.884017648173256
177.01912526221608 96.844886345699649
179.5939277295025 96.797215373139466
182.20618156107355 96.748465022964041
184.85643149956664 96.701998091907541
187.54523021108326 96.650414474933996
190.27313840043846 96.583688241747453
193.04072492808663 96.504210832099858
195.84856692874806 96.425955540167053
198.69724993176072 96.361055001364790
201.58736798318304 96.311718602913317
204.5195237696723 96.265927857800406
207.49432874416505 96.210866260744609
210.5124032533856 96.143198187500957
213.57437666720915 96.062917453318150
216.68088750990657 95.970238263764060
219.83258359329807 95.877355075794355
223.03012215184378 95.792959293514087
226.2741699796992 95.712919920487209
229.5654035697641 95.634785448848902
232.90450925475412 95.561568966146993
236.2921833503241 95.482453637003019
239.72913230027333 95.381922880217019
243.21607282386276 95.281193042858689
246.75373206527502 95.186118450745738
250.34284774524843 95.078157398941983
253.9841683149166 94.978931413418522
257.67845311188546 94.922403590043757
261.42647251858085 94.856680112795189
265.22900812289896 94.773335870033620
269.08685288119375 94.712377554351448
273.0008112836349 94.683743712551831
276.97169952197106 94.650175692579054
281.00034565973334 94.617199723472211
285.0875898049141 94.614735754361277
289.23428428515797 94.649567987995326
293.44129382550057 94.666668010859055
297.7094957286928 94.681525134196164
302.0397800581479 94.692294752565417
306.4330498235497 94.681118225970465
310.89022116916016 94.644933120062149
315.41222356486645 94.621320546828372
320.00000000000654 94.591499999999940
324.6545071800142 94.547282181789853
329.3767157259242 94.502858872176319
334.16761037677935 94.439070215762769
339.02819019498156 94.361840499821795
343.95946877463007 94.293735012174892
348.9624744528898 94.229676574448291
354.03825052443415 94.178944270122770
359.187855459007 94.141103797332846
364.4123631221491 94.093582550339590
369.71286299913527 94.030503071410550
375.0904604221685 93.945513864492952
380.54627680087896 93.855882595414130
386.08144985617537 93.781390021783423
391.6971338574982 93.729193649612995
397.3944998635236 93.690682550559558
403.1747359663683 93.653808428277458
409.0390475393468 93.589472858218812
414.9886574883323 93.523598301767777
421.0248065067734 93.485832889188160
427.1487533344206 93.463158426107398
433.3617750198154 93.435632535296122
439.6651671865984 93.393130507931005
446.06024430368984 93.350557213608084
452.54833995940066 93.334793505963461
459.13080713953053 93.375062437214240
465.8090185095106 93.444034040022871
472.58436670065066 93.508776936012850
479.45826460054917 93.568213696576152
486.432145647728 93.640526460384109
493.50746413055253 93.739034135560672
500.6856954904994 93.848885415911681
507.9683366298358 93.964497343998644
515.3569062237735 94.098051778536416
522.8529450371643 94.231887921455467
530.4580162458005 94.335851154335103
538.1737057623901 94.409175019851617
546.0016225672724 94.485016225672723
553.9433990439449 94.563340828477237
562.0006913194694 94.635305115764069
570.1751796098309 94.695244513341777
578.4685685703187 94.730491416423860
586.8825876510039 94.786898760469768
595.4189914573883 94.857458074397883
604.0795601162986 94.922732333205062
612.8660996471021 94.982648168807046
621.780442338323 95.065335788763463
630.8244471297356 95.161203248940865
640.0000000000159 95.252500000000168
649.3090143600314 95.342797439292298
658.7534314518515 95.425217182058503
668.3352207535618 95.506849376405285
678.0563803899662 95.593104604490208
687.9189375492632 95.678206916046207
697.9249489057827 95.760192086136840
708.0765010488715 95.852919109859386
718.3757109180171 95.966064318919493
728.8247262443015 96.099662677488141
739.425725998274 96.239419583177209
750.1809208443404 96.372020282761810
761.0925536017613 96.493866848553012
772.1628997123541 96.607192520156218
783.3942677149998 96.721879815853470
794.7889997270506 96.846224871895203
806.34947193274 96.980899979201297
818.0780950786972 97.114625272978031
829.9773149766683 97.242953242446433
842.0496130135506 97.376432823913746
854.2975066688449 97.523532891692525
866.7235500396347 97.664233925413114
879.3303343732008 97.791421659826739
892.1204886073838 97.910271145567691
905.0966799188055 98.035165692494331
918.2616142790653 98.174414431796009
931.6180370190256 98.308589572483314
945.1687334013056 98.429031628361201
958.9165292011028 98.551491806910008
972.8642912954606 98.681875052591835
987.0149282611097 98.809672241724556
1001.3713909810035 98.935982501286830
1015.9366732596762 99.074397955038762
1030.7138124475518 99.222026285234762
1045.7058900743334 99.357360356853960
1060.916032491606 99.481591620342513
1076.3474115247852 99.618800409485459
1092.0032451345498 99.765903192106407
1107.8867980878947 99.903200855517127
1124.0013826389438 100.039567845679500
1140.350359219667 100.184859438074540
1156.9371371406426 100.330253976734170
1173.765175302013 100.473680108590600
1190.837982914782 100.598491148648549
1208.1591202326028 100.722618738987066
1225.73219929421 100.862903518095976
1243.5608846766518 101.005137549591183
1261.648894259477 101.133153963341016
1280.0000000000375 101.259000000000242
1298.6180287200684 101.385602595296461
1317.5068629037087 101.514548040325963
1336.6704415071292 101.645775763286167
1356.112760779938 101.767593478796613
1375.8378750985323 101.884547516203867
1395.8498978115715 102.007665613877037
1416.153002097749 102.132571746199531
1436.7514218360407 102.258008531016245
1457.6494524886093 102.382784758732569
1478.8514519965543 102.508377624859534
1500.3618416886875 102.636236181636093
1522.1851072035295 102.771103962517813
1544.3257994247153 102.897497508755393
1566.788535430007 103.017136154944637
1589.5779994541087 103.136971837117699
1612.6989438654878 103.258288486977847
1636.156190157402 103.383859045865705
1659.9546299533442 103.519329594521935
1684.099226027109 103.659591696710720
1708.5950133376978 103.790631266154975
1733.4471000792773 103.916093862413831
1758.6606687464096 104.050999744979890
1784.2409772147755 104.194619111491335
1810.193359837619 104.341602151074426
1836.5232285581387 104.493526119350690
1863.2360740380593 104.653504773112928
1890.3374668026197 104.821205792848332
1917.833058402214 104.991351639757639
1945.7285825909298 105.164431783715585
1974.0298565222283 105.341426901829152
2002.7427819620161 105.517825239393403
2031.8733465193618 105.702051862607902
2061.4276248951132 105.891994036839208
2091.411780148677 106.081317748981263
2121.832064983222 106.282503843510483
2152.694823049581 106.492031370296559
2184.0064902691106 106.702442835776125
2215.7735961758003 106.910134035238300
2248.002765277899 107.117817559514663
2280.7007184393456 107.326697979241104
2313.874274281297 107.540295355400303
2347.530350604038 107.750142966174565
2381.6759658295764 107.952262500957289
2416.318240465218 108.151198058628466
2451.4643985884327 108.344407752377535
2487.1217693533167 108.530964935234252
2523.2977885189675 108.701713715404821
2560.0000000000887 108.855750000000342
2597.236057440151 108.988724482372476
2635.0137258074315 109.098284085755125
2673.340883014273 109.181890004990862
2712.225521559891 109.246856580902516
2751.6757501970797 109.285320334544991
2791.699795623158 109.299236206569930
2832.3060041955137 109.281939457524643
2873.502843672097 109.236010706055140
2915.2989049772345 109.161577463801223
2957.7029039931244 109.061700781699457
3000.723683377391 108.939666121107905
3044.370214407075 108.797995597202373
3088.6515988494466 108.641222229242658
3133.57707086003 108.470549423645878
3179.1559989082334 108.285794164519899
3225.3978877309914 108.093082850407143
3272.3123803148205 107.897849869299790
3319.9092599067053 107.698089275000243
3368.198452054235 107.490564671646254
3417.190026675413 107.284052292231337
3466.8942001585724 107.086626271391083
3517.3213374928373 106.895064624526640
3568.4819544295697 106.708628339952213
3620.386719675257 106.531335426661911
3673.0464571162966 106.364208305795302
3726.472148076138 106.207083820944533
3780.6749336052594 106.063812665986859
3835.6661168044484 105.932287832374584
3891.45716518188 105.821815853649326
3948.059713044477 105.722407628965641
4005.4855639240527 105.646060149108649
4063.746693038744 105.589627094408797
4122.855249790247 105.553143425062927
4182.823560297375 105.536161346302720
4243.664129966465 105.539637950283804
4305.389646099183 105.558001634982233
4368.012980538242 105.592374022304995
4431.5471923516225 105.648013227511427
4496.00553055582 105.720839785648451
4561.401436878714 105.812009349492314
4627.748548562617 105.915237103794482
4695.060701208099 106.032792602983790
4763.351931659176 106.161368670152427
4832.63648093046 106.291619300865520
4902.928797176889 106.414243749506596
4974.243538706657 106.529221396527660
5046.595577037959 106.622958580663123
5120.000000000202 106.689714285714416
5194.472114880326 106.721300370756651
5270.027451614888 106.713117107660722
5346.6817660285715 106.661611127461242
5424.451043119808 106.566228480025416
5503.351500394186 106.430299724270753
5583.399591246343 106.261209641593922
5664.612008391055 106.063146918980408
5747.005687344222 105.850875042284699
5830.597809954497 105.634087540815131
5915.405807986278 105.422527438352034
6001.447366754812 105.222096220448151
6088.740428814181 105.050328018994151
6177.303197698925 104.918041139920575
6267.154141720092 104.831723820481443
6358.3119978165005 104.799044760316605
6450.795775462017 104.816112077835214
6544.624760629676 104.881339770204491
6639.818519813445 104.987060446153748
6736.396904108505 105.118911541916248
6834.380053350861 105.253303166421830
6933.788400317181 105.360003416234704
7034.642674985712 105.409866066874642
7136.963908859177 105.382668151089845
7240.773439350552 105.267854762645612
7346.092914232631 105.065103509837968
7452.944296152315 104.789402920408193
7561.349867210557 104.459936049372942
7671.332233608935 104.100931880745520
7782.914330363799 103.732294362100873
7896.119426088994 103.372544707385231
8010.971127848146 103.033329398417607
8127.49338607753 102.714247761923872
8245.710499580537 102.410520716462315
8365.647120594791 102.105044639100953
8487.328259932974 101.786763317675934
8610.77929219841 101.452088009143495
8736.025961076528 101.094540996146094
8863.094384703289 100.712383632031674
8992.011061111683 100.307585268109307
9122.802873757471 99.885315198302436
9255.497097125279 99.450697862386590
9390.121402416245 99.016081479999571
9526.7038633184 98.596668667599346
9665.272961860968 98.201285383304551
9805.857594353829 97.842019816367142
9948.487077413367 97.529669756705601
10093.19115407597 97.274719693216682
10240.000000000457 97.076899999999469
10388.944229760706 96.945827328984663
10540.05490322983 96.898493137096267
10693.363532057198 96.928345412822878
10848.902086239672 97.034737099682928
11006.703000788428 97.219381476044674
11166.799182492743 97.481094251531658
11329.224016782166 97.828741348544668
11494.0113746885 98.237479479401031
11661.195619909053 98.724863541915596
11830.811615972614 99.248519245695718
12002.894733509682 99.807127519546810
12177.48085762842 100.361305978054929
12354.606395397908 100.859744360600871
12534.308283440243 101.291845288770077
12716.62399563306 101.636594552619869
12901.591550924093 101.942803966432194
13089.249521259411 102.248150292449239
13279.637039626952 102.640814376689761
13472.793808217073 103.168532093417895
13668.760106701786 103.829505791062047
13867.576800634426 104.526576820028581
14069.285349971487 104.994458099565037
14273.927817718419 105.125770349702663
14481.54687870117 104.572896668075074
14692.18582846533 103.372647435602090
14905.888592304698 101.917826114052104
15122.699734421185 100.427611173535325
15342.664467217943 99.019103920544680
15565.828660727671 97.668523568311016
15792.238852178061 96.253924161919485
16021.942255696367 94.685292661264697
16254.986772155136 93.108479022894500
16491.42099916115 91.874765226377122
16731.294241189662 91.110212321417777
16974.65651986603 90.848461193001384
17221.558584396902 91.084723543744374
17472.051922153143 91.554554078953075
17726.188769406665 91.821665065703456
17984.022122223458 91.441481949775650
18245.605747515034 89.972294262086749
18510.99419425065 87.753614079426086
18780.242804832582 86.604090559870230
19053.40772663689 85.850405162406005
19330.545923722028 84.733733465014467
19611.71518870775 83.537717814423246
19896.974154826825 82.857216032091230
20186.382308152035 82.690283148601480
