20 102.704377309236946
20.290906698750476 102.696358307527930
20.586044732869844 102.687236290932844
20.885475648548283 102.677031389440288
21.189261887185914 102.666477421987196
21.49746679841394 102.655895915875348
21.810154653305165 102.645323106331830
22.12739065777668 102.634550497315843
22.449240966187475 102.623558292664399
22.77577269513385 102.612115503542583
23.107053937445478 102.600034878547291
23.44315377638505 102.586718970225135
23.784142300054445 102.571613373179332
24.130090616010463 102.554924574918147
24.481070866093134 102.537213421620237
24.837156241469714 102.518968540103657
25.1984209978975 102.500388926847961
25.56494047120865 102.481797509207212
25.936791093020236 102.463515061233281
26.3140504066728 102.445919325790356
26.69679708340074 102.429060180180741
27.08511093873791 102.413092653903050
27.47907294916184 102.397611991510331
27.878765268980047 102.382278578723174
28.284271247461966 102.366620576016302
28.695675446220072 102.350270037917397
29.11306365684382 102.332455120912698
29.536522918790062 102.312008955131802
29.966141537533712 102.288741869120400
30.402009102982383 102.263374129559850
30.844216508158908 102.236914707281642
31.29285596815558 102.210156754710766
31.74802103936409 102.184010168217952
32.20980663898519 102.158894484190412
32.67830906482211 102.134767154304058
33.153626015361866 102.111115755984827
33.63585661014871 102.087768553002320
34.125101410453844 102.064108581864147
34.62146244024586 102.039566399103478
35.12504320746613 102.013641696455124
35.635948725613716 101.985996717178438
36.15428553564419 101.957011227879207
36.68016172818701 101.927139918959782
37.21368696608603 101.897023954584427
37.754972507267915 101.867928617984035
38.30413122794313 101.841797001146006
38.86127764614443 101.819466892850727
39.4265279456077 101.799606851869726
40.000000000000206 101.779669061876234
40.58181339750116 101.758031522420737
41.1720894657399 101.733458357913293
41.77095129709678 101.705536693997274
42.37852377437204 101.674803954991773
42.9949335968281 101.642882642303945
43.62030930661056 101.611883421847850
44.25478131555359 101.583082080522203
44.89848193237519 101.556244046586585
45.55154539026795 101.530058533293015
46.21410787489121 101.503261242582539
46.88630755277036 101.474723070105313
47.56828460010916 101.444206572603719
48.260181232021196 101.412576398035384
48.962141732186545 101.380438216642801
49.674312482939705 101.348016969373759
50.39684199579528 101.315300457514994
51.129880942417586 101.282113881852780
51.873582186040764 101.248563105203431
52.628100813345895 101.216411513660120
53.393594166801776 101.188121538859491
54.17022187747612 101.163550642235393
54.95814589832399 101.138906774827689
55.75753053796041 101.109958183697600
56.56854249492426 101.075677355918458
57.39135089244048 101.038416780346125
58.226127313687975 101.001335507564079
59.073045837580466 100.964829661135923
59.932283075067765 100.927784043066907
60.804018205965114 100.890393616143839
61.68843301631817 100.854115436624340
62.58571193631152 100.819729737007208
63.49604207872855 100.787096245942706
64.41961327797075 100.756930637781551
65.35661812964459 100.730085007524877
66.3072520307241 100.705136239785645
67.27171322029778 100.679841963551297
68.25020282090806 100.653343293263219
69.2429248804921 100.623244195821513
70.25008641493265 100.584766490316312
71.27189745122783 100.534846454846843
72.30857107128878 100.478590645949723
73.36032345637442 100.427878719171588
74.42737393217246 100.387083012222860
75.50994501453623 100.349894499462351
76.60826245588666 100.308107915683294
77.72255529228926 100.261185514376621
78.85305589121582 100.215981712326879
80.00000000000082 100.180503857715422
81.16362679500274 100.150182508416833
82.34417893148023 100.104469914643374
83.541902594194 100.034070450100728
84.75704754874454 99.964775035728323
85.98986719365665 99.916364420265950
87.24061861322157 99.880212712725495
88.50956263110764 99.838726565030441
89.79696386475084 99.788620908151358
91.10309078053635 99.738756634133978
92.42821574978288 99.692034042701692
93.77261510554118 99.641672367517629
95.13656920021877 99.583950194136719
96.52036246404286 99.527619491023060
97.92428346437356 99.482747840626402
99.34862496587989 99.444651501009957
100.79368399159105 99.400329828263978
102.25976188483567 99.342837509290064
103.74716437208203 99.268181943340977
105.25620162669229 99.194579927702563
106.78718833360406 99.145918941578117
108.34044375495276 99.098941931180065
109.9162917966485 99.017642392051101
111.51506107592134 98.963060094982012
113.13708498984903 98.971160187372533
114.78270178488147 98.981389306063733
116.45225462737648 98.947375904485142
118.14609167516147 98.881800008428897
119.86456615013608 98.813514909313682
121.60803641193078 98.771206863317673
123.3768660326369 98.764710068751782
125.17142387262359 98.770764807582282
126.99208415745765 98.739586288779435
128.83922655594208 98.663978686292381
130.71323625928977 98.588441836812621
132.61450406144883 98.551535712649127
134.5434264405962 98.525772783518732
136.50040564181674 98.462393109095444
138.48584976098482 98.365774051827032
140.50017282986593 98.268311693260557
142.5437949024563 98.183011782802453
144.61714214257822 98.115035273281777
146.7206469127495 98.047490605860460
148.8547478643456 97.962730641389157
151.01989002907314 97.872637995450134
153.216524911774 97.800942430031540
155.4451105845792 97.723274000076017
157.70611178243232 97.618337590890661
160.00000000000236 97.524109696668248
162.3272535900062 97.436487943311676
164.6883578629612 97.320624159079557
167.08380518838874 97.221635887937339
169.51409509748981 97.159264415023415
171.97973438731407 97.078334195112859
174.4812372264439 96.966894575838111
177.01912526221608 96.874766439472637
179.5939277295025 96.783075032857937
182.20618156107355 96.675498684936684
184.85643149956664 96.564873204870111
187.54523021108326 96.467960587057092
190.27313840043846 96.381243467678587
193.04072492808663 96.289671095776328
195.84856692874806 96.206252561386549
198.69724993176072 96.171116323262950
201.58736798318304 96.182243487786877
204.5195237696723 96.209020140639524
207.49432874416505 96.241444019922511
210.5124032533856 96.266552481567601
213.57437666720915 96.283326216449780
216.68088750990657 96.320155582299847
219.83258359329807 96.350937009953256
223.03012215184378 96.401743551782104
226.2741699796992 96.490762138750512
229.5654035697641 96.591136600714421
232.90450925475412 96.661535790241203
236.2921833503241 96.701202115580656
239.72913230027333 96.746660203387108
243.21607282386276 96.777355254393115
246.75373206527502 96.753053479222487
250.34284774524843 96.732670122973161
253.9841683149166 96.739941571779994
257.67845311188546 96.707304839823223
261.42647251858085 96.645533384452790
265.22900812289896 96.592366501976585
269.08685288119375 96.528188496431710
273.0008112836349 96.439910786437792
276.97169952197106 96.379629115389008
281.00034565973334 96.356308972120857
285.0875898049141 96.311201111863085
289.23428428515797 96.247045363323764
293.44129382550057 96.174470063730070
297.7094957286928 96.090127690284703
302.0397800581479 96.036153356840600
306.4330498235497 96.009751830419049
310.89022116916016 95.936043774681480
315.41222356486645 95.846706026515520
320.00000000000654 95.771641169123058
324.6545071800142 95.703396823503851
329.3767157259242 95.640549744838296
334.16761037677935 95.585415344881881
339.02819019498156 95.517170571091526
343.95946877463007 95.415737302737568
348.9624744528898 95.297043321386610
354.03825052443415 95.216330716953593
359.187855459007 95.158517803756141
364.4123631221491 95.089199516126214
369.71286299913527 95.033880541654696
375.0904604221685 94.987638238394112
380.54627680087896 94.962090313189719
386.08144985617537 94.967883548914273
391.6971338574982 94.978342577007680
397.3944998635236 94.956774612002846
403.1747359663683 94.924532329583144
409.0390475393468 94.862145857748772
414.9886574883323 94.797102295995160
421.0248065067734 94.756669508317202
427.1487533344206 94.727808032713952
433.3617750198154 94.666780959534009
439.6651671865984 94.587191905074036
446.06024430368984 94.513720748970371
452.54833995940066 94.470015973422164
459.13080713953053 94.433664279969676
465.8090185095106 94.376367961866578
472.58436670065066 94.304322949032127
479.45826460054917 94.230500274083710
486.432145647728 94.183481637398273
493.50746413055253 94.177306084590498
500.6856954904994 94.144034439069742
507.9683366298358 94.092077217160934
515.3569062237735 94.046767408444822
522.8529450371643 93.999432636854465
530.4580162458005 93.955666674688302
538.1737057623901 93.949857168365085
546.0016225672724 93.947703097258653
553.9433990439449 93.953320048329957
562.0006913194694 93.959194493146953
570.1751796098309 93.962450621136625
578.4685685703187 93.974963619963660
586.8825876510039 93.990524529427006
595.4189914573883 93.997983137114346
604.0795601162986 94.021692450040149
612.8660996471021 94.063199496446884
621.780442338323 94.101326863530900
630.8244471297356 94.131434770563857
640.0000000000159 94.157607632437902
649.3090143600314 94.196246481691389
658.7534314518515 94.244140227369527
668.3352207535618 94.286560066567773
678.0563803899662 94.332685935985680
687.9189375492632 94.379864880637470
697.9249489057827 94.423129175427079
708.0765010488715 94.481321812046076
718.3757109180171 94.556223543199906
728.8247262443015 94.626169396096614
739.425725998274 94.693572482164228
750.1809208443404 94.772227795016789
761.0925536017613 94.859099903628021
772.1628997123541 94.937539141195487
783.3942677149998 95.024276761174235
794.7889997270506 95.116552884249103
806.34947193274 95.197827895578229
818.0780950786972 95.272225439760518
829.9773149766683 95.358306135481570
842.0496130135506 95.440337084893969
854.2975066688449 95.513857022203780
866.7235500396347 95.597365674159818
879.3303343732008 95.681575643476904
892.1204886073838 95.767919432792382
905.0966799188055 95.863197537261613
918.2616142790653 95.959000604577412
931.6180370190256 96.053076390400179
945.1687334013056 96.148775659527928
958.9165292011028 96.256335655550828
972.8642912954606 96.370579074321114
987.0149282611097 96.468261587984870
1001.3713909810035 96.570169167333958
1015.9366732596762 96.688250940201385
1030.7138124475518 96.816098572742732
1045.7058900743334 96.942438818113061
1060.916032491606 97.052671293851446
1076.3474115247852 97.177345020740546
1092.0032451345498 97.306166927639509
1107.8867980878947 97.431003223065332
1124.0013826389438 97.559242378446612
1140.350359219667 97.696626328487568
1156.9371371406426 97.847848451096823
1173.765175302013 97.988314467633771
1190.837982914782 98.130006022064109
1208.1591202326028 98.276552934012258
1225.73219929421 98.424386163054038
1243.5608846766518 98.570832846564230
1261.648894259477 98.712939864077015
1280.0000000000375 98.863194026039068
1298.6180287200684 99.018704260737067
1317.5068629037087 99.175575621378471
1336.6704415071292 99.330938908193545
1356.112760779938 99.479951856490374
1375.8378750985323 99.628606774479749
1395.8498978115715 99.789024529944982
1416.153002097749 99.949493979874646
1436.7514218360407 100.097729187112279
1457.6494524886093 100.239216363634938
1478.8514519965543 100.392828584210633
1500.3618416886875 100.550153099342111
1522.1851072035295 100.699623467314183
1544.3257994247153 100.845426401295498
1566.788535430007 101.002679331931091
1589.5779994541087 101.165660253968284
1612.6989438654878 101.322174165649642
1636.156190157402 101.477442641506315
1659.9546299533442 101.644739611920031
1684.099226027109 101.802140994093321
1708.5950133376978 101.951844876291545
1733.4471000792773 102.106578679925406
1758.6606687464096 102.266996960601958
1784.2409772147755 102.425184163822550
1810.193359837619 102.584800797896264
1836.5232285581387 102.737905214431777
1863.2360740380593 102.892215218010449
1890.3374668026197 103.050213609707797
1917.833058402214 103.213571330898930
1945.7285825909298 103.378551218197117
1974.0298565222283 103.533531797290507
2002.7427819620161 103.676212705200513
2031.8733465193618 103.827748280772482
2061.4276248951132 103.987194068408371
2091.411780148677 104.137932232706888
2121.832064983222 104.275054525237636
2152.694823049581 104.409306724675844
2184.0064902691106 104.540785637122298
2215.7735961758003 104.677324795102109
2248.002765277899 104.811603327850193
2280.7007184393456 104.935064724044011
2313.874274281297 105.048389317578128
2347.530350604038 105.168805185853898
2381.6759658295764 105.286934957662538
2416.318240465218 105.386481069052167
2451.4643985884327 105.480751346387549
2487.1217693533167 105.568796469639281
2523.2977885189675 105.646594265658592
2560.0000000000887 105.716072230569551
2597.236057440151 105.780921752331636
2635.0137258074315 105.847965586212410
2673.340883014273 105.901993222041057
2712.225521559891 105.947408193784398
2751.6757501970797 106.000742860287488
2791.699795623158 106.056700600405833
2832.3060041955137 106.106680014040734
2873.502843672097 106.152516995439697
2915.2989049772345 106.197632509801963
2957.7029039931244 106.242472545337108
3000.723683377391 106.280918983986794
3044.370214407075 106.306083492701532
3088.6515988494466 106.315605427335726
3133.57707086003 106.307748071222832
3179.1559989082334 106.276698280721206
3225.3978877309914 106.223450066144096
3272.3123803148205 106.164523900007026
3319.9092599067053 106.100653761009340
3368.198452054235 106.033268538589994
3417.190026675413 105.972968485127154
3466.8942001585724 105.925464148498037
3517.3213374928373 105.888953030837541
3568.4819544295697 105.859439408386208
3620.386719675257 105.835850981913410
3673.0464571162966 105.811367946810520
3726.472148076138 105.788670583815303
3780.6749336052594 105.770112968097507
3835.6661168044484 105.753114262244168
3891.45716518188 105.732804878454459
3948.059713044477 105.701918292847594
4005.4855639240527 105.656866883816065
4063.746693038744 105.601437441240108
4122.855249790247 105.534716911827061
4182.823560297375 105.450564929492202
4243.664129966465 105.345530683554472
4305.389646099183 105.220403606740376
4368.012980538242 105.073313746244025
4431.5471923516225 104.904541951577727
4496.00553055582 104.714892895929438
4561.401436878714 104.506068199209125
4627.748548562617 104.279598679598024
4695.060701208099 104.032305659261269
4763.351931659176 103.767047901041707
4832.63648093046 103.495996637322406
4902.928797176889 103.217583035963344
4974.243538706657 102.931105663199503
5046.595577037959 102.645408087999755
5120.000000000202 102.372014945090086
5194.472114880326 102.116419760213944
5270.027451614888 101.876946056309990
5346.6817660285715 101.655377919455589
5424.451043119808 101.456826418528024
5503.351500394186 101.285755250874587
5583.399591246343 101.143427138107711
5664.612008391055 101.036632071548041
5747.005687344222 100.966703041464996
5830.597809954497 100.936434551966528
5915.405807986278 100.944689744719412
6001.447366754812 100.985330230302353
6088.740428814181 101.051176827938548
6177.303197698925 101.146622216393013
6267.154141720092 101.267542666271595
6358.3119978165005 101.404794326065172
6450.795775462017 101.533689312979547
6544.624760629676 101.614629152903603
6639.818519813445 101.617209774133485
6736.396904108505 101.521236358368952
6834.380053350861 101.300818544697194
6933.788400317181 100.959061246942866
7034.642674985712 100.497875394397454
7136.963908859177 99.919111754228851
7240.773439350552 99.235246348146305
7346.092914232631 98.473741379142339
7452.944296152315 97.659143804468187
7561.349867210557 96.821167659691383
7671.332233608935 95.985218601278575
7782.914330363799 95.179551718444174
7896.119426088994 94.435852709028410
8010.971127848146 93.776459552655027
8127.49338607753 93.204687194703581
8245.710499580537 92.724974754789542
8365.647120594791 92.319807930871164
8487.328259932974 91.962685304323003
8610.77929219841 91.616851088037251
8736.025961076528 91.250883698752816
8863.094384703289 90.878025338179668
8992.011061111683 90.603754830340648
9122.802873757471 90.559945201304970
9255.497097125279 90.827759131877599
9390.121402416245 91.435246950760188
9526.7038633184 92.333362261123341
9665.272961860968 93.415257220711069
9805.857594353829 94.578780671373835
9948.487077413367 95.752832324851653
10093.19115407597 96.872923861992462
10240.000000000457 97.844127595965901
10388.944229760706 98.572374553627924
10540.05490322983 99.017262256954581
10693.363532057198 99.199086549839834
10848.902086239672 99.159259289247984
11006.703000788428 98.980747003364755
11166.799182492743 98.732433151013993
11329.224016782166 98.504559836418935
11494.0113746885 98.367111538800685
11661.195619909053 98.309901694987047
11830.811615972614 98.309915493606724
12002.894733509682 98.266126544189405
12177.48085762842 97.993426922703122
12354.606395397908 97.328018409127537
12534.308283440243 96.200868763427323
12716.62399563306 94.670231824882791
12901.591550924093 92.946809645922755
13089.249521259411 91.368954228352720
13279.637039626952 90.181704154215637
13472.793808217073 89.413753507104872
13668.760106701786 88.977367941004516
13867.576800634426 88.620696443409287
14069.285349971487 87.830205563162238
14273.927817718419 85.926810406159504
14481.54687870117 82.548603414854654
14692.18582846533 78.429073283198704
14905.888592304698 74.804208972020945
15122.699734421185 72.358709217815118
15342.664467217943 71.280915639574033
15565.828660727671 71.779762124626245
15792.238852178061 73.161894057338642
16021.942255696367 74.533533776632197
16254.986772155136 75.558054487803929
16491.42099916115 76.129033660173206
16731.294241189662 76.244711993147376
16974.65651986603 76.591004334571366
17221.558584396902 78.070102440615955
17472.051922153143 79.437135245960135
17726.188769406665 79.881132926633867
17984.022122223458 79.378492903349198
18245.605747515034 78.376611535144718
18510.99419425065 78.055386902226857
18780.242804832582 79.538294650289203
19053.40772663689 81.948086074401814
19330.545923722028 83.708624016823450
19611.71518870775 84.291864115948471
19896.974154826825 83.753282516612856
20186.382308152035 82.398974669882094
