20 91.147500000000008
20.290906698750476 91.212999932931382
20.586044732869844 91.278000157209163
20.885475648548283 91.342000134983891
21.189261887185914 91.404499977058421
21.49746679841394 91.463999961549035
21.810154653305165 91.520000107473933
22.12739065777668 91.571500100505347
22.449240966187475 91.620999839974033
22.77577269513385 91.670000098978122
23.107053937445478 91.718999990404541
23.44315377638505 91.769500121110212
23.784142300054445 91.823000048747161
24.130090616010463 91.879999935854272
24.481070866093134 91.940999976430746
24.837156241469714 92.005500045616017
25.1984209978975 92.074499999594082
25.56494047120865 92.145499897933945
25.936791093020236 92.218000212264045
26.3140504066728 92.289999888737441
26.69679708340074 92.356500165206327
27.08511093873791 92.411999858396001
27.47907294916184 92.457499994471064
27.878765268980047 92.498500026628918
28.284271247461966 92.538000023543646
28.695675446220072 92.577500041844999
29.11306365684382 92.617499966413135
29.536522918790062 92.659499893149004
29.966141537533712 92.704000055697065
30.402009102982383 92.749999903621898
30.844216508158908 92.797999946804737
31.29285596815558 92.846499996534504
31.74802103936409 92.894000101649965
32.20980663898519 92.937999873722873
32.67830906482211 92.974999928399512
33.153626015361866 93.006500063395123
33.63585661014871 93.036499975834261
34.125101410453844 93.065999902881430
34.62146244024586 93.098999896674755
35.12504320746613 93.135500097249292
35.635948725613716 93.177000063223403
36.15428553564419 93.222500047023999
36.68016172818701 93.268500064380717
37.21368696608603 93.313499916970841
37.754972507267915 93.353499895582786
38.30413122794313 93.386500011907629
38.86127764614443 93.414999932205518
39.4265279456077 93.442499947958055
40.000000000000206 93.470500000000015
40.58181339750116 93.502999965949783
41.1720894657399 93.540500029659896
41.77095129709678 93.579000083561198
42.37852377437204 93.618499919599856
42.9949335968281 93.659999971976418
43.62030930661056 93.705500103340682
44.25478131555359 93.756000104607622
44.89848193237519 93.806499917369820
45.55154539026795 93.850500073707110
46.21410787489121 93.881999994731927
46.88630755277036 93.904500014642494
47.56828460010916 93.922000041778318
48.260181232021196 93.940000005971172
48.962141732186545 93.958499965807633
49.674312482939705 93.975999987701897
50.39684199579528 93.994499975072955
51.129880942417586 94.014499944063729
51.873582186040764 94.037000037862441
52.628100813345895 94.061499993837685
53.393594166801776 94.089000048250711
54.17022187747612 94.123499946713409
54.95814589832399 94.166000051880474
55.75753053796041 94.211000026628938
56.56854249492426 94.248000017506826
57.39135089244048 94.273000020386036
58.226127313687975 94.290499986892939
59.073045837580466 94.303499966927077
59.932283075067765 94.313000016723009
60.804018205965114 94.319999985645850
61.68843301631817 94.329999973181771
62.58571193631152 94.346999998656244
63.49604207872855 94.371000063249028
64.41961327797075 94.400499875519031
65.35661812964459 94.436499884013713
66.3072520307241 94.476500037540006
67.27171322029778 94.507000003389322
68.25020282090806 94.517999977339059
69.2429248804921 94.517000006262137
70.25008641493265 94.518500016603525
71.27189745122783 94.526000015454599
72.30857107128878 94.537500001020391
73.36032345637442 94.554500043896752
74.42737393217246 94.573999961381787
75.50994501453623 94.585999963317931
76.60826245588666 94.584499994754864
77.72255529228926 94.582500000000010
78.85305589121582 94.593999972120344
80.00000000000082 94.615500000000011
81.16362679500274 94.639499975236220
82.34417893148023 94.661500030750744
83.541902594194 94.677500009216757
84.75704754874454 94.681499997990002
85.98986719365665 94.678000003258546
87.24061861322157 94.672499993799562
88.50956263110764 94.670000006153387
89.79696386475084 94.675499980587503
91.10309078053635 94.690500048436121
92.42821574978288 94.715000015672331
93.77261510554118 94.742000019523360
95.13656920021877 94.762500025531182
96.52036246404286 94.769499998842264
97.92428346437356 94.758500028793563
99.34862496587989 94.736500000548986
100.79368399159105 94.719500019387681
102.25976188483567 94.716499994406377
103.74716437208203 94.729500020508823
105.25620162669229 94.736999998186434
106.78718833360406 94.731500007539182
108.34044375495276 94.744499969756276
109.9162917966485 94.782500040602173
111.51506107592134 94.814500012648750
113.13708498984903 94.828999999937651
114.78270178488147 94.830999995708211
116.45225462737648 94.827000000889541
118.14609167516147 94.820000015646613
119.86456615013608 94.809500000000000
121.60803641193078 94.813999981544669
123.3768660326369 94.828999976598368
125.17142387262359 94.824500007511517
126.99208415745765 94.800499955395480
128.83922655594208 94.774000093854610
130.71323625928977 94.747000082411290
132.61450406144883 94.728999987129129
134.5434264405962 94.715500004334473
136.50040564181674 94.694500074457480
138.48584976098482 94.670500060471994
140.50017282986593 94.645999921726087
142.5437949024563 94.612499965926531
144.61714214257822 94.575499997551034
146.7206469127495 94.537999902965069
148.8547478643456 94.496500079167305
151.01989002907314 94.461500102656487
153.216524911774 94.435499963284030
155.4451105845792 94.406500045811072
157.70611178243232 94.372500063193840
160.00000000000236 94.329999999999941
162.3272535900062 94.274000035013472
164.6883578629612 94.211499896418516
167.08380518838874 94.146999896221701
169.51409509748981 94.092000080000417
171.97973438731407 94.053000024113231
174.4812372264439 94.007499902859820
177.01912526221608 93.968000000000004
179.5939277295025 93.985499928614615
182.20618156107355 94.067500198631507
184.85643149956664 94.188000072204659
187.54523021108326 94.317000153579414
190.27313840043846 94.451000350473677
193.04072492808663 94.611999934008509
195.84856692874806 94.801499649078707
198.69724993176072 95.004999995059237
201.58736798318304 95.222999691181769
204.5195237696723 95.456499425062333
207.49432874416505 95.674500296589002
210.5124032533856 95.855499899664935
213.57437666720915 96.011000243510125
216.68088750990657 96.133999801015676
219.83258359329807 96.214500039070344
223.03012215184378 96.250000000000000
226.2741699796992 96.241500000106015
229.5654035697641 96.221499971156192
232.90450925475412 96.196000006671511
236.2921833503241 96.140000143996701
239.72913230027333 96.075499905705328
243.21607282386276 96.022500110732025
246.75373206527502 95.956500118679656
250.34284774524843 95.882500045068966
253.9841683149166 95.822499886728167
257.67845311188546 95.763000232240088
261.42647251858085 95.692000208982165
265.22900812289896 95.615499932427866
269.08685288119375 95.558500001564937
273.0008112836349 95.515000142440385
276.97169952197106 95.456000173528224
281.00034565973334 95.387499852939968
285.0875898049141 95.327999938364457
289.23428428515797 95.272499980071899
293.44129382550057 95.208999863689002
297.7094957286928 95.152500091663043
302.0397800581479 95.102500165029340
306.4330498235497 95.057999946237317
310.89022116916016 95.016000065662567
315.41222356486645 94.969000076999976
320.00000000000654 94.928499999999957
324.6545071800142 94.900000017506727
329.3767157259242 94.866499956321690
334.16761037677935 94.836999971059967
339.02819019498156 94.816500035200178
343.95946877463007 94.770500043542057
348.9624744528898 94.720999907153953
354.03825052443415 94.679499889944907
359.187855459007 94.624000126454092
364.4123631221491 94.565999932637993
369.71286299913527 94.531999986006838
375.0904604221685 94.509499982279294
380.54627680087896 94.496999978602986
386.08144985617537 94.483500003500353
391.6971338574982 94.448000077382630
397.3944998635236 94.407000007155204
403.1747359663683 94.370000052623709
409.0390475393468 94.326000113021877
414.9886574883323 94.275999923269808
421.0248065067734 94.234000029668437
427.1487533344206 94.205499963273866
433.3617750198154 94.181500045783977
439.6651671865984 94.137999945629474
446.06024430368984 94.081499980757030
452.54833995940066 94.031000000293048
459.13080713953053 93.986999942312337
465.8090185095106 93.944500015978178
472.58436670065066 93.901000088321254
479.45826460054917 93.858499925652239
486.432145647728 93.817500078216398
493.50746413055253 93.779500067057711
500.6856954904994 93.752000011691578
507.9683366298358 93.741500001851392
515.3569062237735 93.744999977525154
522.8529450371643 93.751999983281422
530.4580162458005 93.760500016088599
538.1737057623901 93.777999999386296
546.0016225672724 93.800999925542556
553.9433990439449 93.816499963190978
562.0006913194694 93.829000039915371
570.1751796098309 93.849000025006092
578.4685685703187 93.871000003371520
586.8825876510039 93.888500043896755
595.4189914573883 93.908499964353268
604.0795601162986 93.930999924361544
612.8660996471021 93.948000011987006
621.780442338323 93.958499981973091
630.8244471297356 93.970999979018373
640.0000000000159 93.985500000000030
649.3090143600314 94.004499985785685
658.7534314518515 94.020000014089788
668.3352207535618 94.031000035780778
678.0563803899662 94.057499950399759
687.9189375492632 94.095999971395983
697.9249489057827 94.128000060638897
708.0765010488715 94.157500082021386
718.3757109180171 94.194499920456309
728.8247262443015 94.243000107492321
739.425725998274 94.305500040860068
750.1809208443404 94.380500096873192
761.0925536017613 94.463000191811005
772.1628997123541 94.551499973072339
783.3942677149998 94.640999849442494
794.7889997270506 94.724499990761132
806.34947193274 94.804499894809766
818.0780950786972 94.880999814437530
829.9773149766683 94.947000106287078
842.0496130135506 95.011499951788821
854.2975066688449 95.079500127760014
866.7235500396347 95.153999866169940
879.3303343732008 95.233000075730388
892.1204886073838 95.310000032960829
905.0966799188055 95.385999999526163
918.2616142790653 95.464000110361852
931.6180370190256 95.551999966185747
945.1687334013056 95.647499798122880
958.9165292011028 95.740500161389065
972.8642912954606 95.830999817917800
987.0149282611097 95.928499816950605
1001.3713909810035 96.031999941561935
1015.9366732596762 96.132000179585091
1030.7138124475518 96.228999643197199
1045.7058900743334 96.327999714711154
1060.916032491606 96.432500112620232
1076.3474115247852 96.536999996808802
1092.0032451345498 96.636999679509245
1107.8867980878947 96.737499728113363
1124.0013826389438 96.846000262799024
1140.350359219667 96.953000103150117
1156.9371371406426 97.050000017606877
1173.765175302013 97.147000229660378
1190.837982914782 97.250999813882572
1208.1591202326028 97.358999628684018
1225.73219929421 97.465500124664914
1243.5608846766518 97.568499838541840
1261.648894259477 97.673999814662253
1280.0000000000375 97.782000000000224
1298.6180287200684 97.889999923953454
1317.5068629037087 97.999000154987613
1336.6704415071292 98.109000177277593
1356.112760779938 98.218499818361792
1375.8378750985323 98.327499913248886
1395.8498978115715 98.436500238224312
1416.153002097749 98.546000253094618
1436.7514218360407 98.653499776588944
1457.6494524886093 98.760000187656118
1478.8514519965543 98.861500053733806
1500.3618416886875 98.955500107505657
1522.1851072035295 99.045500192282802
1544.3257994247153 99.133999973664189
1566.788535430007 99.228999834044600
1589.5779994541087 99.337999982481250
1612.6989438654878 99.463999824232133
1636.156190157402 99.602999641584859
1659.9546299533442 99.744000229181538
1684.099226027109 99.880499905440345
1708.5950133376978 100.009500201750967
1733.4471000792773 100.124999801015861
1758.6606687464096 100.228500089440217
1784.2409772147755 100.322000032786974
1810.193359837619 100.400500002107236
1836.5232285581387 100.461000061453504
1863.2360740380593 100.502499986251365
1890.3374668026197 100.526999955839386
1917.833058402214 100.534999989119825
1945.7285825909298 100.523500033645618
1974.0298565222283 100.488000072863699
2002.7427819620161 100.430500035062821
2031.8733465193618 100.352999832203722
2061.4276248951132 100.259500360481141
2091.411780148677 100.148000327080311
2121.832064983222 100.018499849707382
2152.694823049581 99.880500004295797
2184.0064902691106 99.737500469405575
2215.7735961758003 99.586000411867829
2248.002765277899 99.431999620401385
2280.7007184393456 99.276499838502289
2313.874274281297 99.123999972653095
2347.530350604038 98.981499696631673
2381.6759658295764 98.850000224463685
2416.318240465218 98.722500432987232
2451.4643985884327 98.604499867500465
2487.1217693533167 98.499500161458116
2523.2977885189675 98.407000157362205
2560.0000000000887 98.324999999999818
2597.236057440151 98.249500052592907
2635.0137258074315 98.178999904189453
2673.340883014273 98.111999892657579
2712.225521559891 98.046500107331639
2751.6757501970797 97.981500050569565
2791.699795623158 97.914999851053381
2832.3060041955137 97.846499833613706
2873.502843672097 97.775500148244689
2915.2989049772345 97.704499876110503
2957.7029039931244 97.637499964597680
3000.723683377391 97.572499927021624
3044.370214407075 97.510499871953584
3088.6515988494466 97.453500015310752
3133.57707086003 97.401500085544001
3179.1559989082334 97.360000006046278
3225.3978877309914 97.328500039605757
3272.3123803148205 97.302000063548775
3319.9092599067053 97.283999985053384
3368.198452054235 97.276000004903096
3417.190026675413 97.272499996540120
3466.8942001585724 97.271000001740873
3517.3213374928373 97.265999994292287
3568.4819544295697 97.257499994074635
3620.386719675257 97.239499999639662
3673.0464571162966 97.207499938093449
3726.472148076138 97.156000020808733
3780.6749336052594 97.079000178186561
3835.6661168044484 96.971499758823001
3891.45716518188 96.828500300078048
3948.059713044477 96.647000339438122
4005.4855639240527 96.424500129120133
4063.746693038744 96.166499464560133
4122.855249790247 95.875501101180220
4182.823560297375 95.556500916388686
4243.664129966465 95.218999616532685
4305.389646099183 94.870500010739391
4368.012980538242 94.518501136285124
4431.5471923516225 94.174000915282065
4496.00553055582 93.840999209079087
4561.401436878714 93.523499676543338
4627.748548562617 93.220999940547955
4695.060701208099 92.929999347314521
4763.351931659176 92.642500499734069
4832.63648093046 92.345501030542465
4902.928797176889 92.023499574316048
4974.243538706657 91.660000595178843
5046.595577037959 91.252500723368641
5120.000000000202 90.828499999998911
5194.472114880326 90.445000258700134
5270.027451614888 90.170499774563382
5346.6817660285715 90.050499990319025
5424.451043119808 90.078999895970895
5503.351500394186 90.214999878633066
5583.399591246343 90.406000453411124
5664.612008391055 90.615000489785089
5747.005687344222 90.822999570296986
5830.597809954497 91.020000342518074
5915.405807986278 91.205500097088247
6001.447366754812 91.385000207351339
6088.740428814181 91.565000410631683
6177.303197698925 91.754499945061283
6267.154141720092 91.961499634942555
6358.3119978165005 92.187999964032485
6450.795775462017 92.438999658070458
6544.624760629676 92.724499252666519
6639.818519813445 93.044000569854688
6736.396904108505 93.392999746259292
6834.380053350861 93.771000684500535
6933.788400317181 94.172499294945879
7034.642674985712 94.579000375758199
7136.963908859177 94.967000146093937
7240.773439350552 95.316500003976785
7346.092914232631 95.606000297148029
7452.944296152315 95.804499935715938
7561.349867210557 95.892499876966440
7671.332233608935 95.861499788606750
7782.914330363799 95.721500323116686
7896.119426088994 95.496500433989311
8010.971127848146 95.209000164362919
8127.49338607753 94.878999340126796
8245.710499580537 94.525001322894241
8365.647120594791 94.159501037863066
8487.328259932974 93.793999608383928
8610.77929219841 93.439500013641705
8736.025961076528 93.107501049530228
8863.094384703289 92.824000716655888
8992.011061111683 92.623499696364689
9122.802873757471 92.528499995771796
9255.497097125279 92.557500026288352
9390.121402416245 92.722500596028851
9526.7038633184 93.013499444546568
9665.272961860968 93.388498671593254
9805.857594353829 93.800000462067345
9948.487077413367 94.138999527797324
10093.19115407597 94.197000064183783
10240.000000000457 93.807499999997631
10388.944229760706 92.907500732746442
10540.05490322983 91.538997780857727
10693.363532057198 89.948497453441135
10848.902086239672 88.403502506605747
11006.703000788428 86.963501109010224
11166.799182492743 85.623997248867312
11329.224016782166 84.401997398496775
11494.0113746885 83.330502144363351
11661.195619909053 82.433498617174166
11830.811615972614 81.720499688759020
12002.894733509682 81.193999556464107
12177.48085762842 80.862499599230304
12354.606395397908 80.733500021206339
12534.308283440243 80.821999750314532
12716.62399563306 81.146499942267184
12901.591550924093 81.731499135723311
13089.249521259411 82.597997615650641
13279.637039626952 83.753002282327671
13472.793808217073 85.181498950773658
13668.760106701786 86.754502619332897
13867.576800634426 88.209497585407689
14069.285349971487 89.290000690634287
14273.927817718419 89.903500124240637
14481.54687870117 90.116999998642115
14692.18582846533 89.911499118320904
14905.888592304698 89.036500402425304
15122.699734421185 87.263004254511500
15342.664467217943 84.730494979409229
15565.828660727671 82.014005276258331
15792.238852178061 79.692503893401408
16021.942255696367 77.947500895690894
16254.986772155136 76.504997294519384
16491.42099916115 75.019505669407863
16731.294241189662 73.075006023564185
16974.65651986603 69.891495164582153
17221.558584396902 65.178000194508911
17472.051922153143 59.901517008846469
17726.188769406665 54.974012902402762
17984.022122223458 50.330488816914027
18245.605747515034 45.834996299873382
18510.99419425065 43.283000106788180
18780.242804832582 44.607006225442930
19053.40772663689 47.494494738591442
19330.545923722028 50.736488908508228
19611.71518870775 53.471002216953629
19896.974154826825 54.951498202592148
20186.382308152035 55.221499960101980
