20 98.996000000000009
20.290906698750476 99.029939227984983
20.586044732869844 99.062941667031566
20.885475648548283 99.094950735845146
21.189261887185914 99.126390295374904
21.49746679841394 99.154784698576933
21.810154653305165 99.181312448202164
22.12739065777668 99.205735822688808
22.449240966187475 99.228864788140186
22.77577269513385 99.251177749759975
23.107053937445478 99.273458529129044
23.44315377638505 99.295066438949590
23.784142300054445 99.315818360128191
24.130090616010463 99.335221370898438
24.481070866093134 99.351469177130454
24.837156241469714 99.365757635115131
25.1984209978975 99.378696708679044
25.56494047120865 99.391272930924629
25.936791093020236 99.404287699317223
26.3140504066728 99.417871908495499
26.69679708340074 99.432379890627530
27.08511093873791 99.446787378462460
27.47907294916184 99.460418701830974
27.878765268980047 99.473211414655623
28.284271247461966 99.485528137423870
28.695675446220072 99.497674587940381
29.11306365684382 99.509439655077941
29.536522918790062 99.520376550050969
29.966141537533712 99.530687396900817
30.402009102982383 99.541046878913320
30.844216508158908 99.551244857045717
31.29285596815558 99.561580329243696
31.74802103936409 99.571956462866012
32.20980663898519 99.581276519501728
32.67830906482211 99.588996326907505
33.153626015361866 99.595343512184343
33.63585661014871 99.600858566101493
34.125101410453844 99.605876115515002
34.62146244024586 99.611093161962202
35.12504320746613 99.615375302452264
35.635948725613716 99.618815692353678
36.15428553564419 99.622079998749513
36.68016172818701 99.625580970369128
37.21368696608603 99.628995808762596
37.754972507267915 99.632821229593020
38.30413122794313 99.636728911595597
38.86127764614443 99.640709576358049
39.4265279456077 99.644948958903257
40.000000000000206 99.649500000000003
40.58181339750116 99.654348461140728
41.1720894657399 99.660220886052969
41.77095129709678 99.667161109003160
42.37852377437204 99.673698470870448
42.9949335968281 99.676649784155387
43.62030930661056 99.675699228237335
44.25478131555359 99.672726102384942
44.89848193237519 99.669092190701775
45.55154539026795 99.665205455333535
46.21410787489121 99.661417709622171
46.88630755277036 99.657568457852648
47.56828460010916 99.653963478908452
48.260181232021196 99.648338017447770
48.962141732186545 99.639942380859793
49.674312482939705 99.629428143378149
50.39684199579528 99.617551309507462
51.129880942417586 99.606994296421647
51.873582186040764 99.598230495401680
52.628100813345895 99.589683871079700
53.393594166801776 99.580580066765052
54.17022187747612 99.569417775701794
54.95814589832399 99.555491588328863
55.75753053796041 99.539500938905746
56.56854249492426 99.522276336359127
57.39135089244048 99.504194604920087
58.226127313687975 99.484733753500961
59.073045837580466 99.462772101953803
59.932283075067765 99.436565366210431
60.804018205965114 99.406850715420262
61.68843301631817 99.373597284934235
62.58571193631152 99.337107264715840
63.49604207872855 99.296930085417841
64.41961327797075 99.253648756018407
65.35661812964459 99.206420930064013
66.3072520307241 99.154333008233365
67.27171322029778 99.096838640680645
68.25020282090806 99.031110092663255
69.2429248804921 98.955715772478911
70.25008641493265 98.869241963411255
71.27189745122783 98.770950767621073
72.30857107128878 98.657471471445348
73.36032345637442 98.526937303758572
74.42737393217246 98.383736084326287
75.50994501453623 98.236157250930745
76.60826245588666 98.094479332790399
77.72255529228926 97.972578773523679
78.85305589121582 97.894991575188129
80.00000000000082 97.884000000000043
81.16362679500274 97.937817873813557
82.34417893148023 98.039835722447378
83.541902594194 98.166506097510052
84.75704754874454 98.312535789434634
85.98986719365665 98.474895068139247
87.24061861322157 98.645084546225533
88.50956263110764 98.810555076965542
89.79696386475084 98.952598346410838
91.10309078053635 99.071061062291022
92.42821574978288 99.164057941870567
93.77261510554118 99.232141142218438
95.13656920021877 99.277129718662636
96.52036246404286 99.306182253669277
97.92428346437356 99.323926896996340
99.34862496587989 99.331457186114534
100.79368399159105 99.326708773389385
102.25976188483567 99.311616587573923
103.74716437208203 99.289225174279835
105.25620162669229 99.267529928570411
106.78718833360406 99.248553739996765
108.34044375495276 99.225432308247491
109.9162917966485 99.190519993360880
111.51506107592134 99.148162609135539
113.13708498984903 99.115416902257763
114.78270178488147 99.095810822986380
116.45225462737648 99.073866442483791
118.14609167516147 99.043381502227504
119.86456615013608 99.006698653486438
121.60803641193078 98.967599141724264
123.3768660326369 98.920472235262636
125.17142387262359 98.867571577366917
126.99208415745765 98.810245391118812
128.83922655594208 98.752024860701852
130.71323625928977 98.691788834522839
132.61450406144883 98.630489496048995
134.5434264405962 98.571555772883599
136.50040564181674 98.520866380111386
138.48584976098482 98.483655652629153
140.50017282986593 98.467166724276623
142.5437949024563 98.467847931634140
144.61714214257822 98.482958564818844
146.7206469127495 98.515062738751638
148.8547478643456 98.550488814548146
151.01989002907314 98.579698900290737
153.216524911774 98.596506269752979
155.4451105845792 98.599630535544776
157.70611178243232 98.589103771601629
160.00000000000236 98.567999999999969
162.3272535900062 98.540072956919929
164.6883578629612 98.508676004636328
167.08380518838874 98.472826161136481
169.51409509748981 98.419370174718736
171.97973438731407 98.359694480949543
174.4812372264439 98.319658926275082
177.01912526221608 98.291097272220497
179.5939277295025 98.250403228598458
182.20618156107355 98.202906259276247
184.85643149956664 98.155555519307711
187.54523021108326 98.111776316622667
190.27313840043846 98.065234518548337
193.04072492808663 97.987182772502592
195.84856692874806 97.896937259852550
198.69724993176072 97.838914650859806
201.58736798318304 97.802657900210221
204.5195237696723 97.765752698917481
207.49432874416505 97.729815219442102
210.5124032533856 97.694351160959371
213.57437666720915 97.660362639161107
216.68088750990657 97.626510237391017
219.83258359329807 97.584511246100533
223.03012215184378 97.534275576108456
226.2741699796992 97.486782591954267
229.5654035697641 97.441867051808188
232.90450925475412 97.392916446054471
236.2921833503241 97.337496360125698
239.72913230027333 97.278638609357813
243.21607282386276 97.217907789303283
246.75373206527502 97.159094204414799
250.34284774524843 97.100000164458152
253.9841683149166 97.036277054488949
257.67845311188546 96.967029004152153
261.42647251858085 96.900608421859999
265.22900812289896 96.839192739956800
269.08685288119375 96.774922172658307
273.0008112836349 96.704110498305027
276.97169952197106 96.633009408604522
281.00034565973334 96.559993605294935
285.0875898049141 96.484432142492039
289.23428428515797 96.410206311295667
293.44129382550057 96.333180193610787
297.7094957286928 96.252748631581966
302.0397800581479 96.171519041431537
306.4330498235497 96.092516119783951
310.89022116916016 96.014421129539699
315.41222356486645 95.932373864049964
320.00000000000654 95.847499999999883
324.6545071800142 95.767442476503760
329.3767157259242 95.681406102215590
334.16761037677935 95.591648924916541
339.02819019498156 95.513160232958285
343.95946877463007 95.437816074625630
348.9624744528898 95.357015418972608
354.03825052443415 95.278618592028607
359.187855459007 95.202438524752608
364.4123631221491 95.124755789479991
369.71286299913527 95.044835768713057
375.0904604221685 94.962046171786568
380.54627680087896 94.874363408557301
386.08144985617537 94.782431642416256
391.6971338574982 94.682451590565023
397.3944998635236 94.577504502593058
403.1747359663683 94.464240719342101
409.0390475393468 94.346719049213050
414.9886574883323 94.228972124186811
421.0248065067734 94.117714058954334
427.1487533344206 94.018738390540250
433.3617750198154 93.935961885177221
439.6651671865984 93.866680911727315
446.06024430368984 93.817259022785237
452.54833995940066 93.801245166004065
459.13080713953053 93.811622075501646
465.8090185095106 93.836775419711046
472.58436670065066 93.881055295490540
479.45826460054917 93.935939906690265
486.432145647728 93.992013950617064
493.50746413055253 94.041587430047400
500.6856954904994 94.090442749070377
507.9683366298358 94.132317935621558
515.3569062237735 94.152754933016979
522.8529450371643 94.157446690935174
530.4580162458005 94.155969463446951
538.1737057623901 94.138280361841524
546.0016225672724 94.105134976101823
553.9433990439449 94.064218143296088
562.0006913194694 94.011194365746320
570.1751796098309 93.944563527199392
578.4685685703187 93.876557737723388
586.8825876510039 93.836125520013439
595.4189914573883 93.830544688894605
604.0795601162986 93.851033432914306
612.8660996471021 93.882378927311066
621.780442338323 93.911794278944612
630.8244471297356 93.937267229606775
640.0000000000159 93.962500000000034
649.3090143600314 93.988565240208089
658.7534314518515 94.024638382662218
668.3352207535618 94.063674405089614
678.0563803899662 94.099502969403886
687.9189375492632 94.138967643951986
697.9249489057827 94.183558517521305
708.0765010488715 94.230555729877253
718.3757109180171 94.283053696773692
728.8247262443015 94.338271049094800
739.425725998274 94.393513775191025
750.1809208443404 94.446397065853191
761.0925536017613 94.500500578275407
772.1628997123541 94.554250975529101
783.3942677149998 94.604159922464618
794.7889997270506 94.653136123828588
806.34947193274 94.704866307688917
818.0780950786972 94.760455383842924
829.9773149766683 94.817355093352063
842.0496130135506 94.872885790809846
854.2975066688449 94.926622528898335
866.7235500396347 94.980347600170731
879.3303343732008 95.035269987960746
892.1204886073838 95.091830149872493
905.0966799188055 95.148797974644765
918.2616142790653 95.207899758211056
931.6180370190256 95.271581105324429
945.1687334013056 95.338246272556432
958.9165292011028 95.404353513705232
972.8642912954606 95.470396454974676
987.0149282611097 95.537801965552973
1001.3713909810035 95.608994094003123
1015.9366732596762 95.683401923392296
1030.7138124475518 95.760773008651341
1045.7058900743334 95.840382395408838
1060.916032491606 95.924160316369381
1076.3474115247852 96.011045504538799
1092.0032451345498 96.098956058113203
1107.8867980878947 96.190186017235376
1124.0013826389438 96.286008295833653
1140.350359219667 96.383808360415543
1156.9371371406426 96.481807498428367
1173.765175302013 96.582532345637588
1190.837982914782 96.688612124972309
1208.1591202326028 96.795840278580016
1225.73219929421 96.905167447927752
1243.5608846766518 97.017434393543624
1261.648894259477 97.129723144408757
1280.0000000000375 97.244000000000227
1298.6180287200684 97.357038031514691
1317.5068629037087 97.471290491131867
1336.6704415071292 97.585189126967407
1356.112760779938 97.701676564679630
1375.8378750985323 97.820027250591195
1395.8498978115715 97.941288129205304
1416.153002097749 98.064225662691385
1436.7514218360407 98.189183673199850
1457.6494524886093 98.318191550678236
1478.8514519965543 98.451147915258844
1500.3618416886875 98.583221707968534
1522.1851072035295 98.717216558229666
1544.3257994247153 98.855866020387211
1566.788535430007 98.996260461083239
1589.5779994541087 99.137592036626401
1612.6989438654878 99.279717536456786
1636.156190157402 99.423499007566448
1659.9546299533442 99.570218705710730
1684.099226027109 99.719369247806441
1708.5950133376978 99.869429581359952
1733.4471000792773 100.021872020491514
1758.6606687464096 100.178196146227734
1784.2409772147755 100.335869961010133
1810.193359837619 100.493975627812731
1836.5232285581387 100.653830765062324
1863.2360740380593 100.817034216074447
1890.3374668026197 100.983058547495972
1917.833058402214 101.147928366909156
1945.7285825909298 101.311140350679210
1974.0298565222283 101.479217944872488
2002.7427819620161 101.652365265706692
2031.8733465193618 101.825771742486324
2061.4276248951132 101.995613668153894
2091.411780148677 102.165835379825154
2121.832064983222 102.334484754158552
2152.694823049581 102.501258618027123
2184.0064902691106 102.668034073912835
2215.7735961758003 102.831262320783395
2248.002765277899 102.991013135070020
2280.7007184393456 103.145793376664926
2313.874274281297 103.298934234265829
2347.530350604038 103.445711817557097
2381.6759658295764 103.585745762464043
2416.318240465218 103.722597196465500
2451.4643985884327 103.853845054847781
2487.1217693533167 103.980284741446383
2523.2977885189675 104.099344145617181
2560.0000000000887 104.211750000000265
2597.236057440151 104.316175552216407
2635.0137258074315 104.412282713174378
2673.340883014273 104.496724093292300
2712.225521559891 104.570024237370475
2751.6757501970797 104.627450103398445
2791.699795623158 104.670699795623150
2832.3060041955137 104.697414422391432
2873.502843672097 104.708910170620328
2915.2989049772345 104.705145383257957
2957.7029039931244 104.687684996244741
3000.723683377391 104.657812500791493
3044.370214407075 104.615547090338652
3088.6515988494466 104.562719211466955
3133.57707086003 104.501607960638708
3179.1559989082334 104.427851681877840
3225.3978877309914 104.342982076679192
3272.3123803148205 104.249090248945166
3319.9092599067053 104.149093276398716
3368.198452054235 104.046783250686104
3417.190026675413 103.945448046382410
3466.8942001585724 103.847063135695535
3517.3213374928373 103.752668019262757
3568.4819544295697 103.664374414279791
3620.386719675257 103.584254725257892
3673.0464571162966 103.514613786889271
3726.472148076138 103.455263130443100
3780.6749336052594 103.409808439807705
3835.6661168044484 103.375263569774091
3891.45716518188 103.358086068917032
3948.059713044477 103.351718282282491
4005.4855639240527 103.363194225569615
4063.746693038744 103.387841242221043
4122.855249790247 103.433498012279756
4182.823560297375 103.496908440644688
4243.664129966465 103.570351699745231
4305.389646099183 103.661084469148761
4368.012980538242 103.779191546031626
4431.5471923516225 103.937307603681575
4496.00553055582 104.125116453403564
4561.401436878714 104.302175966958927
4627.748548562617 104.441785105128332
4695.060701208099 104.549945593188937
4763.351931659176 104.645354721408054
4832.63648093046 104.720356455125767
4902.928797176889 104.764788370117856
4974.243538706657 104.785424353870667
5046.595577037959 104.773438882175640
5120.000000000202 104.730714285714114
5194.472114880326 104.658215989558499
5270.027451614888 104.577033161086590
5346.6817660285715 104.493941818406256
5424.451043119808 104.397491091788254
5503.351500394186 104.284115995845738
5583.399591246343 104.175495541598593
5664.612008391055 104.074350289720968
5747.005687344222 103.964721980844644
5830.597809954497 103.840890515023034
5915.405807986278 103.705543968581338
6001.447366754812 103.571955594458814
6088.740428814181 103.449699874175948
6177.303197698925 103.340076436849770
6267.154141720092 103.247703565365910
6358.3119978165005 103.169267281768640
6450.795775462017 103.101974788195065
6544.624760629676 103.047187619685161
6639.818519813445 103.007355351456894
6736.396904108505 102.984996340548065
6834.380053350861 102.978687601067008
6933.788400317181 102.983547782033298
7034.642674985712 102.996216041372648
7136.963908859177 103.014207962227545
7240.773439350552 103.032819883099336
7346.092914232631 103.042921858284657
7452.944296152315 103.037117241500198
7561.349867210557 103.009016297582889
7671.332233608935 102.946341918109667
7782.914330363799 102.829204103526308
7896.119426088994 102.628343221008976
8010.971127848146 102.304166888359532
8127.49338607753 101.841234814622126
8245.710499580537 101.253332015547556
8365.647120594791 100.573701005845038
8487.328259932974 99.855185657731028
8610.77929219841 99.132864301407636
8736.025961076528 98.431932140150138
8863.094384703289 97.769714376761357
8992.011061111683 97.156500719312078
9122.802873757471 96.596784398019508
9255.497097125279 96.092063581949063
9390.121402416245 95.645232278013026
9526.7038633184 95.261074139995486
9665.272961860968 94.934449160421124
9805.857594353829 94.665334969316177
9948.487077413367 94.461671595571630
10093.19115407597 94.337751289588851
10240.000000000457 94.291099999999943
10388.944229760706 94.326795535246049
10540.05490322983 94.457746349399471
10693.363532057198 94.680406792723716
10848.902086239672 94.997051652314468
11006.703000788428 95.400765336516073
11166.799182492743 95.870856080951114
11329.224016782166 96.360031005948656
11494.0113746885 96.785652251857869
11661.195619909053 96.966324571451608
11830.811615972614 96.948983074322271
12002.894733509682 96.664053143169554
12177.48085762842 96.259434450759272
12354.606395397908 95.735444592875808
12534.308283440243 95.163910333309587
12716.62399563306 94.554309614629261
12901.591550924093 93.980239371533088
13089.249521259411 93.435763174745901
13279.637039626952 92.986309587529306
13472.793808217073 92.662009569454625
13668.760106701786 92.483121563721397
13867.576800634426 92.468740618283903
14069.285349971487 92.610449566466059
14273.927817718419 92.853974103084909
14481.54687870117 93.230392936728975
14692.18582846533 93.692921282506887
14905.888592304698 94.086510606917983
15122.699734421185 94.249690193094949
15342.664467217943 94.037833107119937
15565.828660727671 93.374559481546555
15792.238852178061 92.296014657367238
16021.942255696367 90.975364312480139
16254.986772155136 89.756285662520469
16491.42099916115 88.940114710895699
16731.294241189662 88.381761364640425
16974.65651986603 87.987637202929534
17221.558584396902 87.832789536113609
17472.051922153143 87.887724303556084
17726.188769406665 88.004165854237570
17984.022122223458 87.883511523065977
18245.605747515034 86.999161115856424
18510.99419425065 84.603116767085368
18780.242804832582 80.396889726559664
19053.40772663689 76.794582124079213
19330.545923722028 76.237099733903335
19611.71518870775 76.511316379993957
19896.974154826825 76.318270791522920
20186.382308152035 76.041658029087984
