20 96.816499999999991
20.290906698750476 96.799530386007504
20.586044732869844 96.782314054535746
20.885475648548283 96.765323046582267
21.189261887185914 96.748590649235936
21.49746679841394 96.731882980290720
21.810154653305165 96.715492219873639
22.12739065777668 96.699948943755601
22.449240966187475 96.684702095904271
22.77577269513385 96.669716548932698
23.107053937445478 96.655182556756813
23.44315377638505 96.640773828031840
23.784142300054445 96.627134307997821
24.130090616010463 96.614163631678423
24.481070866093134 96.602841532476930
24.837156241469714 96.591885329040338
25.1984209978975 96.581791448805191
25.56494047120865 96.572376477910979
25.936791093020236 96.563422193296077
26.3140504066728 96.554838838307091
26.69679708340074 96.546564058331981
27.08511093873791 96.538797793565934
27.47907294916184 96.531267387871679
27.878765268980047 96.524818520965297
28.284271247461966 96.518735931288063
28.695675446220072 96.512956219199140
29.11306365684382 96.507304045147350
29.536522918790062 96.501098247893310
29.966141537533712 96.496372443087125
30.402009102982383 96.491476560543333
30.844216508158908 96.486197301641269
31.29285596815558 96.480589300398051
31.74802103936409 96.475519789606352
32.20980663898519 96.471741160166090
32.67830906482211 96.469286763740712
33.153626015361866 96.467846373984628
33.63585661014871 96.467364143389858
34.125101410453844 96.466749797179091
34.62146244024586 96.465392687798769
35.12504320746613 96.462749740755214
35.635948725613716 96.459412410195085
36.15428553564419 96.455265715714845
36.68016172818701 96.451058706174507
37.21368696608603 96.447217878203475
37.754972507267915 96.444225139284896
38.30413122794313 96.441583479088223
38.86127764614443 96.439496009850814
39.4265279456077 96.437729600456976
40.000000000000206 96.436499999999995
40.58181339750116 96.438439384456274
41.1720894657399 96.443744145548550
41.77095129709678 96.451612696003608
42.37852377437204 96.459024933653183
42.9949335968281 96.463799568310748
43.62030930661056 96.465367181175111
44.25478131555359 96.465103728912140
44.89848193237519 96.464584598671678
45.55154539026795 96.464036818083315
46.21410787489121 96.464523511536527
46.88630755277036 96.465684946634582
47.56828460010916 96.467195098578742
48.260181232021196 96.469060180232020
48.962141732186545 96.470061729337928
49.674312482939705 96.471685778493281
50.39684199579528 96.473492106229628
51.129880942417586 96.475913777733538
51.873582186040764 96.479634752299148
52.628100813345895 96.484710752613523
53.393594166801776 96.489467973293969
54.17022187747612 96.491235555465295
54.95814589832399 96.489691013589052
55.75753053796041 96.487257718016025
56.56854249492426 96.485078643762691
57.39135089244048 96.482825947322681
58.226127313687975 96.480434681715792
59.073045837580466 96.478755660431531
59.932283075067765 96.481762990762746
60.804018205965114 96.487525837715722
61.68843301631817 96.492807568916263
62.58571193631152 96.496446417819186
63.49604207872855 96.498992084157464
64.41961327797075 96.501049033194931
65.35661812964459 96.503213236259285
66.3072520307241 96.505421756092176
67.27171322029778 96.507907569830451
68.25020282090806 96.509375304231355
69.2429248804921 96.510135612679264
70.25008641493265 96.507499481510393
71.27189745122783 96.500416974213337
72.30857107128878 96.490877145894046
73.36032345637442 96.482838059261752
74.42737393217246 96.476435756406971
75.50994501453623 96.468113014726555
76.60826245588666 96.456789255610715
77.72255529228926 96.444017658237556
78.85305589121582 96.431513680614728
80.00000000000082 96.420999999999992
81.16362679500274 96.411787931509394
82.34417893148023 96.405339034586575
83.541902594194 96.408106577580114
84.75704754874454 96.419766778090320
85.98986719365665 96.426624456951373
87.24061861322157 96.414292140773398
88.50956263110764 96.396003187543698
89.79696386475084 96.396432321288259
91.10309078053635 96.406611690767477
92.42821574978288 96.412696298103782
93.77261510554118 96.407126405375024
95.13656920021877 96.387166936996934
96.52036246404286 96.366658873165363
97.92428346437356 96.359989556713771
99.34862496587989 96.358028290255547
100.79368399159105 96.340742810812429
102.25976188483567 96.314064524188126
103.74716437208203 96.289059394466818
105.25620162669229 96.269332616723801
106.78718833360406 96.250004155551949
108.34044375495276 96.226212456165797
109.9162917966485 96.200682922781027
111.51506107592134 96.181176190087626
113.13708498984903 96.168919446035261
114.78270178488147 96.153854069882300
116.45225462737648 96.120474517925842
118.14609167516147 96.083083866590698
119.86456615013608 96.054662920719238
121.60803641193078 96.031699603872738
123.3768660326369 96.002585257585878
125.17142387262359 95.964842957384036
126.99208415745765 95.930594990110507
128.83922655594208 95.906271270184845
130.71323625928977 95.878964271650347
132.61450406144883 95.840444650494504
134.5434264405962 95.796174897628674
136.50040564181674 95.760743712551843
138.48584976098482 95.727297155019329
140.50017282986593 95.680328090827402
142.5437949024563 95.618338221292163
144.61714214257822 95.553964308044428
146.7206469127495 95.489692333852418
148.8547478643456 95.423189967486678
151.01989002907314 95.352731695023138
153.216524911774 95.283223912435034
155.4451105845792 95.227857473932801
157.70611178243232 95.197727438671080
160.00000000000236 95.177999999999997
162.3272535900062 95.169156436357980
164.6883578629612 95.195197965928116
167.08380518838874 95.257763306312569
169.51409509748981 95.343618699587623
171.97973438731407 95.433958278575702
174.4812372264439 95.512833364238617
177.01912526221608 95.583824032184722
179.5939277295025 95.662749330706390
182.20618156107355 95.753157590949797
184.85643149956664 95.837963235386297
187.54523021108326 95.894723683377336
190.27313840043846 95.939626651049025
193.04072492808663 95.994908613748692
195.84856692874806 96.035449108658483
198.69724993176072 96.052788999727042
201.58736798318304 96.056941754677879
204.5195237696723 96.038018968725538
207.49432874416505 96.000575616744470
210.5124032533856 95.965880101883926
213.57437666720915 95.931820291659875
216.68088750990657 95.885616465473930
219.83258359329807 95.839843829693820
223.03012215184378 95.799623473101946
226.2741699796992 95.752250365314666
229.5654035697641 95.689691928604731
232.90450925475412 95.622909814904915
236.2921833503241 95.580701616445793
239.72913230027333 95.536021280096449
243.21607282386276 95.472408452492914
246.75373206527502 95.397233193612905
250.34284774524843 95.325828740585536
253.9841683149166 95.260284970331497
257.67845311188546 95.207582043155639
261.42647251858085 95.167878656684550
265.22900812289896 95.126238544786361
269.08685288119375 95.088681539435612
273.0008112836349 95.078500405641819
276.97169952197106 95.079149762918277
281.00034565973334 95.073598997586771
285.0875898049141 95.061868615292624
289.23428428515797 95.055648573572256
293.44129382550057 95.056908905677858
297.7094957286928 95.062064243593042
302.0397800581479 95.063460219941845
306.4330498235497 95.048929242578339
310.89022116916016 95.014391953000569
315.41222356486645 94.962589207855927
320.00000000000654 94.913499999999942
324.6545071800142 94.867885829635867
329.3767157259242 94.802350636691870
334.16761037677935 94.734319932649726
339.02819019498156 94.684635012167178
343.95946877463007 94.645803984190280
348.9624744528898 94.605507709486318
354.03825052443415 94.554194544441003
359.187855459007 94.489139093487012
364.4123631221491 94.421139279412060
369.71286299913527 94.358830789210032
375.0904604221685 94.296524319732328
380.54627680087896 94.237679443076232
386.08144985617537 94.187307676222503
391.6971338574982 94.144858637800951
397.3944998635236 94.095597201419366
403.1747359663683 94.035694395014190
409.0390475393468 93.985479921186197
414.9886574883323 93.937105863442227
421.0248065067734 93.876591358856004
427.1487533344206 93.816451847768903
433.3617750198154 93.767286687351401
439.6651671865984 93.728577854914590
446.06024430368984 93.705192763291393
452.54833995940066 93.691922656064961
459.13080713953053 93.677377924498359
465.8090185095106 93.660160035517094
472.58436670065066 93.659411821464985
479.45826460054917 93.681106848288067
486.432145647728 93.711501440850000
493.50746413055253 93.738170581056337
500.6856954904994 93.762557086471503
507.9683366298358 93.784405009889511
515.3569062237735 93.812580584705287
522.8529450371643 93.844931998565244
530.4580162458005 93.870759544675948
538.1737057623901 93.892107970168354
546.0016225672724 93.918933323232721
553.9433990439449 93.939536561006150
562.0006913194694 93.950200414791681
570.1751796098309 93.954886133253609
578.4685685703187 93.949495430429295
586.8825876510039 93.946779353087251
595.4189914573883 93.957650831633387
604.0795601162986 93.981013542885250
612.8660996471021 94.012074084403523
621.780442338323 94.050511990522452
630.8244471297356 94.098245902718133
640.0000000000159 94.145500000000055
649.3090143600314 94.183666958876131
658.7534314518515 94.221513725807398
668.3352207535618 94.263174971315678
678.0563803899662 94.311990359008320
687.9189375492632 94.374264987825143
697.9249489057827 94.446248374457497
708.0765010488715 94.523689058076314
718.3757109180171 94.616812897083463
728.8247262443015 94.714069954072002
739.425725998274 94.800877094286108
750.1809208443404 94.879773984278899
761.0925536017613 94.956610064945721
772.1628997123541 95.020068590692446
783.3942677149998 95.064411367650763
794.7889997270506 95.094709499408609
806.34947193274 95.115259646568575
818.0780950786972 95.123967545775287
829.9773149766683 95.117991203492053
842.0496130135506 95.105137725742082
854.2975066688449 95.104260318335236
866.7235500396347 95.118267000060968
879.3303343732008 95.133381683905270
892.1204886073838 95.133651804557047
905.0966799188055 95.128164021703881
918.2616142790653 95.120905867586771
931.6180370190256 95.113190981490476
945.1687334013056 95.105519541624176
958.9165292011028 95.096927169249312
972.8642912954606 95.098342858860136
987.0149282611097 95.123029856522223
1001.3713909810035 95.156605642863909
1015.9366732596762 95.183124448839777
1030.7138124475518 95.193162825844155
1045.7058900743334 95.211363997130519
1060.916032491606 95.264286267631974
1076.3474115247852 95.327620163794180
1092.0032451345498 95.388639805926388
1107.8867980878947 95.463214317713408
1124.0013826389438 95.556341744386913
1140.350359219667 95.657854582903525
1156.9371371406426 95.780812421540617
1173.765175302013 95.916783343154364
1190.837982914782 96.068209228219928
1208.1591202326028 96.228745425199776
1225.73219929421 96.406413840426708
1243.5608846766518 96.588320203621151
1261.648894259477 96.775260203823251
1280.0000000000375 96.967000000000382
1298.6180287200684 97.158233752138983
1317.5068629037087 97.349813825004489
1336.6704415071292 97.533036238468441
1356.112760779938 97.731767074072366
1375.8378750985323 97.927607122843085
1395.8498978115715 98.110752832858850
1416.153002097749 98.292030935371599
1436.7514218360407 98.478625794166987
1457.6494524886093 98.678076590587466
1478.8514519965543 98.882776545250238
1500.3618416886875 99.068481575514795
1522.1851072035295 99.248305283357070
1544.3257994247153 99.445818710810926
1566.788535430007 99.644739111784077
1589.5779994541087 99.839163635425436
1612.6989438654878 100.036218874997815
1636.156190157402 100.244244454235513
1659.9546299533442 100.463277151165158
1684.099226027109 100.685575018764524
1708.5950133376978 100.902917114704195
1733.4471000792773 101.117827654692888
1758.6606687464096 101.340272805342750
1784.2409772147755 101.569983975388681
1810.193359837619 101.800793832177533
1836.5232285581387 102.028447442744181
1863.2360740380593 102.256830236727311
1890.3374668026197 102.490515713174631
1917.833058402214 102.724154351746634
1945.7285825909298 102.953230662290167
1974.0298565222283 103.190331391917169
2002.7427819620161 103.442225063971449
2031.8733465193618 103.693205329248826
2061.4276248951132 103.932754442923141
2091.411780148677 104.168800118137369
2121.832064983222 104.400690867879206
2152.694823049581 104.617507426160913
2184.0064902691106 104.828141537722303
2215.7735961758003 105.019620818393278
2248.002765277899 105.195046652755224
2280.7007184393456 105.348618197055089
2313.874274281297 105.487684718078299
2347.530350604038 105.604720604402729
2381.6759658295764 105.696022317990980
2416.318240465218 105.769372832837391
2451.4643985884327 105.823513548059097
2487.1217693533167 105.866121769353327
2523.2977885189675 105.889484004833548
2560.0000000000887 105.893999999999977
2597.236057440151 105.881951069843922
2635.0137258074315 105.858239248117513
2673.340883014273 105.819366223495905
2712.225521559891 105.765180016222843
2751.6757501970797 105.696379596522718
2791.699795623158 105.617704161308382
2832.3060041955137 105.517973569217531
2873.502843672097 105.405516895534518
2915.2989049772345 105.283338339819437
2957.7029039931244 105.151233097383454
3000.723683377391 105.004358555672525
3044.370214407075 104.844101837625971
3088.6515988494466 104.672025619501539
3133.57707086003 104.497433563803128
3179.1559989082334 104.329621523908514
3225.3978877309914 104.183377956598605
3272.3123803148205 104.071829601204996
3319.9092599067053 103.998396184498887
3368.198452054235 103.963406263150773
3417.190026675413 103.969689218139280
3466.8942001585724 104.012779866195046
3517.3213374928373 104.079308792864339
3568.4819544295697 104.158680044353090
3620.386719675257 104.247899962612223
3673.0464571162966 104.344366410236319
3726.472148076138 104.442944030979334
3780.6749336052594 104.542529520501120
3835.6661168044484 104.643042349079963
3891.45716518188 104.738697357008618
3948.059713044477 104.828907667664623
4005.4855639240527 104.910265528839659
4063.746693038744 104.980809578850881
4122.855249790247 105.031475543678340
4182.823560297375 105.050415119652683
4243.664129966465 105.037812430221237
4305.389646099183 104.992188283120655
4368.012980538242 104.895195789634329
4431.5471923516225 104.731537677083267
4496.00553055582 104.504146387961981
4561.401436878714 104.189115982608001
4627.748548562617 103.798713867106500
4695.060701208099 103.340202339804080
4763.351931659176 102.839262351866878
4832.63648093046 102.306556354314509
4902.928797176889 101.755744147855538
4974.243538706657 101.201324751958737
5046.595577037959 100.657610285206133
5120.000000000202 100.126571428570003
5194.472114880326 99.613177908630945
5270.027451614888 99.124389040108426
5346.6817660285715 98.663953995996607
5424.451043119808 98.230146859702188
5503.351500394186 97.823718169446380
5583.399591246343 97.451928107274426
5664.612008391055 97.122897867065106
5747.005687344222 96.831466544568002
5830.597809954497 96.583311453213298
5915.405807986278 96.384156068343458
6001.447366754812 96.238088817414052
6088.740428814181 96.158440849915024
6177.303197698925 96.144020822265446
6267.154141720092 96.198322867705343
6358.3119978165005 96.329088196233471
6450.795775462017 96.540942361397867
6544.624760629676 96.849644071243148
6639.818519813445 97.244280616957695
6736.396904108505 97.661951585475094
6834.380053350861 97.998996427241806
6933.788400317181 98.158709898030125
7034.642674985712 98.084628994033153
7136.963908859177 97.770358801019626
7240.773439350552 97.267930614784959
7346.092914232631 96.689793617432144
7452.944296152315 96.164103982852865
7561.349867210557 95.794911602998610
7671.332233608935 95.590629241406958
7782.914330363799 95.515107470638455
7896.119426088994 95.509320893115728
8010.971127848146 95.488900263132876
8127.49338607753 95.377360399217622
8245.710499580537 95.122738923980393
8365.647120594791 94.699394348947109
8487.328259932974 94.171730846547433
8610.77929219841 93.609607898960604
8736.025961076528 93.077959694996338
8863.094384703289 92.625057865403107
8992.011061111683 92.276123394591053
9122.802873757471 92.021608317590591
9255.497097125279 91.840031469905995
9390.121402416245 91.723451439033511
9526.7038633184 91.681280257554562
9665.272961860968 91.706479818626335
9805.857594353829 91.774655209006852
9948.487077413367 91.855382529754792
10093.19115407597 91.910214797501780
10240.000000000457 91.894999999999840
10388.944229760706 91.752019342042459
10540.05490322983 91.424983967328373
10693.363532057198 90.925554931388376
10848.902086239672 90.262369097780692
11006.703000788428 89.490483633528285
11166.799182492743 88.705549667517232
11329.224016782166 88.014822575590955
11494.0113746885 87.438338269235061
11661.195619909053 87.048982781572406
11830.811615972614 86.758032533194097
12002.894733509682 86.601834011121980
12177.48085762842 86.537832339745620
12354.606395397908 86.634889825612930
12534.308283440243 86.853499572867662
12716.62399563306 87.244222388645952
12901.591550924093 87.823681836799011
13089.249521259411 88.493620790896102
13279.637039626952 89.168987712354010
13472.793808217073 89.687652077667863
13668.760106701786 89.818442386629357
13867.576800634426 89.423052867597107
14069.285349971487 88.514102142167658
14273.927817718419 87.310804431815697
14481.54687870117 86.035086422430012
14692.18582846533 84.924324293578792
14905.888592304698 84.075460377902857
15122.699734421185 83.542281636611577
15342.664467217943 83.339115854836393
15565.828660727671 83.407429221440353
15792.238852178061 83.568739700660785
16021.942255696367 83.516507614911035
16254.986772155136 82.989640636440853
16491.42099916115 81.905826139845288
16731.294241189662 80.279358916956539
16974.65651986603 78.580201613096733
17221.558584396902 78.244364053571815
17472.051922153143 79.401319291255959
17726.188769406665 80.376898518489583
17984.022122223458 80.523909663289203
18245.605747515034 80.105066902779114
18510.99419425065 79.354173295488636
18780.242804832582 78.361609571881544
19053.40772663689 77.359597266449157
19330.545923722028 76.628916990554330
19611.71518870775 76.240404418656397
19896.974154826825 76.106278083537362
20186.382308152035 76.146225329625864
