20 101.538000000000011
20.290906698750476 101.551575691193989
20.586044732869844 101.562488308577528
20.885475648548283 101.572040062204024
21.189261887185914 101.580213624612881
21.49746679841394 101.587814842249443
21.810154653305165 101.595228501056852
22.12739065777668 101.602047813155536
22.449240966187475 101.608320680034183
22.77577269513385 101.613762865795110
23.107053937445478 101.618927390590571
23.44315377638505 101.623647314488068
23.784142300054445 101.628301778750682
24.130090616010463 101.632517728912546
24.481070866093134 101.636537048308298
24.837156241469714 101.639914371324380
25.1984209978975 101.642488157484223
25.56494047120865 101.645030880522256
25.936791093020236 101.646841978522644
26.3140504066728 101.647690082978073
26.69679708340074 101.647754003645758
27.08511093873791 101.646882965594330
27.47907294916184 101.645453477574335
27.878765268980047 101.643606173655101
28.284271247461966 101.641010101267767
28.695675446220072 101.637934596430256
29.11306365684382 101.634369363431560
29.536522918790062 101.630134770812091
29.966141537533712 101.625838584624660
30.402009102982383 101.620973212049535
30.844216508158908 101.615017031805394
31.29285596815558 101.608848230437857
31.74802103936409 101.602031663370184
32.20980663898519 101.594433287137250
32.67830906482211 101.586468745898031
33.153626015361866 101.578081105708122
33.63585661014871 101.568647011186883
34.125101410453844 101.558497971790928
34.62146244024586 101.548570751195086
35.12504320746613 101.538374092643210
35.635948725613716 101.527645076762099
36.15428553564419 101.516914289287115
36.68016172818701 101.506757088892627
37.21368696608603 101.496512573712181
37.754972507267915 101.484854188261650
38.30413122794313 101.472500874529359
38.86127764614443 101.458766482746810
39.4265279456077 101.443928643838603
40.000000000000206 101.429000000000002
40.58181339750116 101.413000078235655
41.1720894657399 101.396767563354331
41.77095129709678 101.380298814492562
42.37852377437204 101.363797207128187
42.9949335968281 101.346064388640485
43.62030930661056 101.327824329435543
44.25478131555359 101.308064072133931
44.89848193237519 101.286883946867306
45.55154539026795 101.264085459667967
46.21410787489121 101.239447478891691
46.88630755277036 101.212924365064708
47.56828460010916 101.184524746674185
48.260181232021196 101.154291889559047
48.962141732186545 101.123639899466696
49.674312482939705 101.095670508263026
50.39684199579528 101.073582884588973
51.129880942417586 101.055695481710060
51.873582186040764 101.038960990803361
52.628100813345895 101.020529928570426
53.393594166801776 101.000176146883135
54.17022187747612 100.978422218611797
54.95814589832399 100.955255642685074
55.75753053796041 100.931971005747400
56.56854249492426 100.908796538894649
57.39135089244048 100.885542175011665
58.226127313687975 100.861603116932514
59.073045837580466 100.835735579035003
59.932283075067765 100.809099224672906
60.804018205965114 100.781367940564081
61.68843301631817 100.752039448669876
62.58571193631152 100.721000100354217
63.49604207872855 100.689138527244509
64.41961327797075 100.656393921993043
65.35661812964459 100.622840056397621
66.3072520307241 100.588785300878570
67.27171322029778 100.553174897628679
68.25020282090806 100.515742089984585
69.2429248804921 100.476783004780316
70.25008641493265 100.435746284157887
71.27189745122783 100.390992717243520
72.30857107128878 100.343768587327645
73.36032345637442 100.297866414832271
74.42737393217246 100.253477668780931
75.50994501453623 100.209389670803333
76.60826245588666 100.164698345011558
77.72255529228926 100.118327426925674
78.85305589121582 100.069090508500210
80.00000000000082 100.016999999999967
81.16362679500274 99.960757897636284
82.34417893148023 99.903111242320989
83.541902594194 99.843805721351785
84.75704754874454 99.787135348520906
85.98986719365665 99.736817658961911
87.24061861322157 99.691277851270499
88.50956263110764 99.644120682299388
89.79696386475084 99.593053766698205
91.10309078053635 99.536739657700679
92.42821574978288 99.472033985701501
93.77261510554118 99.401443128031559
95.13656920021877 99.329557714966498
96.52036246404286 99.261083587386707
97.92428346437356 99.200518257303344
99.34862496587989 99.146155217903328
100.79368399159105 99.091840008319537
102.25976188483567 99.035369286491402
103.74716437208203 98.976613467811760
105.25620162669229 98.917054660275653
106.78718833360406 98.856512466655829
108.34044375495276 98.787658699762261
109.9162917966485 98.702167789656642
111.51506107592134 98.604155023907794
113.13708498984903 98.501168880919806
114.78270178488147 98.396762254696483
116.45225462737648 98.288933378817717
118.14609167516147 98.176414047744856
119.86456615013608 98.057773122537242
121.60803641193078 97.937877464785515
123.3768660326369 97.812324507017706
125.17142387262359 97.678686079226225
126.99208415745765 97.541054108977960
128.83922655594208 97.438249722350221
130.71323625928977 97.366234206607288
132.61450406144883 97.325002861800300
134.5434264405962 97.338025502709229
136.50040564181674 97.412272107479012
138.48584976098482 97.519385650011458
140.50017282986593 97.619757345269306
142.5437949024563 97.706611283354391
144.61714214257822 97.746618562317877
146.7206469127495 97.735325919020156
148.8547478643456 97.707407832461939
151.01989002907314 97.676129495604613
153.216524911774 97.653563815299975
155.4451105845792 97.649725552922888
157.70611178243232 97.662885564954053
160.00000000000236 97.695000000000078
162.3272535900062 97.772264819188209
164.6883578629612 97.853717182058460
167.08380518838874 97.919929218011134
169.51409509748981 97.954363503130878
171.97973438731407 97.936243187352233
174.4812372264439 97.894733977369299
177.01912526221608 97.846732794965448
179.5939277295025 97.776357310298522
182.20618156107355 97.690372299547931
184.85643149956664 97.612163486512571
187.54523021108326 97.558941613060654
190.27313840043846 97.492704943505885
193.04072492808663 97.408563326654019
195.84856692874806 97.351110922840292
198.69724993176072 97.297068751705979
201.58736798318304 97.215820715182389
204.5195237696723 97.145148572145899
207.49432874416505 97.095337904465438
210.5124032533856 97.033685784247552
213.57437666720915 96.948768699983731
216.68088750990657 96.854232930947859
219.83258359329807 96.762229513489331
223.03012215184378 96.670005222865512
226.2741699796992 96.558992795740977
229.5654035697641 96.444848711366390
232.90450925475412 96.363196287140653
236.2921833503241 96.285855389109713
239.72913230027333 96.190050437129884
243.21607282386276 96.100652197609406
246.75373206527502 96.013095131384446
250.34284774524843 95.909714567642538
253.9841683149166 95.800474950552498
257.67845311188546 95.697003312867196
261.42647251858085 95.595485241998318
265.22900812289896 95.511664113941436
269.08685288119375 95.447255108702876
273.0008112836349 95.394991481521828
276.97169952197106 95.359127352151120
281.00034565973334 95.339597960607563
285.0875898049141 95.315956205097550
289.23428428515797 95.313882857857422
293.44129382550057 95.315908905677844
297.7094957286928 95.306432966658093
302.0397800581479 95.298774862536334
306.4330498235497 95.306082624558883
310.89022116916016 95.293884225907945
315.41222356486645 95.243429650152137
320.00000000000654 95.186999999999955
324.6545071800142 95.154883900457904
329.3767157259242 95.108295171168180
334.16761037677935 95.028650057368679
339.02819019498156 94.949951775899791
343.95946877463007 94.884610693439669
348.9624744528898 94.802552944519718
354.03825052443415 94.711407665507750
359.187855459007 94.645420876675530
364.4123631221491 94.592317605090727
369.71286299913527 94.505438756414861
375.0904604221685 94.413011396814881
380.54627680087896 94.353387117818968
386.08144985617537 94.286890021783421
391.6971338574982 94.196235866154723
397.3944998635236 94.113202701555835
403.1747359663683 94.049371588361538
409.0390475393468 93.993674603838784
414.9886574883323 93.946585068837507
421.0248065067734 93.881868766512795
427.1487533344206 93.796417453318099
433.3617750198154 93.717701362291933
439.6651671865984 93.655132757151094
446.06024430368984 93.600391541772936
452.54833995940066 93.560542138174583
459.13080713953053 93.557081383667764
465.8090185095106 93.588980547775705
472.58436670065066 93.649688757477833
479.45826460054917 93.723496253020443
486.432145647728 93.804299318643189
493.50746413055253 93.883976562035485
500.6856954904994 93.962242617503861
507.9683366298358 94.055096292030413
515.3569062237735 94.166971193831131
522.8529450371643 94.267389741593774
530.4580162458005 94.337278634027854
538.1737057623901 94.401125389633791
546.0016225672724 94.472011357970899
553.9433990439449 94.519830197131824
562.0006913194694 94.542001382638944
570.1751796098309 94.558578092712452
578.4685685703187 94.585946276282044
586.8825876510039 94.610615374805363
595.4189914573883 94.655536293191631
604.0795601162986 94.716086755857702
612.8660996471021 94.770025655327942
621.780442338323 94.817323798241006
630.8244471297356 94.868756566162460
640.0000000000159 94.905000000000058
649.3090143600314 94.938047000978116
658.7534314518515 95.005275392743698
668.3352207535618 95.059926953106896
678.0563803899662 95.084709941760423
687.9189375492632 95.124135218971674
697.9249489057827 95.199673323363285
708.0765010488715 95.293726759964287
718.3757109180171 95.393663181450677
728.8247262443015 95.490246245135353
739.425725998274 95.578290953185842
750.1809208443404 95.679181056178663
761.0925536017613 95.780568310549683
772.1628997123541 95.862876463293645
783.3942677149998 95.945488438510765
794.7889997270506 96.033246247839145
806.34947193274 96.128735072758815
818.0780950786972 96.230533991270065
829.9773149766683 96.333232871727446
842.0496130135506 96.432221968606143
854.2975066688449 96.524582546681913
866.7235500396347 96.613018250289642
879.3303343732008 96.709658292016229
892.1204886073838 96.816100055441296
905.0966799188055 96.917601482758215
918.2616142790653 97.006477998858642
931.6180370190256 97.088190062572764
945.1687334013056 97.168811097632897
958.9165292011028 97.257443528007343
972.8642912954606 97.345275034560359
987.0149282611097 97.425968443312385
1001.3713909810035 97.514691162932422
1015.9366732596762 97.617806492353651
1030.7138124475518 97.724716260814176
1045.7058900743334 97.822948576705286
1060.916032491606 97.916087798198788
1076.3474115247852 98.009725159408774
1092.0032451345498 98.100019470807297
1107.8867980878947 98.195186017235386
1124.0013826389438 98.289674501620681
1140.350359219667 98.383493881854605
1156.9371371406426 98.486514769336765
1173.765175302013 98.590929111073820
1190.837982914782 98.684775215037860
1208.1591202326028 98.777564266852380
1225.73219929421 98.860885454017222
1243.5608846766518 98.939881709674012
1261.648894259477 99.025579581871440
1280.0000000000375 99.118500000000154
1298.6180287200684 99.197759607979719
1317.5068629037087 99.277026079034087
1336.6704415071292 99.351514721877805
1356.112760779938 99.432576414295241
1375.8378750985323 99.512351500394132
1395.8498978115715 99.592399591246277
1416.153002097749 99.681150076036616
1436.7514218360407 99.771693542803177
1457.6494524886093 99.856914930406944
1478.8514519965543 99.936134140067793
1500.3618416886875 100.012389472084550
1522.1851072035295 100.096190811661558
1544.3257994247153 100.180051521825419
1566.788535430007 100.261267186130823
1589.5779994541087 100.341522998089374
1612.6989438654878 100.421430388019971
1636.156190157402 100.503216036960353
1659.9546299533442 100.588336667832039
1684.099226027109 100.675803167259204
1708.5950133376978 100.766489150416504
1733.4471000792773 100.861612632310766
1758.6606687464096 100.961315888360559
1784.2409772147755 101.062854991593326
1810.193359837619 101.166200509727744
1836.5232285581387 101.279584993082779
1863.2360740380593 101.401121219094307
1890.3374668026197 101.528313091316519
1917.833058402214 101.662951969674978
1945.7285825909298 101.799240911391919
1974.0298565222283 101.943513462524237
2002.7427819620161 102.102951005052688
2031.8733465193618 102.266959518066443
2061.4276248951132 102.432232636895151
2091.411780148677 102.605423621553768
2121.832064983222 102.787267199646806
2152.694823049581 102.979453441076714
2184.0064902691106 103.178442024492483
2215.7735961758003 103.386105734760278
2248.002765277899 103.600418803889710
2280.7007184393456 103.823834957231497
2313.874274281297 104.052501254636269
2347.530350604038 104.285335936698061
2381.6759658295764 104.526712206108613
2416.318240465218 104.775535272698420
2451.4643985884327 105.025824010048453
2487.1217693533167 105.274069482892770
2523.2977885189675 105.520342517215994
2560.0000000000887 105.764000000000578
2597.236057440151 106.001579006846939
2635.0137258074315 106.228328008338906
2673.340883014273 106.434289069598861
2712.225521559891 106.626071227409483
2751.6757501970797 106.794454363317882
2791.699795623158 106.934798067892288
2832.3060041955137 107.040034410069239
2873.502843672097 107.110703412406508
2915.2989049772345 107.142347010950232
2957.7029039931244 107.133141660407915
3000.723683377391 107.082971218865254
3044.370214407075 106.987909073473759
3088.6515988494466 106.853351418926266
3133.57707086003 106.685897003174119
3179.1559989082334 106.489089564902031
3225.3978877309914 106.270542392363524
3272.3123803148205 106.031690631937749
3319.9092599067053 105.776198163112184
3368.198452054235 105.509452637537365
3417.190026675413 105.236251551417951
3466.8942001585724 104.961257667134191
3517.3213374928373 104.689216551412741
3568.4819544295697 104.424405408307848
3620.386719675257 104.168643745558768
3673.0464571162966 103.922330013834340
3726.472148076138 103.689052256599467
3780.6749336052594 103.471463292282536
3835.6661168044484 103.265451897024661
3891.45716518188 103.083701362713455
3948.059713044477 102.916723846518806
4005.4855639240527 102.775571741824876
4063.746693038744 102.655693066718101
4122.855249790247 102.557359556517440
4182.823560297375 102.482039468883713
4243.664129966465 102.429021258172071
4305.389646099183 102.397651498487051
4368.012980538242 102.389215260441688
4431.5471923516225 102.405705666495436
4496.00553055582 102.441603318333492
4561.401436878714 102.499460141731731
4627.748548562617 102.573895969321512
4695.060701208099 102.666913781123753
4763.351931659176 102.771576977833419
4832.63648093046 102.880460180632909
4902.928797176889 102.985981961600615
4974.243538706657 103.083089786205875
5046.595577037959 103.158309686403626
5120.000000000202 103.206428571428660
5194.472114880326 103.214417472585097
5270.027451614888 103.173354068143638
5346.6817660285715 103.084853766522315
5424.451043119808 102.948462898858679
5503.351500394186 102.761715838286179
5583.399591246343 102.533263700713860
5664.612008391055 102.272895672519297
5747.005687344222 101.996005520846040
5830.597809954497 101.712915270951072
5915.405807986278 101.435204169482120
6001.447366754812 101.171601155804225
6088.740428814181 100.940084308630546
6177.303197698925 100.750184107097695
6267.154141720092 100.608726048835123
6358.3119978165005 100.522140681604867
6450.795775462017 100.487944295717654
6544.624760629676 100.506589256511688
6639.818519813445 100.569239390034909
6736.396904108505 100.659806826711218
6834.380053350861 100.753363544014462
6933.788400317181 100.820170650118939
7034.642674985712 100.835300051003998
7136.963908859177 100.777818256609265
7240.773439350552 100.634957535611221
7346.092914232631 100.405349816708650
7452.944296152315 100.100019631562503
7561.349867210557 99.739053586996590
7671.332233608935 99.350401390675557
7782.914330363799 98.953945560244904
7896.119426088994 98.567485000790583
8010.971127848146 98.203318024978770
8127.49338607753 97.863008471149527
8245.710499580537 97.539730133839385
8365.647120594791 97.216197571011733
8487.328259932974 96.880558480852102
8610.77929219841 96.527932695697899
8736.025961076528 96.153868370466867
8863.094384703289 95.757574193561339
8992.011061111683 95.339884161998157
9122.802873757471 94.905653494047201
9255.497097125279 94.463359579486578
9390.121402416245 94.020238029798207
9526.7038633184 93.590333474433436
9665.272961860968 93.188892369093438
9805.857594353829 92.824226936649453
9948.487077413367 92.505030765657494
10093.19115407597 92.245234595774647
10240.000000000457 92.045599999999467
10388.944229760706 91.915280302874947
10540.05490322983 91.870369166531830
10693.363532057198 91.904457530558119
10848.902086239672 92.016363509511706
11006.703000788428 92.207883179206618
11166.799182492743 92.480485615870379
11329.224016782166 92.842586883416359
11494.0113746885 93.267380616869886
11661.195619909053 93.771116750224877
11830.811615972614 94.313844722553412
12002.894733509682 94.896610818674134
12177.48085762842 95.478945553648373
12354.606395397908 96.006643982701974
12534.308283440243 96.466762809396528
12716.62399563306 96.837643991993957
12901.591550924093 97.173219660876342
13089.249521259411 97.510735924665141
13279.637039626952 97.937047229020749
13472.793808217073 98.502136808622936
13668.760106701786 99.204289214002927
13867.576800634426 99.943599006160213
14069.285349971487 100.452584218392758
14273.927817718419 100.624142820520603
14481.54687870117 100.113613778208816
14692.18582846533 98.959043946207515
14905.888592304698 97.550498049989926
15122.699734421185 96.105887318826092
15342.664467217943 94.741395498250526
15565.828660727671 93.431161182063079
15792.238852178061 92.049654913363440
16021.942255696367 90.506618540368521
16254.986772155136 88.954727038717778
16491.42099916115 87.756478376251295
16731.294241189662 87.023743161254799
16974.65651986603 86.788274784107188
17221.558584396902 87.041403293145777
17472.051922153143 87.513054078953076
17726.188769406665 87.776546045392934
17984.022122223458 87.409087188620163
18245.605747515034 85.975670278233878
18510.99419425065 83.871204863040958
18780.242804832582 82.856207556208503
19053.40772663689 82.107223617078631
19330.545923722028 80.928358422677405
19611.71518870775 79.637744295920811
19896.974154826825 78.783606449778034
20186.382308152035 78.391147496963910
