20 104.130955717125147
20.290906698750476 104.094455753703045
20.586044732869844 104.056941026903530
20.885475648548283 104.018441017477556
21.189261887185914 103.979926369101477
21.49746679841394 103.939896922762159
21.810154653305165 103.898896897749808
22.12739065777668 103.857396974708863
22.449240966187475 103.815367464904327
22.77577269513385 103.772352738697862
23.107053937445478 103.728838077675363
23.44315377638505 103.684338050619317
23.784142300054445 103.639338069378255
24.130090616010463 103.593823413540633
24.481070866093134 103.547808646422624
24.837156241469714 103.500308715171911
25.1984209978975 103.452793909128303
25.56494047120865 103.404264570819606
25.936791093020236 103.354764525246225
26.3140504066728 103.304249827581771
26.69679708340074 103.252720395470263
27.08511093873791 103.200205672248998
27.47907294916184 103.146190955978199
27.878765268980047 103.091676229433688
28.284271247461966 103.036676292095606
28.695675446220072 102.981176224312236
29.11306365684382 102.925176320919661
29.536522918790062 102.869661610999131
29.966141537533712 102.813161601475301
30.402009102982383 102.757146809045310
30.844216508158908 102.699661624873457
31.29285596815558 102.642161520987173
31.74802103936409 102.584132095155269
32.20980663898519 102.525117485506826
32.67830906482211 102.464617415228460
33.153626015361866 102.403588039717150
33.63585661014871 102.341602772780107
34.125101410453844 102.279573289746907
34.62146244024586 102.216587970052700
35.12504320746613 102.155088038041114
35.635948725613716 102.093617497808054
36.15428553564419 102.033602752088711
36.68016172818701 101.972602739452384
37.21368696608603 101.911102682159651
37.754972507267915 101.849088061136825
38.30413122794313 101.786573279856839
38.86127764614443 101.722573315620764
39.4265279456077 101.658558625334535
40.000000000000206 101.594043932931655
40.58181339750116 101.528043891640465
41.1720894657399 101.462043865014067
41.77095129709678 101.396029241456603
42.37852377437204 101.329514425632055
42.9949335968281 101.262499777548271
43.62030930661056 101.194499732853330
44.25478131555359 101.125985044954774
44.89848193237519 101.056985104764323
45.55154539026795 100.987970369045712
46.21410787489121 100.917985049404166
46.88630755277036 100.848470400968651
47.56828460010916 100.778999749282661
48.260181232021196 100.710485024540361
48.962141732186545 100.641470324459220
49.674312482939705 100.571470329598185
50.39684199579528 100.501970374364362
51.129880942417586 100.431955600367615
51.873582186040764 100.360970332604893
52.628100813345895 100.290485060845896
53.393594166801776 100.220455624120504
54.17022187747612 100.149970315878306
54.95814589832399 100.079955600340298
55.75753053796041 100.009470373435192
56.56854249492426 99.938470362607148
57.39135089244048 99.868440943864229
58.226127313687975 99.797440901209782
59.073045837580466 99.725940900672470
59.932283075067765 99.653940892251910
60.804018205965114 99.581926236631659
61.68843301631817 99.509411502816420
62.58571193631152 99.435426236587375
63.49604207872855 99.361911517079790
64.41961327797075 99.287911490844635
65.35661812964459 99.213896769035529
66.3072520307241 99.139911533541110
67.27171322029778 99.065911486738088
68.25020282090806 98.991926192881294
69.2429248804921 98.918396812719365
70.25008641493265 98.844411529274836
71.27189745122783 98.769911511081659
72.30857107128878 98.695411535320702
73.36032345637442 98.621911519991400
74.42737393217246 98.548411515069319
75.50994501453623 98.474940912288758
76.60826245588666 98.402940952311425
77.72255529228926 98.330940932138006
78.85305589121582 98.258896826563870
80.00000000000082 98.183882075260044
81.16362679500274 98.107382088687274
82.34417893148023 98.030352699543840
83.541902594194 97.952852675467057
84.75704754874454 97.874837969176312
85.98986719365665 97.795337974992279
87.24061861322157 97.715323274684337
88.50956263110764 97.634808531033840
89.79696386475084 97.552808540822980
91.10309078053635 97.471823277126532
92.42821574978288 97.391293826828104
93.77261510554118 97.309793837927515
95.13656920021877 97.227793815311429
96.52036246404286 97.145293854186889
97.92428346437356 97.063308575389414
99.34862496587989 96.982852652980796
100.79368399159105 96.905911489435795
102.25976188483567 96.833955645465579
103.74716437208203 96.765514462518709
105.25620162669229 96.699543896644485
106.78718833360406 96.633514460924346
108.34044375495276 96.565455651333110
109.9162917966485 96.493396806628510
111.51506107592134 96.416308524845761
113.13708498984903 96.333235018460627
114.78270178488147 96.245146759976976
116.45225462737648 96.152587923499439
118.14609167516147 96.056543794553562
119.86456615013608 95.957029072899559
121.60803641193078 95.854940836752803
123.3768660326369 95.747867252397953
125.17142387262359 95.635293745810031
126.99208415745765 95.517734894480299
128.83922655594208 95.397220203343494
130.71323625928977 95.276234893814802
132.61450406144883 95.156293696688579
134.5434264405962 95.042955540214649
136.50040564181674 94.942749718354122
138.48584976098482 94.864632158474251
140.50017282986593 94.814146982814322
142.5437949024563 94.802882441682073
144.61714214257822 94.843162047290576
146.7206469127495 94.932147430752082
148.8547478643456 95.050971038452218
151.01989002907314 95.187118111552095
153.216524911774 95.333309378878724
155.4451105845792 95.496691799872835
157.70611178243232 95.687015430436304
160.00000000000236 95.891441826018294
162.3272535900062 96.084985881734909
164.6883578629612 96.241720996829585
167.08380518838874 96.343397266621935
169.51409509748981 96.390117674103280
171.97973438731407 96.386470469616711
174.4812372264439 96.341485048728728
177.01912526221608 96.267690889784930
179.5939277295025 96.177073190862075
182.20618156107355 96.079073188936803
184.85643149956664 95.982117314713378
187.54523021108326 95.889161454285372
190.27313840043846 95.798705589813821
193.04072492808663 95.710720278521933
195.84856692874806 95.623705582670965
198.69724993176072 95.535690877635233
201.58736798318304 95.446661457352320
204.5195237696723 95.356176171201895
207.49432874416505 95.266205591119572
210.5124032533856 95.179235002543649
213.57437666720915 95.093749716699222
216.68088750990657 95.009808559971560
219.83258359329807 94.929867388138575
223.03012215184378 94.854455642514012
226.2741699796992 94.785014471292214
229.5654035697641 94.718514468694380
232.90450925475412 94.650999759588402
236.2921833503241 94.582470359183858
239.72913230027333 94.512455641758663
243.21607282386276 94.441455635251998
246.75373206527502 94.370440940611957
250.34284774524843 94.298940926410182
253.9841683149166 94.227940936112589
257.67845311188546 94.157455637491296
261.42647251858085 94.088514482379907
265.22900812289896 94.023073316698500
269.08685288119375 93.962646855394837
273.0008112836349 93.907279249404127
276.97169952197106 93.859852796472794
281.00034565973334 93.817411628199750
285.0875898049141 93.777941046772341
289.23428428515797 93.739411631169432
293.44129382550057 93.699396922954776
297.7094957286928 93.657911630312753
302.0397800581479 93.617411626540189
306.4330498235497 93.576941050361341
310.89022116916016 93.539470465833872
315.41222356486645 93.502485177846239
320.00000000000654 93.465970464009388
324.6545071800142 93.431044009665399
329.3767157259242 93.402161684242145
334.16761037677935 93.382382325688923
339.02819019498156 93.378117674103294
343.95946877463007 93.390867734301452
348.9624744528898 93.418500114389929
354.03825052443415 93.453500116148163
359.187855459007 93.484779477971173
364.4123631221491 93.495764652662558
369.71286299913527 93.467014481136772
375.0904604221685 93.385793722574050
380.54627680087896 93.260396582684450
386.08144985617537 93.116911283833247
391.6971338574982 92.979779013323849
397.3944998635236 92.872352679275792
403.1747359663683 92.805426338865260
409.0390475393468 92.778058836855337
414.9886574883323 92.795882561487645
421.0248065067734 92.871765113308498
427.1487533344206 93.005500566601611
433.3617750198154 93.184927148853774
439.6651671865984 93.388588941440304
446.06024430368984 93.598500690043295
452.54833995940066 93.798735917837078
459.13080713953053 93.975735809367876
465.8090185095106 94.118265112881971
472.58436670065066 94.232956220329385
479.45826460054917 94.326073776783375
486.432145647728 94.390647206081155
493.50746413055253 94.428353023152297
500.6856954904994 94.448132382994672
507.9683366298358 94.453970581566679
515.3569062237735 94.448852906728305
522.8529450371643 94.437838198599678
530.4580162458005 94.428441162964987
538.1737057623901 94.428602964856964
546.0016225672724 94.439294186295939
553.9433990439449 94.462470697343861
562.0006913194694 94.497647208821334
570.1751796098309 94.542706046182317
578.4685685703187 94.591264885501118
586.8825876510039 94.644279593449113
595.4189914573883 94.697279589835617
604.0795601162986 94.749735466656730
612.8660996471021 94.799764884308587
621.780442338323 94.853323719996837
630.8244471297356 94.910367849134218
640.0000000000159 94.967897269317433
649.3090143600314 95.031088485191432
658.7534314518515 95.108264998002056
668.3352207535618 95.197956219599604
678.0563803899662 95.301720983410249
687.9189375492632 95.422382786782038
697.9249489057827 95.552426911325938
708.0765010488715 95.683926917724676
718.3757109180171 95.814368077754864
728.8247262443015 95.941353371862718
739.425725998274 96.065235690262242
750.1809208443404 96.180573893832587
761.0925536017613 96.283382674200695
772.1628997123541 96.374794415652673
783.3942677149998 96.462809126616918
794.7889997270506 96.551309129638298
806.34947193274 96.638764996564959
818.0780950786972 96.724250289924569
829.9773149766683 96.809235579097958
842.0496130135506 96.893750288593552
854.2975066688449 96.979764999259260
866.7235500396347 97.066294417583606
879.3303343732008 97.155853250535785
892.1204886073838 97.249412089213692
905.0966799188055 97.344912093945695
918.2616142790653 97.442485636487902
931.6180370190256 97.544044474000600
945.1687334013056 97.648529766587302
958.9165292011028 97.753603310770387
972.8642912954606 97.863662150670592
987.0149282611097 97.977206278330854
1001.3713909810035 98.093250405334189
1015.9366732596762 98.214853369607027
1030.7138124475518 98.340838657772707
1045.7058900743334 98.466368078847950
1060.916032491606 98.598088714743170
1076.3474115247852 98.741132843465508
1092.0032451345498 98.885162260258170
1107.8867980878947 99.033765230967333
1124.0013826389438 99.189265230874724
1140.350359219667 99.343794650092576
1156.9371371406426 99.499824066028665
1173.765175302013 99.656794652416323
1190.837982914782 99.811235813620712
1208.1591202326028 99.963779938042251
1225.73219929421 100.119279935141734
1243.5608846766518 100.273191683563084
1261.648894259477 100.422221105411367
1280.0000000000375 100.575338775637945
1298.6180287200684 100.735382900267012
1317.5068629037087 100.897382902963571
1336.6704415071292 101.060927032415435
1356.112760779938 101.225971155917563
1375.8378750985323 101.394515285719024
1395.8498978115715 101.566015289651176
1416.153002097749 101.736515289549061
1436.7514218360407 101.907529995069638
1457.6494524886093 102.080088836887654
1478.8514519965543 102.257118252695392
1500.3618416886875 102.435632962822041
1522.1851072035295 102.615177092601414
1544.3257994247153 102.797750633261955
1566.788535430007 102.986897729702690
1589.5779994541087 103.185985984026104
1612.6989438654878 103.388956561739093
1636.156190157402 103.591574242285191
1659.9546299533442 103.802691912669815
1684.099226027109 104.021765459620866
1708.5950133376978 104.243824300647603
1733.4471000792773 104.471941974303292
1758.6606687464096 104.707530228207276
1784.2409772147755 104.949692034632051
1810.193359837619 105.202309702207089
1836.5232285581387 105.462368538577465
1863.2360740380593 105.726500922829047
1890.3374668026197 106.001706858422367
1917.833058402214 106.292383363075174
1945.7285825909298 106.592486335562654
1974.0298565222283 106.899059881746354
2002.7427819620161 107.210648134852903
2031.8733465193618 107.529780516843644
2061.4276248951132 107.857339357948376
2091.411780148677 108.186854063148331
2121.832064983222 108.518442321548847
2152.694823049581 108.856574706931255
2184.0064902691106 109.202559994059669
2215.7735961758003 109.546530578176004
2248.002765277899 109.889589415135021
2280.7007184393456 110.233442323276421
2313.874274281297 110.564692260173317
2347.530350604038 110.879986330957422
2381.6759658295764 111.181736270339428
2416.318240465218 111.463853830755369
2451.4643985884327 111.717368426373810
2487.1217693533167 111.938397729274769
2523.2977885189675 112.125309357087829
2560.0000000000887 112.269632730250407
2597.236057440151 112.368956103584566
2635.0137258074315 112.422764766995954
2673.340883014273 112.429102849220584
2712.225521559891 112.390985059258298
2751.6757501970797 112.311926107845380
2791.699795623158 112.196470120434725
2832.3060041955137 112.051602388553860
2873.502843672097 111.882822912193689
2915.2989049772345 111.696646400160802
2957.7029039931244 111.500558143176107
3000.723683377391 111.299999305078188
3044.370214407075 111.096999307286865
3088.6515988494466 110.892484595454050
3133.57707086003 110.688058142433746
3179.1559989082334 110.490749364587927
3225.3978877309914 110.307455294014773
3272.3123803148205 110.136631806985605
3319.9092599067053 109.977264190110631
3368.198452054235 109.828470119695083
3417.190026675413 109.694190759211281
3466.8942001585724 109.576440815121231
3517.3213374928373 109.474705582990651
3568.4819544295697 109.390970350261171
3620.386719675257 109.325720408458366
3673.0464571162966 109.277985174816834
3726.472148076138 109.247720523772955
3780.6749336052594 109.233455872169202
3835.6661168044484 109.233632383610512
3891.45716518188 109.245808894884959
3948.059713044477 109.269455987664628
4005.4855639240527 109.303617790075407
4063.746693038744 109.347235464154792
4122.855249790247 109.398853138148894
4182.823560297375 109.459514940476481
4243.664129966465 109.530647323414101
4305.389646099183 109.610706160951395
4368.012980538242 109.693191452052005
4431.5471923516225 109.773103195834807
4496.00553055582 109.845426684476166
4561.401436878714 109.903632499092737
4627.748548562617 109.941794185590823
4695.060701208099 109.955441162872688
4763.351931659176 109.943485174987387
4832.63648093046 109.898985059839220
4902.928797176889 109.821484943553372
4974.243538706657 109.709470118635380
5046.595577037959 109.560940585138269
5120.000000000202 109.377940469523082
5194.472114880326 109.160955062094018
5270.027451614888 108.912557913615643
5346.6817660285715 108.639793143704424
5424.451043119808 108.349616632850200
5503.351500394186 108.050587214495806
5583.399591246343 107.751675470549344
5664.612008391055 107.460337272486200
5747.005687344222 107.182631457961662
5830.597809954497 106.925984482672249
5915.405807986278 106.693866922409370
6001.447366754812 106.487822911402219
6088.740428814181 106.314352445459832
6177.303197698925 106.178911397800519
6267.154141720092 106.081529187708526
6358.3119978165005 106.026676395826854
6450.795775462017 106.015294185663038
6544.624760629676 106.045882557016995
6639.818519813445 106.115926800680967
6736.396904108505 106.221382787529237
6834.380053350861 106.356206392720523
6933.788400317181 106.510324066546815
7034.642674985712 106.666603427640268
7136.963908859177 106.798338544660510
7240.773439350552 106.866441162864390
7346.092914232631 106.829514246990328
7452.944296152315 106.656940237514561
7561.349867210557 106.346630994863432
7671.332233608935 105.921204196593507
7782.914330363799 105.403527454734274
7896.119426088994 104.812306700470316
8010.971127848146 104.184247863256275
8127.49338607753 103.559497918898074
8245.710499580537 102.952189142220647
8365.647120594791 102.357998034708601
8487.328259932974 101.789101115333779
8610.77929219841 101.267424836256907
8736.025961076528 100.802307391088490
8863.094384703289 100.397778203698863
8992.011061111683 100.061837272387692
9122.802873757471 99.801028725192268
9255.497097125279 99.621793723573262
9390.121402416245 99.530117558672472
9526.7038633184 99.530044358812120
9665.272961860968 99.628544706239836
9805.857594353829 99.829633307415563
9948.487077413367 100.139736621247977
10093.19115407597 100.556634001292778
10240.000000000457 101.060501848939836
10388.944229760706 101.607472429472551
10540.05490322983 102.133178014982192
10693.363532057198 102.538412553304056
10848.902086239672 102.683690758613665
11006.703000788428 102.453704078942422
11166.799182492743 101.824541120931571
11329.224016782166 100.875260949910469
11494.0113746885 99.742628340714333
11661.195619909053 98.564701998509634
11830.811615972614 97.448320018433805
12002.894733509682 96.452408737604259
12177.48085762842 95.600056293318971
12354.606395397908 94.895306815644417
12534.308283440243 94.347204427025858
12716.62399563306 93.963660877805466
12901.591550924093 93.746632036681490
13089.249521259411 93.699220870540202
13279.637039626952 93.834206854217257
13472.793808217073 94.180619408279881
13668.760106701786 94.764326145525530
13867.576800634426 95.598782828351801
14069.285349971487 96.642106666196838
14273.927817718419 97.692032192662879
14481.54687870117 98.348794532618996
14692.18582846533 98.235732690224268
14905.888592304698 97.254024329154447
15122.699734421185 95.652052711875129
15342.664467217943 93.858170617783685
15565.828660727671 92.195744968551622
15792.238852178061 90.788775313395263
16021.942255696367 89.674247166775473
16254.986772155136 88.960072159012810
16491.42099916115 88.639014246863610
16731.294241189662 88.551176742600916
16974.65651986603 88.718530921400145
17221.558584396902 89.280370739175140
17472.051922153143 90.315666308530922
17726.188769406665 91.667959801526038
17984.022122223458 92.529631805757077
18245.605747515034 91.850506966900127
18510.99419425065 88.963602758326346
18780.242804832582 84.586696105460916
19053.40772663689 82.221596606789831
19330.545923722028 80.554660068701921
19611.71518870775 80.760299041023487
19896.974154826825 82.035488064736285
20186.382308152035 82.729678129135976
