20 100.062500000000000
20.290906698750476 100.054257616060795
20.586044732869844 100.045418656618381
20.885475648548283 100.036435730543559
21.189261887185914 100.027322172310519
21.49746679841394 100.017210487329749
21.810154653305165 100.006669942917867
22.12739065777668 99.995882088655605
22.449240966187475 99.984276571928206
22.77577269513385 99.972721695250740
23.107053937445478 99.960574675875918
23.44315377638505 99.948251009029178
23.784142300054445 99.935364485872896
24.130090616010463 99.922013176430184
24.481070866093134 99.908030822869534
24.837156241469714 99.893285179222687
25.1984209978975 99.878315133836722
25.56494047120865 99.862990012448662
25.936791093020236 99.847357354376143
26.3140504066728 99.831747925548385
26.69679708340074 99.815882120309709
27.08511093873791 99.800095587131864
27.47907294916184 99.784337094126258
27.878765268980047 99.769046302413244
28.284271247461966 99.753697692596447
28.695675446220072 99.738064333043638
29.11306365684382 99.721977453726254
29.536522918790062 99.704929514492022
29.966141537533712 99.686455913886050
30.402009102982383 99.666909590667160
30.844216508158908 99.646830016072698
31.29285596815558 99.626321481432996
31.74802103936409 99.606087074267975
32.20980663898519 99.585558701245674
32.67830906482211 99.564654401147834
33.153626015361866 99.543586829308708
33.63585661014871 99.522022309153456
34.125101410453844 99.500370436529579
34.62146244024586 99.478155652629169
35.12504320746613 99.455873055664028
35.635948725613716 99.432746358621770
36.15428553564419 99.409057150896018
36.68016172818701 99.385212560503390
37.21368696608603 99.360670399560036
37.754972507267915 99.335844130604698
38.30413122794313 99.310814139742547
38.86127764614443 99.285641743821841
39.4265279456077 99.259852166671863
40.000000000000206 99.233499999999992
40.58181339750116 99.206348617612008
41.1720894657399 99.178802531752808
41.77095129709678 99.150855563987363
42.37852377437204 99.121813496778628
42.9949335968281 99.092078129747080
43.62030930661056 99.061851745921757
44.25478131555359 99.031053566025150
44.89848193237519 98.999491321629293
45.55154539026795 98.968496370335032
46.21410787489121 98.936306409672540
46.88630755277036 98.903369525160954
47.56828460010916 98.870683324161377
48.260181232021196 98.837051168630950
48.962141732186545 98.802767468340278
49.674312482939705 98.768013022965533
50.39684199579528 98.732653928522396
51.129880942417586 98.697919704175632
51.873582186040764 98.664722513718914
52.628100813345895 98.632305735189959
53.393594166801776 98.599772227001210
54.17022187747612 98.565839994313578
54.95814589832399 98.530056217424885
55.75753053796041 98.494608052224294
56.56854249492426 98.460689757708110
57.39135089244048 98.429107043318368
58.226127313687975 98.399924734991458
59.073045837580466 98.371699056116213
59.932283075067765 98.344633083135363
60.804018205965114 98.317365069706781
61.68843301631817 98.287001069392375
62.58571193631152 98.251607264715830
63.49604207872855 98.210686022299768
64.41961327797075 98.166019336101471
65.35661812964459 98.118277548193660
66.3072520307241 98.068369268386988
67.27171322029778 98.018821908815553
68.25020282090806 97.972365974469596
69.2429248804921 97.929647392101060
70.25008641493265 97.892747321137094
71.27189745122783 97.863246358621765
72.30857107128878 97.841408577323733
73.36032345637442 97.826036441979880
74.42737393217246 97.815794695508714
75.50994501453623 97.807887880450068
76.60826245588666 97.799545454114522
77.72255529228926 97.789175266270334
78.85305589121582 97.774726310068871
80.00000000000082 97.757999999999981
81.16362679500274 97.742484937278988
82.34417893148023 97.730118138131232
83.541902594194 97.720485383155307
84.75704754874454 97.711720917498681
85.98986719365665 97.697626629145873
87.24061861322157 97.672586663130630
88.50956263110764 97.636655745280123
89.79696386475084 97.590309300868967
91.10309078053635 97.541174370007255
92.42821574978288 97.490260926329299
93.77261510554118 97.440021776781478
95.13656920021877 97.391504585920927
96.52036246404286 97.346642623854166
97.92428346437356 97.303608339870948
99.34862496587989 97.259855520705059
100.79368399159105 97.212779305616436
102.25976188483567 97.160635556299468
103.74716437208203 97.101779247624791
105.25620162669229 97.036506094073147
106.78718833360406 96.966239752209404
108.34044375495276 96.891318256007310
109.9162917966485 96.813185352899268
111.51506107592134 96.732593296016418
113.13708498984903 96.650514132434068
114.78270178488147 96.567455479067590
116.45225462737648 96.484547286253559
118.14609167516147 96.400583032324903
119.86456615013608 96.313337338021810
121.60803641193078 96.223798085384885
123.3768660326369 96.129411423873748
125.17142387262359 96.030671697969581
126.99208415745765 95.926123146919934
128.83922655594208 95.818485633199415
130.71323625928977 95.707919060701897
132.61450406144883 95.593822504282343
134.5434264405962 95.477122700343926
136.50040564181674 95.359225864311910
138.48584976098482 95.242792413384848
140.50017282986593 95.134241790581370
142.5437949024563 95.037169742133329
144.61714214257822 94.956474311795887
146.7206469127495 94.907742932362453
148.8547478643456 94.894167596582946
151.01989002907314 94.921293272721016
153.216524911774 94.992249890782801
155.4451105845792 95.106699254348399
157.70611178243232 95.257040828395390
160.00000000000236 95.430000000000177
162.3272535900062 95.610129427866468
164.6883578629612 95.781061766133206
167.08380518838874 95.924360700926542
169.51409509748981 96.021410242529129
171.97973438731407 96.061568972015380
174.4812372264439 96.044913895618549
177.01912526221608 95.979637717290842
179.5939277295025 95.878392606452692
182.20618156107355 95.757809466629539
184.85643149956664 95.633719005820268
187.54523021108326 95.525824014511826
190.27313840043846 95.460634307997807
193.04072492808663 95.462152963317223
195.84856692874806 95.555010607852637
198.69724993176072 95.748745144172361
201.58736798318304 96.029319251539533
204.5195237696723 96.348667138433626
207.49432874416505 96.657202723811935
210.5124032533856 96.906855824483614
213.57437666720915 97.077198196689992
216.68088750990657 97.134707979832370
219.83258359329807 97.139797477151944
223.03012215184378 97.069185955776575
226.2741699796992 96.971952390669941
229.5654035697641 96.851369798872213
232.90450925475412 96.721240054188797
236.2921833503241 96.588287463931323
239.72913230027333 96.456394547977013
243.21607282386276 96.326937451164810
246.75373206527502 96.203119377715382
250.34284774524843 96.084328863929144
253.9841683149166 95.970992761198232
257.67845311188546 95.862445439838353
261.42647251858085 95.759628623868679
265.22900812289896 95.661389300988986
269.08685288119375 95.566973432772144
273.0008112836349 95.476231543297303
276.97169952197106 95.387108460277631
281.00034565973334 95.301492913975466
285.0875898049141 95.217774480843190
289.23428428515797 95.136084599582375
293.44129382550057 95.055959546698034
297.7094957286928 94.976103379446315
302.0397800581479 94.895254123909723
306.4330498235497 94.811866545048630
310.89022116916016 94.726113242493682
315.41222356486645 94.638379195772131
320.00000000000654 94.547999999999874
324.6545071800142 94.456771659271709
329.3767157259242 94.363778700199290
334.16761037677935 94.271065119728149
339.02819019498156 94.179672843353842
343.95946877463007 94.089833615179202
348.9624744528898 94.002845439410294
354.03825052443415 93.919984166556617
359.187855459007 93.840007025931300
364.4123631221491 93.763961971041056
369.71286299913527 93.689519918012110
375.0904604221685 93.611507403034210
380.54627680087896 93.521486432785480
386.08144985617537 93.420768742703899
391.6971338574982 93.312786602377059
397.3944998635236 93.206856802401987
403.1747359663683 93.111262469860236
409.0390475393468 93.027998889911714
414.9886574883323 92.962354918232933
421.0248065067734 92.920672313111879
427.1487533344206 92.903037188333599
433.3617750198154 92.916989762608978
439.6651671865984 92.964793886374522
446.06024430368984 93.038328359175736
452.54833995940066 93.132254103366648
459.13080713953053 93.238953375455083
465.8090185095106 93.352522987498190
472.58436670065066 93.473018600611709
479.45826460054917 93.589106023494651
486.432145647728 93.689004322550005
493.50746413055253 93.764828373370804
500.6856954904994 93.821385621484339
507.9683366298358 93.857343662109827
515.3569062237735 93.871652959810177
522.8529450371643 93.873913600286954
530.4580162458005 93.868656487815656
538.1737057623901 93.862962777336634
546.0016225672724 93.862644711505453
553.9433990439449 93.874601422490358
562.0006913194694 93.899803214635540
570.1751796098309 93.938112390522434
578.4685685703187 93.990775410421520
586.8825876510039 94.042483784671134
595.4189914573883 94.090491604297029
604.0795601162986 94.133358020523332
612.8660996471021 94.169074084403519
621.780442338323 94.199278596254487
630.8244471297356 94.231962677944892
640.0000000000159 94.270500000000084
649.3090143600314 94.319372325390162
658.7534314518515 94.377271275001476
668.3352207535618 94.442929784237265
678.0563803899662 94.517339767041733
687.9189375492632 94.598623128536360
697.9249489057827 94.682569570808568
708.0765010488715 94.765823483548303
718.3757109180171 94.851437186165441
728.8247262443015 94.939127700452133
739.425725998274 95.025348380586024
750.1809208443404 95.106243830804843
761.0925536017613 95.181261306012118
772.1628997123541 95.250040921306805
783.3942677149998 95.313991328883077
794.7889997270506 95.374010748612505
806.34947193274 95.431189114341578
818.0780950786972 95.487254065179997
829.9773149766683 95.543737963734884
842.0496130135506 95.601741863441063
854.2975066688449 95.661808470566370
866.7235500396347 95.723436075196645
879.3303343732008 95.785935155147342
892.1204886073838 95.850314491897649
905.0966799188055 95.916832846247161
918.2616142790653 95.984771396669032
931.6180370190256 96.055135583948598
945.1687334013056 96.128031942032010
958.9165292011028 96.201183300355837
972.8642912954606 96.277671459482548
987.0149282611097 96.360203231690377
1001.3713909810035 96.444274058918722
1015.9366732596762 96.532463486419942
1030.7138124475518 96.626665274210779
1045.7058900743334 96.724961448936938
1060.916032491606 96.827381693024847
1076.3474115247852 96.934976794390991
1092.0032451345498 97.045335722994125
1107.8867980878947 97.159314057429228
1124.0013826389438 97.277343472685587
1140.350359219667 97.396550446171830
1156.9371371406426 97.512429311153539
1173.765175302013 97.628856227114085
1190.837982914782 97.748365880403469
1208.1591202326028 97.869305395880701
1225.73219929421 97.989533547574865
1243.5608846766518 98.111141649994707
1261.648894259477 98.236265666865705
1280.0000000000375 98.365000000000265
1298.6180287200684 98.496390088395913
1317.5068629037087 98.629548040325957
1336.6704415071292 98.764943373662931
1356.112760779938 98.903706239576564
1375.8378750985323 99.041177285057330
1395.8498978115715 99.176194315337540
1416.153002097749 99.306840780022327
1436.7514218360407 99.437027600929355
1457.6494524886093 99.566161660180512
1478.8514519965543 99.694261392540085
1500.3618416886875 99.818569734459288
1522.1851072035295 99.943398813204183
1544.3257994247153 100.071203120674852
1566.788535430007 100.201373505494047
1589.5779994541087 100.335010196779237
1612.6989438654878 100.472947642070238
1636.156190157402 100.616168378975885
1659.9546299533442 100.766107816899535
1684.099226027109 100.922326953696754
1708.5950133376978 101.083070888562304
1733.4471000792773 101.250453932548595
1758.6606687464096 101.426837174849368
1784.2409772147755 101.609850216402094
1810.193359837619 101.796392190830858
1836.5232285581387 101.986197710189771
1863.2360740380593 102.179858618997073
1890.3374668026197 102.378383755667286
1917.833058402214 102.579681326336157
1945.7285825909298 102.782074937958328
1974.0298565222283 102.990340341134043
2002.7427819620161 103.204433725617022
2031.8733465193618 103.421425209127250
2061.4276248951132 103.641230980461600
2091.411780148677 103.866517762107634
2121.832064983222 104.092828272752939
2152.694823049581 104.316402725956976
2184.0064902691106 104.541846729937603
2215.7735961758003 104.767612343182805
2248.002765277899 104.991918803889718
2280.7007184393456 105.213194813543609
2313.874274281297 105.433607734447179
2347.530350604038 105.649941208805444
2381.6759658295764 105.862890988143377
2416.318240465218 106.076313237512238
2451.4643985884327 106.287176561636471
2487.1217693533167 106.496306262249249
2523.2977885189675 106.701467615706221
2560.0000000000887 106.900500000000463
2597.236057440151 107.088517624994722
2635.0137258074315 107.261558563445035
2673.340883014273 107.410402461964424
2712.225521559891 107.535454012523687
2751.6757501970797 107.626498809801177
2791.699795623158 107.686502229200684
2832.3060041955137 107.709776281594287
2873.502843672097 107.701458180049855
2915.2989049772345 107.660480719185742
2957.7029039931244 107.587513030416503
3000.723683377391 107.483783719656742
3044.370214407075 107.347985738854874
3088.6515988494466 107.184258764487154
3133.57707086003 107.001386875616376
3179.1559989082334 106.800798004912963
3225.3978877309914 106.587375948787042
3272.3123803148205 106.365069945898313
3319.9092599067053 106.137833737645948
3368.198452054235 105.907921321783476
3417.190026675413 105.677738276226080
3466.8942001585724 105.448462447276910
3517.3213374928373 105.221459328406439
3568.4819544295697 105.001299889117291
3620.386719675257 104.790991793266500
3673.0464571162966 104.590458573240880
3726.472148076138 104.399671089137314
3780.6749336052594 104.223407705823689
3835.6661168044484 104.058731501123845
3891.45716518188 103.914843876387351
3948.059713044477 103.782535420758535
4005.4855639240527 103.673997375917708
4063.746693038744 103.585066413237485
4122.855249790247 103.516049243930041
4182.823560297375 103.465467210124288
4243.664129966465 103.432439472303912
4305.389646099183 103.413767847322731
4368.012980538242 103.408632467964125
4431.5471923516225 103.415973587642696
4496.00553055582 103.433334946412117
4561.401436878714 103.458793524265118
4627.748548562617 103.489809703043278
4695.060701208099 103.522922774166844
4763.351931659176 103.556103740187041
4832.63648093046 103.587560051609401
4902.928797176889 103.620699604282564
4974.243538706657 103.662043662981887
5046.595577037959 103.724139465255519
5120.000000000202 103.811642857143141
5194.472114880326 103.931461516967431
5270.027451614888 104.080619633673479
5346.6817660285715 104.249492778752682
5424.451043119808 104.432817518389243
5503.351500394186 104.625211175965745
5583.399591246343 104.814989039428909
5664.612008391055 104.992915818040757
5747.005687344222 105.156665606896965
5830.597809954497 105.300478780633114
5915.405807986278 105.418367982225874
6001.447366754812 105.506413650263966
6088.740428814181 105.558622128644259
6177.303197698925 105.577585068522126
6267.154141720092 105.568479744884485
6358.3119978165005 105.533510241048077
6450.795775462017 105.473879295139625
6544.624760629676 105.387528382323097
6639.818519813445 105.275638646445316
6736.396904108505 105.142450597398863
6834.380053350861 104.993335715172122
6933.788400317181 104.833080197475056
7034.642674985712 104.665819946148787
7136.963908859177 104.496194369926656
7240.773439350552 104.326447028252105
7346.092914232631 104.154677156087317
7452.944296152315 103.975729975060304
7561.349867210557 103.784047741234161
7671.332233608935 103.572466352769410
7782.914330363799 103.334024730066744
7896.119426088994 103.061977549559714
8010.971127848146 102.747855207932361
8127.49338607753 102.389261778110765
8245.710499580537 102.006874884049111
8365.647120594791 101.620705231008316
8487.328259932974 101.190801470739615
8610.77929219841 100.685304356992447
8736.025961076528 100.119081877101792
8863.094384703289 99.517531979310803
8992.011061111683 98.882832209126803
9122.802873757471 98.213806473340640
9255.497097125279 97.518541951036042
9390.121402416245 96.823983403059714
9526.7038633184 96.158162228735364
9665.272961860968 95.539201813736710
9805.857594353829 94.974534021173142
9948.487077413367 94.468495104778000
10093.19115407597 94.027366927540186
10240.000000000457 93.646999999998911
10388.944229760706 93.334958937344950
10540.05490322983 93.108115954228623
10693.363532057198 92.961844621598260
10848.902086239672 92.899400888268872
11006.703000788428 92.924512262766086
11166.799182492743 93.038237838591698
11329.224016782166 93.263271847581933
11494.0113746885 93.578948839451300
11661.195619909053 94.038817845247621
11830.811615972614 94.600090613057148
12002.894733509682 95.304307678670398
12177.48085762842 96.099810244158760
12354.606395397908 96.990470959550834
12534.308283440243 97.859182535958638
12716.62399563306 98.551818707132085
12901.591550924093 98.763394265046912
13089.249521259411 98.700394803577197
13279.637039626952 98.207779970921109
13472.793808217073 97.353576912476257
13668.760106701786 96.382091177961513
13867.576800634426 95.458880509360782
14069.285349971487 94.707765338582405
14273.927817718419 94.116348606793764
14481.54687870117 93.776849291489796
14692.18582846533 93.735009505379708
14905.888592304698 93.969009546226204
15122.699734421185 94.463921240444591
15342.664467217943 95.096726954932024
15565.828660727671 95.646740012876208
15792.238852178061 95.895061178781248
16021.942255696367 95.814738950946747
16254.986772155136 95.695063200887745
16491.42099916115 95.816590393568816
16731.294241189662 95.658631442684850
16974.65651986603 94.754961555251072
17221.558584396902 93.225004013471192
17472.051922153143 91.606156375202090
17726.188769406665 90.556030370400777
17984.022122223458 90.222521125620943
18245.605747515034 89.950078811089327
18510.99419425065 88.355395867032911
18780.242804832582 84.121709751538361
19053.40772663689 78.091633418610954
19330.545923722028 74.485800870889790
19611.71518870775 75.049856548876946
19896.974154826825 76.851161907157703
20186.382308152035 77.441499999999991
