20 101.285499999999999
20.290906698750476 101.295681768395497
20.586044732869844 101.305534825979578
20.885475648548283 101.314088476708875
21.189261887185914 101.320767319997969
21.49746679841394 101.327083839433811
21.810154653305165 101.332152334037914
22.12739065777668 101.336751621544437
22.449240966187475 101.341074476023934
22.77577269513385 101.345010292636090
23.107053937445478 101.349070542942925
23.44315377638505 101.352670133490705
23.784142300054445 101.356111245125476
24.130090616010463 101.359084092080394
24.481070866093134 101.361858032205532
24.837156241469714 101.363957185662173
25.1984209978975 101.365492104989485
25.56494047120865 101.367324704417797
25.936791093020236 101.368670989261318
26.3140504066728 101.369190082978065
26.69679708340074 101.369745996354254
27.08511093873791 101.369691482797165
27.47907294916184 101.368802318382905
27.878765268980047 101.367803086827550
28.284271247461966 101.366078643762691
28.695675446220072 101.363630271876460
29.11306365684382 101.360708554402095
29.536522918790062 101.357634770812098
29.966141537533712 101.353338584624652
30.402009102982383 101.348973212049529
30.844216508158908 101.343377571477134
31.29285596815558 101.337607160477660
31.74802103936409 101.330779684409549
32.20980663898519 101.323852900415218
32.67830906482211 101.316825364027665
33.153626015361866 101.309695609769562
33.63585661014871 101.302326294237616
34.125101410453844 101.294373276022284
34.62146244024586 101.285935138515811
35.12504320746613 101.277249222265596
35.635948725613716 101.267781025487722
36.15428553564419 101.257414289287112
36.68016172818701 101.246716603708080
37.21368696608603 101.235512573712185
37.754972507267915 101.223854188261669
38.30413122794313 101.211500874529378
38.86127764614443 101.197968078806497
39.4265279456077 101.183836803655822
40.000000000000206 101.169499999999999
40.58181339750116 101.153984924349714
41.1720894657399 101.137767563354345
41.77095129709678 101.120823020992333
42.37852377437204 101.103057512954081
42.9949335968281 101.084651942601639
43.62030930661056 101.065890738847997
44.25478131555359 101.046064072133930
44.89848193237519 101.025714749523956
45.55154539026795 101.004306368167818
46.21410787489121 100.982529769269533
46.88630755277036 100.959979204968462
47.56828460010916 100.936061267765723
48.260181232021196 100.911273331415217
48.962141732186545 100.885263358142552
49.674312482939705 100.858713322600835
50.39684199579528 100.831122353440875
51.129880942417586 100.802304741153662
51.873582186040764 100.772289889868489
52.628100813345895 100.741073297907761
53.393594166801776 100.708526230339459
54.17022187747612 100.674604438848291
54.95814589832399 100.638728970822143
55.75753053796041 100.601714226637114
56.56854249492426 100.563778502738558
57.39135089244048 100.524519481716638
58.226127313687975 100.483919761629295
59.073045837580466 100.442384231039767
59.932283075067765 100.399851987784160
60.804018205965114 100.355796169131537
61.68843301631817 100.310809173004813
62.58571193631152 100.264732289804385
63.49604207872855 100.217705811906114
64.41961327797075 100.169260496267555
65.35661812964459 100.119420930064024
66.3072520307241 100.068562016356253
67.27171322029778 100.016827486103921
68.25020282090806 99.963863946260517
69.2429248804921 99.909639131572931
70.25008641493265 99.854370290386171
71.27189745122783 99.798273742731240
72.30857107128878 99.740220020007825
73.36032345637442 99.680961562986653
74.42737393217246 99.619925998900072
75.50994501453623 99.557253133118223
76.60826245588666 99.492504129175728
77.72255529228926 99.425646713277928
78.85305589121582 99.357794713142482
80.00000000000082 99.288499999999956
81.16362679500274 99.218197372045353
82.34417893148023 99.146469104619797
83.541902594194 99.072883065242522
84.75704754874454 98.998380874841587
85.98986719365665 98.922870482814744
87.24061861322157 98.845561656500536
88.50956263110764 98.766903929327611
89.79696386475084 98.686655919097191
91.10309078053635 98.605056653858099
92.42821574978288 98.522472700653452
93.77261510554118 98.438706472562899
95.13656920021877 98.353635115574377
96.52036246404286 98.269031682111972
97.92428346437356 98.184858978740664
99.34862496587989 98.102454158097302
100.79368399159105 98.020818257801437
102.25976188483567 97.939206588410826
103.74716437208203 97.856372330166380
105.25620162669229 97.770768459925762
106.78718833360406 97.681293492206152
108.34044375495276 97.586612339274609
109.9162917966485 97.486513641857812
111.51506107592134 97.383020985035131
113.13708498984903 97.277589598843804
114.78270178488147 97.171443336995111
116.45225462737648 97.066073845377218
118.14609167516147 96.960706398173073
119.86456615013608 96.857267374245566
121.60803641193078 96.754317847708535
123.3768660326369 96.652821866060620
125.17142387262359 96.551057415387845
126.99208415745765 96.444638978605028
128.83922655594208 96.328032041735895
130.71323625928977 96.201937960267770
132.61450406144883 96.065144065314541
134.5434264405962 95.917520307463946
136.50040564181674 95.767344475453285
138.48584976098482 95.620369054290819
140.50017282986593 95.481738852473654
142.5437949024563 95.349925228791562
144.61714214257822 95.224684328052234
146.7206469127495 95.110117454859179
148.8547478643456 95.006452547812984
151.01989002907314 94.920547607046402
153.216524911774 94.857096281835112
155.4451105845792 94.814213562400468
157.70611178243232 94.786222106948912
160.00000000000236 94.771999999999991
162.3272535900062 94.765949140665981
164.6883578629612 94.769876715725928
167.08380518838874 94.790921290846200
169.51409509748981 94.838504454105788
171.97973438731407 94.947590772488240
174.4812372264439 95.152207597825239
177.01912526221608 95.431603230207287
179.5939277295025 95.731989544351791
182.20618156107355 96.015561427034868
184.85643149956664 96.270389706158909
187.54523021108326 96.503527956464495
190.27313840043846 96.712808623708582
193.04072492808663 96.882224476778276
195.84856692874806 96.990874746447190
198.69724993176072 97.044669749249366
201.58736798318304 97.059264561330536
204.5195237696723 97.045064524188120
207.49432874416505 97.005596411349188
210.5124032533856 96.944962657963231
213.57437666720915 96.865236670817737
216.68088750990657 96.759168937153277
219.83258359329807 96.640154802166393
223.03012215184378 96.509643757043392
226.2741699796992 96.380549314131827
229.5654035697641 96.256652500657111
232.90450925475412 96.135937666828852
236.2921833503241 96.018930995276889
239.72913230027333 95.906370917166043
243.21607282386276 95.796963797078149
246.75373206527502 95.689949605025419
250.34284774524843 95.585400263133039
253.9841683149166 95.483443287182340
257.67845311188546 95.387360219090965
261.42647251858085 95.298906204878165
265.22900812289896 95.220606861910710
269.08685288119375 95.155356437064285
273.0008112836349 95.106741684342737
276.97169952197106 95.068347866264475
281.00034565973334 95.038798029739525
285.0875898049141 95.015421907287561
289.23428428515797 94.988053723717968
293.44129382550057 94.944457509154390
297.7094957286928 94.888796110225428
302.0397800581479 94.825903299127788
306.4330498235497 94.760004252646752
310.89022116916016 94.690229016585732
315.41222356486645 94.614121198188883
320.00000000000654 94.531999999999897
324.6545071800142 94.455200631529763
329.3767157259242 94.385599950401513
334.16761037677935 94.318153454725092
339.02819019498156 94.247688423153264
343.95946877463007 94.169356605850993
348.9624744528898 94.078005480285668
354.03825052443415 93.987830615822404
359.187855459007 93.918233021216508
364.4123631221491 93.855051642534221
369.71286299913527 93.765524897515121
375.0904604221685 93.669328008292467
380.54627680087896 93.628799086622038
386.08144985617537 93.607796375359555
391.6971338574982 93.564693649612991
397.3944998635236 93.502955901883382
403.1747359663683 93.420437205826602
409.0390475393468 93.340758651796548
414.9886574883323 93.276602082605010
421.0248065067734 93.229622700098361
427.1487533344206 93.191502793882819
433.3617750198154 93.157994310315942
439.6651671865984 93.134360034711563
446.06024430368984 93.133039168037612
452.54833995940066 93.166377051683327
459.13080713953053 93.239200492813893
465.8090185095106 93.350141024517200
472.58436670065066 93.513658262802906
479.45826460054917 93.722075152046386
486.432145647728 93.959181883105714
493.50746413055253 94.217916897364574
500.6856954904994 94.492185037657975
507.9683366298358 94.754360118674100
515.3569062237735 94.969565749370560
522.8529450371643 95.145046028511643
530.4580162458005 95.285769097364394
538.1737057623901 95.390935578495203
546.0016225672724 95.477588581425451
553.9433990439449 95.558126204074767
562.0006913194694 95.622903940520970
570.1751796098309 95.669664944405383
578.4685685703187 95.724815980992616
586.8825876510039 95.793157865650983
595.4189914573883 95.871522317990923
604.0795601162986 95.956550573670256
612.8660996471021 96.047094046294575
621.780442338323 96.146022134961072
630.8244471297356 96.251775030209529
640.0000000000159 96.355000000000189
649.3090143600314 96.455537355088339
658.7534314518515 96.555348701817024
668.3352207535618 96.648101358196499
678.0563803899662 96.735701785470695
687.9189375492632 96.821102862923667
697.9249489057827 96.897248374457490
708.0765010488715 96.962170481450556
718.3757109180171 97.021322766686808
728.8247262443015 97.072858685972648
739.425725998274 97.116202903993099
750.1809208443404 97.155301534740573
761.0925536017613 97.173487589336276
772.1628997123541 97.165227981045803
783.3942677149998 97.178642822528843
794.7889997270506 97.208715624147032
806.34947193274 97.236376137212829
818.0780950786972 97.257019779943903
829.9773149766683 97.273785879785265
842.0496130135506 97.282006201626700
854.2975066688449 97.282283748888517
866.7235500396347 97.281000000000006
879.3303343732008 97.285763367810517
892.1204886073838 97.299832537468120
905.0966799188055 97.311260701622700
918.2616142790653 97.321261614279067
931.6180370190256 97.339199754955274
945.1687334013056 97.367324439053164
958.9165292011028 97.403520455303038
972.8642912954606 97.443339301813836
987.0149282611097 97.485082672157901
1001.3713909810035 97.531937007531610
1015.9366732596762 97.584528135944780
1030.7138124475518 97.640406236393602
1045.7058900743334 97.701696723751098
1060.916032491606 97.766305352710546
1076.3474115247852 97.839416712493900
1092.0032451345498 97.919891834135470
1107.8867980878947 98.001866604793477
1124.0013826389438 98.084118754031934
1140.350359219667 98.174916633878922
1156.9371371406426 98.267681267650303
1173.765175302013 98.358105229597314
1190.837982914782 98.434769850136192
1208.1591202326028 98.509601598231114
1225.73219929421 98.593524515535478
1243.5608846766518 98.682304423383258
1261.648894259477 98.772744471297386
1280.0000000000375 98.862500000000196
1298.6180287200684 98.959579721183218
1317.5068629037087 99.057032941937806
1336.6704415071292 99.139015854329941
1356.112760779938 99.224701785470728
1375.8378750985323 99.320397481737729
1395.8498978115715 99.419060746721982
1416.153002097749 99.514611459754533
1436.7514218360407 99.607862328349086
1457.6494524886093 99.692344007058537
1478.8514519965543 99.773216679184145
1500.3618416886875 99.872953286649306
1522.1851072035295 100.020915026839930
1544.3257994247153 100.164071632306673
1566.788535430007 100.299216588328449
1589.5779994541087 100.442548556440784
1612.6989438654878 100.593805071757600
1636.156190157402 100.743891502779036
1659.9546299533442 100.888931409323803
1684.099226027109 101.040056721504882
1708.5950133376978 101.207461791496598
1733.4471000792773 101.379974410562880
1758.6606687464096 101.562281802223140
1784.2409772147755 101.750110938224907
1810.193359837619 101.937430862798379
1836.5232285581387 102.132963285043715
1863.2360740380593 102.328005568631752
1890.3374668026197 102.512920531561235
1917.833058402214 102.686708300925687
1945.7285825909298 102.850811207375571
1974.0298565222283 103.001416448176485
2002.7427819620161 103.142982501286880
2031.8733465193618 103.280149057359225
2061.4276248951132 103.408353262069966
2091.411780148677 103.530958883241553
2121.832064983222 103.647683219318367
2152.694823049581 103.746449727996264
2184.0064902691106 103.838518659523686
2215.7735961758003 103.933200978192787
2248.002765277899 104.033208710625388
2280.7007184393456 104.133353738166775
2313.874274281297 104.227616730082943
2347.530350604038 104.321000636671172
2381.6759658295764 104.414025107739860
2416.318240465218 104.505927425209563
2451.4643985884327 104.594087776541656
2487.1217693533167 104.679165432335196
2523.2977885189675 104.763458580663098
2560.0000000000887 104.848750000000209
2597.236057440151 104.931411171342319
2635.0137258074315 105.008026079034124
2673.340883014273 105.072970129709802
2712.225521559891 105.128634028746518
2751.6757501970797 105.178198740868879
2791.699795623158 105.226936002193071
2832.3060041955137 105.269952124279428
2873.502843672097 105.307272331811120
2915.2989049772345 105.343227981628829
2957.7029039931244 105.383973194392439
3000.723683377391 105.431341281926223
3044.370214407075 105.482244257288485
3088.6515988494466 105.534915628648093
3133.57707086003 105.589176625189282
3179.1559989082334 105.644195638700808
3225.3978877309914 105.691604120080584
3272.3123803148205 105.728895542417234
3319.9092599067053 105.755963703962678
3368.198452054235 105.767090077397285
3417.190026675413 105.761202493331155
3466.8942001585724 105.743032421906435
3517.3213374928373 105.711375063755014
3568.4819544295697 105.685727706835564
3620.386719675257 105.681611601590262
3673.0464571162966 105.675125133722787
3726.472148076138 105.652734483000415
3780.6749336052594 105.621875933168241
3835.6661168044484 105.590010280429738
3891.45716518188 105.558821057196553
3948.059713044477 105.522736932934151
4005.4855639240527 105.484340114024263
4063.746693038744 105.439409419171199
4122.855249790247 105.381978525258688
4182.823560297375 105.306699947494465
4243.664129966465 105.203270979057010
4305.389646099183 105.077566484344203
4368.012980538242 104.921033782636457
4431.5471923516225 104.731358422945135
4496.00553055582 104.527715727730637
4561.401436878714 104.314608207813876
4627.748548562617 104.100592072027752
4695.060701208099 103.891033049250098
4763.351931659176 103.688946994771356
4832.63648093046 103.490854205301673
4902.928797176889 103.279479905975165
4974.243538706657 103.056203578719135
5046.595577037959 102.856972500909706
5120.000000000202 102.692571428571028
5194.472114880326 102.533573057446119
5270.027451614888 102.342051223784978
5346.6817660285715 102.149755522569109
5424.451043119808 101.981415421211238
5503.351500394186 101.843994352932285
5583.399591246343 101.746071707293154
5664.612008391055 101.694547875720559
5747.005687344222 101.672739545012462
5830.597809954497 101.677526353936571
5915.405807986278 101.707397542871632
6001.447366754812 101.760103617150548
6088.740428814181 101.828053680835922
6177.303197698925 101.909657946451148
6267.154141720092 101.994091148019834
6358.3119978165005 102.083228877838337
6450.795775462017 102.170216197915806
6544.624760629676 102.240159237362064
6639.818519813445 102.272398185198142
6736.396904108505 102.240970724384511
6834.380053350861 102.110223383961880
6933.788400317181 101.848733772885112
7034.642674985712 101.470500765060009
7136.963908859177 100.982348606793963
7240.773439350552 100.268979359159289
7346.092914232631 99.299227141104382
7452.944296152315 98.187789930439578
7561.349867210557 96.980844640459523
7671.332233608935 95.733222645228579
7782.914330363799 94.534060674387263
7896.119426088994 93.506962537450619
8010.971127848146 92.801575243016742
8127.49338607753 92.456344525803701
8245.710499580537 92.485444122973661
8365.647120594791 92.795188852664552
8487.328259932974 93.147435160303957
8610.77929219841 93.472987740100024
8736.025961076528 93.783048619423283
8863.094384703289 94.069716447621957
8992.011061111683 94.342590079353073
9122.802873757471 94.611993837727510
9255.497097125279 94.896664466069382
9390.121402416245 95.206441845476817
9526.7038633184 95.504345816653242
9665.272961860968 95.722188356401233
9805.857594353829 95.821671518870772
9948.487077413367 95.815383151130874
10093.19115407597 95.744517219095172
10240.000000000457 95.641399999999649
10388.944229760706 95.526385879898896
10540.05490322983 95.444163994554728
10693.363532057198 95.426591506111620
10848.902086239672 95.492159946226991
11006.703000788428 95.648876025926398
11166.799182492743 95.894584312844700
11329.224016782166 96.241895082157697
11494.0113746885 96.684257749623967
11661.195619909053 97.261288425502343
11830.811615972614 97.941070279810845
12002.894733509682 98.742911421719157
12177.48085762842 99.592628117718334
12354.606395397908 100.415321308365151
12534.308283440243 101.036268217910020
12716.62399563306 101.180648803857466
12901.591550924093 100.549842908574874
13089.249521259411 99.520672982693029
13279.637039626952 98.030755568648829
13472.793808217073 96.221909208924245
13668.760106701786 94.392847449287089
13867.576800634426 92.690656926997548
14069.285349971487 91.187946458772046
14273.927817718419 89.833554393066933
14481.54687870117 88.645699080863707
14692.18582846533 87.632307916388200
14905.888592304698 86.775476664780427
15122.699734421185 86.068897767522770
15342.664467217943 85.511408500072093
15565.828660727671 85.116825158556651
15792.238852178061 84.907671038399428
16021.942255696367 84.898177531478623
16254.986772155136 85.107922353804227
16491.42099916115 85.602069888246803
16731.294241189662 86.420740662998611
16974.65651986603 87.619116799243983
17221.558584396902 89.226568226602510
17472.051922153143 91.009944593370960
17726.188769406665 92.196230657074238
17984.022122223458 91.972369028887158
18245.605747515034 90.158551677625340
18510.99419425065 87.320777070838744
18780.242804832582 84.319551214875005
19053.40772663689 81.414757531233178
19330.545923722028 78.570859479014544
19611.71518870775 76.545656257258386
19896.974154826825 76.649660309165228
20186.382308152035 77.063000000000002
