20 93.894000000000005
20.290906698750476 93.892060615543713
20.586044732869844 93.890569776103064
20.885475648548283 93.889072621757265
21.189261887185914 93.888035796923390
21.49746679841394 93.886634498592201
21.810154653305165 93.885474610993683
22.12739065777668 93.884522285033341
22.449240966187475 93.883417931996576
22.77577269513385 93.882873713420480
23.107053937445478 93.882321576176167
23.44315377638505 93.882000000000005
23.784142300054445 93.881769822124937
24.130090616010463 93.881283181583925
24.481070866093134 93.880547322598147
24.837156241469714 93.879771407168903
25.1984209978975 93.879003947505254
25.56494047120865 93.878087647791091
25.936791093020236 93.877158021477342
26.3140504066728 93.876119834043877
26.69679708340074 93.874762010937246
27.08511093873791 93.873382965594317
27.47907294916184 93.871604636765781
27.878765268980047 93.869954630241324
28.284271247461966 93.868362915010152
28.695675446220072 93.866717298215121
29.11306365684382 93.864934681715781
29.536522918790062 93.862890431243628
29.966141537533712 93.861601575387397
30.402009102982383 93.859493303012385
30.844216508158908 93.857959190492380
31.29285596815558 93.856276790119409
31.74802103936409 93.854755936881915
32.20980663898519 93.853370580083038
32.67830906482211 93.851786763740705
33.153626015361866 93.850192747969274
33.63585661014871 93.849364143389849
34.125101410453844 93.848874898589543
34.62146244024586 93.848500000000001
35.12504320746613 93.849125216037336
35.635948725613716 93.851815692353682
36.15428553564419 93.855079998749517
36.68016172818701 93.858761132097314
37.21368696608603 93.862495808762603
37.754972507267915 93.866503352552314
38.30413122794313 93.870833041823545
38.86127764614443 93.875209576358060
39.4265279456077 93.879448958903254
40.000000000000206 93.883499999999998
40.58181339750116 93.888348461140708
41.1720894657399 93.892790664539731
41.77095129709678 93.897757935002261
42.37852377437204 93.902958776696366
42.9949335968281 93.907712014349585
43.62030930661056 93.913269496463116
44.25478131555359 93.917962710878655
44.89848193237519 93.923569414611478
45.55154539026795 93.928904998916394
46.21410787489121 93.934117557682612
46.88630755277036 93.939678137660138
47.56828460010916 93.944987746446856
48.260181232021196 93.949921261624155
48.962141732186545 93.954872431126432
49.674312482939705 93.960057335479831
50.39684199579528 93.965476318688872
51.129880942417586 93.970856296222564
51.873582186040764 93.976168440373954
52.628100813345895 93.981710752613537
53.393594166801776 93.987205963279223
54.17022187747612 93.992115556277639
54.95814589832399 93.997272466027368
55.75753053796041 94.002136107571161
56.56854249492426 94.006911254969538
57.39135089244048 94.011848105354645
58.226127313687975 94.016517572911596
59.073045837580466 94.020328706269112
59.932283075067765 94.024195273837819
60.804018205965114 94.027517225143811
61.68843301631817 94.031038379277504
62.58571193631152 94.033705348182650
63.49604207872855 94.036488126236179
64.41961327797075 94.039258839833906
65.35661812964459 94.041713236259284
66.3072520307241 94.043460878046091
67.27171322029778 94.044907569830443
68.25020282090806 94.046500405641808
69.2429248804921 94.048121462440250
70.25008641493265 94.048625043207466
71.27189745122783 94.049135948725620
72.30857107128878 94.049499999999995
73.36032345637442 94.049499999999995
74.42737393217246 94.049072626067826
75.50994501453623 94.048075044758832
76.60826245588666 94.046871900748101
77.72255529228926 94.045072010040968
78.85305589121582 94.042911578293584
80.00000000000082 94.040999999999997
81.16362679500274 94.038090925739795
82.34417893148023 94.034479448335176
83.541902594194 94.029992691577661
84.75704754874454 94.025012304410993
85.98986719365665 94.019050651658347
87.24061861322157 94.012796903941037
88.50956263110764 94.005948999300756
89.79696386475084 93.999082859387997
91.10309078053635 93.992024910001035
92.42821574978288 93.984414138949390
93.77261510554118 93.978615871593775
95.13656920021877 93.975443096024321
96.52036246404286 93.974999999999994
97.92428346437356 93.975326371142501
99.34862496587989 93.976685779171802
100.79368399159105 93.977764561330531
102.25976188483567 93.977240238115158
103.74716437208203 93.974365247700831
105.25620162669229 93.966613620208506
106.78718833360406 93.952840928330346
108.34044375495276 93.933794083267287
109.9162917966485 93.911828288958532
111.51506107592134 93.887947265695118
113.13708498984903 93.862812040748949
114.78270178488147 93.836940563674119
116.45225462737648 93.810395917604353
118.14609167516147 93.783668150314270
119.86456615013608 93.756238632787159
121.60803641193078 93.728299405809111
123.3768660326369 93.699052210934340
125.17142387262359 93.668300087711032
126.99208415745765 93.633330260745879
128.83922655594208 93.589001656433624
130.71323625928977 93.536529384739879
132.61450406144883 93.476799609880004
134.5434264405962 93.409844217968981
136.50040564181674 93.341486208178225
138.48584976098482 93.275195732528985
140.50017282986593 93.213328436487132
142.5437949024563 93.155425811097075
144.61714214257822 93.101262875364256
146.7206469127495 93.050892732859111
148.8547478643456 93.005405042713093
151.01989002907314 92.979236351906962
153.216524911774 92.992126512829628
155.4451105845792 93.053270290681667
157.70611178243232 93.141697917218636
160.00000000000236 93.238500000000101
162.3272535900062 93.344157312986283
164.6883578629612 93.458354192139922
167.08380518838874 93.584775197059969
169.51409509748981 93.724220334673902
171.97973438731407 93.872471903871229
174.4812372264439 94.005835593439230
177.01912526221608 94.093881407971367
179.5939277295025 94.140746487034335
182.20618156107355 94.175680360293967
184.85643149956664 94.212961327293840
187.54523021108326 94.254823189841716
190.27313840043846 94.305290534089295
193.04072492808663 94.364504093403525
195.84856692874806 94.423443918103217
198.69724993176072 94.462359649495028
201.58736798318304 94.465385966736733
204.5195237696723 94.442025476648766
207.49432874416505 94.400841685302666
210.5124032533856 94.344991598887802
213.57437666720915 94.277002148320577
216.68088750990657 94.201653366946033
219.83258359329807 94.124601701964195
223.03012215184378 94.048155833624719
226.2741699796992 93.971177977147107
229.5654035697641 93.894568150633788
232.90450925475412 93.817212202264855
236.2921833503241 93.742291103805613
239.72913230027333 93.669255938619187
243.21607282386276 93.597205552625724
246.75373206527502 93.526894575202675
250.34284774524843 93.457700172681058
253.9841683149166 93.390790907213400
257.67845311188546 93.327506490458944
261.42647251858085 93.269746294091647
265.22900812289896 93.216522894402317
269.08685288119375 93.166472240905875
273.0008112836349 93.120740873059106
276.97169952197106 93.075461068176594
281.00034565973334 93.025595195329714
285.0875898049141 92.968616081082359
289.23428428515797 92.903098308294503
293.44129382550057 92.828712581758438
297.7094957286928 92.746310085426131
302.0397800581479 92.656899701257089
306.4330498235497 92.560661887274051
310.89022116916016 92.459983746047754
315.41222356486645 92.360837973415641
320.00000000000654 92.269999999999897
324.6545071800142 92.193200631529763
329.3767157259242 92.131478038708167
334.16761037677935 92.089325594910406
339.02819019498156 92.070818248434563
343.95946877463007 92.076314884426722
348.9624744528898 92.100293609490890
354.03825052443415 92.137902179143026
359.187855459007 92.179840414763859
364.4123631221491 92.201502034615302
369.71286299913527 92.182292116503902
375.0904604221685 92.115723098850253
380.54627680087896 92.008555277125595
386.08144985617537 91.893881408034702
391.6971338574982 91.794942295288635
397.3944998635236 91.719365101119109
403.1747359663683 91.710434382534942
409.0390475393468 91.779748411170814
414.9886574883323 91.930891765673167
421.0248065067734 92.144615626587040
427.1487533344206 92.391822016712879
433.3617750198154 92.656072252927146
439.6651671865984 92.920081485565774
446.06024430368984 93.174759161388380
452.54833995940066 93.407104886652107
459.13080713953053 93.602392253989905
465.8090185095106 93.762759061536229
472.58436670065066 93.879247864802750
479.45826460054917 93.954850591519076
486.432145647728 93.992955724331821
493.50746413055253 93.992211086801206
500.6856954904994 93.966357242706721
507.9683366298358 93.927668211654009
515.3569062237735 93.886266455484531
522.8529450371643 93.851547783018162
530.4580162458005 93.830914121953910
538.1737057623901 93.829884634188147
546.0016225672724 93.849292668145452
553.9433990439449 93.885810157181936
562.0006913194694 93.931003975086952
570.1751796098309 93.977823344166211
578.4685685703187 94.016802272280501
586.8825876510039 94.046024280483209
595.4189914573883 94.069818428216337
604.0795601162986 94.091953872798030
612.8660996471021 94.116250720395087
621.780442338323 94.146231548184119
630.8244471297356 94.186787125074630
640.0000000000159 94.234500000000082
649.3090143600314 94.286165029698168
658.7534314518515 94.335955515122208
668.3352207535618 94.378758210277994
678.0563803899662 94.414197331364875
687.9189375492632 94.442777078260477
697.9249489057827 94.467519877373874
708.0765010488715 94.492287427569735
718.3757109180171 94.520033205024546
728.8247262443015 94.551856651357340
739.425725998274 94.587076182094222
750.1809208443404 94.624633222955197
761.0925536017613 94.662823937606163
772.1628997123541 94.701179268235080
783.3942677149998 94.738765654749614
794.7889997270506 94.776629999090176
806.34947193274 94.815429467772987
818.0780950786972 94.857175970101295
829.9773149766683 94.903100695098090
842.0496130135506 94.953385790809847
854.2975066688449 95.008017842787666
866.7235500396347 95.064437650179883
879.3303343732008 95.121703021398076
892.1204886073838 95.180016897973729
905.0966799188055 95.239572144624475
918.2616142790653 95.301122252166351
931.6180370190256 95.365072025553729
945.1687334013056 95.431843667006518
958.9165292011028 95.502811778305784
972.8642912954606 95.580842888912628
987.0149282611097 95.668324357944641
1001.3713909810035 95.766694006292141
1015.9366732596762 95.875555830961389
1030.7138124475518 95.995067405804193
1045.7058900743334 96.122766610955949
1060.916032491606 96.254408413844203
1076.3474115247852 96.387497911678167
1092.0032451345498 96.520651975180954
1107.8867980878947 96.652094384703162
1124.0013826389438 96.780121864969573
1140.350359219667 96.907215283952411
1156.9371371406426 97.035447488424495
1173.765175302013 97.165180108590604
1190.837982914782 97.297702790337922
1208.1591202326028 97.432233181802673
1225.73219929421 97.568083342191187
1243.5608846766518 97.704848906445818
1261.648894259477 97.839313521044801
1280.0000000000375 97.971500000000262
1298.6180287200684 98.100496341846195
1317.5068629037087 98.231046667745218
1336.6704415071292 98.361359002248491
1356.112760779938 98.493566773303570
1375.8378750985323 98.628885391302418
1395.8498978115715 98.767656789790436
1416.153002097749 98.909301797982607
1436.7514218360407 99.053428738398196
1457.6494524886093 99.200811112669129
1478.8514519965543 99.351884512455058
1500.3618416886875 99.507677628496282
1522.1851072035295 99.669169793306125
1544.3257994247153 99.834556979696870
1566.788535430007 100.003249786433656
1589.5779994541087 100.174043435916730
1612.6989438654878 100.347750036745779
1636.156190157402 100.524617673786821
1659.9546299533442 100.704655187645415
1684.099226027109 100.888518086847114
1708.5950133376978 101.075837802166774
1733.4471000792773 101.265697960602509
1758.6606687464096 101.457494295847653
1784.2409772147755 101.652970705009480
1810.193359837619 101.852896605143172
1836.5232285581387 102.058072576466969
1863.2360740380593 102.268829706381439
1890.3374668026197 102.483779486412800
1917.833058402214 102.702807806049663
1945.7285825909298 102.926243232379250
1974.0298565222283 103.154180643569163
2002.7427819620161 103.386033681761532
2031.8733465193618 103.619830659944938
2061.4276248951132 103.853540299188879
2091.411780148677 104.085111880784225
2121.832064983222 104.313557280875841
2152.694823049581 104.538291928940140
2184.0064902691106 104.758842673519410
2215.7735961758003 104.961796296289961
2248.002765277899 105.163351077199849
2280.7007184393456 105.371736180860552
2313.874274281297 105.571852125498708
2347.530350604038 105.750859580510109
2381.6759658295764 105.912709442816038
2416.318240465218 106.066352521977180
2451.4643985884327 106.202576749865415
2487.1217693533167 106.321365308059939
2523.2977885189675 106.418826916010389
2560.0000000000887 106.499750000000176
2597.236057440151 106.562199578980199
2635.0137258074315 106.608013268280516
2673.340883014273 106.635921007733202
2712.225521559891 106.650685955030639
2751.6757501970797 106.650124318735209
2791.699795623158 106.638801318977187
2832.3060041955137 106.615970277398787
2873.502843672097 106.586432753499054
2915.2989049772345 106.552342941719587
2957.7029039931244 106.515567386406190
3000.723683377391 106.476884869129222
3044.370214407075 106.439930991567550
3088.6515988494466 106.406410170776624
3133.57707086003 106.379032611026986
3179.1559989082334 106.359212280403966
3225.3978877309914 106.347944295717667
3272.3123803148205 106.347623733244063
3319.9092599067053 106.359264611363614
3368.198452054235 106.383374947396874
3417.190026675413 106.421502425608395
3466.8942001585724 106.473104098188699
3517.3213374928373 106.537269512614756
3568.4819544295697 106.613940766175901
3620.386719675257 106.702511564202467
3673.0464571162966 106.803553843374914
3726.472148076138 106.915179839844456
3780.6749336052594 107.034799493943240
3835.6661168044484 107.157152134633705
3891.45716518188 107.275316652210918
3948.059713044477 107.389583045708548
4005.4855639240527 107.486905511297465
4063.746693038744 107.563528576872983
4122.855249790247 107.609380699972036
4182.823560297375 107.615063844367512
4243.664129966465 107.573344596594410
4305.389646099183 107.481761307393782
4368.012980538242 107.331884756176834
4431.5471923516225 107.122575396832104
4496.00553055582 106.863943899211876
4561.401436878714 106.553271233083706
4627.748548562617 106.212609836428015
4695.060701208099 105.847438850239428
4763.351931659176 105.456917134840580
4832.63648093046 105.061488436408041
4902.928797176889 104.671421204138866
4974.243538706657 104.284082430741933
5046.595577037959 103.912357225384255
5120.000000000202 103.555928571427614
5194.472114880326 103.222952248051172
5270.027451614888 102.920081639710091
5346.6817660285715 102.641405579937668
5424.451043119808 102.392599392993134
5503.351500394186 102.180834756140499
5583.399591246343 102.000605889039207
5664.612008391055 101.853690405609342
5747.005687344222 101.736828203623659
5830.597809954497 101.651316587782986
5915.405807986278 101.595916083364529
6001.447366754812 101.567981907915566
6088.740428814181 101.569060243934771
6177.303197698925 101.595981461805223
6267.154141720092 101.647034332275325
6358.3119978165005 101.720606118067607
6450.795775462017 101.810581585357809
6544.624760629676 101.913541598527274
6639.818519813445 102.023888575582674
6736.396904108505 102.127667136300374
6834.380053350861 102.197329716805513
6933.788400317181 102.195699655790662
7034.642674985712 102.090336038525436
7136.963908859177 101.874567085168820
7240.773439350552 101.570651517339940
7346.092914232631 101.210026437904844
7452.944296152315 100.821135547197954
7561.349867210557 100.421527989107773
7671.332233608935 100.024257729026914
7782.914330363799 99.640920955679192
7896.119426088994 99.283895457023220
8010.971127848146 98.964172136524155
8127.49338607753 98.693810160050660
8245.710499580537 98.477836587304779
8365.647120594791 98.323661912785823
8487.328259932974 98.230817419129977
8610.77929219841 98.198920980791996
8736.025961076528 98.226006490269128
8863.094384703289 98.292991477496258
8992.011061111683 98.381514261963360
9122.802873757471 98.455974332482043
9255.497097125279 98.474666880712363
9390.121402416245 98.396456554147463
9526.7038633184 98.181245921201764
9665.272961860968 97.811206211647686
9805.857594353829 97.293109082305762
9948.487077413367 96.643271869384279
10093.19115407597 95.892359237234331
10240.000000000457 95.091599999997470
10388.944229760706 94.281924765036194
10540.05490322983 93.516918302601240
10693.363532057198 92.819047117965852
10848.902086239672 92.204106197463631
11006.703000788428 91.682887591310802
11166.799182492743 91.263207664624460
11329.224016782166 90.982625907181131
11494.0113746885 90.815141184616408
11661.195619909053 90.831015806170242
11830.811615972614 90.979241738160511
12002.894733509682 91.324069831379006
12177.48085762842 91.819054063817759
12354.606395397908 92.568587035098460
12534.308283440243 93.500235339696673
12716.62399563306 94.622614371906010
12901.591550924093 95.661733046287225
13089.249521259411 96.590371916632279
13279.637039626952 96.999208166608398
13472.793808217073 96.759192185212342
13668.760106701786 95.988322647284747
13867.576800634426 94.939868552539210
14069.285349971487 93.910796850792877
14273.927817718419 93.004912860233134
14481.54687870117 92.290395300286150
14692.18582846533 91.688304707041624
14905.888592304698 91.035698042978638
15122.699734421185 90.216072134021545
15342.664467217943 89.145795168333208
15565.828660727671 87.805839966873663
15792.238852178061 86.262398780005654
16021.942255696367 84.665614865204020
16254.986772155136 83.207486350869843
16491.42099916115 82.021532268207679
16731.294241189662 81.117622834292092
16974.65651986603 80.543870769420636
17221.558584396902 80.438257111432677
17472.051922153143 80.928508097934426
17726.188769406665 81.869969557914303
17984.022122223458 82.357997386557642
18245.605747515034 81.251283869470612
18510.99419425065 77.869527145265593
18780.242804832582 72.628416351244539
19053.40772663689 66.573449309052691
19330.545923722028 61.291561906236595
19611.71518870775 60.936473530525589
19896.974154826825 64.461381579382618
20186.382308152035 65.786500000000004
