20 92.772499999999994
20.290906698750476 92.788015075650264
20.586044732869844 92.803755721567313
20.885475648548283 92.818773782427428
21.189261887185914 92.832998843072545
21.49746679841394 92.846886016893663
21.810154653305165 92.860931613107397
22.12739065777668 92.874414102955512
22.449240966187475 92.888051700085484
22.77577269513385 92.901657164487801
23.107053937445478 92.915282171771736
23.44315377638505 92.928964762466833
23.784142300054445 92.942865692002187
24.130090616010463 92.956703641985882
24.481070866093134 92.970290161027691
24.837156241469714 92.983986227946218
25.1984209978975 92.997940787421157
25.56494047120865 93.011685283133531
25.936791093020236 93.025458688578539
26.3140504066728 93.039181825517417
26.69679708340074 93.052887897919021
27.08511093873791 93.066478861259625
27.47907294916184 93.080267542639518
27.878765268980047 93.093908327828075
28.284271247461966 93.107380951166249
28.695675446220072 93.120957289725254
29.11306365684382 93.134618037018996
29.536522918790062 93.148095687563710
29.966141537533712 93.160984246126020
30.402009102982383 93.174556924394750
30.844216508158908 93.187326476060946
31.29285596815558 93.200544609084460
31.74802103936409 93.213444589102195
32.20980663898519 93.226374585891591
32.67830906482211 93.239492653815020
33.153626015361866 93.252801528430126
33.63585661014871 93.266303985084164
34.125101410453844 93.280002839492710
34.62146244024586 93.293900948326893
35.12504320746613 93.307751123394112
35.635948725613716 93.321170615591569
36.15428553564419 93.335011423926744
36.68016172818701 93.348684204932852
37.21368696608603 93.362128487186055
37.754972507267915 93.375556426534843
38.30413122794313 93.389603255698574
38.86127764614443 93.403330325133837
39.4265279456077 93.416755036526979
40.000000000000206 93.430000000000007
40.58181339750116 93.444060537308076
41.1720894657399 93.457371993619176
41.77095129709678 93.470846424506092
42.37852377437204 93.484310173132286
42.9949335968281 93.497723597009923
43.62030930661056 93.510839764688882
44.25478131555359 93.524784403723828
44.89848193237519 93.538385033207931
45.55154539026795 93.552104542499251
46.21410787489121 93.566270382670027
46.88630755277036 93.579226168589457
47.56828460010916 93.592816915406516
48.260181232021196 93.606143424408401
48.962141732186545 93.619368320928714
49.674312482939705 93.632300449452941
50.39684199579528 93.645192770164755
51.129880942417586 93.658155110934132
51.873582186040764 93.670904256897472
52.628100813345895 93.683189067944866
53.393594166801776 93.695149916543670
54.17022187747612 93.707317779763514
54.95814589832399 93.718717685451992
55.75753053796041 93.729666040729512
56.56854249492426 93.740391052434006
57.39135089244048 93.750696210709293
58.226127313687975 93.760600464107412
59.073045837580466 93.770303504213388
59.932283075067765 93.779755113825757
60.804018205965114 93.788040192002228
61.68843301631817 93.796480543013161
62.58571193631152 93.803874974911452
63.49604207872855 93.811220315590461
64.41961327797075 93.817517679667816
65.35661812964459 93.822783090648215
66.3072520307241 93.827229008122885
67.27171322029778 93.830815139660899
68.25020282090806 93.833750608462722
69.2429248804921 93.836485849760976
70.25008641493265 93.838500172829868
71.27189745122783 93.840271897451231
72.30857107128878 93.841308571071295
73.36032345637442 93.842360323456376
74.42737393217246 93.843213686966081
75.50994501453623 93.843500000000006
76.60826245588666 93.843185950374050
77.72255529228926 93.841986412049152
78.85305589121582 93.839323156587170
80.00000000000082 93.835499999999996
81.16362679500274 93.831621234319741
82.34417893148023 93.827539379377072
83.541902594194 93.824595614946588
84.75704754874454 93.822803691323301
85.98986719365665 93.825799565561113
87.24061861322157 93.835305239484398
88.50956263110764 93.848621126660703
89.79696386475084 93.864928208953501
91.10309078053635 93.883127158458834
92.42821574978288 93.903395629468292
93.77261510554118 93.925547047406155
95.13656920021877 93.949560678905783
96.52036246404286 93.975660860091153
97.92428346437356 94.003312020847716
99.34862496587989 94.034072618149622
100.79368399159105 94.068577538459238
102.25976188483567 94.104994047120897
103.74716437208203 94.141378550505465
105.25620162669229 94.174926702092250
106.78718833360406 94.202045428892859
108.34044375495276 94.217822810448041
109.9162917966485 94.222286341544375
111.51506107592134 94.220539153352803
113.13708498984903 94.214446297356830
114.78270178488147 94.205767576090466
116.45225462737648 94.191957783842355
118.14609167516147 94.175286230953859
119.86456615013608 94.155127187952019
121.60803641193078 94.133179511443046
123.3768660326369 94.108986117631304
125.17142387262359 94.083371500619776
126.99208415745765 94.055290681533165
128.83922655594208 94.025353038056977
130.71323625928977 93.993762588771972
132.61450406144883 93.960785300878570
134.5434264405962 93.925582467459122
136.50040564181674 93.889242089984577
138.48584976098482 93.850404467220557
140.50017282986593 93.810163094849429
142.5437949024563 93.767928238682572
144.61714214257822 93.723327158398931
146.7206469127495 93.676801638536958
148.8547478643456 93.628069849547188
151.01989002907314 93.576206727278986
153.216524911774 93.520010522399758
155.4451105845792 93.458947881514874
157.70611178243232 93.395517426587304
160.00000000000236 93.334499999999935
162.3272535900062 93.277715012403860
164.6883578629612 93.227544484877825
167.08380518838874 93.185575311797393
169.51409509748981 93.157553410986097
171.97973438731407 93.170317609485835
174.4812372264439 93.247513282487859
177.01912526221608 93.373109813845005
179.5939277295025 93.522879307132456
182.20618156107355 93.687313147284272
184.85643149956664 93.867179914570357
187.54523021108326 94.064437496042331
190.27313840043846 94.269354900509455
193.04072492808663 94.444630361591294
195.84856692874806 94.562278154319444
198.69724993176072 94.635163348594261
201.58736798318304 94.690308062366768
204.5195237696723 94.743864443700545
207.49432874416505 94.805620506325099
210.5124032533856 94.877053879707944
213.57437666720915 94.948136286678590
216.68088750990657 95.005755975178317
219.83258359329807 95.054239878509520
223.03012215184378 95.084149864635577
226.2741699796992 95.094516113319798
229.5654035697641 95.076187040488406
232.90450925475412 95.035725464563996
236.2921833503241 94.979765901749886
239.72913230027333 94.912315778607137
243.21607282386276 94.838273406978004
246.75373206527502 94.760887111072122
250.34284774524843 94.680743069763764
253.9841683149166 94.598358191875008
257.67845311188546 94.516614224899541
261.42647251858085 94.434974222720854
265.22900812289896 94.354305333480568
269.08685288119375 94.275320844296914
273.0008112836349 94.200985396894566
276.97169952197106 94.131574270088720
281.00034565973334 94.070595540989444
285.0875898049141 94.018141619911830
289.23428428515797 93.977504014005447
293.44129382550057 93.945910943221492
297.7094957286928 93.920097773492188
302.0397800581479 93.896536182187447
306.4330498235497 93.872618225970484
310.89022116916016 93.845672395338894
315.41222356486645 93.811248765559711
320.00000000000654 93.769499999999937
324.6545071800142 93.721558576045851
329.3767157259242 93.667230097579278
334.16761037677935 93.609155153403293
339.02819019498156 93.547036346484731
343.95946877463007 93.482235012174868
348.9624744528898 93.413817852550125
354.03825052443415 93.342964492657927
359.187855459007 93.267938524752594
364.4123631221491 93.187167135294473
369.71286299913527 93.096938756414872
375.0904604221685 92.997761867602605
380.54627680087896 92.892932252897396
386.08144985617537 92.788676887689519
391.6971338574982 92.688125874029396
397.3944998635236 92.589990752251865
403.1747359663683 92.497262469860232
409.0390475393468 92.407920794833018
414.9886574883323 92.323902178698205
421.0248065067734 92.252387704501757
427.1487533344206 92.198965605549205
433.3617750198154 92.172957337470280
439.6651671865984 92.177399192407364
446.06024430368984 92.210668702530739
452.54833995940066 92.273825245516861
459.13080713953053 92.366142337704247
465.8090185095106 92.479832006007683
472.58436670065066 92.613979517363333
479.45826460054917 92.760308031326218
486.432145647728 92.911677560555688
493.50746413055253 93.060656746741614
500.6856954904994 93.203142510606085
507.9683366298358 93.337416206612602
515.3569062237735 93.458573167037912
522.8529450371643 93.562915486057022
530.4580162458005 93.650265276289019
538.1737057623901 93.721815200772369
546.0016225672724 93.779867457749077
553.9433990439449 93.827959920100227
562.0006913194694 93.866902730711899
570.1751796098309 93.899008020868507
578.4685685703187 93.923058848853913
586.8825876510039 93.940921045919453
595.4189914573883 93.955941335904683
604.0795601162986 93.972169065247130
612.8660996471021 93.995445877487526
621.780442338323 94.029606086663165
630.8244471297356 94.079023795769217
640.0000000000159 94.140500000000117
649.3090143600314 94.211248509136240
658.7534314518515 94.283901422179255
668.3352207535618 94.353096828387976
678.0563803899662 94.415352377437287
687.9189375492632 94.468282528378708
697.9249489057827 94.512681032849571
708.0765010488715 94.551383053880826
718.3757109180171 94.586139846029454
728.8247262443015 94.618856651357333
739.425725998274 94.649834605395000
750.1809208443404 94.677891995162739
761.0925536017613 94.701533866137154
772.1628997123541 94.720698753359372
783.3942677149998 94.735831406418470
794.7889997270506 94.748006124738424
806.34947193274 94.758291226610623
818.0780950786972 94.767441684865204
829.9773149766683 94.775945833445377
842.0496130135506 94.783356072631207
854.2975066688449 94.788253439445072
866.7235500396347 94.790863350003050
879.3303343732008 94.791283483281347
892.1204886073838 94.790525300759498
905.0966799188055 94.790424723326566
918.2616142790653 94.792685819228979
931.6180370190256 94.798318098280205
945.1687334013056 94.807675247276038
958.9165292011028 94.821531095351247
972.8642912954606 94.839625007513121
987.0149282611097 94.860522392391658
1001.3713909810035 94.884014216798505
1015.9366732596762 94.910967013845323
1030.7138124475518 94.942182557912076
1045.7058900743334 94.978244506769244
1060.916032491606 95.020809166307600
1076.3474115247852 95.068311716879322
1092.0032451345498 95.118447945276841
1107.8867980878947 95.169295165555667
1124.0013826389438 95.217281503221599
1140.350359219667 95.260386239878414
1156.9371371406426 95.296058949865795
1173.765175302013 95.328478733322143
1190.837982914782 95.356090665365628
1208.1591202326028 95.383392903222671
1225.73219929421 95.411826627361506
1243.5608846766518 95.442552683869593
1261.648894259477 95.475356306142373
1280.0000000000375 95.509500000000060
1298.6180287200684 95.543810367212700
1317.5068629037087 95.578512353226671
1336.6704415071292 95.614673838863538
1356.112760779938 95.652419883520878
1375.8378750985323 95.691675750197064
1395.8498978115715 95.731699795623143
1416.153002097749 95.769075403775943
1436.7514218360407 95.804295918299971
1457.6494524886093 95.834903255384518
1478.8514519965543 95.863506887595520
1500.3618416886875 95.891492104696624
1522.1851072035295 95.921171745796798
1544.3257994247153 95.951669603206113
1566.788535430007 95.981660866767612
1589.5779994541087 96.010285159334018
1612.6989438654878 96.037222817129333
1636.156190157402 96.063494932976283
1659.9546299533442 96.090945555944018
1684.099226027109 96.120283040273620
1708.5950133376978 96.150485916271990
1733.4471000792773 96.180636520095135
1758.6606687464096 96.211239229245550
1784.2409772147755 96.244622187644978
1810.193359837619 96.283513242936948
1836.5232285581387 96.328241811404652
1863.2360740380593 96.377648540672311
1890.3374668026197 96.429754685597089
1917.833058402214 96.485236100308555
1945.7285825909298 96.545188310048218
1974.0298565222283 96.610729864262012
2002.7427819620161 96.682082676708831
2031.8733465193618 96.752120921414431
2061.4276248951132 96.825568730951076
2091.411780148677 96.911447107468319
2121.832064983222 97.007271004697145
2152.694823049581 97.104806063182423
2184.0064902691106 97.205122066914981
2215.7735961758003 97.316679286137273
2248.002765277899 97.434777128634721
2280.7007184393456 97.559019420684166
2313.874274281297 97.689653286648635
2347.530350604038 97.827666609986636
2381.6759658295764 97.969768106911346
2416.318240465218 98.118028287372539
2451.4643985884327 98.272979963753812
2487.1217693533167 98.430335785154597
2523.2977885189675 98.593296160117788
2560.0000000000887 98.767000000000436
2597.236057440151 98.953265695816782
2635.0137258074315 99.147070001617905
2673.340883014273 99.340204415071369
2712.225521559891 99.536479734596114
2751.6757501970797 99.739526060392421
2791.699795623158 99.949320174466877
2832.3060041955137 100.162283461984487
2873.502843672097 100.381680327392601
2915.2989049772345 100.609255933573877
2957.7029039931244 100.842017275003826
3000.723683377391 101.068181739182478
3044.370214407075 101.290360930382860
3088.6515988494466 101.518954603988362
3133.57707086003 101.752216628314898
3179.1559989082334 101.978698154694015
3225.3978877309914 102.193782537034849
3272.3123803148205 102.395257635487610
3319.9092599067053 102.582960632051083
3368.198452054235 102.757192752463851
3417.190026675413 102.915366778158955
3466.8942001585724 103.052890790388503
3517.3213374928373 103.167256967986248
3568.4819544295697 103.256983653467174
3620.386719675257 103.323590586872015
3673.0464571162966 103.367097409698616
3726.472148076138 103.388559151095990
3780.6749336052594 103.386050373267295
3835.6661168044484 103.366943668749286
3891.45716518188 103.327090873183465
3948.059713044477 103.277209877879557
4005.4855639240527 103.215145888454629
4063.746693038744 103.147410301027548
4122.855249790247 103.074883350265679
4182.823560297375 102.998930213052603
4243.664129966465 102.922010349970975
4305.389646099183 102.847070844296823
4368.012980538242 102.771400981849624
4431.5471923516225 102.703056579623251
4496.00553055582 102.643128309745123
4561.401436878714 102.593903454377312
4627.748548562617 102.557288008003084
4695.060701208099 102.537278777004786
4763.351931659176 102.532907418808463
4832.63648093046 102.545296403516346
4902.928797176889 102.575640427059056
4974.243538706657 102.618614388626995
5046.595577037959 102.673567683986860
5120.000000000202 102.735357142857325
5194.472114880326 102.801207245428856
5270.027451614888 102.864959976009686
5346.6817660285715 102.919259625843210
5424.451043119808 102.958597924698779
5503.351500394186 102.974335150039423
5583.399591246343 102.958168864961976
5664.612008391055 102.904394873622792
5747.005687344222 102.812397123028262
5830.597809954497 102.679028292489193
5915.405807986278 102.505563886593336
6001.447366754812 102.295965465170951
6088.740428814181 102.050216828847965
6177.303197698925 101.775129767363438
6267.154141720092 101.487312033109959
6358.3119978165005 101.195984726965364
6450.795775462017 100.901215455153476
6544.624760629676 100.609063851488941
6639.818519813445 100.327119033333560
6736.396904108505 100.058366219591917
6834.380053350861 99.804237467689859
6933.788400317181 99.563110911264147
7034.642674985712 99.333978968531142
7136.963908859177 99.116648084560168
7240.773439350552 98.909899527659931
7346.092914232631 98.707423462958005
7452.944296152315 98.503082229906795
7561.349867210557 98.289033392238750
7671.332233608935 98.060043402737605
7782.914330363799 97.812651323645071
7896.119426088994 97.542790984994724
8010.971127848146 97.242960850796280
8127.49338607753 96.911645172463537
8245.710499580537 96.551082976279361
8365.647120594791 96.163036451302276
8487.328259932974 95.751136715144838
8610.77929219841 95.315195093079808
8736.025961076528 94.854096451409745
8863.094384703289 94.376503225821565
8992.011061111683 93.889198188997824
9122.802873757471 93.399607806529986
9255.497097125279 92.907999023536490
9390.121402416245 92.418984676402204
9526.7038633184 91.936316735940153
9665.272961860968 91.466599225858801
9805.857594353829 91.008900208771834
9948.487077413367 90.562472962599003
10093.19115407597 90.128654183935140
10240.000000000457 89.705499999998707
10388.944229760706 89.301703738914711
10540.05490322983 88.931120291119527
10693.363532057198 88.588457194303501
10848.902086239672 88.265728764933471
11006.703000788428 87.959597745379455
11166.799182492743 87.670075728030668
11329.224016782166 87.385716926233385
11494.0113746885 87.083703719853602
11661.195619909053 86.729226600330037
11830.811615972614 86.329993699026744
12002.894733509682 85.871987863120395
12177.48085762842 85.390634024148895
12354.606395397908 84.926627703361135
12534.308283440243 84.534378024606013
12716.62399563306 84.300752803129640
12901.591550924093 84.306599115739559
13089.249521259411 84.427772548013223
13279.637039626952 84.565976779370573
13472.793808217073 84.611792399315874
13668.760106701786 84.449389624475572
13867.576800634426 84.023167208025342
14069.285349971487 83.250831655731560
14273.927817718419 82.187031894227090
14481.54687870117 80.754347551680127
14692.18582846533 79.068101019372421
14905.888592304698 77.333749298932020
15122.699734421185 75.661021965283226
15342.664467217943 74.142071027101082
15565.828660727671 72.836121500112199
15792.238852178061 71.768997144958789
16021.942255696367 70.966211184242695
16254.986772155136 70.493704762024151
16491.42099916115 70.408588440301997
16731.294241189662 70.607651166799769
16974.65651986603 71.025236544480720
17221.558584396902 71.591605790501518
17472.051922153143 72.154119890245823
17726.188769406665 72.528188124242376
17984.022122223458 72.577381548555636
18245.605747515034 72.323070022584375
18510.99419425065 71.842741147361380
18780.242804832582 70.863728387116083
19053.40772663689 68.889587745181103
19330.545923722028 65.550496064743058
19611.71518870775 62.172936680334985
19896.974154826825 60.330944796419601
20186.382308152035 59.825500000000005
