20 101.287724497991974
20.290906698750476 101.281900849044106
20.586044732869844 101.276103766908392
20.885475648548283 101.270196375610595
21.189261887185914 101.264202358838773
21.49746679841394 101.258173778538236
21.810154653305165 101.252087427711331
22.12739065777668 101.246016593239375
22.449240966187475 101.239928889985208
22.77577269513385 101.233909450352797
23.107053937445478 101.228017364505234
23.44315377638505 101.223053478252524
23.784142300054445 101.220001519090516
24.130090616010463 101.219173879178655
24.481070866093134 101.219817982411087
24.837156241469714 101.221308578686319
25.1984209978975 101.222860076416396
25.56494047120865 101.223799602545597
25.936791093020236 101.223397152996711
26.3140504066728 101.220215940906442
26.69679708340074 101.212937819690580
27.08511093873791 101.201802848764743
27.47907294916184 101.188669325551132
27.878765268980047 101.174485907684783
28.284271247461966 101.160252554642199
28.695675446220072 101.147066487561332
29.11306365684382 101.136267625058707
29.536522918790062 101.128869129017374
29.966141537533712 101.123886126031920
30.402009102982383 101.119856485224290
30.844216508158908 101.116305210624176
31.29285596815558 101.113040759198896
31.74802103936409 101.109824598711569
32.20980663898519 101.106170827014054
32.67830906482211 101.101930390488860
33.153626015361866 101.097534816690285
33.63585661014871 101.093243082451167
34.125101410453844 101.088881724507686
34.62146244024586 101.084259268506926
35.12504320746613 101.078059738850840
35.635948725613716 101.068696680231824
36.15428553564419 101.056932131412950
36.68016172818701 101.043937863800352
37.21368696608603 101.029505915579080
37.754972507267915 101.013411883800387
38.30413122794313 100.995462292401896
38.86127764614443 100.976005594403361
39.4265279456077 100.955492671356168
40.000000000000206 100.934386826347293
40.58181339750116 100.912988838851589
41.1720894657399 100.891427289865106
41.77095129709678 100.869881973721959
42.37852377437204 100.848147014901485
42.9949335968281 100.826638993081502
43.62030930661056 100.806652395613966
44.25478131555359 100.791129061242074
44.89848193237519 100.780590751177471
45.55154539026795 100.772588781150958
46.21410787489121 100.765247257618370
46.88630755277036 100.756912296688427
47.56828460010916 100.746911244764235
48.260181232021196 100.736375380959672
48.962141732186545 100.724651071099515
49.674312482939705 100.706939915969912
50.39684199579528 100.675616783805964
51.129880942417586 100.629815315864249
51.873582186040764 100.580736463731199
52.628100813345895 100.544700294890546
53.393594166801776 100.528756812281060
54.17022187747612 100.526766173610923
54.95814589832399 100.526989106488116
55.75753053796041 100.520975137457725
56.56854249492426 100.507225087887832
57.39135089244048 100.489907214319217
58.226127313687975 100.472657453726242
59.073045837580466 100.456186439391246
59.932283075067765 100.440524560090708
60.804018205965114 100.423467440142673
61.68843301631817 100.400127796680650
62.58571193631152 100.368207462749552
63.49604207872855 100.332216998532488
64.41961327797075 100.296857621179129
65.35661812964459 100.264414997820126
66.3072520307241 100.234015259178307
67.27171322029778 100.205241505904056
68.25020282090806 100.180846565691354
69.2429248804921 100.160128401641686
70.25008641493265 100.136960505861538
71.27189745122783 100.109517281383063
72.30857107128878 100.078396791690793
73.36032345637442 100.043074859489536
74.42737393217246 100.002985892101947
75.50994501453623 99.962185422612805
76.60826245588666 99.929426208781393
77.72255529228926 99.905314033890789
78.85305589121582 99.880198602719602
80.00000000000082 99.845442384769513
81.16362679500274 99.804570923877492
82.34417893148023 99.770670826058279
83.541902594194 99.748755585769203
84.75704754874454 99.726182215019293
85.98986719365665 99.694388131860634
87.24061861322157 99.654680085775396
88.50956263110764 99.610399904678673
89.79696386475084 99.563537310765383
91.10309078053635 99.516310488883136
92.42821574978288 99.469637769964351
93.77261510554118 99.424644780265453
95.13656920021877 99.382220114139727
96.52036246404286 99.340353128682523
97.92428346437356 99.296386810868256
99.34862496587989 99.253808050870759
100.79368399159105 99.217669199241442
102.25976188483567 99.184442608734287
103.74716437208203 99.148996140817985
105.25620162669229 99.108556255441187
106.78718833360406 99.060083812099734
108.34044375495276 99.001932123326725
109.9162917966485 98.936712309684836
111.51506107592134 98.880540377610004
113.13708498984903 98.840594302607897
114.78270178488147 98.805273012338191
116.45225462737648 98.761794940448496
118.14609167516147 98.704975601899491
119.86456615013608 98.645041376967811
121.60803641193078 98.599561158126662
123.3768660326369 98.562089061471795
125.17142387262359 98.519985610656889
126.99208415745765 98.469262609588498
128.83922655594208 98.409424267889420
130.71323625928977 98.344227979725360
132.61450406144883 98.283179475912249
134.5434264405962 98.230791911641532
136.50040564181674 98.180737323400734
138.48584976098482 98.123830278837545
140.50017282986593 98.061043104128373
142.5437949024563 97.999100795036242
144.61714214257822 97.934016946162870
146.7206469127495 97.866547564450357
148.8547478643456 97.798202283973978
151.01989002907314 97.720416661682549
153.216524911774 97.641492244421585
155.4451105845792 97.575787931042655
157.70611178243232 97.513685359289951
160.00000000000236 97.440941521630947
162.3272535900062 97.364604112626225
164.6883578629612 97.296465868923690
167.08380518838874 97.238610943052663
169.51409509748981 97.177209188594233
171.97973438731407 97.093520676422116
174.4812372264439 96.999907061913817
177.01912526221608 96.920331627181639
179.5939277295025 96.843964310362409
182.20618156107355 96.771358451365728
184.85643149956664 96.709897356876596
187.54523021108326 96.656935659142476
190.27313840043846 96.605263295257984
193.04072492808663 96.557866970086536
195.84856692874806 96.515264249186231
198.69724993176072 96.471401593723968
201.58736798318304 96.426335069730712
204.5195237696723 96.390390373984062
207.49432874416505 96.365833039170411
210.5124032533856 96.331884735743486
213.57437666720915 96.285572107872810
216.68088750990657 96.248021815752665
219.83258359329807 96.212146398371942
223.03012215184378 96.178107842111416
226.2741699796992 96.157721496554686
229.5654035697641 96.144344380321115
232.90450925475412 96.137170068837534
236.2921833503241 96.142567532090837
239.72913230027333 96.147653679648599
243.21607282386276 96.147820344196987
246.75373206527502 96.147351514217291
250.34284774524843 96.145079383118954
253.9841683149166 96.141586774316480
257.67845311188546 96.124796905047702
261.42647251858085 96.090093265135209
265.22900812289896 96.056661312202152
269.08685288119375 96.043540896882803
273.0008112836349 96.031246603138413
276.97169952197106 95.992347132904030
281.00034565973334 95.959686900835152
285.0875898049141 95.929201335844240
289.23428428515797 95.876764689110416
293.44129382550057 95.818420697971973
297.7094957286928 95.763261766952070
302.0397800581479 95.705132313836629
306.4330498235497 95.637226475416043
310.89022116916016 95.543185283370093
315.41222356486645 95.448710456781171
320.00000000000654 95.363429290531968
324.6545071800142 95.271310005936044
329.3767157259242 95.176675507444173
334.16761037677935 95.084906477188824
339.02819019498156 94.985304446805642
343.95946877463007 94.887734718535427
348.9624744528898 94.794453963886866
354.03825052443415 94.704990106794199
359.187855459007 94.622437294766868
364.4123631221491 94.556964975183718
369.71286299913527 94.504084219036912
375.0904604221685 94.450080064702576
380.54627680087896 94.402097816710196
386.08144985617537 94.367649353257193
391.6971338574982 94.337696804989349
397.3944998635236 94.306940578402589
403.1747359663683 94.276614300853510
409.0390475393468 94.233805273929931
414.9886574883323 94.179250257502886
421.0248065067734 94.125323147186847
427.1487533344206 94.074247303100861
433.3617750198154 94.026144722099261
439.6651671865984 93.980368703242831
446.06024430368984 93.937614422755246
452.54833995940066 93.897873422884487
459.13080713953053 93.865308061796270
465.8090185095106 93.843562416265883
472.58436670065066 93.823899836048753
479.45826460054917 93.794855393954620
486.432145647728 93.761756852052088
493.50746413055253 93.731934644035704
500.6856954904994 93.700945252733746
507.9683366298358 93.668088942043667
515.3569062237735 93.635583863174887
522.8529450371643 93.606879242696920
530.4580162458005 93.583724063136884
538.1737057623901 93.560447912886900
546.0016225672724 93.536110458896459
553.9433990439449 93.513685424926265
562.0006913194694 93.487725260043675
570.1751796098309 93.463461523009300
578.4685685703187 93.448828018651525
586.8825876510039 93.437405609895890
595.4189914573883 93.427807648959032
604.0795601162986 93.424205436985716
612.8660996471021 93.428773595288348
621.780442338323 93.448633480544942
630.8244471297356 93.483597547539034
640.0000000000159 93.525347784333491
649.3090143600314 93.573139698893414
658.7534314518515 93.626355247104513
668.3352207535618 93.680537072930633
678.0563803899662 93.736555120801995
687.9189375492632 93.792229544931331
697.9249489057827 93.839940938323537
708.0765010488715 93.877074185981542
718.3757109180171 93.913656581275319
728.8247262443015 93.952727001304538
739.425725998274 93.993614326178829
750.1809208443404 94.036494206341914
761.0925536017613 94.080690974184776
772.1628997123541 94.126289398976809
783.3942677149998 94.174485642158771
794.7889997270506 94.226293394211694
806.34947193274 94.278906803502252
818.0780950786972 94.331225365933534
829.9773149766683 94.384782608764624
842.0496130135506 94.439719167144816
854.2975066688449 94.496289702005953
866.7235500396347 94.554486759508535
879.3303343732008 94.617614241024910
892.1204886073838 94.691300162272938
905.0966799188055 94.767156973536501
918.2616142790653 94.841793735319328
931.6180370190256 94.922184184803626
945.1687334013056 95.009061163694952
958.9165292011028 95.097278003449304
972.8642912954606 95.187961109832628
987.0149282611097 95.280238157634926
1001.3713909810035 95.371678319370545
1015.9366732596762 95.464295153816991
1030.7138124475518 95.555651044813544
1045.7058900743334 95.642593605707134
1060.916032491606 95.732067279388815
1076.3474115247852 95.829508313363419
1092.0032451345498 95.927972085388120
1107.8867980878947 96.027687544961765
1124.0013826389438 96.130518983867148
1140.350359219667 96.235807427661427
1156.9371371406426 96.345090154684925
1173.765175302013 96.455746683891107
1190.837982914782 96.565606740037140
1208.1591202326028 96.679815268623543
1225.73219929421 96.799732392014960
1243.5608846766518 96.919577834713408
1261.648894259477 97.036560850022227
1280.0000000000375 97.157370220519766
1298.6180287200684 97.279469763419200
1317.5068629037087 97.403212888849055
1336.6704415071292 97.528727535902789
1356.112760779938 97.653920990367254
1375.8378750985323 97.780605200720416
1395.8498978115715 97.908719811598857
1416.153002097749 98.035548637820881
1436.7514218360407 98.162345907308179
1457.6494524886093 98.289680156481580
1478.8514519965543 98.420271413136845
1500.3618416886875 98.553529713271828
1522.1851072035295 98.690151226388622
1544.3257994247153 98.826780066638719
1566.788535430007 98.967668993494129
1589.5779994541087 99.114675452160682
1612.6989438654878 99.263764903296618
1636.156190157402 99.412995589453359
1659.9546299533442 99.566766190881850
1684.099226027109 99.726873618925282
1708.5950133376978 99.888568217755690
1733.4471000792773 100.052287963018827
1758.6606687464096 100.219209226777593
1784.2409772147755 100.388179872048070
1810.193359837619 100.563004890417005
1836.5232285581387 100.741259360844239
1863.2360740380593 100.916151023571260
1890.3374668026197 101.093243189401932
1917.833058402214 101.276315428102322
1945.7285825909298 101.460302088521360
1974.0298565222283 101.641052272143114
2002.7427819620161 101.815267162708537
2031.8733465193618 101.988309026527460
2061.4276248951132 102.159934088115293
2091.411780148677 102.323567690733398
2121.832064983222 102.477042032922185
2152.694823049581 102.624161594505182
2184.0064902691106 102.763305829549978
2215.7735961758003 102.889138013228091
2248.002765277899 103.000066914543567
2280.7007184393456 103.095373501112732
2313.874274281297 103.172389022993073
2347.530350604038 103.229922695254601
2381.6759658295764 103.268817774649932
2416.318240465218 103.286342740825631
2451.4643985884327 103.283048292526246
2487.1217693533167 103.259542658636263
2523.2977885189675 103.215968291975059
2560.0000000000887 103.153376317024907
2597.236057440151 103.072719939490227
2635.0137258074315 102.974624812613683
2673.340883014273 102.861387975983646
2712.225521559891 102.734234651164854
2751.6757501970797 102.595698225808263
2791.699795623158 102.447442465155376
2832.3060041955137 102.292207066631633
2873.502843672097 102.131585307079888
2915.2989049772345 101.966874667120024
2957.7029039931244 101.800324707286379
3000.723683377391 101.633657766472311
3044.370214407075 101.467927215925585
3088.6515988494466 101.303145735267464
3133.57707086003 101.141010072459252
3179.1559989082334 100.986145004358605
3225.3978877309914 100.839500163678593
3272.3123803148205 100.698301428573615
3319.9092599067053 100.564094923597096
3368.198452054235 100.437397916227837
3417.190026675413 100.321122970927348
3466.8942001585724 100.214905147683567
3517.3213374928373 100.119766301885448
3568.4819544295697 100.039319193964673
3620.386719675257 99.974280426359527
3673.0464571162966 99.924883993345219
3726.472148076138 99.891224926344023
3780.6749336052594 99.874835624539429
3835.6661168044484 99.877431812745115
3891.45716518188 99.901205814956512
3948.059713044477 99.944381118123800
4005.4855639240527 100.007628466343306
4063.746693038744 100.091767604254471
4122.855249790247 100.197208430709765
4182.823560297375 100.327093435014618
4243.664129966465 100.486798746204755
4305.389646099183 100.673696289306719
4368.012980538242 100.888545123802970
4431.5471923516225 101.132352756102094
4496.00553055582 101.408071616720719
4561.401436878714 101.716894743364875
4627.748548562617 102.060881984748590
4695.060701208099 102.445882502161083
4763.351931659176 102.864732784627648
4832.63648093046 103.315083281334807
4902.928797176889 103.795224270490863
4974.243538706657 104.301104664750881
5046.595577037959 104.821406740478395
5120.000000000202 105.332156915299791
5194.472114880326 105.807929910700125
5270.027451614888 106.221993266523441
5346.6817660285715 106.538223844596843
5424.451043119808 106.722848978659840
5503.351500394186 106.755041382136199
5583.399591246343 106.622480694480899
5664.612008391055 106.328429038137642
5747.005687344222 105.914106279989667
5830.597809954497 105.415633013966129
5915.405807986278 104.868914490924908
6001.447366754812 104.335777345085305
6088.740428814181 103.872368132030175
6177.303197698925 103.441491970595507
6267.154141720092 102.995912157978452
6358.3119978165005 102.577800911492048
6450.795775462017 102.208112530887433
6544.624760629676 101.890345548750446
6639.818519813445 101.627025644655518
6736.396904108505 101.413091863390548
6834.380053350861 101.239514867969035
6933.788400317181 101.134551947727346
7034.642674985712 101.154593210307027
7136.963908859177 101.225490188957082
7240.773439350552 101.252375505620194
7346.092914232631 101.253517800315080
7452.944296152315 101.247660776438494
7561.349867210557 101.224138867213043
7671.332233608935 101.157467670871767
7782.914330363799 101.007929283596553
7896.119426088994 100.749952389657309
8010.971127848146 100.379967703807083
8127.49338607753 99.904614021343036
8245.710499580537 99.340806813111953
8365.647120594791 98.714577536499405
8487.328259932974 98.044220583880815
8610.77929219841 97.356358804380520
8736.025961076528 96.672306775571883
8863.094384703289 96.006447669448193
8992.011061111683 95.380223212474363
9122.802873757471 94.803957486401032
9255.497097125279 94.284160231990953
9390.121402416245 93.826125201616918
9526.7038633184 93.435379658840020
9665.272961860968 93.121055352684593
9805.857594353829 92.889427452538484
9948.487077413367 92.744222002268131
10093.19115407597 92.682708932652844
10240.000000000457 92.712164999766088
10388.944229760706 92.838299106537278
10540.05490322983 93.072546342941365
10693.363532057198 93.424425895658430
10848.902086239672 93.902839624661254
11006.703000788428 94.490728699208944
11166.799182492743 95.166492372348230
11329.224016782166 95.875910090012695
11494.0113746885 96.523960325824390
11661.195619909053 96.977846700658972
11830.811615972614 97.087590812960670
12002.894733509682 96.761883187847133
12177.48085762842 96.082916395019453
12354.606395397908 95.179752011644226
12534.308283440243 94.200832330257185
12716.62399563306 93.262432879424921
12901.591550924093 92.432474449665278
13089.249521259411 91.757876130289304
13279.637039626952 91.232006480418619
13472.793808217073 90.829370071077534
13668.760106701786 90.508314567928878
13867.576800634426 90.206989258672294
14069.285349971487 89.862038700443080
14273.927817718419 89.432510599182564
14481.54687870117 88.939078839168275
14692.18582846533 88.457128759549448
14905.888592304698 88.032611235997280
15122.699734421185 87.631954473203791
15342.664467217943 87.139142557227458
15565.828660727671 86.411925486248691
15792.238852178061 85.356120976396326
16021.942255696367 84.086146282187428
16254.986772155136 82.797717947267586
16491.42099916115 81.673425654817450
16731.294241189662 80.785517579372964
16974.65651986603 80.148090213203233
17221.558584396902 79.834616211076636
17472.051922153143 79.868905591128268
17726.188769406665 80.158204853071112
17984.022122223458 80.631257256989940
18245.605747515034 81.226667973263261
18510.99419425065 81.912029365371922
18780.242804832582 82.664332719711041
19053.40772663689 83.340701941992904
19330.545923722028 83.693571774106829
19611.71518870775 83.494369985561974
19896.974154826825 82.675732707062821
20186.382308152035 81.414233353587832
