20 95.998500000000007
20.290906698750476 96.056196687574470
20.586044732869844 96.112825249382553
20.885475648548283 96.168788787729028
21.189261887185914 96.223566966136929
21.49746679841394 96.277691230956464
21.810154653305165 96.331175674416983
22.12739065777668 96.382723266922056
22.449240966187475 96.433632324317983
22.77577269513385 96.483865792156053
23.107053937445478 96.532666025024866
23.44315377638505 96.580041601888553
23.784142300054445 96.626629032632280
24.130090616010463 96.672411836454145
24.481070866093134 96.717133870092283
24.837156241469714 96.761187276669745
25.1984209978975 96.804066441005588
25.56494047120865 96.845849673296144
25.936791093020236 96.886534087212965
26.3140504066728 96.926285144639991
26.69679708340074 96.964933711985822
27.08511093873791 97.002893997764673
27.47907294916184 97.039814219833019
27.878765268980047 97.075740417621972
28.284271247461966 97.110947327281735
28.695675446220072 97.145154035697601
29.11306365684382 97.178092837920133
29.536522918790062 97.210093127234089
29.966141537533712 97.240596049164893
30.402009102982383 97.270633939752358
30.844216508158908 97.299874031465407
31.29285596815558 97.328312428049543
31.74802103936409 97.355881262361834
32.20980663898519 97.382958978422153
32.67830906482211 97.409128689500392
33.153626015361866 97.434642178814187
33.63585661014871 97.459928687117582
34.125101410453844 97.484504867701787
34.62146244024586 97.508087272251316
35.12504320746613 97.530876857921044
35.635948725613716 97.552709846475778
36.15428553564419 97.574171421425774
36.68016172818701 97.595026307399294
37.21368696608603 97.615192730779086
37.754972507267915 97.634059779087153
38.30413122794313 97.652332167294176
38.86127764614443 97.669838305432222
39.4265279456077 97.686795835613026
40.000000000000206 97.703499999999991
40.58181339750116 97.719499921764353
41.1720894657399 97.734778955636827
41.77095129709678 97.749773805006768
42.37852377437204 97.764136635915008
42.9949335968281 97.778136043048761
43.62030930661056 97.791339764688900
44.25478131555359 97.802510506108774
44.89848193237519 97.812061822581398
45.55154539026795 97.821125907416246
46.21410787489121 97.829188092292185
46.88630755277036 97.838171328685689
47.56828460010916 97.847426718249025
48.260181232021196 97.856842523248304
48.962141732186545 97.866183132914927
49.674312482939705 97.874243113973108
50.39684199579528 97.880972371803679
51.129880942417586 97.887091925844828
51.873582186040764 97.892134752299157
52.628100813345895 97.896675627177956
53.393594166801776 97.900967973293973
54.17022187747612 97.904586667208235
54.95814589832399 97.908290726219150
55.75753053796041 97.912287651174367
56.56854249492426 97.916911254969548
57.39135089244048 97.921652429908420
58.226127313687975 97.925678381941054
59.073045837580466 97.927999999999997
59.932283075067765 97.927999999999997
60.804018205965114 97.927494258285407
61.68843301631817 97.926365405180618
62.58571193631152 97.925276791090397
63.49604207872855 97.923755936881918
64.41961327797075 97.922160773444062
65.35661812964459 97.920643381870349
66.3072520307241 97.919539121953918
67.27171322029778 97.918092430169551
68.25020282090806 97.916749797179094
69.2429248804921 97.915514150239005
70.25008641493265 97.913499827170142
71.27189745122783 97.911048358920709
72.30857107128878 97.907420001250500
73.36032345637442 97.903558706174508
74.42737393217246 97.899504191237398
75.50994501453623 97.895162746173582
76.60826245588666 97.889330578179397
77.72255529228926 97.881873638155639
78.85305589121582 97.873513680614735
80.00000000000082 97.862999999999985
81.16362679500274 97.850878857249199
82.34417893148023 97.837297931256927
83.541902594194 97.822676613048515
84.75704754874454 97.806739374115182
85.98986719365665 97.789064400670185
87.24061861322157 97.769590235506342
88.50956263110764 97.750359748077088
89.79696386475084 97.731477863316996
91.10309078053635 97.710115107695501
92.42821574978288 97.684880463164646
93.77261510554118 97.656089891750128
95.13656920021877 97.622971953507573
96.52036246404286 97.586505144266937
97.92428346437356 97.546271525442194
99.34862496587989 97.502626927647782
100.79368399159105 97.455808428277493
102.25976188483567 97.405655080069138
103.74716437208203 97.351748220110920
105.25620162669229 97.294054660275663
106.78718833360406 97.232462882211024
108.34044375495276 97.165460178945438
109.9162917966485 97.091617060621161
111.51506107592134 97.009805641594710
113.13708498984903 96.917354296393356
114.78270178488147 96.815033878144433
116.45225462737648 96.701652445698713
118.14609167516147 96.586088317533495
119.86456615013608 96.475378819080703
121.60803641193078 96.376878124997631
123.3768660326369 96.317988758588399
125.17142387262359 96.294671369053233
126.99208415745765 96.327574749143622
128.83922655594208 96.408455803196688
130.71323625928977 96.515542071959416
132.61450406144883 96.643970438746919
134.5434264405962 96.794202402027395
136.50040564181674 96.947655524546718
138.48584976098482 97.092809009105480
140.50017282986593 97.219508987153034
142.5437949024563 97.325777334927722
144.61714214257822 97.409738544811034
146.7206469127495 97.466327914053636
148.8547478643456 97.504466470100837
151.01989002907314 97.527231274191877
153.216524911774 97.538862964770615
155.4451105845792 97.543499999999995
157.70611178243232 97.543252665861075
160.00000000000236 97.540499999999994
162.3272535900062 97.533518239229977
164.6883578629612 97.521182867540006
167.08380518838874 97.504079841605929
169.51409509748981 97.485290058239570
171.97973438731407 97.464078337391641
174.4812372264439 97.442065112407292
177.01912526221608 97.418116397482734
179.5939277295025 97.392560722704971
182.20618156107355 97.365555711764841
184.85643149956664 97.335636680904940
187.54523021108326 97.303421053298138
190.27313840043846 97.268285317754035
193.04072492808663 97.230321706021172
195.84856692874806 97.190110922840276
198.69724993176072 97.147562351050880
201.58736798318304 97.102895796260668
204.5195237696723 97.056940873646852
207.49432874416505 97.010337904465445
210.5124032533856 96.964818085617011
213.57437666720915 96.921745914992670
216.68088750990657 96.885504904574816
219.83258359329807 96.853090455863665
223.03012215184378 96.828016553323209
226.2741699796992 96.806096923461908
229.5654035697641 96.786107578581408
232.90450925475412 96.764136604968314
236.2921833503241 96.738370349847088
239.72913230027333 96.707437809297545
243.21607282386276 96.671934135216631
246.75373206527502 96.629924431724845
250.34284774524843 96.583957267375467
253.9841683149166 96.535709769827349
257.67845311188546 96.484001656433605
261.42647251858085 96.429816148480569
265.22900812289896 96.372921748079705
269.08685288119375 96.312624829381093
273.0008112836349 96.250612120872290
276.97169952197106 96.187695732528965
281.00034565973334 96.124094504010245
285.0875898049141 96.059151117004319
289.23428428515797 95.995292022008556
293.44129382550057 95.932224722000043
297.7094957286928 95.869170412788208
302.0397800581479 95.804648326620509
306.4330498235497 95.737287727734980
310.89022116916016 95.665283906001150
315.41222356486645 95.588162420545373
320.00000000000654 95.506499999999875
324.6545071800142 95.421787969323745
329.3767157259242 95.336281445360768
334.16761037677935 95.252066818406362
339.02819019498156 95.171840499821798
343.95946877463007 95.095816074625617
348.9624744528898 95.023732862768966
354.03825052443415 94.955291268025022
359.187855459007 94.885963951303410
364.4123631221491 94.809255789479977
369.71286299913527 94.718496183815063
375.0904604221685 94.613593869675725
380.54627680087896 94.498632024552904
386.08144985617537 94.383922132962795
391.6971338574982 94.278103023636277
397.3944998635236 94.177730202238223
403.1747359663683 94.086320715182353
409.0390475393468 94.001719604257204
414.9886574883323 93.929870041581822
421.0248065067734 93.877906642490728
427.1487533344206 93.845053739996729
433.3617750198154 93.833893629169978
439.6651671865984 93.842114763390285
446.06024430368984 93.863942786391917
452.54833995940066 93.895251367788887
459.13080713953053 93.931604612225897
465.8090185095106 93.971171529266201
472.58436670065066 94.017572931197549
479.45826460054917 94.067800089561189
486.432145647728 94.115308946710229
493.50746413055253 94.154326233851563
500.6856954904994 94.186942790184901
507.9683366298358 94.212887199243795
515.3569062237735 94.232315785654350
522.8529450371643 94.249419126333621
530.4580162458005 94.267045804829564
538.1737057623901 94.293281675930757
546.0016225672724 94.329222746243630
553.9433990439449 94.371553082062434
562.0006913194694 94.419904804670310
570.1751796098309 94.476910195859148
578.4685685703187 94.543671976991064
586.8825876510039 94.549117412349005
595.4189914573883 94.514027950401413
604.0795601162986 94.494394202710794
612.8660996471021 94.531739333521273
621.780442338323 94.594400365607783
630.8244471297356 94.670002468880597
640.0000000000159 94.753500000000145
649.3090143600314 94.843331988574306
658.7534314518515 94.938409657663698
668.3352207535618 95.028517553008129
678.0563803899662 95.109256681158726
687.9189375492632 95.181224456599779
697.9249489057827 95.243549693434687
708.0765010488715 95.295978680191922
718.3757109180171 95.342771913585182
728.8247262443015 95.386181377601645
739.425725998274 95.429174190293011
750.1809208443404 95.472723683377353
761.0925536017613 95.516370214407047
772.1628997123541 95.561042479607579
783.3942677149998 95.608659922464625
794.7889997270506 95.659333373760347
806.34947193274 95.712366307688924
818.0780950786972 95.767955383842917
829.9773149766683 95.827535186031810
842.0496130135506 95.894303879707991
854.2975066688449 95.974694111682737
866.7235500396347 96.073648600353664
879.3303343732008 96.190803343732000
892.1204886073838 96.314669942529648
905.0966799188055 96.427225099391038
918.2616142790653 96.514883866445416
931.6180370190256 96.583026626700274
945.1687334013056 96.636889264129621
958.9165292011028 96.682978719903588
972.8642912954606 96.729353590104040
987.0149282611097 96.780862812041022
1001.3713909810035 96.839216972447218
1015.9366732596762 96.905745811182356
1030.7138124475518 96.980722022047956
1045.7058900743334 97.059542322603306
1060.916032491606 97.145026729366037
1076.3474115247852 97.238039555431214
1092.0032451345498 97.330956058113216
1107.8867980878947 97.421512160775421
1124.0013826389438 97.509006913194725
1140.350359219667 97.589086958317736
1156.9371371406426 97.655252966615478
1173.765175302013 97.713964555536904
1190.837982914782 97.750674892849233
1208.1591202326028 97.779196451611327
1225.73219929421 97.790001290291343
1243.5608846766518 97.794426814112768
1261.648894259477 97.802489336555681
1280.0000000000375 97.829500000000166
1298.6180287200684 97.912483213723732
1317.5068629037087 98.003048040325950
1336.6704415071292 98.158864664509167
1356.112760779938 98.344807874662891
1375.8378750985323 98.550089582289516
1395.8498978115715 98.761612669357362
1416.153002097749 98.965683937469350
1436.7514218360407 99.164269153162081
1457.6494524886093 99.349673335202951
1478.8514519965543 99.527695383652997
1500.3618416886875 99.696083549657232
1522.1851072035295 99.851901665433203
1544.3257994247153 100.000323308180114
1566.788535430007 100.143432002500447
1589.5779994541087 100.282759556713728
1612.6989438654878 100.414074296873622
1636.156190157402 100.534942207968129
1659.9546299533442 100.647893112587255
1684.099226027109 100.753988811231693
1708.5950133376978 100.851129649082722
1733.4471000792773 100.939375430261606
1758.6606687464096 101.018942725989660
1784.2409772147755 101.089102443036950
1810.193359837619 101.150109922855762
1836.5232285581387 101.201319953119992
1863.2360740380593 101.241706896249468
1890.3374668026197 101.272030717466578
1917.833058402214 101.292556496209372
1945.7285825909298 101.301974859821826
1974.0298565222283 101.299635820086877
2002.7427819620161 101.285305774430384
2031.8733465193618 101.261345651502737
2061.4276248951132 101.226906150153837
2091.411780148677 101.182552914408973
2121.832064983222 101.129335870033543
2152.694823049581 101.064119277562213
2184.0064902691106 100.991983774327224
2215.7735961758003 100.909805630229727
2248.002765277899 100.821391842430188
2280.7007184393456 100.723327772838019
2313.874274281297 100.619102322299852
2347.530350604038 100.509649843006684
2381.6759658295764 100.393446968315089
2416.318240465218 100.271798275674058
2451.4643985884327 100.145459860099280
2487.1217693533167 100.015149453392723
2523.2977885189675 99.879842070697379
2560.0000000000887 99.741249999999667
2597.236057440151 99.598279375983424
2635.0137258074315 99.449945554297187
2673.340883014273 99.298011751055952
2712.225521559891 99.143097913760442
2751.6757501970797 98.984505105456748
2791.699795623158 98.823408322616785
2832.3060041955137 98.660452923175995
2873.502843672097 98.495958682185048
2915.2989049772345 98.330834270588781
2957.7029039931244 98.166537080985847
3000.723683377391 98.004894739841390
3044.370214407075 97.848058575761655
3088.6515988494466 97.693618273940643
3133.57707086003 97.543579806319144
3179.1559989082334 97.401657323308058
3225.3978877309914 97.267893872107834
3272.3123803148205 97.143495925409809
3319.9092599067053 97.029204165209919
3368.198452054235 96.925831033973708
3417.190026675413 96.835136455985577
3466.8942001585724 96.757517061779595
3517.3213374928373 96.692273315382948
3568.4819544295697 96.640475158279173
3620.386719675257 96.602583436981860
3673.0464571162966 96.579546992007437
3726.472148076138 96.572000000000003
3780.6749336052594 96.584927293447933
3835.6661168044484 96.614972860451815
3891.45716518188 96.672930743865976
3948.059713044477 96.747929119783919
4005.4855639240527 96.853388231861814
4063.746693038744 96.986803405856534
4122.855249790247 97.150827149314807
4182.823560297375 97.348411043720574
4243.664129966465 97.583516387941842
4305.389646099183 97.854483925141366
4368.012980538242 98.166515227204670
4431.5471923516225 98.524241636786670
4496.00553055582 98.902432630279336
4561.401436878714 99.219147475681581
4627.748548562617 99.427258798834671
4695.060701208099 99.642258092272527
4763.351931659176 100.062956287502743
4832.63648093046 100.718973994048952
4902.928797176889 101.502357196004823
4974.243538706657 102.344061455527992
5046.595577037959 103.237071045905026
5120.000000000202 104.160000000002555
5194.472114880326 105.096036751930939
5270.027451614888 105.998945154458625
5346.6817660285715 106.800437847364108
5424.451043119808 107.428124660272402
5503.351500394186 107.796708647856093
5583.399591246343 107.853037525547109
5664.612008391055 107.599690107232931
5747.005687344222 107.147031951667145
5830.597809954497 106.553837082354917
5915.405807986278 105.892873900986558
6001.447366754812 105.225696557914176
6088.740428814181 104.611185571933120
6177.303197698925 104.072162275611674
6267.154141720092 103.615643814230069
6358.3119978165005 103.251119007915179
6450.795775462017 102.969962814817237
6544.624760629676 102.774162249614562
6639.818519813445 102.659627036130587
6736.396904108505 102.616590077397291
6834.380053350861 102.629611522674111
6933.788400317181 102.677773040190317
7034.642674985712 102.733955270618210
7136.963908859177 102.766108917265768
7240.773439350552 102.738846990864346
7346.092914232631 102.616067864664060
7452.944296152315 102.365549604869912
7561.349867210557 101.959883702080788
7671.332233608935 101.413393426767698
7782.914330363799 100.751923884743690
7896.119426088994 100.010059545348554
8010.971127848146 99.236733382019750
8127.49338607753 98.484346663573945
8245.710499580537 97.787775056317756
8365.647120594791 97.153573430406652
8487.328259932974 96.572662776148917
8610.77929219841 96.059266482370674
8736.025961076528 95.629689254518496
8863.094384703289 95.292688092400894
8992.011061111683 95.053332796535983
9122.802873757471 94.922655030922158
9255.497097125279 94.911355392337725
9390.121402416245 95.026742486496872
9526.7038633184 95.273034336352794
9665.272961860968 95.635711899794018
9805.857594353829 96.078119082775800
9948.487077413367 96.534527037400991
10093.19115407597 96.876086573529662
10240.000000000457 96.970299999999909
10388.944229760706 96.706597234999151
10540.05490322983 96.039213130624148
10693.363532057198 95.072144063826102
10848.902086239672 93.870107344388273
11006.703000788428 92.538354874484298
11166.799182492743 91.199906744434870
11329.224016782166 89.956460918531590
11494.0113746885 88.819699595294153
11661.195619909053 87.891592322092151
11830.811615972614 87.110217766734849
12002.894733509682 86.552933209172494
12177.48085762842 86.164506371607928
12354.606395397908 86.065866104632235
12534.308283440243 86.168994306731605
12716.62399563306 86.538496468267482
12901.591550924093 87.132728637724796
13089.249521259411 87.816607898189659
13279.637039626952 88.404314376689769
13472.793808217073 88.672704151644567
13668.760106701786 88.347443063856446
13867.576800634426 87.301977749221180
14069.285349971487 85.617073852699576
14273.927817718419 83.586679501870421
14481.54687870117 81.479852774822092
14692.18582846533 79.492371902250653
14905.888592304698 77.645588928040468
15122.699734421185 75.957865547223875
15342.664467217943 74.542088783663388
15565.828660727671 73.685346006063767
15792.238852178061 73.725048218379470
16021.942255696367 74.520256844724656
16254.986772155136 75.377220846080633
16491.42099916115 75.719577606785350
16731.294241189662 75.157002516402500
16974.65651986603 73.711339194274373
17221.558584396902 71.895798671542366
17472.051922153143 70.721959280921197
17726.188769406665 71.114900884091938
17984.022122223458 72.441144256406716
18245.605747515034 73.613577404016453
18510.99419425065 74.027468578075315
18780.242804832582 73.443931227539679
19053.40772663689 72.008886446093541
19330.545923722028 70.088221603050457
19611.71518870775 67.900817072970852
19896.974154826825 65.200158976719081
20186.382308152035 64.111999999999995
