20 97.641500000000008
20.290906698750476 97.712499926740435
20.586044732869844 97.782500169491129
20.885475648548283 97.851000145696901
21.189261887185914 97.918499975208306
21.49746679841394 97.983999956987049
21.810154653305165 98.047500128142005
22.12739065777668 98.109500125118899
22.449240966187475 98.170499804768326
22.77577269513385 98.229500126355049
23.107053937445478 98.287499989463811
23.44315377638505 98.344000125680409
23.784142300054445 98.399000047006197
24.130090616010463 98.451999942490062
24.481070866093134 98.502999980992541
24.837156241469714 98.552000032870353
25.1984209978975 98.600499999721649
25.56494047120865 98.648499932435129
25.936791093020236 98.695000130847689
26.3140504066728 98.740499927914399
26.69679708340074 98.785000120404618
27.08511093873791 98.828999877458074
27.47907294916184 98.872499994342490
27.878765268980047 98.914500028626094
28.284271247461966 98.956500024147346
28.695675446220072 98.996500041844996
29.11306365684382 99.034999968870721
29.536522918790062 99.071499910957499
29.966141537533712 99.104500037131388
30.402009102982383 99.134499938482065
30.844216508158908 99.163499967861213
31.29285596815558 99.190999998019720
31.74802103936409 99.217000058731088
32.20980663898519 99.242499926583065
32.67830906482211 99.267499948288531
33.153626015361866 99.292000050716112
33.63585661014871 99.315499981472939
34.125101410453844 99.338499925542422
34.62146244024586 99.359999934247568
35.12504320746613 99.380000045066737
35.635948725613716 99.398500022479453
36.15428553564419 99.415000015333902
36.68016172818701 99.430000017807430
37.21368696608603 99.442999974898157
37.754972507267915 99.454499969773963
38.30413122794313 99.463000003284861
38.86127764614443 99.469999985472612
39.4265279456077 99.475999988848145
40.000000000000206 99.479999999999990
40.58181339750116 99.483499996904527
41.1720894657399 99.486500001561041
41.77095129709678 99.487500000000011
42.37852377437204 99.487499999999997
42.9949335968281 99.485000002606853
43.62030930661056 99.478999979331860
44.25478131555359 99.469499979488702
44.89848193237519 99.459500016526036
45.55154539026795 99.448499976834910
46.21410787489121 99.437500002069612
46.88630755277036 99.425499989424864
47.56828460010916 99.412499967505767
48.260181232021196 99.397999995024037
48.962141732186545 99.382000030593176
49.674312482939705 99.363500013744954
50.39684199579528 99.343500027696706
51.129880942417586 99.322000058733096
51.873582186040764 99.298499962137555
52.628100813345895 99.274000006162311
53.393594166801776 99.247499960796290
54.17022187747612 99.220500040324993
54.95814589832399 99.191999966164900
55.75753053796041 99.161499978696853
56.56854249492426 99.128999979474756
57.39135089244048 99.094499961373828
58.226127313687975 99.058000030310083
59.073045837580466 99.019000101762828
59.932283075067765 98.978499899661927
60.804018205965114 98.936000088175490
61.68843301631817 98.891000100568363
62.58571193631152 98.844000003324027
63.49604207872855 98.793999889314222
64.41961327797075 98.743500208806793
65.35661812964459 98.693500155665816
66.3072520307241 98.643999944226266
67.27171322029778 98.592499988024343
68.25020282090806 98.539500171575781
69.2429248804921 98.485500169077667
70.25008641493265 98.429499862427804
71.27189745122783 98.371999917107217
72.30857107128878 98.313499995918420
73.36032345637442 98.253499859068327
74.42737393217246 98.192500117785528
75.50994501453623 98.130000227428880
76.60826245588666 98.067499916077850
77.72255529228926 98.003500097730424
78.85305589121582 97.939500120811871
80.00000000000082 97.875999999999948
81.16362679500274 97.812500063973104
82.34417893148023 97.750999901273929
83.541902594194 97.691499923632563
84.75704754874454 97.634000114570014
85.98986719365665 97.577000037147457
87.24061861322157 97.519499880124982
88.50956263110764 97.461499881034456
89.79696386475084 97.403500140740590
91.10309078053635 97.344999882068578
92.42821574978288 97.288999969774807
93.77261510554118 97.235499956885917
95.13656920021877 97.183999883949127
96.52036246404286 97.134000019295769
97.92428346437356 97.085000089979900
99.34862496587989 97.035500001193441
100.79368399159105 96.987000067856897
102.25976188483567 96.939500131450245
103.74716437208203 96.893499927430327
105.25620162669229 96.848000040805260
106.78718833360406 96.801499933655251
108.34044375495276 96.758000061927646
109.9162917966485 96.715499952630807
111.51506107592134 96.672999970708119
113.13708498984903 96.629000000274374
114.78270178488147 96.584999953863161
116.45225462737648 96.542500009340145
118.14609167516147 96.500500082144711
119.86456615013608 96.454999916585450
121.60803641193078 96.409000094327240
123.3768660326369 96.364500073547958
125.17142387262359 96.318500029420051
126.99208415745765 96.271999917653204
128.83922655594208 96.225000159900446
130.71323625928977 96.178000146508978
132.61450406144883 96.126499942081068
134.5434264405962 96.072500015604135
136.50040564181674 96.020500165101382
138.48584976098482 95.972000128831638
140.50017282986593 95.920499874287344
142.5437949024563 95.867499950271153
144.61714214257822 95.813499996190515
146.7206469127495 95.756999868309720
148.8547478643456 95.700000110061879
151.01989002907314 95.643000186064867
153.216524911774 95.583999918700329
155.4451105845792 95.519500102311412
157.70611178243232 95.454000120811742
160.00000000000236 95.401499999999942
162.3272535900062 95.345000035617147
164.6883578629612 95.277999889944681
167.08380518838874 95.210999885843862
169.51409509748981 95.143000112000593
171.97973438731407 95.070000047574780
174.4812372264439 94.994999849122692
177.01912526221608 94.922999831577002
179.5939277295025 94.854500138691606
182.20618156107355 94.783999886002789
184.85643149956664 94.716999961378903
187.54523021108326 94.649499923210300
190.27313840043846 94.586999872344023
193.04072492808663 94.534000019681670
195.84856692874806 94.483000089979825
198.69724993176072 94.435500001145684
201.58736798318304 94.387000066472098
204.5195237696723 94.346000093365944
207.49432874416505 94.313999951094360
210.5124032533856 94.284000016722501
213.57437666720915 94.256499959720131
216.68088750990657 94.236500031696607
219.83258359329807 94.222999988604471
223.03012215184378 94.206499993229329
226.2741699796992 94.189500000093531
229.5654035697641 94.179499984891336
232.90450925475412 94.166500003335756
236.2921833503241 94.147500044998964
239.72913230027333 94.126499967359536
243.21607282386276 94.111500024607125
246.75373206527502 94.105500008357723
250.34284774524843 94.098500006259570
253.9841683149166 94.081499970191615
257.67845311188546 94.068500041203890
261.42647251858085 94.064500008359289
265.22900812289896 94.060999991419408
269.08685288119375 94.052000000306847
273.0008112836349 94.044000022660967
276.97169952197106 94.039000010516872
281.00034565973334 94.034500000000008
285.0875898049141 94.037500017444017
289.23428428515797 94.053500004598789
293.44129382550057 94.066500013862139
297.7094957286928 94.069999998302535
302.0397800581479 94.079499955304556
306.4330498235497 94.098000022291842
310.89022116916016 94.114999974040387
315.41222356486645 94.130999970510643
320.00000000000654 94.155000000000030
324.6545071800142 94.185499980682238
329.3767157259242 94.220000049314223
334.16761037677935 94.254000047217943
339.02819019498156 94.283499955199773
343.95946877463007 94.311499975240793
348.9624744528898 94.349500101904198
354.03825052443415 94.394000101070986
359.187855459007 94.437999912297968
364.4123631221491 94.480500077725395
369.71286299913527 94.526000027426591
375.0904604221685 94.575000056706244
380.54627680087896 94.622000089867470
386.08144985617537 94.662999991763897
391.6971338574982 94.701499931615345
397.3944998635236 94.739999992248528
403.1747359663683 94.781999940452110
409.0390475393468 94.832999867322144
414.9886574883323 94.889500097656622
421.0248065067734 94.942999962172735
427.1487533344206 94.993000086807228
433.3617750198154 95.046499903149282
439.6651671865984 95.104000051457817
446.06024430368984 95.152500012828654
452.54833995940066 95.184999999819183
459.13080713953053 95.205000013735159
465.8090185095106 95.209500000371591
472.58436670065066 95.187500065189482
479.45826460054917 95.132999862184647
486.432145647728 95.050500169786815
493.50746413055253 94.926000248294770
500.6856954904994 94.758000085738232
507.9683366298358 94.570499620464574
515.3569062237735 94.357000831569266
522.8529450371643 94.108000718898523
530.4580162458005 93.845999712550324
538.1737057623901 93.576500008315620
546.0016225672724 93.312000854641994
553.9433990439449 93.033000736180469
562.0006913194694 92.749499254081471
570.1751796098309 92.444499659292148
578.4685685703187 92.110499935941021
586.8825876510039 91.771999235272048
595.4189914573883 91.441000561860449
604.0795601162986 91.099501175834163
612.8660996471021 90.773999637992375
621.780442338323 90.477000478532773
630.8244471297356 90.205000461595986
640.0000000000159 89.976999999999677
649.3090143600314 89.802000115846653
658.7534314518515 89.672499868965076
668.3352207535618 89.592499934944016
678.0563803899662 89.564500025600125
687.9189375492632 89.583499977417887
697.9249489057827 89.639500158094279
708.0765010488715 89.716000199194781
718.3757109180171 89.803999814398054
728.8247262443015 89.899500178546560
739.425725998274 89.997000052054588
750.1809208443404 90.091500115775290
761.0925536017613 90.189000223036061
772.1628997123541 90.291999968633718
783.3942677149998 90.402999808381367
794.7889997270506 90.516999987310484
806.34947193274 90.630999850655840
818.0780950786972 90.746499707675554
829.9773149766683 90.857000174377220
842.0496130135506 90.960499924345541
854.2975066688449 91.061500176763872
866.7235500396347 91.162999820385977
879.3303343732008 91.264500094177535
892.1204886073838 91.358500037731488
905.0966799188055 91.444999999463818
918.2616142790653 91.532500118152100
931.6180370190256 91.625499964699401
945.1687334013056 91.721999798122880
958.9165292011028 91.815000155948979
972.8642912954606 91.900999829792710
987.0149282611097 91.991499835074308
1001.3713909810035 92.080999951023330
1015.9366732596762 92.167500164773955
1030.7138124475518 92.257999661589082
1045.7058900743334 92.353499726122720
1060.916032491606 92.451000107257371
1076.3474115247852 92.551499996900844
1092.0032451345498 92.651499676271982
1107.8867980878947 92.749999733497248
1124.0013826389438 92.850500255499043
1140.350359219667 92.954500102108199
1156.9371371406426 93.049000015921109
1173.765175302013 93.134000193635217
1190.837982914782 93.220999845487412
1208.1591202326028 93.308999697446239
1225.73219929421 93.392500097094782
1243.5608846766518 93.474499868617386
1261.648894259477 93.570499823404603
1280.0000000000375 93.683500000000237
1298.6180287200684 93.800999915424867
1317.5068629037087 93.924000180349196
1336.6704415071292 94.056000234201576
1356.112760779938 94.203499750660285
1375.8378750985323 94.363999869070085
1395.8498978115715 94.532500381158883
1416.153002097749 94.710500435885166
1436.7514218360407 94.900999592849004
1457.6494524886093 95.104000378956016
1478.8514519965543 95.310500114184350
1500.3618416886875 95.514500246908582
1522.1851072035295 95.725000469781861
1544.3257994247153 95.940499936083867
1566.788535430007 96.158999625317179
1589.5779994541087 96.382499965117546
1612.6989438654878 96.604999704817331
1636.156190157402 96.819999458564368
1659.9546299533442 97.032500352075999
1684.099226027109 97.243999852206770
1708.5950133376978 97.448500341950790
1733.4471000792773 97.648499647815683
1758.6606687464096 97.847500181675429
1784.2409772147755 98.039500074264453
1810.193359837619 98.227000006002413
1836.5232285581387 98.413000244478042
1863.2360740380593 98.594499933114719
1890.3374668026197 98.772999627789105
1917.833058402214 98.944500299204478
1945.7285825909298 99.106999683335317
1974.0298565222283 99.267999712099538
2002.7427819620161 99.429499910951577
2031.8733465193618 99.579000271490600
2061.4276248951132 99.722499473991803
2091.411780148677 99.868499588329939
2121.832064983222 100.009500149187517
2152.694823049581 100.143499995919001
2184.0064902691106 100.275999569441780
2215.7735961758003 100.409999639279150
2248.002765277899 100.536000287132282
2280.7007184393456 100.650500109401676
2313.874274281297 100.753000018356147
2347.530350604038 100.849500212129726
2381.6759658295764 100.941499842875430
2416.318240465218 101.024499727252135
2451.4643985884327 101.101000093240401
2487.1217693533167 101.175999882863721
2523.2977885189675 101.239499896840343
2560.0000000000887 101.285000000000096
2597.236057440151 101.323999972282110
2635.0137258074315 101.366500060586077
2673.340883014273 101.408000052044798
2712.225521559891 101.435999960369855
2751.6757501970797 101.452999988330106
2791.699795623158 101.461500004380781
2832.3060041955137 101.462500000000006
2873.502843672097 101.462500000000006
2915.2989049772345 101.457999978137138
2957.7029039931244 101.443499990344833
3000.723683377391 101.424499975673868
3044.370214407075 101.404999966884546
3088.6515988494466 101.390500003827668
3133.57707086003 101.378500020530566
3179.1559989082334 101.366000001860385
3225.3978877309914 101.348500025083638
3272.3123803148205 101.324000063548766
3319.9092599067053 101.301499975088944
3368.198452054235 101.286500010506629
3417.190026675413 101.263999946371669
3466.8942001585724 101.231000060930626
3517.3213374928373 101.195999972412707
3568.4819544295697 101.166999988149271
3620.386719675257 101.137499999601047
3673.0464571162966 101.105499947313575
3726.472148076138 101.060500018579233
3780.6749336052594 100.995500148488816
3835.6661168044484 100.924499882131556
3891.45716518188 100.858500131406728
3948.059713044477 100.783000142173037
4005.4855639240527 100.693500051202818
4063.746693038744 100.598499813350188
4122.855249790247 100.497500380609267
4182.823560297375 100.394000287605067
4243.664129966465 100.304999920433289
4305.389646099183 100.238000001902407
4368.012980538242 100.184500165101255
4431.5471923516225 100.140500107050528
4496.00553055582 100.117999990205305
4561.401436878714 100.117500009513435
4627.748548562617 100.128000002831044
4695.060701208099 100.144500049857911
4763.351931659176 100.166999959951625
4832.63648093046 100.186999938372878
4902.928797176889 100.199500015766063
4974.243538706657 100.217499963592786
5046.595577037959 100.258499918469226
5120.000000000202 100.324000000000240
5194.472114880326 100.417999928217824
5270.027451614888 100.538000190212131
5346.6817660285715 100.674000224275886
5424.451043119808 100.810999777080468
5503.351500394186 100.938999902750851
5583.399591246343 101.048500190564098
5664.612008391055 101.127000135921222
5747.005687344222 101.178499906586296
5830.597809954497 101.201999994534276
5915.405807986278 101.191499984980823
6001.447366754812 101.159999952506126
6088.740428814181 101.116499880784346
6177.303197698925 101.058500017648711
6267.154141720092 100.983500137757517
6358.3119978165005 100.887500015503235
6450.795775462017 100.786500132019114
6544.624760629676 100.691500238943348
6639.818519813445 100.596999836229443
6736.396904108505 100.499500068943547
6834.380053350861 100.409999855532561
6933.788400317181 100.323000156678688
7034.642674985712 100.206499847794149
7136.963908859177 100.031499923917835
7240.773439350552 99.862499998442757
7346.092914232631 99.743499812955918
7452.944296152315 99.580000069114647
7561.349867210557 99.329000576985010
7671.332233608935 98.999999249189457
7782.914330363799 98.571000878719786
7896.119426088994 98.117500798326034
8010.971127848146 97.692500229012353
8127.49338607753 97.296499289222282
8245.710499580537 96.931001308113309
8365.647120594791 96.648000701335263
8487.328259932974 96.526499947345741
8610.77929219841 96.462000003139138
8736.025961076528 96.278500729827158
8863.094384703289 95.983500832072380
8992.011061111683 95.649499140516170
9122.802873757471 95.291999599378713
9255.497097125279 94.906999919719382
9390.121402416245 94.508999086693450
9526.7038633184 94.105000705199501
9665.272961860968 93.696501400305067
9805.857594353829 93.294999522166577
9948.487077413367 92.898000635963186
10093.19115407597 92.476500744184861
10240.000000000457 92.030999999998627
10388.944229760706 91.587500310582143
10540.05490322983 91.213999613939706
10693.363532057198 90.982999839625109
10848.902086239672 90.927000021466313
11006.703000788428 91.023499900393006
11166.799182492743 91.206000468743952
11329.224016782166 91.425000539934643
11494.0113746885 91.656499516997769
11661.195619909053 91.899500484626714
11830.811615972614 92.175000169176286
12002.894733509682 92.498000413268358
12177.48085762842 92.863000865398305
12354.606395397908 93.264499885597360
12534.308283440243 93.696999244055718
12716.62399563306 94.147999932545332
12901.591550924093 94.591499418071365
13089.249521259411 95.007498962884284
13279.637039626952 95.388500588074209
13472.793808217073 95.728499769268993
13668.760106701786 95.989500292374657
13867.576800634426 96.122499832876088
14069.285349971487 96.105999878235281
14273.927817718419 95.941999889923608
14481.54687870117 95.635999992963718
14692.18582846533 95.208499335105572
14905.888592304698 94.685000202141623
15122.699734421185 94.087001303870196
15342.664467217943 93.446498848271005
15565.828660727671 92.832501174253167
15792.238852178061 92.336000814399569
16021.942255696367 92.051000108786127
16254.986772155136 92.227000863491369
16491.42099916115 92.682498327967608
16731.294241189662 92.800500132914323
16974.65651986603 92.168998618922160
17221.558584396902 90.707500064487505
17472.051922153143 88.513007572763428
17726.188769406665 85.917507067643555
17984.022122223458 83.385494463552135
18245.605747515034 81.244498110439196
18510.99419425065 79.552499716356294
18780.242804832582 78.182997244216011
19053.40772663689 76.984002053825932
19330.545923722028 75.696504624020008
19611.71518870775 73.990497367064364
19896.974154826825 71.641504008869944
20186.382308152035 68.576505627354862
