20 97.016661044176701
20.290906698750476 97.029833047198537
20.586044732869844 97.043134569384847
20.885475648548283 97.056545577502249
21.189261887185914 97.069842020807243
21.49746679841394 97.082938712022667
21.810154653305165 97.095848619060121
22.12739065777668 97.108570747802418
22.449240966187475 97.121042476376616
22.77577269513385 97.133347199767229
23.107053937445478 97.145474702228654
23.44315377638505 97.157319702539340
23.784142300054445 97.168546663183577
24.130090616010463 97.178921673172312
24.481070866093134 97.188509806727438
24.837156241469714 97.197766000383609
25.1984209978975 97.207050548204606
25.56494047120865 97.216908850063319
25.936791093020236 97.227800471332088
26.3140504066728 97.240185692054069
26.69679708340074 97.254597583770249
27.08511093873791 97.271408995232335
27.47907294916184 97.289974980437691
27.878765268980047 97.309468460813250
28.284271247461966 97.329138411425077
28.695675446220072 97.348017527050672
29.11306365684382 97.364546090690965
29.536522918790062 97.376789930134819
29.966141537533712 97.386102785579112
30.402009102982383 97.394661464087193
30.844216508158908 97.403281667904650
31.29285596815558 97.412050251683056
31.74802103936409 97.421006475017776
32.20980663898519 97.430375698955132
32.67830906482211 97.439595737885185
33.153626015361866 97.447934045678267
33.63585661014871 97.455411529248053
34.125101410453844 97.462913801525929
34.62146244024586 97.471436251828464
35.12504320746613 97.483399709660773
35.635948725613716 97.502537403083011
36.15428553564419 97.529253041924846
36.68016172818701 97.559907641694579
37.21368696608603 97.590227551710470
37.754972507267915 97.614535650497771
38.30413122794313 97.626196676153839
38.86127764614443 97.623028837263064
39.4265279456077 97.610215407855293
40.000000000000206 97.596287225548906
40.58181339750116 97.587480880078488
41.1720894657399 97.587562831200273
41.77095129709678 97.595384344204902
42.37852377437204 97.607072485068130
42.9949335968281 97.619125333995584
43.62030930661056 97.628830120581895
44.25478131555359 97.635628958888475
44.89848193237519 97.640374486209112
45.55154539026795 97.643698175133210
46.21410787489121 97.646015884667634
46.88630755277036 97.648545357723833
47.56828460010916 97.652796335736696
48.260181232021196 97.659172577789334
48.962141732186545 97.669078971744469
49.674312482939705 97.687010194719392
50.39684199579528 97.717227433721348
51.129880942417586 97.757349883384904
51.873582186040764 97.801279111346219
52.628100813345895 97.845919767326990
53.393594166801776 97.890632979205662
54.17022187747612 97.935754165117885
54.95814589832399 97.980033549499481
55.75753053796041 98.018214464658001
56.56854249492426 98.047332290401144
57.39135089244048 98.072000777863593
58.226127313687975 98.093472501405415
59.073045837580466 98.104446436112710
59.932283075067765 98.103762513584201
60.804018205965114 98.101198776637276
61.68843301631817 98.109697371251798
62.58571193631152 98.134330661646047
63.49604207872855 98.163493713915727
64.41961327797075 98.182974907268445
65.35661812964459 98.185965455913617
66.3072520307241 98.175985660446543
67.27171322029778 98.160791492093097
68.25020282090806 98.143720652182992
69.2429248804921 98.129312560991863
70.25008641493265 98.131282645896917
71.27189745122783 98.158320234567071
72.30857107128878 98.196671194070206
73.36032345637442 98.215312144905909
74.42737393217246 98.197863536601673
75.50994501453623 98.164647576630514
76.60826245588666 98.146820929205376
77.72255529228926 98.146142553404928
78.85305589121582 98.145478601401607
80.00000000000082 98.125279959919823
81.16362679500274 98.090876477385663
82.34417893148023 98.077177165151951
83.541902594194 98.096951770023026
84.75704754874454 98.111688151505319
85.98986719365665 98.093785555049990
87.24061861322157 98.053816526493009
88.50956263110764 98.016518358294036
89.79696386475084 97.988230613755448
91.10309078053635 97.962123575451145
92.42821574978288 97.935234566825542
93.77261510554118 97.907099763665144
95.13656920021877 97.877315583897655
96.52036246404286 97.856841525284182
97.92428346437356 97.859420501830158
99.34862496587989 97.867017425358938
100.79368399159105 97.849470795113419
102.25976188483567 97.823245429645837
103.74716437208203 97.809540328691781
105.25620162669229 97.797857380671473
106.78718833360406 97.769087856993679
108.34044375495276 97.740568533388455
109.9162917966485 97.740801743000915
111.51506107592134 97.738184855208942
113.13708498984903 97.700167006016812
114.78270178488147 97.629134064750133
116.45225462737648 97.557235571448075
118.14609167516147 97.531201109152292
119.86456615013608 97.541289021690574
121.60803641193078 97.523562161644861
123.3768660326369 97.474118226071269
125.17142387262359 97.412987367469128
126.99208415745765 97.346870025193709
128.83922655594208 97.276594866149878
130.71323625928977 97.202759007819623
132.61450406144883 97.125420512631649
134.5434264405962 97.045168268619392
136.50040564181674 96.964782094405905
138.48584976098482 96.891963254852499
140.50017282986593 96.825928803017121
142.5437949024563 96.776875575355177
144.61714214257822 96.779217776236848
146.7206469127495 96.762723673320494
148.8547478643456 96.681643264028054
151.01989002907314 96.598492943022237
153.216524911774 96.540999921752046
155.4451105845792 96.516806215332394
157.70611178243232 96.560169735086419
160.00000000000236 96.656851989060300
162.3272535900062 96.795411152060638
164.6883578629612 97.009403031899723
167.08380518838874 97.298591328506646
169.51409509748981 97.615992860248141
171.97973438731407 97.898730327863490
174.4812372264439 98.132108725470133
177.01912526221608 98.376343301943422
179.5939277295025 98.638439201315975
182.20618156107355 98.897180614350461
184.85643149956664 99.159726144334854
187.54523021108326 99.397233867940827
190.27313840043846 99.539078335168199
193.04072492808663 99.559392200037905
195.84856692874806 99.521860936460911
198.69724993176072 99.463280291933941
201.58736798318304 99.384040945039871
204.5195237696723 99.265886150837758
207.49432874416505 99.121882185755837
210.5124032533856 99.025084386781472
213.57437666720915 98.966039459035585
216.68088750990657 98.879372140860966
219.83258359329807 98.749326844579613
223.03012215184378 98.627877942175928
226.2741699796992 98.550177214593290
229.5654035697641 98.472417788093082
232.90450925475412 98.361413017501874
236.2921833503241 98.248858503679628
239.72913230027333 98.132757638990284
243.21607282386276 98.035070444115320
246.75373206527502 97.947082707846320
250.34284774524843 97.848275024255429
253.9841683149166 97.754297753733539
257.67845311188546 97.664518253547357
261.42647251858085 97.548148080900631
265.22900812289896 97.467522390980179
269.08685288119375 97.477492538799851
273.0008112836349 97.455247988856684
276.97169952197106 97.312336017773845
281.00034565973334 97.197240126573234
285.0875898049141 97.130157840478631
289.23428428515797 97.055145637169886
293.44129382550057 96.950469521604887
297.7094957286928 96.840213332726620
302.0397800581479 96.742231843930725
306.4330498235497 96.667169457440508
310.89022116916016 96.636147748814821
315.41222356486645 96.594393545116333
320.00000000000654 96.473350986759726
324.6545071800142 96.359468945619994
329.3767157259242 96.300361264456640
334.16761037677935 96.230134552497333
339.02819019498156 96.147224953099993
343.95946877463007 96.086934049584158
348.9624744528898 96.022439070970236
354.03825052443415 95.926634890670897
359.187855459007 95.803083685557198
364.4123631221491 95.668968896415976
369.71286299913527 95.546710928513534
375.0904604221685 95.468358133679502
380.54627680087896 95.455967970783206
386.08144985617537 95.428745538282584
391.6971338574982 95.258881243448073
397.3944998635236 95.086460996412868
403.1747359663683 95.015689539459430
409.0390475393468 94.942653700877798
414.9886574883323 94.846745809136635
421.0248065067734 94.780734238584500
427.1487533344206 94.723194052318590
433.3617750198154 94.636091791075330
439.6651671865984 94.551008268828326
446.06024430368984 94.486983430242645
452.54833995940066 94.455460135706133
459.13080713953053 94.413591699157138
465.8090185095106 94.334563459283146
472.58436670065066 94.256330081058721
479.45826460054917 94.218117836818834
486.432145647728 94.163700492680618
493.50746413055253 94.060408567793999
500.6856954904994 94.021462000480582
507.9683366298358 94.063566716763546
515.3569062237735 94.105114721861824
522.8529450371643 94.108158543930287
530.4580162458005 94.122457388448595
538.1737057623901 94.116001433673006
546.0016225672724 94.121567457275987
553.9433990439449 94.156544192776039
562.0006913194694 94.179558024680944
570.1751796098309 94.202228686467976
578.4685685703187 94.260348998207448
586.8825876510039 94.317128476171632
595.4189914573883 94.326708445800193
604.0795601162986 94.305423780857566
612.8660996471021 94.303333937865546
621.780442338323 94.343410658770523
630.8244471297356 94.379994963491782
640.0000000000159 94.393790082852135
649.3090143600314 94.406253286019592
658.7534314518515 94.413065318169146
668.3352207535618 94.443581474497122
678.0563803899662 94.486076646681013
687.9189375492632 94.501041344844722
697.9249489057827 94.507720103127113
708.0765010488715 94.556084508757706
718.3757109180171 94.601482052637635
728.8247262443015 94.630578373953540
739.425725998274 94.625485503567148
750.1809208443404 94.604854476550386
761.0925536017613 94.600832071192826
772.1628997123541 94.642534207933011
783.3942677149998 94.716999055785635
794.7889997270506 94.797825920599152
806.34947193274 94.853073906628083
818.0780950786972 94.872769711230646
829.9773149766683 94.859548640702371
842.0496130135506 94.844141670883744
854.2975066688449 94.870648045754223
866.7235500396347 94.941667565658605
879.3303343732008 95.006930250173923
892.1204886073838 95.021734591146696
905.0966799188055 95.020690899666391
918.2616142790653 95.065568708565081
931.6180370190256 95.131798309366417
945.1687334013056 95.158817019886712
958.9165292011028 95.206725619625331
972.8642912954606 95.258392047279926
987.0149282611097 95.301465093938134
1001.3713909810035 95.331328786730765
1015.9366732596762 95.344076931299384
1030.7138124475518 95.393675906753259
1045.7058900743334 95.503964988037822
1060.916032491606 95.619788347936023
1076.3474115247852 95.708563106836039
1092.0032451345498 95.763312910437634
1107.8867980878947 95.811080482509396
1124.0013826389438 95.910155778350031
1140.350359219667 96.031956816471336
1156.9371371406426 96.113011283068829
1173.765175302013 96.189976897688780
1190.837982914782 96.283656521650556
1208.1591202326028 96.370017903548487
1225.73219929421 96.452563281495884
1243.5608846766518 96.554313740452386
1261.648894259477 96.692570309647436
1280.0000000000375 96.832156771320285
1298.6180287200684 96.959982810451578
1317.5068629037087 97.050234156632840
1336.6704415071292 97.134765026534382
1356.112760779938 97.253379813408557
1375.8378750985323 97.368955014592558
1395.8498978115715 97.475394267548282
1416.153002097749 97.605830679178538
1436.7514218360407 97.745155865917624
1457.6494524886093 97.868309004469722
1478.8514519965543 97.996671960949300
1500.3618416886875 98.152383860702756
1522.1851072035295 98.286102653159617
1544.3257994247153 98.402786567677026
1566.788535430007 98.544534113834146
1589.5779994541087 98.707667132757194
1612.6989438654878 98.861520870512294
1636.156190157402 99.007010300413640
1659.9546299533442 99.169540752815408
1684.099226027109 99.344853536477913
1708.5950133376978 99.534265554365064
1733.4471000792773 99.729008781063783
1758.6606687464096 99.915514804492702
1784.2409772147755 100.104740720550510
1810.193359837619 100.308844738527370
1836.5232285581387 100.526185702473327
1863.2360740380593 100.752546276172808
1890.3374668026197 100.983883177252864
1917.833058402214 101.219100643074512
1945.7285825909298 101.469198420451164
1974.0298565222283 101.734680846305096
2002.7427819620161 101.996576980737046
2031.8733465193618 102.275014183842273
2061.4276248951132 102.561323187352343
2091.411780148677 102.843317727155892
2121.832064983222 103.130880005116353
2152.694823049581 103.439508807806789
2184.0064902691106 103.764363022984782
2215.7735961758003 104.084903436458930
2248.002765277899 104.408302433808558
2280.7007184393456 104.756690652730384
2313.874274281297 105.120927606807754
2347.530350604038 105.482896140952562
2381.6759658295764 105.841710149198377
2416.318240465218 106.219525700774994
2451.4643985884327 106.605247088180477
2487.1217693533167 106.994692185454966
2523.2977885189675 107.381504503562297
2560.0000000000887 107.757392770840084
2597.236057440151 108.140204290427278
2635.0137258074315 108.533348878990992
2673.340883014273 108.902445253928818
2712.225521559891 109.248284419397237
2751.6757501970797 109.583797866999163
2791.699795623158 109.900524825869752
2832.3060041955137 110.188903541882468
2873.502843672097 110.447887306015815
2915.2989049772345 110.668634357295986
2957.7029039931244 110.846952559499556
3000.723683377391 110.987602952936470
3044.370214407075 111.096811241856471
3088.6515988494466 111.179026968480258
3133.57707086003 111.236177670234213
3179.1559989082334 111.270335942901085
3225.3978877309914 111.294679383144029
3272.3123803148205 111.319613643068351
3319.9092599067053 111.343146012761792
3368.198452054235 111.367150341285125
3417.190026675413 111.400765494009107
3466.8942001585724 111.448194386647629
3517.3213374928373 111.503612069996024
3568.4819544295697 111.553954713524547
3620.386719675257 111.589179653149344
3673.0464571162966 111.595226537394552
3726.472148076138 111.557627344048825
3780.6749336052594 111.458786089566416
3835.6661168044484 111.277969369294226
3891.45716518188 110.992716451922121
3948.059713044477 110.602901491583708
4005.4855639240527 110.116273534876271
4063.746693038744 109.554891107379646
4122.855249790247 108.953380240643895
4182.823560297375 108.350117233191384
4243.664129966465 107.768272083549419
4305.389646099183 107.228643802752998
4368.012980538242 106.730229591864600
4431.5471923516225 106.258543797643142
4496.00553055582 105.803779199150881
4561.401436878714 105.358262476151864
4627.748548562617 104.921032699954409
4695.060701208099 104.498640157346045
4763.351931659176 104.104415414152982
4832.63648093046 103.732168627954252
4902.928797176889 103.373839098508597
4974.243538706657 103.037634073130988
5046.595577037959 102.744054090786307
5120.000000000202 102.503436870718161
5194.472114880326 102.304018773031189
5270.027451614888 102.145689728434547
5346.6817660285715 102.025857457294322
5424.451043119808 101.925450342512121
5503.351500394186 101.835246609322581
5583.399591246343 101.756485769519259
5664.612008391055 101.689050811984060
5747.005687344222 101.637840406910229
5830.597809954497 101.611333436445065
5915.405807986278 101.605153507296933
6001.447366754812 101.617074847094358
6088.740428814181 101.638232916269772
6177.303197698925 101.650254138022547
6267.154141720092 101.663096296008845
6358.3119978165005 101.696035532257923
6450.795775462017 101.772428187487279
6544.624760629676 101.917414891764508
6639.818519813445 102.138912961076443
6736.396904108505 102.433519333597587
6834.380053350861 102.799039820496915
6933.788400317181 103.217749895225438
7034.642674985712 103.672266575896359
7136.963908859177 104.147509702714345
7240.773439350552 104.620394831572014
7346.092914232631 105.057023205991925
7452.944296152315 105.424665496907949
7561.349867210557 105.705508959147409
7671.332233608935 105.885886728157601
7782.914330363799 105.955748743728634
7896.119426088994 105.929516929396499
8010.971127848146 105.838606372029801
8127.49338607753 105.704478088355430
8245.710499580537 105.549197285306320
8365.647120594791 105.385898356688685
8487.328259932974 105.211667137045083
8610.77929219841 105.010437577097690
8736.025961076528 104.753952700429110
8863.094384703289 104.405620170586445
8992.011061111683 103.921628658269668
9122.802873757471 103.297888179272391
9255.497097125279 102.550996716429097
9390.121402416245 101.710200144423425
9526.7038633184 100.820130563062605
9665.272961860968 99.927851048156697
9805.857594353829 99.064053255444037
9948.487077413367 98.226931907195677
10093.19115407597 97.388148245693685
10240.000000000457 96.490745332960969
10388.944229760706 95.465349359109382
10540.05490322983 94.352925241420081
10693.363532057198 93.429396409420974
10848.902086239672 93.084789425040185
11006.703000788428 93.244659107093469
11166.799182492743 93.754120499889112
11329.224016782166 94.527170239832202
11494.0113746885 95.417626654424367
11661.195619909053 96.227864043095067
11830.811615972614 96.806323782441723
12002.894733509682 97.067210406346788
12177.48085762842 97.051343753604854
12354.606395397908 96.823318960242204
12534.308283440243 96.477472575313442
12716.62399563306 96.114392339889889
12901.591550924093 95.801515874157332
13089.249521259411 95.571141343251441
13279.637039626952 95.442730181446052
13472.793808217073 95.418935271709017
13668.760106701786 95.493649019684739
13867.576800634426 95.634791275038168
14069.285349971487 95.808645077753738
14273.927817718419 96.001708170846541
14481.54687870117 96.212046159441115
14692.18582846533 96.446543857027422
14905.888592304698 96.721932539343442
15122.699734421185 97.038666989048380
15342.664467217943 97.393383909264458
15565.828660727671 97.744069043215987
15792.238852178061 97.966217019855279
16021.942255696367 97.966428423720430
16254.986772155136 97.742858832289414
16491.42099916115 97.342347726024926
16731.294241189662 96.766677538455326
16974.65651986603 95.914504256167035
17221.558584396902 94.654302512518399
17472.051922153143 93.145653910092221
17726.188769406665 91.780895921807101
17984.022122223458 90.494173516708798
18245.605747515034 89.127592980336274
18510.99419425065 87.654883715208371
18780.242804832582 85.894820137291305
19053.40772663689 83.357658267036442
19330.545923722028 79.680531708518018
19611.71518870775 76.640534762930585
19896.974154826825 76.687496384104804
20186.382308152035 77.594225180248458
