20 80.988500000000002
20.290906698750476 81.092741914525305
20.586044732869844 81.193731966290642
20.885475648548283 81.291279585778199
21.189261887185914 81.384706683048080
21.49746679841394 81.473912605585440
21.810154653305165 81.561767401688655
22.12739065777668 81.647895477599704
22.449240966187475 81.734548812543636
22.77577269513385 81.820700706403827
23.107053937445478 81.906655692692397
23.44315377638505 81.992527165299691
23.784142300054445 82.077575219263480
24.130090616010463 82.162655488747504
24.481070866093134 82.247230691876268
24.837156241469714 82.331274403521832
25.1984209978975 82.414636829516439
25.56494047120865 82.497905522696755
25.936791093020236 82.580252131471241
26.3140504066728 82.661640538214201
26.69679708340074 82.742327387514166
27.08511093873791 82.822639098746379
27.47907294916184 82.901465688560137
27.878765268980047 82.979510770864891
28.284271247461966 83.056442994522854
28.695675446220072 83.132221580319623
29.11306365684382 83.206673076290826
29.536522918790062 83.280099327437938
29.966141537533712 83.351845636768132
30.402009102982383 83.421818106911857
30.844216508158908 83.490812650140654
31.29285596815558 83.557705185342741
31.74802103936409 83.622722945510972
32.20980663898519 83.685904282985035
32.67830906482211 83.747323560297232
33.153626015361866 83.807703251920231
33.63585661014871 83.867846219658446
34.125101410453844 83.928262372075380
34.62146244024586 83.988575492829511
35.12504320746613 84.048880141688471
35.635948725613716 84.109270052171183
36.15428553564419 84.169242836599082
36.68016172818701 84.229178113556941
37.21368696608603 84.288719253235556
37.754972507267915 84.348182689813825
38.30413122794313 84.407537804161962
38.86127764614443 84.466333270982915
39.4265279456077 84.525331344736998
40.000000000000206 84.584000000000017
40.58181339750116 84.641696687574495
41.1720894657399 84.699278639016441
41.77095129709678 84.756240459025719
42.37852377437204 84.812720080877284
42.9949335968281 84.868956618233938
43.62030930661056 84.924894192868479
44.25478131555359 84.981533885983168
44.89848193237519 85.038117139473286
45.55154539026795 85.095454988080320
46.21410787489121 85.152710844130979
46.88630755277036 85.210336216505169
47.56828460010916 85.268206633428207
48.260181232021196 85.326055139489782
48.962141732186545 85.384720201066600
49.674312482939705 85.443402097447063
50.39684199579528 85.502243452462679
51.129880942417586 85.561154888070405
51.873582186040764 85.620386532188206
52.628100813345895 85.679945339724313
53.393594166801776 85.739749582718360
54.17022187747612 85.800588898817551
54.95814589832399 85.862497126300980
55.75753053796041 85.924708593202666
56.56854249492426 85.986993500861701
57.39135089244048 86.049546992379248
58.226127313687975 86.112346484869761
59.073045837580466 86.175368869062169
59.932283075067765 86.238522806017471
60.804018205965114 86.302287085730242
61.68843301631817 86.365594076757134
62.58571193631152 86.429740868928093
63.49604207872855 86.493970966550364
64.41961327797075 86.559712156013887
65.35661812964459 86.627889741593691
66.3072520307241 86.698697528319670
67.27171322029778 86.771921917962928
68.25020282090806 86.847390718620375
69.2429248804921 86.924083753357650
70.25008641493265 87.001006567534887
71.27189745122783 87.078256360116470
72.30857107128878 87.154717117132805
73.36032345637442 87.229542480218015
74.42737393217246 87.302420366489471
75.50994501453623 87.372584120708211
76.60826245588666 87.440652895637243
77.72255529228926 87.507425296763046
78.85305589121582 87.573006338018075
80.00000000000082 87.638000000000048
81.16362679500274 87.701029942304174
82.34417893148023 87.762849378301951
83.541902594194 87.823495740332675
84.75704754874454 87.882358499273579
85.98986719365665 87.939369026465158
87.24061861322157 87.994226911897144
88.50956263110764 88.047885692788014
89.79696386475084 88.099810875878291
91.10309078053635 88.151204496915582
92.42821574978288 88.201294292197304
93.77261510554118 88.250988756999760
95.13656920021877 88.298609222030436
96.52036246404286 88.344973462154940
97.92428346437356 88.390544402414065
99.34862496587989 88.435187293180419
100.79368399159105 88.478545958417200
102.25976188483567 88.521533094660242
103.74716437208203 88.564347522991596
105.25620162669229 88.607080644601524
106.78718833360406 88.650041273340918
108.34044375495276 88.692972129302035
109.9162917966485 88.735911714361023
111.51506107592134 88.779337390864441
113.13708498984903 88.822822215858935
114.78270178488147 88.867114825294266
116.45225462737648 88.913597173352358
118.14609167516147 88.966708900970445
119.86456615013608 89.039744122337808
121.60803641193078 89.121761861798149
123.3768660326369 89.213293797219677
125.17142387262359 89.308928312994297
126.99208415745765 89.409884768922609
128.83922655594208 89.515075692704684
130.71323625928977 89.622429677139309
132.61450406144883 89.733677495717643
134.5434264405962 89.850513156266203
136.50040564181674 89.968023527225370
138.48584976098482 90.080628574891961
140.50017282986593 90.183341225897209
142.5437949024563 90.276666633878847
144.61714214257822 90.364611398916992
146.7206469127495 90.447949358979770
148.8547478643456 90.528083771835043
151.01989002907314 90.604472282982670
153.216524911774 90.677285492194414
155.4451105845792 90.747709406005043
157.70611178243232 90.817059686403510
160.00000000000236 90.884500000000060
162.3272535900062 90.951524903392169
164.6883578629612 91.017774020162904
167.08380518838874 91.083596262161848
169.51409509748981 91.147366472534742
171.97973438731407 91.208701465927930
174.4812372264439 91.267068456208207
177.01912526221608 91.323420755768751
179.5939277295025 91.377972482319549
182.20618156107355 91.431506103845905
184.85643149956664 91.483214771091582
187.54523021108326 91.534341281926146
190.27313840043846 91.585135001928251
193.04072492808663 91.637381918619269
195.84856692874806 91.691971338574973
198.69724993176072 91.748466098662504
201.58736798318304 91.805747359663656
204.5195237696723 91.863883967470230
207.49432874416505 91.922388465301907
210.5124032533856 91.981995997858817
213.57437666720915 92.041806750843776
216.68088750990657 92.099596418933260
219.83258359329807 92.156070212882724
223.03012215184378 92.208997015505417
226.2741699796992 92.259112549695487
229.5654035697641 92.303777813668560
232.90450925475412 92.342417771553869
236.2921833503241 92.375191375127429
239.72913230027333 92.400968492252062
243.21607282386276 92.419837282192461
246.75373206527502 92.433545711752942
250.34284774524843 92.441428559681555
253.9841683149166 92.445980210393643
257.67845311188546 92.451517679667830
261.42647251858085 92.465705890074332
265.22900812289896 92.491748097474783
269.08685288119375 92.538534400901085
273.0008112836349 92.610766834135418
276.97169952197106 92.693527152401629
281.00034565973334 92.777406878628696
285.0875898049141 92.858550339546980
289.23428428515797 92.931946831847299
293.44129382550057 92.990580949114062
297.7094957286928 93.034843562412505
302.0397800581479 93.067748625363421
306.4330498235497 93.091759740813828
310.89022116916016 93.105684385861338
315.41222356486645 93.110376332930542
320.00000000000654 93.108999999999995
324.6545071800142 93.104345492819988
329.3767157259242 93.098310269556293
334.16761037677935 93.091665345472506
339.02819019498156 93.087277447844016
343.95946877463007 93.084124318735235
348.9624744528898 93.083500000000001
354.03825052443415 93.087134425471987
359.187855459007 93.095956925372121
364.4123631221491 93.104118544683217
369.71286299913527 93.097930705501284
375.0904604221685 93.067511396814865
380.54627680087896 93.007887117818967
386.08144985617537 92.936492281956021
391.6971338574982 92.862937259852529
397.3944998635236 92.792463251569473
403.1747359663683 92.731546324327894
409.0390475393468 92.681966905339735
414.9886574883323 92.650786863162921
421.0248065067734 92.647265670621181
427.1487533344206 92.670720336118819
433.3617750198154 92.722011379368126
439.6651671865984 92.790982006239176
446.06024430368984 92.869954862973259
452.54833995940066 92.957686427423482
459.13080713953053 93.052986818828842
465.8090185095106 93.148961095551400
472.58436670065066 93.242871314751781
479.45826460054917 93.337460361993280
486.432145647728 93.427458606031820
493.50746413055253 93.507941380901940
500.6856954904994 93.587656946682088
507.9683366298358 93.663669513573922
515.3569062237735 93.732288635919048
522.8529450371643 93.800270251232490
530.4580162458005 93.859662219428714
538.1737057623901 93.904182415495114
546.0016225672724 93.932001622567270
553.9433990439449 93.937757075119507
562.0006913194694 93.943802350486195
570.1751796098309 93.972173703385863
578.4685685703187 94.027739409421145
586.8825876510039 94.078263137758370
595.4189914573883 94.111673176080686
604.0795601162986 94.132659120232603
612.8660996471021 94.154403141848860
621.780442338323 94.188590403973052
630.8244471297356 94.242765798185985
640.0000000000159 94.312500000000114
649.3090143600314 94.382783058418241
658.7534314518515 94.457589780042213
668.3352207535618 94.551268968573297
678.0563803899662 94.668301935855084
687.9189375492632 94.802573231934758
697.9249489057827 94.944034274462112
708.0765010488715 95.086974839736641
718.3757109180171 95.223721813026032
728.8247262443015 95.349573005994984
739.425725998274 95.470481990080415
750.1809208443404 95.581924751649183
761.0925536017613 95.667853859613871
772.1628997123541 95.730895948417952
783.3942677149998 95.780399927310583
794.7889997270506 95.823044374033302
806.34947193274 95.867427010392021
818.0780950786972 95.923929522932838
829.9773149766683 95.992055325051425
842.0496130135506 96.063447807076784
854.2975066688449 96.131957223900770
866.7235500396347 96.196891050192079
879.3303343732008 96.253671787336827
892.1204886073838 96.292114473417229
905.0966799188055 96.308376383367175
918.2616142790653 96.280935205520592
931.6180370190256 96.210464599834950
945.1687334013056 96.121403232891510
958.9165292011028 96.058792147796140
972.8642912954606 96.054267860362756
987.0149282611097 96.103097600419005
1001.3713909810035 96.196928258175035
1015.9366732596762 96.318898836895102
1030.7138124475518 96.451322338821171
1045.7058900743334 96.584566246928290
1060.916032491606 96.723396964506378
1076.3474115247852 96.864312307700615
1092.0032451345498 97.000777178001840
1107.8867980878947 97.133633469871143
1124.0013826389438 97.266566808700290
1140.350359219667 97.399009078854874
1156.9371371406426 97.527343852970304
1173.765175302013 97.654128491308725
1190.837982914782 97.778450107887096
1208.1591202326028 97.902690953065104
1225.73219929421 98.025852433188319
1243.5608846766518 98.149641649994720
1261.648894259477 98.273600777439754
1280.0000000000375 98.399500000000259
1298.6180287200684 98.531156060234764
1317.5068629037087 98.665049412906711
1336.6704415071292 98.803027178851323
1356.112760779938 98.946234429771550
1375.8378750985323 99.092596222606602
1395.8498978115715 99.239996748915047
1416.153002097749 99.388147698611931
1436.7514218360407 99.537272666127677
1457.6494524886093 99.685852145519817
1478.8514519965543 99.834883134935950
1500.3618416886875 99.985011181319493
1522.1851072035295 100.136464643992497
1544.3257994247153 100.288188468065044
1566.788535430007 100.441162040924041
1589.5779994541087 100.595838836298853
1612.6989438654878 100.752598839408009
1636.156190157402 100.912308340676617
1659.9546299533442 101.076085131876212
1684.099226027109 101.244922520271928
1708.5950133376978 101.420243597365186
1733.4471000792773 101.603691134597739
1758.6606687464096 101.795533576097213
1784.2409772147755 101.995373359085320
1810.193359837619 102.203066214684711
1836.5232285581387 102.416338151320929
1863.2360740380593 102.631388592304475
1890.3374668026197 102.845132241060440
1917.833058402214 103.051394648672243
1945.7285825909298 103.239979501796498
1974.0298565222283 103.400164210872248
2002.7427819620161 103.516719815806937
2031.8733465193618 103.584499118143668
2061.4276248951132 103.597358562657334
2091.411780148677 103.549864655178510
2121.832064983222 103.448122120572151
2152.694823049581 103.304621661294647
2184.0064902691106 103.138458624534422
2215.7735961758003 102.918395198633704
2248.002765277899 102.672844498355502
2280.7007184393456 102.411607633714510
2313.874274281297 102.149355708987130
2347.530350604038 101.897157993181125
2381.6759658295764 101.695826876831944
2416.318240465218 101.549597542534570
2451.4643985884327 101.491474920988082
2487.1217693533167 101.507607007900646
2523.2977885189675 101.618322818728558
2560.0000000000887 101.802250000000527
2597.236057440151 102.060173008803204
2635.0137258074315 102.376623074739967
2673.340883014273 102.733613671748628
2712.225521559891 103.117348193114225
2751.6757501970797 103.528199430191876
2791.699795623158 103.959046535065966
2832.3060041955137 104.397904845311558
2873.502843672097 104.850116593196987
2915.2989049772345 105.316612680993899
2957.7029039931244 105.788419695207324
3000.723683377391 106.242791110027213
3044.370214407075 106.682347817884306
3088.6515988494466 107.132544048091773
3133.57707086003 107.598996250330060
3179.1559989082334 108.063309349016833
3225.3978877309914 108.519105532113315
3272.3123803148205 108.966120755943564
3319.9092599067053 109.410952487528633
3368.198452054235 109.856514006570279
3417.190026675413 110.287880523273202
3466.8942001585724 110.694781587241621
3517.3213374928373 111.080099336947853
3568.4819544295697 111.445895124652623
3620.386719675257 111.796921412282671
3673.0464571162966 112.127356884413132
3726.472148076138 112.429890713688110
3780.6749336052594 112.698857547933073
3835.6661168044484 112.947171045906515
3891.45716518188 113.167245794654775
3948.059713044477 113.371014966960118
4005.4855639240527 113.551085300791158
4063.746693038744 113.709211502243249
4122.855249790247 113.837068399664403
4182.823560297375 113.931202550570333
4243.664129966465 113.989435667253616
4305.389646099183 114.030118528811983
4368.012980538242 114.055721750710816
4431.5471923516225 114.061335850827618
4496.00553055582 114.055932734189781
4561.401436878714 114.045998130101538
4627.748548562617 114.023286299624402
4695.060701208099 113.980096897656722
4763.351931659176 113.932968485455490
4832.63648093046 113.909120905572081
4902.928797176889 113.903295886117590
4974.243538706657 113.877453876776002
5046.595577037959 113.827344539578021
5120.000000000202 113.776785714285580
5194.472114880326 113.726051861620334
5270.027451614888 113.666414680845122
5346.6817660285715 113.601528737838038
5424.451043119808 113.531406523937903
5503.351500394186 113.459102567499556
5583.399591246343 113.394865316784092
5664.612008391055 113.323526132406101
5747.005687344222 113.245199397965933
5830.597809954497 113.164544036742313
5915.405807986278 113.081667088496317
6001.447366754812 112.978611844854555
6088.740428814181 112.830832394393383
6177.303197698925 112.639532508248237
6267.154141720092 112.424856492943036
6358.3119978165005 112.204759645251329
6450.795775462017 111.978526476854199
6544.624760629676 111.759441145630461
6639.818519813445 111.576484923892878
6736.396904108505 111.436503869864367
6834.380053350861 111.311962130110373
6933.788400317181 111.166363473440171
7034.642674985712 110.964452232910077
7136.963908859177 110.682573559397611
7240.773439350552 110.306290226695211
7346.092914232631 109.835797043115917
7452.944296152315 109.284188864489124
7561.349867210557 108.658378298949827
7671.332233608935 107.973814798219195
7782.914330363799 107.249911136117120
7896.119426088994 106.509492387523025
8010.971127848146 105.766059059968057
8127.49338607753 105.025636193515254
8245.710499580537 104.309967975616289
8365.647120594791 103.624811412609688
8487.328259932974 102.969688211524698
8610.77929219841 102.344410895934672
8736.025961076528 101.745091670100692
8863.094384703289 101.176658303481361
8992.011061111683 100.641654096386517
9122.802873757471 100.145276184118302
9255.497097125279 99.686789857461633
9390.121402416245 99.268238348133849
9526.7038633184 98.887348818052274
9665.272961860968 98.541630919955878
9805.857594353829 98.249186600302579
9948.487077413367 98.097175894679765
10093.19115407597 98.093153133373164
10240.000000000457 98.096099999999964
10388.944229760706 98.138195720624367
10540.05490322983 98.336656693353689
10693.363532057198 98.641787652790597
10848.902086239672 98.983732957831279
11006.703000788428 99.371426780152746
11166.799182492743 99.846443127459182
11329.224016782166 100.452960976235232
11494.0113746885 101.167801660043608
11661.195619909053 101.991819257504972
11830.811615972614 102.788906381373010
12002.894733509682 103.441829440797306
12177.48085762842 103.818777455764490
12354.606395397908 103.614277412716035
12534.308283440243 102.996823014932303
12716.62399563306 101.964101307424386
12901.591550924093 100.824274678251854
13089.249521259411 99.685995046760766
13279.637039626952 98.645425690676433
13472.793808217073 97.722073042611925
13668.760106701786 96.919823117207343
13867.576800634426 96.262825914252161
14069.285349971487 95.774672077050752
14273.927817718419 95.410408484461215
14481.54687870117 95.197430738791667
14692.18582846533 95.140140976022280
14905.888592304698 95.227456921890393
15122.699734421185 95.494126352765278
15342.664467217943 95.989273335670362
15565.828660727671 96.763545546489070
15792.238852178061 97.838366533797711
16021.942255696367 99.168780095398517
16254.986772155136 100.635082855208765
16491.42099916115 102.013967267107830
16731.294241189662 102.930428227496463
16974.65651986603 103.069694208118733
17221.558584396902 102.314009118168286
17472.051922153143 100.833504732674527
17726.188769406665 98.902013261710223
17984.022122223458 96.864480880479107
18245.605747515034 95.039881861681067
18510.99419425065 93.590940059025314
18780.242804832582 92.480194122375991
19053.40772663689 91.261092901378959
19330.545923722028 89.056361825587260
19611.71518870775 84.934460870582356
19896.974154826825 78.594027974258339
20186.382308152035 76.019000000000005
