20 96.218963253012049
20.290906698750476 96.279322356730972
20.586044732869844 96.337330380741008
20.885475648548283 96.391992433807232
21.189261887185914 96.446304736275948
21.49746679841394 96.502341317620449
21.810154653305165 96.559700091663956
22.12739065777668 96.617947872219631
22.449240966187475 96.676326570528673
22.77577269513385 96.734550472830492
23.107053937445478 96.791800157350679
23.44315377638505 96.847740320471445
23.784142300054445 96.902344572735885
24.130090616010463 96.955891954865606
24.481070866093134 97.008383208909976
24.837156241469714 97.059918102759255
25.1984209978975 97.110452873921105
25.56494047120865 97.159945840134185
25.936791093020236 97.208283118396110
26.3140504066728 97.253617052369620
26.69679708340074 97.293943476568813
27.08511093873791 97.330095801581280
27.47907294916184 97.364834321906955
27.878765268980047 97.398211658368197
28.284271247461966 97.430150464318046
28.695675446220072 97.460517535836345
29.11306365684382 97.489557011707888
29.536522918790062 97.516875630180976
29.966141537533712 97.542107754449987
30.402009102982383 97.565331299822589
30.844216508158908 97.587282047547632
31.29285596815558 97.609243440487631
31.74802103936409 97.632290848603844
32.20980663898519 97.656621784231362
32.67830906482211 97.681917657066805
33.153626015361866 97.709145012454258
33.63585661014871 97.738231592735957
34.125101410453844 97.767891540158729
34.62146244024586 97.796446783379608
35.12504320746613 97.821398758253522
35.635948725613716 97.840584415291659
36.15428553564419 97.855609891419633
36.68016172818701 97.869462136199644
37.21368696608603 97.883809991851223
37.754972507267915 97.900338924596838
38.30413122794313 97.919967210926188
38.86127764614443 97.941949642450453
39.4265279456077 97.964955371978377
40.000000000000206 97.988292714570861
40.58181339750116 98.011884282123333
41.1720894657399 98.036023339832070
41.77095129709678 98.061248889118417
42.37852377437204 98.087407050980943
42.9949335968281 98.113200496883593
43.62030930661056 98.135556525558542
44.25478131555359 98.148064792174551
44.89848193237519 98.148145995711531
45.55154539026795 98.141215109626984
46.21410787489121 98.135887212989019
46.88630755277036 98.141011586663154
47.56828460010916 98.161939918299041
48.260181232021196 98.193041842095582
48.962141732186545 98.225947429361170
49.674312482939705 98.251452877921906
50.39684199579528 98.264888416183794
51.129880942417586 98.269746089721480
51.873582186040764 98.273076230848631
52.628100813345895 98.277557352798055
53.393594166801776 98.280398066517307
54.17022187747612 98.279841942387066
54.95814589832399 98.279222178702383
55.75753053796041 98.284335701902265
56.56854249492426 98.298288233727121
57.39135089244048 98.317644509662557
58.226127313687975 98.333243656760231
59.073045837580466 98.338283448473703
59.932283075067765 98.333130382370683
60.804018205965114 98.324834127858907
61.68843301631817 98.319192561575235
62.58571193631152 98.316614853504788
63.49604207872855 98.314390937672655
64.41961327797075 98.310460406762616
65.35661812964459 98.304294627069339
66.3072520307241 98.297314100500145
67.27171322029778 98.293537560658649
68.25020282090806 98.296879475018784
69.2429248804921 98.304412421581887
70.25008641493265 98.309808178120363
71.27189745122783 98.312171090620566
72.30857107128878 98.312437604908283
73.36032345637442 98.311385641368688
74.42737393217246 98.309039489026176
75.50994501453623 98.306133096151541
76.60826245588666 98.307345244700855
77.72255529228926 98.313905268229774
78.85305589121582 98.317878704659805
80.00000000000082 98.310396893787555
81.16362679500274 98.296298691418372
82.34417893148023 98.292596700849117
83.541902594194 98.305148759137637
84.75704754874454 98.317099589811249
85.98986719365665 98.318057928648116
87.24061861322157 98.312036864580989
88.50956263110764 98.306508918358418
89.79696386475084 98.303101609279480
91.10309078053635 98.298805879895411
92.42821574978288 98.292164075809637
93.77261510554118 98.280958553762702
95.13656920021877 98.263294902435803
96.52036246404286 98.245404106755998
97.92428346437356 98.234859154917132
99.34862496587989 98.229790025107803
100.79368399159105 98.224496010320053
102.25976188483567 98.211626159199596
103.74716437208203 98.184601476712174
105.25620162669229 98.152974077278031
106.78718833360406 98.131594604429637
108.34044375495276 98.119431557828221
109.9162917966485 98.107332187799159
111.51506107592134 98.088893617197613
113.13708498984903 98.064740066134192
114.78270178488147 98.045409458133278
116.45225462737648 98.029412763366594
118.14609167516147 97.997538519532583
119.86456615013608 97.949192106638208
121.60803641193078 97.904771729650960
123.3768660326369 97.869367373887599
125.17142387262359 97.836735861646559
126.99208415745765 97.797193099763234
128.83922655594208 97.747382671037897
130.71323625928977 97.691964170617737
132.61450406144883 97.635012462017670
134.5434264405962 97.565065558843784
136.50040564181674 97.474096675010543
138.48584976098482 97.389779656412003
140.50017282986593 97.320168050239047
142.5437949024563 97.240570719593251
144.61714214257822 97.159767799654972
146.7206469127495 97.100837448488249
148.8547478643456 97.060513110551781
151.01989002907314 97.043503409964501
153.216524911774 97.049915081098305
155.4451105845792 97.053931678398783
157.70611178243232 97.043749095965580
160.00000000000236 97.044985305818017
162.3272535900062 97.058785158662033
164.6883578629612 97.067438388803112
167.08380518838874 97.079237800618031
169.51409509748981 97.107118167159868
171.97973438731407 97.152103512582158
174.4812372264439 97.210804161752691
177.01912526221608 97.282595698362755
179.5939277295025 97.341849983767389
182.20618156107355 97.392680405008406
184.85643149956664 97.446853078922885
187.54523021108326 97.496630229745023
190.27313840043846 97.525842730418361
193.04072492808663 97.520653209773371
195.84856692874806 97.502217812357827
198.69724993176072 97.500426225703222
201.58736798318304 97.501730742861838
204.5195237696723 97.488996736685095
207.49432874416505 97.480210095032874
210.5124032533856 97.496397492543451
213.57437666720915 97.515897470360585
216.68088750990657 97.527655619031165
219.83258359329807 97.528915454318565
223.03012215184378 97.527683113428452
226.2741699796992 97.532096708471755
229.5654035697641 97.535495206206036
232.90450925475412 97.533206263761841
236.2921833503241 97.528182072614030
239.72913230027333 97.520852040912132
243.21607282386276 97.510151230486315
246.75373206527502 97.484943896886932
250.34284774524843 97.446466344324875
253.9841683149166 97.419604361897470
257.67845311188546 97.400553152361027
261.42647251858085 97.375093801815154
265.22900812289896 97.336646735192062
269.08685288119375 97.283435394796584
273.0008112836349 97.234121966426500
276.97169952197106 97.207033563083741
281.00034565973334 97.185076252597668
285.0875898049141 97.139089699749888
289.23428428515797 97.089910161892959
293.44129382550057 97.056235348985979
297.7094957286928 97.018407373326141
302.0397800581479 96.976003002360301
306.4330498235497 96.938624390543936
310.89022116916016 96.886454862754846
315.41222356486645 96.821788327998590
320.00000000000654 96.766505071196519
324.6545071800142 96.709319256770357
329.3767157259242 96.655072596364192
334.16761037677935 96.615199521212816
339.02819019498156 96.567355457102408
343.95946877463007 96.494980340709901
348.9624744528898 96.412113281942510
354.03825052443415 96.324110423083567
359.187855459007 96.242142077479102
364.4123631221491 96.174920152206454
369.71286299913527 96.109400051162694
375.0904604221685 96.033696797080196
380.54627680087896 95.959877991381461
386.08144985617537 95.878702677044572
391.6971338574982 95.804125878308483
397.3944998635236 95.731500516806136
403.1747359663683 95.646306845101208
409.0390475393468 95.556397140767487
414.9886574883323 95.481501492703828
421.0248065067734 95.413857277739282
427.1487533344206 95.330638277178835
433.3617750198154 95.245399506908811
439.6651671865984 95.182323917206901
446.06024430368984 95.138957603341112
452.54833995940066 95.076942082550460
459.13080713953053 94.986427640073700
465.8090185095106 94.908259773477837
472.58436670065066 94.851953939561810
479.45826460054917 94.797089385481044
486.432145647728 94.743064880610987
493.50746413055253 94.711291394880462
500.6856954904994 94.690321345326623
507.9683366298358 94.666159685860777
515.3569062237735 94.649468282969750
522.8529450371643 94.653369593396974
530.4580162458005 94.673370812004663
538.1737057623901 94.703277484353436
546.0016225672724 94.745226266517392
553.9433990439449 94.782511805048856
562.0006913194694 94.814250308511717
570.1751796098309 94.842213419899025
578.4685685703187 94.868543242762570
586.8825876510039 94.890843036067622
595.4189914573883 94.908047135678530
604.0795601162986 94.919879420528346
612.8660996471021 94.937279863516949
621.780442338323 94.966971900770375
630.8244471297356 94.997829269247987
640.0000000000159 95.021289825508461
649.3090143600314 95.043076421485893
658.7534314518515 95.077748108310885
668.3352207535618 95.119415134604978
678.0563803899662 95.160448551715959
687.9189375492632 95.205379258493267
697.9249489057827 95.255604340408269
708.0765010488715 95.301454774662801
718.3757109180171 95.344388651710091
728.8247262443015 95.391273369676938
739.425725998274 95.441376734667301
750.1809208443404 95.505821600569504
761.0925536017613 95.575386227932228
772.1628997123541 95.631005088645267
783.3942677149998 95.687586095423001
794.7889997270506 95.744381753735027
806.34947193274 95.783969917677922
818.0780950786972 95.801053438534382
829.9773149766683 95.795379513060482
842.0496130135506 95.741283509328042
854.2975066688449 95.601132571421118
866.7235500396347 95.347266388552356
879.3303343732008 95.052319148471383
892.1204886073838 94.926015460843672
905.0966799188055 95.090479015612459
918.2616142790653 95.397552648327746
931.6180370190256 95.680178115040434
945.1687334013056 95.895007716116297
958.9165292011028 96.064352738543491
972.8642912954606 96.210793116635060
987.0149282611097 96.340073575308850
1001.3713909810035 96.452280269966465
1015.9366732596762 96.549582006293662
1030.7138124475518 96.630097942744300
1045.7058900743334 96.700891686380473
1060.916032491606 96.765476547660796
1076.3474115247852 96.821922511162214
1092.0032451345498 96.868303110511391
1107.8867980878947 96.910158372998964
1124.0013826389438 96.950168798354099
1140.350359219667 97.001250395332107
1156.9371371406426 97.079280530812895
1173.765175302013 97.188077119763534
1190.837982914782 97.338556677223835
1208.1591202326028 97.532676878299640
1225.73219929421 97.761019542631544
1243.5608846766518 97.997254731477483
1261.648894259477 98.212154640487569
1280.0000000000375 98.415464804086866
1298.6180287200684 98.613512407729033
1317.5068629037087 98.798729154283734
1336.6704415071292 98.970540085772981
1356.112760779938 99.131023907870144
1375.8378750985323 99.283735130759283
1395.8498978115715 99.432519548823024
1416.153002097749 99.575793719201585
1436.7514218360407 99.712470278722122
1457.6494524886093 99.845454543962887
1478.8514519965543 99.977421413136852
1500.3618416886875 100.107007133230496
1522.1851072035295 100.234777740758801
1544.3257994247153 100.354853689409197
1566.788535430007 100.469018640588757
1589.5779994541087 100.583702857549596
1612.6989438654878 100.694760558590048
1636.156190157402 100.797888451567957
1659.9546299533442 100.899247153254748
1684.099226027109 100.997284590044330
1708.5950133376978 101.090123812498234
1733.4471000792773 101.176882556550069
1758.6606687464096 101.253851005986604
1784.2409772147755 101.322039022857780
1810.193359837619 101.385924705280388
1836.5232285581387 101.441600695876303
1863.2360740380593 101.485311376720375
1890.3374668026197 101.521237982695482
1917.833058402214 101.551404029916228
1945.7285825909298 101.573533943929547
1974.0298565222283 101.585359165177209
2002.7427819620161 101.587667190112001
2031.8733465193618 101.578564871680385
2061.4276248951132 101.560459611275888
2091.411780148677 101.534574907086380
2121.832064983222 101.499007687684525
2152.694823049581 101.454302973268739
2184.0064902691106 101.401891595086326
2215.7735961758003 101.341414811838604
2248.002765277899 101.270512902674028
2280.7007184393456 101.190694345516107
2313.874274281297 101.104207358469353
2347.530350604038 101.009868967877935
2381.6759658295764 100.907064042655207
2416.318240465218 100.796394779573760
2451.4643985884327 100.680636484426884
2487.1217693533167 100.559099793795667
2523.2977885189675 100.430854324888330
2560.0000000000887 100.299412298494076
2597.236057440151 100.163557492306339
2635.0137258074315 100.019863341179573
2673.340883014273 99.872862502294225
2712.225521559891 99.723325505207953
2751.6757501970797 99.571932633980055
2791.699795623158 99.419661463854226
2832.3060041955137 99.265509740215577
2873.502843672097 99.108918120401682
2915.2989049772345 98.953763405772435
2957.7029039931244 98.801298428901035
3000.723683377391 98.652279428126604
3044.370214407075 98.507368812095621
3088.6515988494466 98.366178628285866
3133.57707086003 98.228999531083971
3179.1559989082334 98.097111278142279
3225.3978877309914 97.974164839555399
3272.3123803148205 97.859540752072348
3319.9092599067053 97.753490140590458
3368.198452054235 97.656856414890697
3417.190026675413 97.572062641003356
3466.8942001585724 97.499934086755559
3517.3213374928373 97.441535296552956
3568.4819544295697 97.398173234128564
3620.386719675257 97.370784343073836
3673.0464571162966 97.361924927423757
3726.472148076138 97.370928131553626
3780.6749336052594 97.397693673007268
3835.6661168044484 97.445850752496568
3891.45716518188 97.516809441416484
3948.059713044477 97.610628942182842
4005.4855639240527 97.730661770026870
4063.746693038744 97.878206983883203
4122.855249790247 98.054740563058004
4182.823560297375 98.263101007685080
4243.664129966465 98.511878302687819
4305.389646099183 98.801461098714668
4368.012980538242 99.135450632747506
4431.5471923516225 99.516696798561753
4496.00553055582 99.947122233253253
4561.401436878714 100.410848627988344
4627.748548562617 100.850529433385063
4695.060701208099 101.260449839127205
4763.351931659176 101.772497240478444
4832.63648093046 102.459990362303103
4902.928797176889 103.273382332365458
4974.243538706657 104.154561188280184
5046.595577037959 105.068539285387601
5120.000000000202 105.964680238123421
5194.472114880326 106.783435800228489
5270.027451614888 107.444435157248222
5346.6817660285715 107.847419769173470
5424.451043119808 107.922505024142225
5503.351500394186 107.666613471792715
5583.399591246343 107.129570552192888
5664.612008391055 106.402842852485321
5747.005687344222 105.601236451081732
5830.597809954497 104.798107802726634
5915.405807986278 104.034358500061430
6001.447366754812 103.328841149381475
6088.740428814181 102.696731014653579
6177.303197698925 102.153196346816628
6267.154141720092 101.688772123788084
6358.3119978165005 101.300525343782823
6450.795775462017 100.986412595602616
6544.624760629676 100.743945895741348
6639.818519813445 100.571306049048999
6736.396904108505 100.464162797507100
6834.380053350861 100.418913059713375
6933.788400317181 100.421886902044776
7034.642674985712 100.460458029706203
7136.963908859177 100.516970974201598
7240.773439350552 100.570395786528820
7346.092914232631 100.596187987396874
7452.944296152315 100.559229056085627
7561.349867210557 100.435485411671053
7671.332233608935 100.206904618117321
7782.914330363799 99.858341781000718
7896.119426088994 99.384983266429970
8010.971127848146 98.798749744742736
8127.49338607753 98.138084438943181
8245.710499580537 97.459705598454420
8365.647120594791 96.797592355017883
8487.328259932974 96.166798835553180
8610.77929219841 95.585792270965186
8736.025961076528 95.065457150304098
8863.094384703289 94.612096885599300
8992.011061111683 94.246826008765083
9122.802873757471 93.974125153623334
9255.497097125279 93.800739838813527
9390.121402416245 93.735042442169089
9526.7038633184 93.778739895661246
9665.272961860968 93.929675748619090
9805.857594353829 94.177045457021833
9948.487077413367 94.480719720346471
10093.19115407597 94.757502136007759
10240.000000000457 94.891068839075331
10388.944229760706 94.745786196137388
10540.05490322983 94.226705971348622
10693.363532057198 93.329152726823381
10848.902086239672 92.119538934495466
11006.703000788428 90.747359038644248
11166.799182492743 89.326176913433073
11329.224016782166 87.939546126156927
11494.0113746885 86.638018056439535
11661.195619909053 85.439160722902756
11830.811615972614 84.367221174781548
12002.894733509682 83.448971815270951
12177.48085762842 82.677123326003851
12354.606395397908 82.062892578922543
12534.308283440243 81.621341321724685
12716.62399563306 81.363313528027007
12901.591550924093 81.305448206370386
13089.249521259411 81.471078313569819
13279.637039626952 81.824145921743863
13472.793808217073 82.337974291161387
13668.760106701786 83.009576415087921
13867.576800634426 83.818906021850310
14069.285349971487 84.645764620294642
14273.927817718419 85.165401559792315
14481.54687870117 84.915005944878004
14692.18582846533 83.729060387436462
14905.888592304698 81.719010789392854
15122.699734421185 79.263067573330559
15342.664467217943 76.750362648711061
15565.828660727671 74.236881986724683
15792.238852178061 71.657817765533750
16021.942255696367 70.455666994671304
16254.986772155136 71.379743210434512
16491.42099916115 72.442061943492021
16731.294241189662 72.650921947598107
16974.65651986603 71.915759380512313
17221.558584396902 70.747040222845328
17472.051922153143 70.042129815490682
17726.188769406665 70.118997404374284
17984.022122223458 70.899838668097686
18245.605747515034 72.200060623992158
18510.99419425065 73.165632174878994
18780.242804832582 72.786791018334952
19053.40772663689 71.766384222845858
19330.545923722028 72.417675280583779
19611.71518870775 73.259685682687888
19896.974154826825 73.347552509693003
20186.382308152035 72.694292107502733
