20 105.211124200000000
20.290906698750476 105.220626459525221
20.586044732869844 105.229457755431667
20.885475648548283 105.237319452617754
21.189261887185914 105.244268751887546
21.49746679841394 105.249545379681678
21.810154653305165 105.252159505823400
22.12739065777668 105.252048646882457
22.449240966187475 105.249831678122817
22.77577269513385 105.245804862726075
23.107053937445478 105.240295882899730
23.44315377638505 105.233728415902149
23.784142300054445 105.226268964173840
24.130090616010463 105.216066228499315
24.481070866093134 105.198820908741510
24.837156241469714 105.172547516791184
25.1984209978975 105.139706505409663
25.56494047120865 105.103854028085863
25.936791093020236 105.067544062087563
26.3140504066728 105.033753787763402
26.69679708340074 105.006435325633731
27.08511093873791 104.988870696119747
27.47907294916184 104.980206854707433
27.878765268980047 104.975219537262959
28.284271247461966 104.971027607419387
28.695675446220072 104.966602264974583
29.11306365684382 104.960682058280966
29.536522918790062 104.952668224312220
29.966141537533712 104.943078129791957
30.402009102982383 104.932396362135137
30.844216508158908 104.920771561209591
31.29285596815558 104.908104462154640
31.74802103936409 104.894341013171271
32.20980663898519 104.878955891497512
32.67830906482211 104.861105213733538
33.153626015361866 104.840236252991303
33.63585661014871 104.817259403246254
34.125101410453844 104.793156296794052
34.62146244024586 104.768511218324974
35.12504320746613 104.743505388670343
35.635948725613716 104.717784687184619
36.15428553564419 104.691269522511448
36.68016172818701 104.664301716488495
37.21368696608603 104.637115638655388
37.754972507267915 104.609753928658947
38.30413122794313 104.582225565300320
38.86127764614443 104.554465762568270
39.4265279456077 104.526128392934794
40.000000000000206 104.496794632206758
40.58181339750116 104.466472675082201
41.1720894657399 104.435355432387624
41.77095129709678 104.403311826478671
42.37852377437204 104.370076525476478
42.9949335968281 104.334872584287638
43.62030930661056 104.295356269026399
44.25478131555359 104.250576920241542
44.89848193237519 104.204139146668837
45.55154539026795 104.160833018278382
46.21410787489121 104.125107262201965
46.88630755277036 104.096915791813700
47.56828460010916 104.070913109337084
48.260181232021196 104.038626249507672
48.962141732186545 103.995868996869831
49.674312482939705 103.946464797231840
50.39684199579528 103.896100650763842
51.129880942417586 103.847976588561508
51.873582186040764 103.802873507488286
52.628100813345895 103.760241466097995
53.393594166801776 103.718296463045178
54.17022187747612 103.674989481174038
54.95814589832399 103.629997115016636
55.75753053796041 103.583999969082726
56.56854249492426 103.537891398481264
57.39135089244048 103.491764890542015
58.226127313687975 103.445183817863466
59.073045837580466 103.397186749360216
59.932283075067765 103.346998292028275
60.804018205965114 103.295363723449043
61.68843301631817 103.243290599433095
62.58571193631152 103.191236143169675
63.49604207872855 103.139337964716390
64.41961327797075 103.088435140973132
65.35661812964459 103.039295859634507
66.3072520307241 102.991039025462072
67.27171322029778 102.940982046047367
68.25020282090806 102.887651606835860
69.2429248804921 102.832015243086033
70.25008641493265 102.774129834044459
71.27189745122783 102.713580303676451
72.30857107128878 102.651618863911665
73.36032345637442 102.589223030168483
74.42737393217246 102.526197459440624
75.50994501453623 102.461881570677349
76.60826245588666 102.396157824867785
77.72255529228926 102.329465891140757
78.85305589121582 102.262414110732976
80.00000000000082 102.195971528471489
81.16362679500274 102.131602633426127
82.34417893148023 102.070170083915485
83.541902594194 102.012031675216292
84.75704754874454 101.959224024566225
85.98986719365665 101.915611545532016
87.24061861322157 101.882528958917050
88.50956263110764 101.829474955557373
89.79696386475084 101.709812539292471
91.10309078053635 101.552359274922566
92.42821574978288 101.441117685822576
93.77261510554118 101.395014312106724
95.13656920021877 101.388682611853739
96.52036246404286 101.376354201637213
97.92428346437356 101.293493614852309
99.34862496587989 101.162864527696371
100.79368399159105 101.058160411098314
102.25976188483567 100.991149995219644
103.74716437208203 100.931312019955470
105.25620162669229 100.855696011285275
106.78718833360406 100.762331127573560
108.34044375495276 100.678511996194572
109.9162917966485 100.611935260777699
111.51506107592134 100.538278478352751
113.13708498984903 100.439777485751165
114.78270178488147 100.328523208630173
116.45225462737648 100.235298086926619
118.14609167516147 100.155559193098242
119.86456615013608 100.051287114651331
121.60803641193078 99.921566103402881
123.3768660326369 99.785567709977997
125.17142387262359 99.652584105837207
126.99208415745765 99.574734465738061
128.83922655594208 99.540373083367555
130.71323625928977 99.459399937891931
132.61450406144883 99.317752962767230
134.5434264405962 99.183031864551083
136.50040564181674 99.091005004969404
138.48584976098482 99.024635286121224
140.50017282986593 98.919465736128558
142.5437949024563 98.770928174703400
144.61714214257822 98.643533121943491
146.7206469127495 98.566763300551699
148.8547478643456 98.575093334085423
151.01989002907314 98.611243936863076
153.216524911774 98.629971341611082
155.4451105845792 98.693727576168413
157.70611178243232 98.802566276029651
160.00000000000236 98.864042168674743
162.3272535900062 98.866276591220554
164.6883578629612 98.891577090370163
167.08380518838874 98.932537226889622
169.51409509748981 98.932918403899762
171.97973438731407 98.894006385139619
174.4812372264439 98.863989805770700
177.01912526221608 98.820247258968720
179.5939277295025 98.729506979156255
182.20618156107355 98.658966233056603
184.85643149956664 98.611644871466154
187.54523021108326 98.540437264120101
190.27313840043846 98.457343736886315
193.04072492808663 98.352018650408837
195.84856692874806 98.231500858994551
198.69724993176072 98.153549074651934
201.58736798318304 98.080046697502610
204.5195237696723 97.980309737448934
207.49432874416505 97.885462085706962
210.5124032533856 97.806311725601432
213.57437666720915 97.731039340972785
216.68088750990657 97.644221161823864
219.83258359329807 97.561188318538939
223.03012215184378 97.487757618119673
226.2741699796992 97.418617855464845
229.5654035697641 97.348917620412877
232.90450925475412 97.280419422984750
236.2921833503241 97.206779835656448
239.72913230027333 97.132992145412942
243.21607282386276 97.064144772805577
246.75373206527502 96.999593592677172
250.34284774524843 96.931599547766950
253.9841683149166 96.867387309872754
257.67845311188546 96.813542938212095
261.42647251858085 96.745549400416778
265.22900812289896 96.661853491594059
269.08685288119375 96.585630429411481
273.0008112836349 96.510503870589076
276.97169952197106 96.410207707091274
281.00034565973334 96.302605228719187
285.0875898049141 96.226694680515735
289.23428428515797 96.156156817267274
293.44129382550057 96.089238711086466
297.7094957286928 95.990043997753219
302.0397800581479 95.859224317173187
306.4330498235497 95.744875761808132
310.89022116916016 95.647393465511485
315.41222356486645 95.560816688147924
320.00000000000654 95.481420067264452
324.6545071800142 95.374804139292365
329.3767157259242 95.250529513657312
334.16761037677935 95.149365811494661
339.02819019498156 95.051808683230234
343.95946877463007 94.935013361393658
348.9624744528898 94.820365777709327
354.03825052443415 94.705454538455740
359.187855459007 94.600903339839192
364.4123631221491 94.501204498440757
369.71286299913527 94.396488391540998
375.0904604221685 94.292792574021661
380.54627680087896 94.189465502322491
386.08144985617537 94.125517233802071
391.6971338574982 94.067736169986034
397.3944998635236 93.974162077072521
403.1747359663683 93.892015354069315
409.0390475393468 93.849214972285068
414.9886574883323 93.822670732443157
421.0248065067734 93.768019235468074
427.1487533344206 93.735694490688061
433.3617750198154 93.744493159817239
439.6651671865984 93.766549817284243
446.06024430368984 93.776530616729758
452.54833995940066 93.761462998874890
459.13080713953053 93.752328907904570
465.8090185095106 93.741294167291400
472.58436670065066 93.741132952264508
479.45826460054917 93.745420965984096
486.432145647728 93.748009115273476
493.50746413055253 93.763144600889262
500.6856954904994 93.783641909480906
507.9683366298358 93.809879401794689
515.3569062237735 93.851755767336840
522.8529450371643 93.927275441723850
530.4580162458005 94.010382073896466
538.1737057623901 94.045125461392814
546.0016225672724 94.063343633918436
553.9433990439449 94.121185366094394
562.0006913194694 94.155266802354220
570.1751796098309 94.159595738621221
578.4685685703187 94.162953554094599
586.8825876510039 94.163645953404355
595.4189914573883 94.175735000071384
604.0795601162986 94.212732779852558
612.8660996471021 94.251188928000758
621.780442338323 94.279559122670932
630.8244471297356 94.310431220443562
640.0000000000159 94.351567645217898
649.3090143600314 94.394241078297057
658.7534314518515 94.439287644878874
668.3352207535618 94.481325734222182
678.0563803899662 94.520314264011802
687.9189375492632 94.557224778110339
697.9249489057827 94.594081500035927
708.0765010488715 94.633215915822262
718.3757109180171 94.668228819288686
728.8247262443015 94.697492026799296
739.425725998274 94.722096648826579
750.1809208443404 94.750882538216501
761.0925536017613 94.779772019823895
772.1628997123541 94.804077728229771
783.3942677149998 94.834341369235148
794.7889997270506 94.874104905578022
806.34947193274 94.914970997487927
818.0780950786972 94.950274064289061
829.9773149766683 94.985547005851686
842.0496130135506 95.021414363005448
854.2975066688449 95.057180067029634
866.7235500396347 95.092794302978092
879.3303343732008 95.131547212697313
892.1204886073838 95.175609295806197
905.0966799188055 95.223342993255329
918.2616142790653 95.273210601796166
931.6180370190256 95.325526618785318
945.1687334013056 95.380464443022731
958.9165292011028 95.437921876772819
972.8642912954606 95.499677490061941
987.0149282611097 95.566578962049405
1001.3713909810035 95.634141449372095
1015.9366732596762 95.704412210741395
1030.7138124475518 95.778387698375781
1045.7058900743334 95.852484114396589
1060.916032491606 95.928911136310774
1076.3474115247852 96.007209167110005
1092.0032451345498 96.085835318769625
1107.8867980878947 96.164886716332092
1124.0013826389438 96.246145173009950
1140.350359219667 96.328856267089833
1156.9371371406426 96.408037369323225
1173.765175302013 96.488395498786176
1190.837982914782 96.576802758537326
1208.1591202326028 96.668719146245209
1225.73219929421 96.761965319836378
1243.5608846766518 96.859741531236949
1261.648894259477 96.963145111880181
1280.0000000000375 97.069829299956737
1298.6180287200684 97.177317979545975
1317.5068629037087 97.286891575769033
1336.6704415071292 97.401010266033353
1356.112760779938 97.520919528052190
1375.8378750985323 97.642005938794568
1395.8498978115715 97.764323501535273
1416.153002097749 97.887115709010743
1436.7514218360407 98.012238538479949
1457.6494524886093 98.141315552884436
1478.8514519965543 98.271644754165891
1500.3618416886875 98.399190765996806
1522.1851072035295 98.528342215128092
1544.3257994247153 98.662623973159569
1566.788535430007 98.802418451529718
1589.5779994541087 98.948017684088612
1612.6989438654878 99.101531646108299
1636.156190157402 99.264123490705444
1659.9546299533442 99.438301283897133
1684.099226027109 99.621259856198066
1708.5950133376978 99.807397005204422
1733.4471000792773 100.001253636893466
1758.6606687464096 100.205166817002350
1784.2409772147755 100.414208246869833
1810.193359837619 100.624573547270927
1836.5232285581387 100.834820329328892
1863.2360740380593 101.046938048777037
1890.3374668026197 101.262080457373884
1917.833058402214 101.476382484015701
1945.7285825909298 101.687023510904723
1974.0298565222283 101.898847687369638
2002.7427819620161 102.112869743495878
2031.8733465193618 102.323963045822808
2061.4276248951132 102.530140256755203
2091.411780148677 102.735926304325261
2121.832064983222 102.936224397209770
2152.694823049581 103.128274402793551
2184.0064902691106 103.314624250409082
2215.7735961758003 103.493512513862640
2248.002765277899 103.658463408506833
2280.7007184393456 103.810112385103807
2313.874274281297 103.951123905644465
2347.530350604038 104.077930641288461
2381.6759658295764 104.189700105332520
2416.318240465218 104.288728533537878
2451.4643985884327 104.372552301720972
2487.1217693533167 104.438728528955835
2523.2977885189675 104.489725537207875
2560.0000000000887 104.525366308758407
2597.236057440151 104.545759026158009
2635.0137258074315 104.552131022893263
2673.340883014273 104.545738647991655
2712.225521559891 104.527194610881708
2751.6757501970797 104.498375603907178
2791.699795623158 104.461518013880308
2832.3060041955137 104.419130982109806
2873.502843672097 104.372468771878317
2915.2989049772345 104.321213953965440
2957.7029039931244 104.265516425140348
3000.723683377391 104.206504457256372
3044.370214407075 104.146078660423569
3088.6515988494466 104.085629167986298
3133.57707086003 104.026287607179455
3179.1559989082334 103.970416589753370
3225.3978877309914 103.920436442157083
3272.3123803148205 103.877254477661495
3319.9092599067053 103.842071550609433
3368.198452054235 103.817896261310892
3417.190026675413 103.803823771419616
3466.8942001585724 103.798296020333694
3517.3213374928373 103.803766524653582
3568.4819544295697 103.821467069555709
3620.386719675257 103.849796971706354
3673.0464571162966 103.886823479044935
3726.472148076138 103.931577040554515
3780.6749336052594 103.981857370017707
3835.6661168044484 104.034768321580373
3891.45716518188 104.086978231022499
3948.059713044477 104.132714933807620
4005.4855639240527 104.167420118038194
4063.746693038744 104.186985264866252
4122.855249790247 104.187135950114282
4182.823560297375 104.164696969328787
4243.664129966465 104.118028376279739
4305.389646099183 104.045589319589254
4368.012980538242 103.947039078896353
4431.5471923516225 103.825907326781930
4496.00553055582 103.682608162003248
4561.401436878714 103.516282375788222
4627.748548562617 103.326508744351131
4695.060701208099 103.114969470158258
4763.351931659176 102.881981916469783
4832.63648093046 102.628129881135919
4902.928797176889 102.357519205204170
4974.243538706657 102.074472030902228
5046.595577037959 101.782594107895818
5120.000000000202 101.487004908248878
5194.472114880326 101.192820474075987
5270.027451614888 100.903104306411876
5346.6817660285715 100.624525947599736
5424.451043119808 100.360056615153439
5503.351500394186 100.112031642091566
5583.399591246343 99.884714381820800
5664.612008391055 99.681914109913180
5747.005687344222 99.508407003945578
5830.597809954497 99.367361046641420
5915.405807986278 99.260812366378644
6001.447366754812 99.191545323496541
6088.740428814181 99.163094627983995
6177.303197698925 99.179925348558811
6267.154141720092 99.246279124649007
6358.3119978165005 99.363254257367018
6450.795775462017 99.526489679333565
6544.624760629676 99.736653361102867
6639.818519813445 99.989823788673988
6736.396904108505 100.275926399471246
6834.380053350861 100.580401176926600
6933.788400317181 100.881642206197853
7034.642674985712 101.154143025814562
7136.963908859177 101.374586389463772
7240.773439350552 101.520342098609873
7346.092914232631 101.573222277324135
7452.944296152315 101.524500220867324
7561.349867210557 101.371161356066239
7671.332233608935 101.112211247867350
7782.914330363799 100.761732206429770
7896.119426088994 100.335712367036948
8010.971127848146 99.865356312434955
8127.49338607753 99.389025387741555
8245.710499580537 98.920558624529264
8365.647120594791 98.462797084435778
8487.328259932974 98.057289865521312
8610.77929219841 97.742641684412490
8736.025961076528 97.528823139936378
8863.094384703289 97.420142343607807
8992.011061111683 97.417377448612484
9122.802873757471 97.526019760274551
9255.497097125279 97.748168126573376
9390.121402416245 98.051636138938733
9526.7038633184 98.403774629388735
9665.272961860968 98.775289757090206
9805.857594353829 99.127338557389535
9948.487077413367 99.418982824430003
10093.19115407597 99.628304796850415
10240.000000000457 99.773140488921399
10388.944229760706 99.871133278732202
10540.05490322983 99.944892044569912
10693.363532057198 100.025629650310350
10848.902086239672 100.124476030834671
11006.703000788428 100.216003248213909
11166.799182492743 100.261350909692069
11329.224016782166 100.247098363794834
11494.0113746885 100.186975761733464
11661.195619909053 100.116941143424100
11830.811615972614 100.074309777196731
12002.894733509682 100.094621873236491
12177.48085762842 100.229333109700946
12354.606395397908 100.488077320857684
12534.308283440243 100.836161410473579
12716.62399563306 101.162620456452174
12901.591550924093 101.320905783309570
13089.249521259411 101.197122400583055
13279.637039626952 100.747776737701429
13472.793808217073 100.115302736615476
13668.760106701786 99.614361160183961
13867.576800634426 99.533234967320652
14069.285349971487 99.960240670233105
14273.927817718419 100.653342479717111
14481.54687870117 101.199254625605619
14692.18582846533 101.308466477544584
14905.888592304698 101.233400975328649
15122.699734421185 101.406818772848510
15342.664467217943 101.979325038839391
15565.828660727671 102.722108754748263
15792.238852178061 103.286741347942666
16021.942255696367 103.344415868245449
16254.986772155136 102.645450439898227
16491.42099916115 101.249920709321358
16731.294241189662 99.324690821697317
16974.65651986603 97.055754696503115
17221.558584396902 96.016721732448602
17472.051922153143 97.026836807948499
17726.188769406665 96.948642808071753
17984.022122223458 95.331894868953555
18245.605747515034 92.704365378448131
18510.99419425065 89.908350323960946
18780.242804832582 87.531972949709484
19053.40772663689 85.683169832128499
19330.545923722028 84.405437864504677
19611.71518870775 83.637547928875449
19896.974154826825 82.846634325673207
20186.382308152035 81.429172667182058
