20 108.228749600000015
20.290906698750476 108.215372891796918
20.586044732869844 108.201454790884668
20.885475648548283 108.186943193010961
21.189261887185914 108.171577471393533
21.49746679841394 108.154170066268293
21.810154653305165 108.133239676445640
22.12739065777668 108.108889906259350
22.449240966187475 108.082438605658751
22.77577269513385 108.054514644825616
23.107053937445478 108.026112992224455
23.44315377638505 107.997824417045848
23.784142300054445 107.970422193682609
24.130090616010463 107.944772249916866
24.481070866093134 107.921710070998316
24.837156241469714 107.901649093966626
25.1984209978975 107.884208677539306
25.56494047120865 107.867856811151142
25.936791093020236 107.851259574903239
26.3140504066728 107.832970397352270
26.69679708340074 107.811313686494998
27.08511093873791 107.785203177075203
27.47907294916184 107.755580518937279
27.878765268980047 107.724797562963005
28.284271247461966 107.693435017977222
28.695675446220072 107.661716128522841
29.11306365684382 107.629517128397723
29.536522918790062 107.595972897248828
29.966141537533712 107.559523139443229
30.402009102982383 107.519929782314478
30.844216508158908 107.478690359439312
31.29285596815558 107.436672084597760
31.74802103936409 107.394752246027750
32.20980663898519 107.353824245372323
32.67830906482211 107.314140382848080
33.153626015361866 107.275480718911624
33.63585661014871 107.236811247812739
34.125101410453844 107.197535517147998
34.62146244024586 107.157161340067574
35.12504320746613 107.115250484305079
35.635948725613716 107.072124944489204
36.15428553564419 107.028053704381946
36.68016172818701 106.983233448639965
37.21368696608603 106.937581596798424
37.754972507267915 106.891144105041434
38.30413122794313 106.843827601273517
38.86127764614443 106.795768619605894
39.4265279456077 106.746833446344809
40.000000000000206 106.697474453280307
40.58181339750116 106.647927435318906
41.1720894657399 106.598280599909543
41.77095129709678 106.548259044083210
42.37852377437204 106.497774636094107
42.9949335968281 106.446749244366927
43.62030930661056 106.395158715494603
44.25478131555359 106.343029926633250
44.89848193237519 106.290418350107899
45.55154539026795 106.236849766065632
46.21410787489121 106.182041487324881
46.88630755277036 106.126401104796571
47.56828460010916 106.070152215396405
48.260181232021196 106.011144967594120
48.962141732186545 105.946546763980962
49.674312482939705 105.876810281044129
50.39684199579528 105.805726501836034
51.129880942417586 105.738872528491370
51.873582186040764 105.679381629225020
52.628100813345895 105.624742516370688
53.393594166801776 105.568579224778517
54.17022187747612 105.508189873926256
54.95814589832399 105.444068187463955
55.75753053796041 105.377592705015388
56.56854249492426 105.309282776455760
57.39135089244048 105.238879212658304
58.226127313687975 105.167017477896138
59.073045837580466 105.095912614646835
59.932283075067765 105.027435956509407
60.804018205965114 104.960451242176347
61.68843301631817 104.892183000357591
62.58571193631152 104.820883045095087
63.49604207872855 104.746662821449007
64.41961327797075 104.673012858765020
65.35661812964459 104.602938747646846
66.3072520307241 104.534462699826975
67.27171322029778 104.460645952263178
68.25020282090806 104.376470666300179
69.2429248804921 104.285972893783210
70.25008641493265 104.198993253608222
71.27189745122783 104.117169751570799
72.30857107128878 104.035865906507411
73.36032345637442 103.951865391742956
74.42737393217246 103.865879580057594
75.50994501453623 103.781755290106119
76.60826245588666 103.703056170651251
77.72255529228926 103.627443079198912
78.85305589121582 103.549815868054708
80.00000000000082 103.466311638361574
81.16362679500274 103.368164686663221
82.34417893148023 103.256171358879982
83.541902594194 103.155813494754597
84.75704754874454 103.087183634392716
85.98986719365665 103.013781770818483
87.24061861322157 102.902045287521204
88.50956263110764 102.782552760699502
89.79696386475084 102.706441879424730
91.10309078053635 102.656245883760988
92.42821574978288 102.576786752239641
93.77261510554118 102.476522460618298
95.13656920021877 102.396836586661848
96.52036246404286 102.324697208209443
97.92428346437356 102.224581417531695
99.34862496587989 102.099247700997665
100.79368399159105 101.975884184919664
102.25976188483567 101.869583125376408
103.74716437208203 101.777241091834327
105.25620162669229 101.685869852036831
106.78718833360406 101.584666304725346
108.34044375495276 101.472418004814756
109.9162917966485 101.362221652253751
111.51506107592134 101.274573641767972
113.13708498984903 101.201704338109039
114.78270178488147 101.110492129327497
116.45225462737648 100.976597512854937
118.14609167516147 100.832456259493071
119.86456615013608 100.743956292394159
121.60803641193078 100.707528615999621
123.3768660326369 100.657715750575107
125.17142387262359 100.569614675867257
126.99208415745765 100.470896816941661
128.83922655594208 100.388721299626127
130.71323625928977 100.326175911109061
132.61450406144883 100.292553743285993
134.5434264405962 100.295589881965952
136.50040564181674 100.306023521799546
138.48584976098482 100.285565794599847
140.50017282986593 100.273311315773256
142.5437949024563 100.289460521055943
144.61714214257822 100.296860670048900
146.7206469127495 100.322913704571079
148.8547478643456 100.415049132341579
151.01989002907314 100.509227717171512
153.216524911774 100.514661600722349
155.4451105845792 100.411866471772186
157.70611178243232 100.327460969671407
160.00000000000236 100.340370155622523
162.3272535900062 100.357134580764438
164.6883578629612 100.301497324288533
167.08380518838874 100.219533576635598
169.51409509748981 100.169723679665765
171.97973438731407 100.142422489088062
174.4812372264439 100.069709024240993
177.01912526221608 99.950294063553031
179.5939277295025 99.868044181764219
182.20618156107355 99.809606493960274
184.85643149956664 99.726743768218512
187.54523021108326 99.648648585213309
190.27313840043846 99.578950062145537
193.04072492808663 99.492946246105532
195.84856692874806 99.401754688630746
198.69724993176072 99.315572321226966
201.58736798318304 99.262016622063314
204.5195237696723 99.242297189214227
207.49432874416505 99.210335132492929
210.5124032533856 99.150039913369298
213.57437666720915 99.082560604930947
216.68088750990657 99.012070420944383
219.83258359329807 98.936473949728324
223.03012215184378 98.859809306053478
226.2741699796992 98.790486527624694
229.5654035697641 98.731889279629897
232.90450925475412 98.674222597779448
236.2921833503241 98.616216850557493
239.72913230027333 98.563703234293655
243.21607282386276 98.516183612645875
246.75373206527502 98.463910004866975
250.34284774524843 98.412445217217908
253.9841683149166 98.373788201729468
257.67845311188546 98.338551032282112
261.42647251858085 98.307632408601819
265.22900812289896 98.287015071469142
269.08685288119375 98.265847253855881
273.0008112836349 98.248496898963978
276.97169952197106 98.246797687710128
281.00034565973334 98.258906228182013
285.0875898049141 98.248599864333201
289.23428428515797 98.219082301408591
293.44129382550057 98.229252388292778
297.7094957286928 98.242798742038389
302.0397800581479 98.188873705382264
306.4330498235497 98.112662144172759
310.89022116916016 98.074216458711959
315.41222356486645 98.034074044536254
320.00000000000654 97.982089125560464
324.6545071800142 97.929842581228883
329.3767157259242 97.877256844893836
334.16761037677935 97.858667108393121
339.02819019498156 97.840221163628584
343.95946877463007 97.755706245234137
348.9624744528898 97.681918728740044
354.03825052443415 97.659366485121865
359.187855459007 97.609889354084061
364.4123631221491 97.554572080794173
369.71286299913527 97.507166844504980
375.0904604221685 97.448623869604660
380.54627680087896 97.370721105634260
386.08144985617537 97.300372556194390
391.6971338574982 97.247122807035083
397.3944998635236 97.201013112879224
403.1747359663683 97.153623363889579
409.0390475393468 97.111969663158249
414.9886574883323 97.079585652847584
421.0248065067734 97.055224052437111
427.1487533344206 97.042253473129051
433.3617750198154 97.039011726392687
439.6651671865984 97.046300298547493
446.06024430368984 97.059417626741464
452.54833995940066 97.068550198064258
459.13080713953053 97.085523609111064
465.8090185095106 97.110574192257104
472.58436670065066 97.132278815640376
479.45826460054917 97.146213666397216
486.432145647728 97.160049863431141
493.50746413055253 97.181722810003293
500.6856954904994 97.193296252030279
507.9683366298358 97.195604432460783
515.3569062237735 97.223400214444808
522.8529450371643 97.269815466431822
530.4580162458005 97.312006471210694
538.1737057623901 97.357448789451865
546.0016225672724 97.406397237148383
553.9433990439449 97.455856822211672
562.0006913194694 97.505525381070385
570.1751796098309 97.559192075764031
578.4685685703187 97.616771293968057
586.8825876510039 97.669901941485364
595.4189914573883 97.712460336007879
604.0795601162986 97.752009543348819
612.8660996471021 97.790181981032163
621.780442338323 97.823350880548531
630.8244471297356 97.849903609007825
640.0000000000159 97.875010985227874
649.3090143600314 97.903460033257460
658.7534314518515 97.932292207493404
668.3352207535618 97.962870496665985
678.0563803899662 98.001469014318616
687.9189375492632 98.041515865388178
697.9249489057827 98.069388064690429
708.0765010488715 98.089977250061224
718.3757109180171 98.114135066945380
728.8247262443015 98.150072097567175
739.425725998274 98.203190492622056
750.1809208443404 98.262068584011757
761.0925536017613 98.317973399143028
772.1628997123541 98.377832480724493
783.3942677149998 98.443832738470292
794.7889997270506 98.511375760312347
806.34947193274 98.581907356406646
818.0780950786972 98.655391046278481
829.9773149766683 98.726723508644426
842.0496130135506 98.796904735244908
854.2975066688449 98.863160400774944
866.7235500396347 98.923458754939389
879.3303343732008 98.985543545692195
892.1204886073838 99.059422418906934
905.0966799188055 99.135963683361112
918.2616142790653 99.205723868728256
931.6180370190256 99.280238297299235
945.1687334013056 99.364398591230355
958.9165292011028 99.450933880976365
972.8642912954606 99.544426523646734
987.0149282611097 99.649387038859643
1001.3713909810035 99.752352008986151
1015.9366732596762 99.854416986244487
1030.7138124475518 99.962393902541322
1045.7058900743334 100.069569822525722
1060.916032491606 100.174932236453429
1076.3474115247852 100.280113718212277
1092.0032451345498 100.384670162553405
1107.8867980878947 100.490036840031166
1124.0013826389438 100.600699703867775
1140.350359219667 100.712539169350222
1156.9371371406426 100.819590183210536
1173.765175302013 100.930984403542766
1190.837982914782 101.047552621452070
1208.1591202326028 101.166391127297558
1225.73219929421 101.286796169659624
1243.5608846766518 101.408314875146914
1261.648894259477 101.532001323666890
1280.0000000000375 101.658063047394506
1298.6180287200684 101.782768206111115
1317.5068629037087 101.907299622330143
1336.6704415071292 102.033403393027953
1356.112760779938 102.162727394751670
1375.8378750985323 102.293174661126102
1395.8498978115715 102.425183118603627
1416.153002097749 102.558281577868399
1436.7514218360407 102.695162766354230
1457.6494524886093 102.837502244076973
1478.8514519965543 102.981241372328810
1500.3618416886875 103.122199800351510
1522.1851072035295 103.264430170784294
1544.3257994247153 103.407332759614263
1566.788535430007 103.546900360752176
1589.5779994541087 103.684081219411240
1612.6989438654878 103.821759825778997
1636.156190157402 103.958638101550065
1659.9546299533442 104.095163400995716
1684.099226027109 104.230943535583805
1708.5950133376978 104.363383215377183
1733.4471000792773 104.497090482995802
1758.6606687464096 104.634628747041432
1784.2409772147755 104.773461811568552
1810.193359837619 104.912003584496716
1836.5232285581387 105.050450653861333
1863.2360740380593 105.191280647153903
1890.3374668026197 105.336030108061436
1917.833058402214 105.482562930659668
1945.7285825909298 105.629214601528744
1974.0298565222283 105.778919958139227
2002.7427819620161 105.932307046898472
2031.8733465193618 106.086639692410671
2061.4276248951132 106.242797772366060
2091.411780148677 106.402196017144391
2121.832064983222 106.561461839679964
2152.694823049581 106.719555567537100
2184.0064902691106 106.878533220642367
2215.7735961758003 107.037857864589142
2248.002765277899 107.192206304580907
2280.7007184393456 107.342552045734408
2313.874274281297 107.491412252596305
2347.530350604038 107.635225875985199
2381.6759658295764 107.773700781873529
2416.318240465218 107.908590163815745
2451.4643985884327 108.035440223163306
2487.1217693533167 108.151528156058376
2523.2977885189675 108.258019445783646
2560.0000000000887 108.353356392409225
2597.236057440151 108.435738608589915
2635.0137258074315 108.504723463764265
2673.340883014273 108.559418939803905
2712.225521559891 108.597729987800975
2751.6757501970797 108.619887730252799
2791.699795623158 108.626970282968443
2832.3060041955137 108.619040455114288
2873.502843672097 108.596447495964185
2915.2989049772345 108.559404759337696
2957.7029039931244 108.507973211656918
3000.723683377391 108.443756699709951
3044.370214407075 108.370763883848753
3088.6515988494466 108.289281709961472
3133.57707086003 108.201019729452227
3179.1559989082334 108.107507821504527
3225.3978877309914 108.010930054695450
3272.3123803148205 107.915009508995652
3319.9092599067053 107.820308495011858
3368.198452054235 107.726035971738213
3417.190026675413 107.633487501364783
3466.8942001585724 107.542498954867142
3517.3213374928373 107.453080849887044
3568.4819544295697 107.366072149298788
3620.386719675257 107.281920814170405
3673.0464571162966 107.199340189729398
3726.472148076138 107.113199781750467
3780.6749336052594 107.015124833664743
3835.6661168044484 106.899607863949257
3891.45716518188 106.755627689360040
3948.059713044477 106.572581119988044
4005.4855639240527 106.354941956363248
4063.746693038744 106.111306869777849
4122.855249790247 105.855937396139581
4182.823560297375 105.606383687357635
4243.664129966465 105.385553854532560
4305.389646099183 105.215148099839254
4368.012980538242 105.105491827158517
4431.5471923516225 105.060195016319739
4496.00553055582 105.078528230173447
4561.401436878714 105.155252707727612
4627.748548562617 105.283973171228482
4695.060701208099 105.457022704153843
4763.351931659176 105.671132932321171
4832.63648093046 105.917277278282597
4902.928797176889 106.180272729890731
4974.243538706657 106.447104327027603
5046.595577037959 106.701507477995435
5120.000000000202 106.919362232591538
5194.472114880326 107.074357433099607
5270.027451614888 107.137965815899861
5346.6817660285715 107.097377872772242
5424.451043119808 106.942101337244083
5503.351500394186 106.671108427676359
5583.399591246343 106.295836177737726
5664.612008391055 105.833286598211743
5747.005687344222 105.305060300187193
5830.597809954497 104.747035106909948
5915.405807986278 104.179157559378012
6001.447366754812 103.618491789823082
6088.740428814181 103.083228531048903
6177.303197698925 102.583414606172454
6267.154141720092 102.128338832630362
6358.3119978165005 101.727023342350464
6450.795775462017 101.377785420762990
6544.624760629676 101.081081049089335
6639.818519813445 100.834383175468474
6736.396904108505 100.629979191622454
6834.380053350861 100.461694797364487
6933.788400317181 100.326101830742857
7034.642674985712 100.210020163765705
7136.963908859177 100.120362991920345
7240.773439350552 100.056315756545430
7346.092914232631 99.977621527438828
7452.944296152315 99.857652227623447
7561.349867210557 99.688981109512568
7671.332233608935 99.427402649859204
7782.914330363799 99.095559873204962
7896.119426088994 98.833129622837916
8010.971127848146 98.723963161021643
8127.49338607753 98.566742365236152
8245.710499580537 98.140754531965456
8365.647120594791 97.540482701131282
8487.328259932974 96.997026799501484
8610.77929219841 96.575066923637422
8736.025961076528 96.295074699165696
8863.094384703289 96.168071928227732
8992.011061111683 96.196191047123122
9122.802873757471 96.372991311378556
9255.497097125279 96.660127145081503
9390.121402416245 96.963661051510172
9526.7038633184 97.165480086385202
9665.272961860968 97.138238457691230
9805.857594353829 96.809650953613783
9948.487077413367 96.245154645376999
10093.19115407597 95.717203679810567
10240.000000000457 95.512098299828153
10388.944229760706 95.642446815608338
10540.05490322983 95.948198073589850
10693.363532057198 96.284026004908682
10848.902086239672 96.583995637480285
11006.703000788428 96.852773026506910
11166.799182492743 97.137227117849477
11329.224016782166 97.455743418569966
11494.0113746885 97.764914836667629
11661.195619909053 97.962233411411404
11830.811615972614 97.920522918712123
12002.894733509682 97.554447823473282
12177.48085762842 96.876324849130242
12354.606395397908 96.094640396655507
12534.308283440243 95.449271403423523
12716.62399563306 95.150310167090169
12901.591550924093 95.337127256943120
13089.249521259411 96.060700107946275
13279.637039626952 97.279695961699844
13472.793808217073 98.810011165084703
13668.760106701786 100.324509767365527
13867.576800634426 101.544661080982337
14069.285349971487 102.341025007125950
14273.927817718419 102.776604059182262
14481.54687870117 103.024008975894645
14692.18582846533 103.215486226231292
14905.888592304698 103.335934842786855
15122.699734421185 103.284133816659022
15342.664467217943 103.006916833273635
15565.828660727671 102.546245474719001
15792.238852178061 101.994008086576912
16021.942255696367 101.358171697073573
16254.986772155136 100.447592950897530
16491.42099916115 99.070803218584643
16731.294241189662 97.135726935353958
16974.65651986603 94.723454311635265
17221.558584396902 92.043783931180215
17472.051922153143 89.328222931694484
17726.188769406665 86.832612621765406
17984.022122223458 85.459681572815100
18245.605747515034 86.919327493227797
18510.99419425065 89.540519798133005
18780.242804832582 91.408832904233506
19053.40772663689 92.160349292908919
19330.545923722028 91.724589506067844
19611.71518870775 90.189963348291940
19896.974154826825 87.834175111865960
20186.382308152035 86.122203242008283
