20 104.668000000000006
20.290906698750476 104.681090845079922
20.586044732869844 104.692941791175485
20.885475648548283 104.703015854951602
21.189261887185914 104.712177827689487
21.49746679841394 104.719327507039026
21.810154653305165 104.725126945031576
22.12739065777668 104.728455429933319
22.449240966187475 104.730500000000006
22.77577269513385 104.729994853681944
23.107053937445478 104.727251033233244
23.44315377638505 104.722614095013256
23.784142300054445 104.716317153998915
24.130090616010463 104.709398179007053
24.481070866093134 104.701925903383398
24.837156241469714 104.694028293195800
25.1984209978975 104.685787501299927
25.56494047120865 104.676876477910980
25.936791093020236 104.667580214773409
26.3140504066728 104.658148755329023
26.69679708340074 104.648088080206477
27.08511093873791 104.637255207551732
27.47907294916184 104.625976661403257
27.878765268980047 104.614137041930604
28.284271247461966 104.601687591328670
28.695675446220072 104.588542710274737
29.11306365684382 104.574768899324141
29.536522918790062 104.560758220761130
29.966141537533712 104.546151187723865
30.402009102982383 104.530426333136205
30.844216508158908 104.514091904923816
31.29285596815558 104.497026831233967
31.74802103936409 104.479079158425435
32.20980663898519 104.460397927801608
32.67830906482211 104.441189328342290
33.153626015361866 104.421240455324082
33.63585661014871 104.399886452543313
34.125101410453844 104.377745335119130
34.62146244024586 104.354912727748683
35.12504320746613 104.331497926041635
35.635948725613716 104.307246358621768
36.15428553564419 104.283248579824715
36.68016172818701 104.258172075318839
37.21368696608603 104.232029338661789
37.754972507267915 104.205433515808210
38.30413122794313 104.178293488602847
38.86127764614443 104.150234561553305
39.4265279456077 104.121265447494409
40.000000000000206 104.091999999999985
40.58181339750116 104.061939540927568
41.1720894657399 104.031442088726322
41.77095129709678 104.000025009485796
42.37852377437204 103.968334108430440
42.9949335968281 103.936015899552856
43.62030930661056 103.903183792983981
44.25478131555359 103.870072210585832
44.89848193237519 103.836329716316015
45.55154539026795 103.802349098001798
46.21410787489121 103.768247630831240
46.88630755277036 103.732376334135395
47.56828460010916 103.695744352359213
48.260181232021196 103.657629907006822
48.962141732186545 103.618956766551776
49.674312482939705 103.580641465978971
50.39684199579528 103.541669716063154
51.129880942417586 103.502092148708556
51.873582186040764 103.462253541232798
52.628100813345895 103.422257168987457
53.393594166801776 103.381344287089760
54.17022187747612 103.339666659897119
54.95814589832399 103.297129258192044
55.75753053796041 103.253684293478770
56.56854249492426 103.209230162779164
57.39135089244048 103.163388674577106
58.226127313687975 103.115884615806095
59.073045837580466 103.066617249745178
59.932283075067765 103.015063015495940
60.804018205965114 102.961750235414684
61.68843301631817 102.906924845533538
62.58571193631152 102.851151966710290
63.49604207872855 102.793997370079467
64.41961327797075 102.735854556848849
65.35661812964459 102.676176439702743
66.3072520307241 102.615028618002924
67.27171322029778 102.552338640680631
68.25020282090806 102.488486613820072
69.2429248804921 102.422724033007029
70.25008641493265 102.354493950954719
71.27189745122783 102.282151486060371
72.30857107128878 102.205857169653342
73.36032345637442 102.126255093859172
74.42737393217246 102.043451146324458
75.50994501453623 101.956854386365507
76.60826245588666 101.866268590771213
77.72255529228926 101.772240451843146
78.85305589121582 101.674291544133453
80.00000000000082 101.572499999999934
81.16362679500274 101.466318789502964
82.34417893148023 101.354743036306786
83.541902594194 101.234207057650167
84.75704754874454 101.101927297332395
85.98986719365665 100.956628085495439
87.24061861322157 100.801822836684295
88.50956263110764 100.641801483567846
89.79696386475084 100.480447195617899
91.10309078053635 100.323088397715196
92.42821574978288 100.178285812248589
93.77261510554118 100.081417148187938
95.13656920021877 100.072576589617086
96.52036246404286 100.138055879126313
97.92428346437356 100.241890382389613
99.34862496587989 100.367061879541239
100.79368399159105 100.495021384607355
102.25976188483567 100.607410554207220
103.74716437208203 100.684451247776892
105.25620162669229 100.702648745644112
106.78718833360406 100.670973200546257
108.34044375495276 100.615403581066744
109.9162917966485 100.562365845562027
111.51506107592134 100.517796648008215
113.13708498984903 100.483390050936180
114.78270178488147 100.456987857927516
116.45225462737648 100.445088425361689
118.14609167516147 100.445000417132889
119.86456615013608 100.474412791348712
121.60803641193078 100.516881095952101
123.3768660326369 100.573739927015140
125.17142387262359 100.628942749070347
126.99208415745765 100.662452504944753
128.83922655594208 100.641764639717849
130.71323625928977 100.582064044882628
132.61450406144883 100.502235674973633
134.5434264405962 100.407236247800640
136.50040564181674 100.311230326371884
138.48584976098482 100.215057749032482
140.50017282986593 100.118575239134600
142.5437949024563 100.022865605401620
144.61714214257822 99.928728603583977
146.7206469127495 99.834759147691386
148.8547478643456 99.737681598240101
151.01989002907314 99.634617432563786
153.216524911774 99.522377739817145
155.4451105845792 99.399272608211334
157.70611178243232 99.268463071905956
160.00000000000236 99.134499999999861
162.3272535900062 99.000450193215642
164.6883578629612 98.866638944956406
167.08380518838874 98.732306909450230
169.51409509748981 98.598224769638051
171.97973438731407 98.466178130594898
174.4812372264439 98.342608118240108
177.01912526221608 98.237946464668681
179.5939277295025 98.153669454839530
182.20618156107355 98.082315570475444
184.85643149956664 98.020302075509960
187.54523021108326 97.973065789973589
190.27313840043846 97.948735212478766
193.04072492808663 97.943040724928082
195.84856692874806 97.945509140157242
198.69724993176072 97.943626600163782
201.58736798318304 97.930711230770385
204.5195237696723 97.909337301919393
207.49432874416505 97.879566164651408
210.5124032533856 97.836541211901334
213.57437666720915 97.778438089988612
216.68088750990657 97.706499143517192
219.83258359329807 97.628310972472576
223.03012215184378 97.538399049210412
226.2741699796992 97.441637815619174
229.5654035697641 97.339972489337313
232.90450925475412 97.236944297978411
236.2921833503241 97.134307545327857
239.72913230027333 97.032058314066873
243.21607282386276 96.930341924519908
246.75373206527502 96.829518636139653
250.34284774524843 96.729571687005659
253.9841683149166 96.629435371339781
257.67845311188546 96.525543506228217
261.42647251858085 96.415847369766681
265.22900812289896 96.302072504282307
269.08685288119375 96.185336511643385
273.0008112836349 96.065099951617782
276.97169952197106 95.942620239699380
281.00034565973334 95.818789388246188
285.0875898049141 95.693328510950124
289.23428428515797 95.566854329302686
293.44129382550057 95.437852279557134
297.7094957286928 95.306818481129127
302.0397800581479 95.173776763211947
306.4330498235497 95.039291980381734
310.89022116916016 94.903834531986760
315.41222356486645 94.771457740183735
320.00000000000654 94.642999999999830
324.6545071800142 94.521517362601628
329.3767157259242 94.406583479432641
334.16761037677935 94.298979049635506
339.02819019498156 94.200339015119866
343.95946877463007 94.110521455811579
348.9624744528898 94.023449191965014
354.03825052443415 93.931600015402864
359.187855459007 93.833174389641172
364.4123631221491 93.728811501244792
369.71286299913527 93.620857594817636
375.0904604221685 93.523543704108505
380.54627680087896 93.465867930962133
386.08144985617537 93.444785970201352
391.6971338574982 93.479315645663434
397.3944998635236 93.538501898062037
403.1747359663683 93.627618582114550
409.0390475393468 93.718572697243758
414.9886574883323 93.791388465301935
421.0248065067734 93.834179514065227
427.1487533344206 93.851499999999987
433.3617750198154 93.844611489525533
439.6651671865984 93.822577854914584
446.06024430368984 93.795415648734632
452.54833995940066 93.769825976146166
459.13080713953053 93.748902636234234
465.8090185095106 93.732247126562726
472.58436670065066 93.718331266598696
479.45826460054917 93.707767945513581
486.432145647728 93.702727141740908
493.50746413055253 93.706683369798213
500.6856954904994 93.720228510344128
507.9683366298358 93.743897094046972
515.3569062237735 93.775810024420565
522.8529450371643 93.814511052093337
530.4580162458005 93.859562983643798
538.1737057623901 93.911253163000111
546.0016225672724 93.968012169254536
553.9433990439449 94.027332567949088
562.0006913194694 94.085604700972397
570.1751796098309 94.141077354600455
578.4685685703187 94.192081696707461
586.8825876510039 94.242107267140923
595.4189914573883 94.295181545327281
604.0795601162986 94.354586755857696
612.8660996471021 94.425557004092809
621.780442338323 94.509382836833822
630.8244471297356 94.602115472505744
640.0000000000159 94.698000000000178
649.3090143600314 94.795744650780335
658.7534314518515 94.890096642945934
668.3352207535618 94.976266703669012
678.0563803899662 95.051020033905246
687.9189375492632 95.113805519050501
697.9249489057827 95.165728497083620
708.0765010488715 95.209113654300367
718.3757109180171 95.245477417121265
728.8247262443015 95.276591706108462
739.425725998274 95.303093028695770
750.1809208443404 95.326869380057190
761.0925536017613 95.349147296936934
772.1628997123541 95.371716680182885
783.3942677149998 95.393642822528847
794.7889997270506 95.413814999545082
806.34947193274 95.430436839915927
818.0780950786972 95.445214505292199
829.9773149766683 95.463763194761924
842.0496130135506 95.492323774542911
854.2975066688449 95.535227215008987
866.7235500396347 95.589346025187496
879.3303343732008 95.649935155147347
892.1204886073838 95.714789191138152
905.0966799188055 95.782257569573716
918.2616142790653 95.851734721942734
931.6180370190256 95.923135583948607
945.1687334013056 95.996629336482130
958.9165292011028 96.073898520856289
972.8642912954606 96.157939319845312
987.0149282611097 96.250945484198922
1001.3713909810035 96.356516840880730
1015.9366732596762 96.474086612475205
1030.7138124475518 96.601949805329667
1045.7058900743334 96.737512937863471
1060.916032491606 96.875713758008061
1076.3474115247852 97.013587739113149
1092.0032451345498 97.147401569539127
1107.8867980878947 97.277094384703162
1124.0013826389438 97.405455313522808
1140.350359219667 97.534400805391485
1156.9371371406426 97.670335016864485
1173.765175302013 97.812445283892615
1190.837982914782 97.966834496464998
1208.1591202326028 98.127088753646603
1225.73219929421 98.295274778908450
1243.5608846766518 98.467112947170051
1261.648894259477 98.640441088415656
1280.0000000000375 98.816000000000372
1298.6180287200684 98.996860850423531
1317.5068629037087 99.181068629037071
1336.6704415071292 99.375204981297372
1356.112760779938 99.577378350150354
1375.8378750985323 99.784297688534593
1395.8498978115715 99.992442689795041
1416.153002097749 100.196760804275854
1436.7514218360407 100.399813649625983
1457.6494524886093 100.598598875293391
1478.8514519965543 100.796587416448162
1500.3618416886875 100.995271048865732
1522.1851072035295 101.192553369119906
1544.3257994247153 101.386520970983526
1566.788535430007 101.574337531943257
1589.5779994541087 101.754250595796634
1612.6989438654878 101.927456269095373
1636.156190157402 102.096708950117559
1659.9546299533442 102.264085131876215
1684.099226027109 102.429828783422721
1708.5950133376978 102.592008085361272
1733.4471000792773 102.747851542477250
1758.6606687464096 102.896865811854525
1784.2409772147755 103.041379833314153
1810.193359837619 103.184451877516636
1836.5232285581387 103.326764505071623
1863.2360740380593 103.466503977594101
1890.3374668026197 103.599813091316520
1917.833058402214 103.726605423978000
1945.7285825909298 103.848547476792817
1974.0298565222283 103.968405994523806
2002.7427819620161 104.085059710553764
2031.8733465193618 104.196494267933787
2061.4276248951132 104.298449430923100
2091.411780148677 104.391523573423726
2121.832064983222 104.477854972205535
2152.694823049581 104.555515463590282
2184.0064902691106 104.626612331511311
2215.7735961758003 104.680266054359294
2248.002765277899 104.725603318333484
2280.7007184393456 104.762879063746666
2313.874274281297 104.792211991996908
2347.530350604038 104.809927795221483
2381.6759658295764 104.814229050427130
2416.318240465218 104.809376498534846
2451.4643985884327 104.794767800705785
2487.1217693533167 104.773514761452674
2523.2977885189675 104.741202211481038
2560.0000000000887 104.699999999999889
2597.236057440151 104.652662223891809
2635.0137258074315 104.600980326342693
2673.340883014273 104.543029870290212
2712.225521559891 104.480698314785514
2751.6757501970797 104.413755277787487
2791.699795623158 104.343629110214181
2832.3060041955137 104.266649411902648
2873.502843672097 104.186904483276123
2915.2989049772345 104.107808981991212
2957.7029039931244 104.031442888972094
3000.723683377391 103.955742600131785
3044.370214407075 103.880434820041899
3088.6515988494466 103.812188326653924
3133.57707086003 103.750555094496207
3179.1559989082334 103.694595921288283
3225.3978877309914 103.647395879919415
3272.3123803148205 103.612335695614263
3319.9092599067053 103.588434481235453
3368.198452054235 103.574816185753491
3417.190026675413 103.574266105068318
3466.8942001585724 103.588102390071356
3517.3213374928373 103.615298149619917
3568.4819544295697 103.656981954429568
3620.386719675257 103.714798868381081
3673.0464571162966 103.788952473101432
3726.472148076138 103.881297081344655
3780.6749336052594 103.993703960600186
3835.6661168044484 104.118881986170891
3891.45716518188 104.261470775120614
3948.059713044477 104.415712718046194
4005.4855639240527 104.586596674229966
4063.746693038744 104.768551862607950
4122.855249790247 104.958660593077042
4182.823560297375 105.150712700346190
4243.664129966465 105.338449315325093
4305.389646099183 105.516783652150991
4368.012980538242 105.677933100372513
4431.5471923516225 105.805215139098209
4496.00553055582 105.890140062176243
4561.401436878714 105.914439425248517
4627.748548562617 105.879829175822238
4695.060701208099 105.766417941230941
4763.351931659176 105.581245093895006
4832.63648093046 105.332179509710670
4902.928797176889 105.016060127997974
4974.243538706657 104.652511705096828
5046.595577037959 104.249487655596610
5120.000000000202 103.821499999998792
5194.472114880326 103.379661548315795
5270.027451614888 102.938653452206239
5346.6817660285715 102.495704562222670
5424.451043119808 102.066321934210748
5503.351500394186 101.669720894505502
5583.399591246343 101.313504272968970
5664.612008391055 101.028280372309524
5747.005687344222 100.798216293500417
5830.597809954497 100.602266883801462
5915.405807986278 100.416303238827794
6001.447366754812 100.242657075065651
6088.740428814181 100.105198780326148
6177.303197698925 100.012327578885106
6267.154141720092 99.966737897641224
6358.3119978165005 99.972077999454115
6450.795775462017 100.022628662614991
6544.624760629676 100.118396569802840
6639.818519813445 100.257288761480055
6736.396904108505 100.432383885614300
6834.380053350861 100.626932006968474
6933.788400317181 100.821177482588368
7034.642674985712 100.992846171729852
7136.963908859177 101.107363164859805
7240.773439350552 101.125521014718231
7346.092914232631 101.017450652091043
7452.944296152315 100.768814326350679
7561.349867210557 100.369263064355138
7671.332233608935 99.843398233514932
7782.914330363799 99.219355552672425
7896.119426088994 98.526037165856550
8010.971127848146 97.792924764229667
8127.49338607753 97.055502137770247
8245.710499580537 96.329830933344084
8365.647120594791 95.630077920844172
8487.328259932974 94.977213021272178
8610.77929219841 94.380567299368437
8736.025961076528 93.844728426514109
8863.094384703289 93.373558223827729
8992.011061111683 92.970478748924137
9122.802873757471 92.638512835605582
9255.497097125279 92.381825206705855
9390.121402416245 92.199607670496533
9526.7038633184 92.102714162947677
9665.272961860968 92.102002198955489
9805.857594353829 92.202521396605533
9948.487077413367 92.413059641924505
10093.19115407597 92.751350186498797
10240.000000000457 93.221300000001634
10388.944229760706 93.834160744106015
10540.05490322983 94.612363953046284
10693.363532057198 95.554898405615788
10848.902086239672 96.673381077488727
11006.703000788428 97.935298393974961
11166.799182492743 99.211755008219797
11329.224016782166 100.212307496077898
11494.0113746885 100.784703104959505
11661.195619909053 100.525467446154607
11830.811615972614 99.847057275865581
12002.894733509682 98.758300628371444
12177.48085762842 97.664842512280032
12354.606395397908 96.730117616026945
12534.308283440243 95.988633646685685
12716.62399563306 95.537904167249110
12901.591550924093 95.421124487268131
13089.249521259411 95.461068826668082
13279.637039626952 95.675989319172345
13472.793808217073 95.980775300544991
13668.760106701786 96.163109905601843
13867.576800634426 96.034846398731148
14069.285349971487 95.447361220299442
14273.927817718419 94.494409462157904
14481.54687870117 93.148920170357357
14692.18582846533 91.545822235787739
14905.888592304698 89.906269828576796
15122.699734421185 88.325365660645190
15342.664467217943 86.795227149802798
15565.828660727671 85.340752982781765
15792.238852178061 84.230511263436313
16021.942255696367 83.910162254536999
16254.986772155136 84.324945660514743
16491.42099916115 84.938728913822345
16731.294241189662 85.592895866930149
16974.65651986603 86.300446351048535
17221.558584396902 87.072852658019031
17472.051922153143 87.824658831860674
17726.188769406665 88.341377682183179
17984.022122223458 88.297603549310651
18245.605747515034 87.430897460707314
18510.99419425065 85.497767564488726
18780.242804832582 82.100516922753258
19053.40772663689 77.280926363045765
19330.545923722028 72.947658616174309
19611.71518870775 69.955457898378427
19896.974154826825 67.835204199898598
20186.382308152035 67.372000000000000
