20 104.310000000000002
20.290906698750476 104.325499984522622
20.586044732869844 104.340500034389507
20.885475648548283 104.354500027853817
21.189261887185914 104.367499995189661
21.49746679841394 104.379499992831171
21.810154653305165 104.390000020668055
22.12739065777668 104.399500018460174
22.449240966187475 104.407999974395835
22.77577269513385 104.415500014741426
23.107053937445478 104.422499998682980
23.44315377638505 104.429500013710594
23.784142300054445 104.436500005222911
24.130090616010463 104.442999992258279
24.481070866093134 104.447499998479401
24.837156241469714 104.450000002012473
25.1984209978975 104.452499999988405
25.56494047120865 104.454499997124898
25.936791093020236 104.456500005815457
26.3140504066728 104.458499996865839
26.69679708340074 104.462000005600217
27.08511093873791 104.464499991830536
27.47907294916184 104.467999999614250
27.878765268980047 104.472500003328605
28.284271247461966 104.477000002414741
28.695675446220072 104.481000004291801
29.11306365684382 104.483999998361611
29.536522918790062 104.484999999999999
29.966141537533712 104.483499995049158
30.402009102982383 104.479500008202393
30.844216508158908 104.474000005541171
31.29285596815558 104.467500000424351
31.74802103936409 104.462499990964460
32.20980663898519 104.459500005873352
32.67830906482211 104.459999998011099
33.153626015361866 104.463500012679020
33.63585661014871 104.469499995166871
34.125101410453844 104.475499980576288
34.62146244024586 104.478999993737858
35.12504320746613 104.474499973908735
35.635948725613716 104.461999978925519
36.15428553564419 104.445999982621572
36.68016172818701 104.429499976713359
37.21368696608603 104.413000030894565
37.754972507267915 104.397500041217327
38.30413122794313 104.382999994251492
38.86127764614443 104.369000033897237
39.4265279456077 104.355000026020974
40.000000000000206 104.341000000000008
40.58181339750116 104.330500010318246
41.1720894657399 104.323499996097382
41.77095129709678 104.318999991429621
42.37852377437204 104.314500010050011
42.9949335968281 104.304000007820534
43.62030930661056 104.286499954530115
44.25478131555359 104.264499950772887
44.89848193237519 104.240500039662479
45.55154539026795 104.216999949457971
46.21410787489121 104.193500004327348
46.88630755277036 104.170499981290135
47.56828460010916 104.147499941974573
48.260181232021196 104.122999991374996
48.962141732186545 104.096500048589149
49.674312482939705 104.068000020979127
50.39684199579528 104.039000040160204
51.129880942417586 104.009500081107603
51.873582186040764 103.979499952671958
52.628100813345895 103.949000007641274
53.393594166801776 103.917999957780637
54.17022187747612 103.890000040324992
54.95814589832399 103.864999974059771
55.75753053796041 103.842499986019817
56.56854249492426 103.821999989133687
57.39135089244048 103.804499983905757
58.226127313687975 103.788500013926253
59.073045837580466 103.769500055969559
59.932283075067765 103.743999928329941
60.804018205965114 103.713500063568375
61.68843301631817 103.679500078219831
62.58571193631152 103.644500002475354
63.49604207872855 103.607999920938724
64.41961327797075 103.575500120465463
65.35661812964459 103.551500064097695
66.3072520307241 103.535499982838857
67.27171322029778 103.517999995028958
68.25020282090806 103.494500080931971
69.2429248804921 103.467000087669902
70.25008641493265 103.440499940701642
71.27189745122783 103.415499964875949
72.30857107128878 103.388999997823163
73.36032345637442 103.355999914516843
74.42737393217246 103.317500077236417
75.50994501453623 103.276000157732938
76.60826245588666 103.233499942303524
77.72255529228926 103.189500067189655
78.85305589121582 103.146500079921708
80.00000000000082 103.102999999999952
81.16362679500274 103.055500049527552
82.34417893148023 103.003499914221607
83.541902594194 102.951499931532652
84.75704754874454 102.900500100500011
85.98986719365665 102.849500033888887
87.24061861322157 102.797499888392224
88.50956263110764 102.742999881034450
89.79696386475084 102.684500143167156
91.10309078053635 102.622999865221232
92.42821574978288 102.558499963058097
93.77261510554118 102.491499943870338
95.13656920021877 102.421499835207769
96.52036246404286 102.350500027399988
97.92428346437356 102.278000131370646
99.34862496587989 102.206500001718553
100.79368399159105 102.137500094168743
102.25976188483567 102.073000176199258
103.74716437208203 102.013999911654309
105.25620162669229 101.960500046245969
106.78718833360406 101.912499930639598
108.34044375495276 101.866500066248179
109.9162917966485 101.819999943608082
111.51506107592134 101.768999962053698
113.13708498984903 101.711000000367903
114.78270178488147 101.646999927039431
116.45225462737648 101.578500015344531
118.14609167516147 101.506000144731161
119.86456615013608 101.428999853117858
121.60803641193078 101.346500172249762
123.3768660326369 101.262500142081308
125.17142387262359 101.178000052580515
126.99208415745765 101.089999840453089
128.83922655594208 100.996500326753107
130.71323625928977 100.899500296070244
132.61450406144883 100.796499883089552
134.5434264405962 100.686500032075173
136.50040564181674 100.573000369050121
138.48584976098482 100.457500307618432
140.50017282986593 100.336999708251767
142.5437949024563 100.213499885807835
144.61714214257822 100.087999991020467
146.7206469127495 99.953999678860555
148.8547478643456 99.813000276120164
151.01989002907314 99.668500465162182
153.216524911774 99.517499792816977
155.4451105845792 99.358000245852807
157.70611178243232 99.195500302958678
160.00000000000236 99.032499999999828
162.3272535900062 98.865500101418348
164.6883578629612 98.696499736190930
167.08380518838874 98.537499752661702
169.51409509748981 98.403000201601060
171.97973438731407 98.301000060608970
174.4812372264439 98.239999954530134
177.01912526221608 98.230500051259170
179.5939277295025 98.257999930654194
182.20618156107355 98.301500072543689
184.85643149956664 98.341500019590427
187.54523021108326 98.375500033078652
190.27313840043846 98.401500037136287
193.04072492808663 98.412999997298584
195.84856692874806 98.404000025194350
198.69724993176072 98.373000000859264
201.58736798318304 98.324000073396263
204.5195237696723 98.264000152333921
207.49432874416505 98.198999895878330
210.5124032533856 98.132500038634760
213.57437666720915 98.062999870005882
216.68088750990657 97.991000128547384
219.83258359329807 97.917999940580501
223.03012215184378 97.842499971491918
226.2741699796992 97.760500000523763
229.5654035697641 97.669999869516076
232.90450925475412 97.573000022016032
236.2921833503241 97.470500233994613
239.72913230027333 97.363499802343853
243.21607282386276 97.254000225565250
246.75373206527502 97.142500187212974
250.34284774524843 97.031000070107297
253.9841683149166 96.916999775443543
257.67845311188546 96.804000423276278
261.42647251858085 96.691500312080024
265.22900812289896 96.580999883089504
269.08685288119375 96.472500003314011
273.0008112836349 96.366000343151825
276.97169952197106 96.261500273438429
281.00034565973334 96.158999758062521
285.0875898049141 96.057999884869446
289.23428428515797 95.959499970567748
293.44129382550057 95.863999778205823
297.7094957286928 95.768500161259055
302.0397800581479 95.675000319744328
306.4330498235497 95.584999885918222
310.89022116916016 95.498500131325130
315.41222356486645 95.416000132702067
320.00000000000654 95.337499999999892
324.6545071800142 95.265500042861291
329.3767157259242 95.202499921097242
334.16761037677935 95.148499931457820
339.02819019498156 95.106000064000327
343.95946877463007 95.074000025612975
348.9624744528898 95.050999952444712
354.03825052443415 95.028499939357403
359.187855459007 94.999000065266614
364.4123631221491 94.962499925729077
369.71286299913527 94.918499972573400
375.0904604221685 94.867999938568246
380.54627680087896 94.816499901573707
386.08144985617537 94.772000008853809
391.6971338574982 94.734500066585056
397.3944998635236 94.702500005962662
403.1747359663683 94.674500037390544
409.0390475393468 94.647500066338921
414.9886574883323 94.619499952915561
421.0248065067734 94.593000019284489
427.1487533344206 94.568499961604488
433.3617750198154 94.544000045783974
439.6651671865984 94.516499972814742
446.06024430368984 94.488999991091219
452.54833995940066 94.464000000155863
459.13080713953053 94.441499972529684
465.8090185095106 94.421500007431703
472.58436670065066 94.402000039954856
479.45826460054917 94.384499976426326
486.432145647728 94.373500017169448
493.50746413055253 94.370000001812372
500.6856954904994 94.371999998538541
507.9683366298358 94.379500024068108
515.3569062237735 94.394499936321267
522.8529450371643 94.415499935912152
530.4580162458005 94.442000033249769
538.1737057623901 94.473499999018088
546.0016225672724 94.505499896407031
553.9433990439449 94.539999907977446
562.0006913194694 94.575500094798997
570.1751796098309 94.614000042718715
578.4685685703187 94.656500008054195
586.8825876510039 94.700000099345317
595.4189914573883 94.744999920219215
604.0795601162986 94.797499814341975
612.8660996471021 94.855500073120737
621.780442338323 94.918499893477289
630.8244471297356 94.992999865367835
640.0000000000159 95.077500000000157
649.3090143600314 95.168999933903450
658.7534314518515 95.266500139488798
668.3352207535618 95.366500165892745
678.0563803899662 95.469499833599201
687.9189375492632 95.569499925479022
697.9249489057827 95.662000184082387
708.0765010488715 95.744500185133973
718.3757109180171 95.824499834793869
728.8247262443015 95.908000162149420
739.425725998274 95.997500049815685
750.1809208443404 96.088500114593913
761.0925536017613 96.184500218575351
772.1628997123541 96.284999969521436
783.3942677149998 96.392499813514007
794.7889997270506 96.505999987199175
806.34947193274 96.625999840266672
818.0780950786972 96.756499664462382
829.9773149766683 96.891000227520763
842.0496130135506 97.030999893935402
854.2975066688449 97.182500273021404
866.7235500396347 97.339499721774331
879.3303343732008 97.499000159228018
892.1204886073838 97.663500071993383
905.0966799188055 97.828499998977520
918.2616142790653 97.988500205143225
931.6180370190256 98.146999940917965
945.1687334013056 98.303999671949683
958.9165292011028 98.453500266563964
972.8642912954606 98.604499693231077
987.0149282611097 98.766999704583640
1001.3713909810035 98.926999912064630
1015.9366732596762 99.086500305479802
1030.7138124475518 99.251499393067405
1045.7058900743334 99.412999543537836
1060.916032491606 99.574500172684367
1076.3474115247852 99.735499995059769
1092.0032451345498 99.892499494984264
1107.8867980878947 100.047499582748230
1124.0013826389438 100.204500382031895
1140.350359219667 100.359500154204213
1156.9371371406426 100.505500026972243
1173.765175302013 100.650500333232685
1190.837982914782 100.797499743649581
1208.1591202326028 100.941499508350148
1225.73219929421 101.082500166619454
1243.5608846766518 101.220499783139530
1261.648894259477 101.356999762208176
1280.0000000000375 101.492000000000260
1298.6180287200684 101.623499906896285
1317.5068629037087 101.752000180349199
1336.6704415071292 101.879500209805585
1356.112760779938 102.007999788639182
1375.8378750985323 102.135499898790385
1395.8498978115715 102.262000270709436
1416.153002097749 102.387000292933578
1436.7514218360407 102.512999734829862
1457.6494524886093 102.643500240491321
1478.8514519965543 102.774500071645065
1500.3618416886875 102.902500152398119
1522.1851072035295 103.032500292794268
1544.3257994247153 103.166499960348318
1566.788535430007 103.300499772452895
1589.5779994541087 103.434999978915499
1612.6989438654878 103.570999816181711
1636.156190157402 103.708999649210710
1659.9546299533442 103.851000239145947
1684.099226027109 103.995999897735487
1708.5950133376978 104.141000251333836
1733.4471000792773 104.289999734100832
1758.6606687464096 104.446500148135357
1784.2409772147755 104.606500063993821
1810.193359837619 104.769000005236151
1836.5232285581387 104.933000223102937
1863.2360740380593 105.101499936830578
1890.3374668026197 105.274999631994874
1917.833058402214 105.450500320964807
1945.7285825909298 105.627499649689696
1974.0298565222283 105.809499673001952
2002.7427819620161 105.997999894811556
2031.8733465193618 106.185500352560695
2061.4276248951132 106.373499304786350
2091.411780148677 106.564499461445337
2121.832064983222 106.751500201126873
2152.694823049581 106.932999994446135
2184.0064902691106 107.112999417289643
2215.7735961758003 107.291999520833514
2248.002765277899 107.465000411231827
2280.7007184393456 107.633500172958847
2313.874274281297 107.798500030156504
2347.530350604038 107.957000348987620
2381.6759658295764 108.108999739276811
2416.318240465218 108.258999492007121
2451.4643985884327 108.401500169304967
2487.1217693533167 108.537999786305420
2523.2977885189675 108.669499772699055
2560.0000000000887 108.796500000000293
2597.236057440151 108.916499916135635
2635.0137258074315 109.031000157805593
2673.340883014273 109.140000169145623
2712.225521559891 109.241499836525634
2751.6757501970797 109.334499928424606
2791.699795623158 109.419000173040928
2832.3060041955137 109.496000168729779
2873.502843672097 109.565499860107124
2915.2989049772345 109.627500103848547
2957.7029039931244 109.682000026283546
3000.723683377391 109.728500047493867
3044.370214407075 109.767500075061690
3088.6515988494466 109.799499991797830
3133.57707086003 109.823999962360645
3179.1559989082334 109.841999997519480
3225.3978877309914 109.852999986798082
3272.3123803148205 109.858499992374149
3319.9092599067053 109.860000001660737
3368.198452054235 109.860000000700438
3417.190026675413 109.857999996540116
3466.8942001585724 109.856000003481739
3517.3213374928373 109.855000000000004
3568.4819544295697 109.855500000395011
3620.386719675257 109.857500000051488
3673.0464571162966 109.861000001317166
3726.472148076138 109.862499999256826
3780.6749336052594 109.862500000000011
3835.6661168044484 109.860999990933195
3891.45716518188 109.854500015690348
3948.059713044477 109.841500026657457
4005.4855639240527 109.819500013357242
4063.746693038744 109.787499918929882
4122.855249790247 109.741000184761788
4182.823560297375 109.676500197376015
4243.664129966465 109.588999882860122
4305.389646099183 109.476000003682088
4368.012980538242 109.334500482354656
4431.5471923516225 109.160000489756186
4496.00553055582 108.946999402524142
4561.401436878714 108.693499700855440
4627.748548562617 108.400499935694725
4695.060701208099 108.074499206805839
4763.351931659176 107.718500630326588
4832.63648093046 107.339001314711993
4902.928797176889 106.945999518528396
4974.243538706657 106.548500630003133
5046.595577037959 106.149500692144088
5120.000000000202 105.752999999998934
5194.472114880326 105.358500280732287
5270.027451614888 104.961499443453349
5346.6817660285715 104.567499369123254
5424.451043119808 104.178000640687259
5503.351500394186 103.794500297193395
5583.399591246343 103.422999211458915
5664.612008391055 103.066999193846527
5747.005687344222 102.727500695413084
5830.597809954497 102.409999451606723
5915.405807986278 102.114499849271823
6001.447366754812 101.840499705769616
6088.740428814181 101.594499509891222
6177.303197698925 101.379500059208567
6267.154141720092 101.195000303066564
6358.3119978165005 101.040500022634745
6450.795775462017 100.919000149181613
6544.624760629676 100.831000203356041
6639.818519813445 100.776999951537277
6736.396904108505 100.757000007818334
6834.380053350861 100.773500075673425
6933.788400317181 100.827999886843173
7034.642674985712 100.921500117008264
7136.963908859177 101.054500065964859
7240.773439350552 101.227000002599709
7346.092914232631 101.437000311740121
7452.944296152315 101.678499907847126
7561.349867210557 101.941999431500065
7671.332233608935 102.215500495680743
7782.914330363799 102.483499479860939
7896.119426088994 102.721999594586123
8010.971127848146 102.904999909052520
8127.49338607753 103.005500045248453
8245.710499580537 103.001000121942752
8365.647120594791 102.874000446818428
8487.328259932974 102.623499627032317
8610.77929219841 102.256000015308160
8736.025961076528 101.792001569451344
8863.094384703289 101.261501457468711
8992.011061111683 100.699498616500392
9122.802873757471 100.140999436593276
9255.497097125279 99.622499904957451
9390.121402416245 99.173499136551357
9526.7038633184 98.815500583313167
9665.272961860968 98.558000790881351
9805.857594353829 98.412499936935689
9948.487077413367 98.393999976151377
10093.19115407597 98.520499713775052
10240.000000000457 98.813000000001338
10388.944229760706 99.306999607685711
10540.05490322983 100.059001379390651
10693.363532057198 101.115502101073062
10848.902086239672 102.468497673381108
11006.703000788428 103.909498905891610
11166.799182492743 104.806500120471583
11329.224016782166 104.504496790778134
11494.0113746885 102.774504344938165
11661.195619909053 99.898994393998535
11830.811615972614 97.020499175807828
12002.894733509682 95.881999328293404
12177.48085762842 95.237997864029637
12354.606395397908 94.312500245826172
12534.308283440243 93.683000945360845
12716.62399563306 92.926000134610206
12901.591550924093 91.818501512484232
13089.249521259411 90.786502501279074
13279.637039626952 89.955498857170227
13472.793808217073 89.316500417714849
13668.760106701786 88.859999441048473
13867.576800634426 88.577000419550643
14069.285349971487 88.462000008561589
14273.927817718419 88.513000072439979
14481.54687870117 88.735000006154536
14692.18582846533 89.129500700584586
14905.888592304698 89.710499765159000
15122.699734421185 90.489498243161918
15342.664467217943 91.390501479753084
15565.828660727671 92.080498880913098
15792.238852178061 91.888000903697758
16021.942255696367 90.099501236959071
16254.986772155136 86.582992164475669
16491.42099916115 82.878512006890475
16731.294241189662 80.951504360721117
16974.65651986603 79.436497697472305
17221.558584396902 77.236000089212894
17472.051922153143 75.674503558714406
17726.188769406665 76.594496547923825
17984.022122223458 77.777501459408626
18245.605747515034 78.084499250073975
18510.99419425065 76.931499470028911
18780.242804832582 73.691988487349803
19053.40772663689 68.242010112746968
19330.545923722028 62.805517784692327
19611.71518870775 58.425495050663145
19896.974154826825 54.487506020443782
20186.382308152035 52.022003143269728
