20 101.525955823293174
20.290906698750476 101.557552619868432
20.586044732869844 101.582198661018225
20.885475648548283 101.598227186879669
21.189261887185914 101.609169015605431
21.49746679841394 101.618090152793215
21.810154653305165 101.625494305580247
22.12739065777668 101.632188127898019
22.449240966187475 101.638730255113657
22.77577269513385 101.646168468087581
23.107053937445478 101.655167815720347
23.44315377638505 101.666038169358458
23.784142300054445 101.678502648638414
24.130090616010463 101.692136609537755
24.481070866093134 101.706662859186025
24.837156241469714 101.721477749047708
25.1984209978975 101.736130827290580
25.56494047120865 101.750089666185403
25.936791093020236 101.762711471981675
26.3140504066728 101.773387183228834
26.69679708340074 101.782060420636213
27.08511093873791 101.789375487154189
27.47907294916184 101.796201640029636
27.878765268980047 101.802589815878150
28.284271247461966 101.808454319527016
28.695675446220072 101.813829953296931
29.11306365684382 101.818757092151230
29.536522918790062 101.823259059152178
29.966141537533712 101.827513798682162
30.402009102982383 101.831292458933859
30.844216508158908 101.834499644873603
31.29285596815558 101.837181770080861
31.74802103936409 101.839229254330689
32.20980663898519 101.838659981399530
32.67830906482211 101.833443401753499
33.153626015361866 101.825552476172732
33.63585661014871 101.816867519264449
34.125101410453844 101.807549796628535
34.62146244024586 101.797594283624619
35.12504320746613 101.786534505096583
35.635948725613716 101.773856049475881
36.15428553564419 101.760001232066116
36.68016172818701 101.745643739807065
37.21368696608603 101.731136224144763
37.754972507267915 101.716585448850168
38.30413122794313 101.701599121412883
38.86127764614443 101.685579662002795
39.4265279456077 101.668522743580411
40.000000000000206 101.651229940119748
40.58181339750116 101.634106544087558
41.1720894657399 101.617668486289745
41.77095129709678 101.602003267982553
42.37852377437204 101.586950601749308
42.9949335968281 101.572478311939037
43.62030930661056 101.558102584184155
44.25478131555359 101.542633644173833
44.89848193237519 101.526141778759253
45.55154539026795 101.509370584227327
46.21410787489121 101.491936197073187
46.88630755277036 101.466227322961856
47.56828460010916 101.421168941980810
48.260181232021196 101.362354837321774
48.962141732186545 101.304930965346045
49.674312482939705 101.265035150678145
50.39684199579528 101.252190915953037
51.129880942417586 101.260111947668804
51.873582186040764 101.271775001022093
52.628100813345895 101.272037185262448
53.393594166801776 101.256834477138511
54.17022187747612 101.231771019807894
54.95814589832399 101.205656774827673
55.75753053796041 101.185345108479879
56.56854249492426 101.173833780760731
57.39135089244048 101.167418340602552
58.226127313687975 101.156116584404543
59.073045837580466 101.132610809534313
59.932283075067765 101.098818618342719
60.804018205965114 101.061693616143842
61.68843301631817 101.024459200618708
62.58571193631152 100.987663898868334
63.49604207872855 100.951947276156801
64.41961327797075 100.921027168860689
65.35661812964459 100.898197698842580
66.3072520307241 100.881095799487937
67.27171322029778 100.863657162587074
68.25020282090806 100.842906475498808
69.2429248804921 100.818934705372612
70.25008641493265 100.791393484681365
71.27189745122783 100.758741197586659
72.30857107128878 100.720936914397811
73.36032345637442 100.678683429552279
74.42737393217246 100.632063682350434
75.50994501453623 100.579456191506594
76.60826245588666 100.516720594027177
77.72255529228926 100.444247048669126
78.85305589121582 100.372837775995180
80.00000000000082 100.314286022044044
81.16362679500274 100.262189565700908
82.34417893148023 100.195189975782981
83.541902594194 100.106580753413198
84.75704754874454 100.011621295074804
85.98986719365665 99.918981689908406
87.24061861322157 99.829152120820865
88.50956263110764 99.742581261018472
89.79696386475084 99.658143450545793
91.10309078053635 99.571186312958631
92.42821574978288 99.479027712677123
93.77261510554118 99.382044136619925
95.13656920021877 99.280194311690735
96.52036246404286 99.173456126763142
97.92428346437356 99.061534875316696
99.34862496587989 98.940628328148591
100.79368399159105 98.806691527336341
102.25976188483567 98.672269350179306
103.74716437208203 98.559235182897467
105.25620162669229 98.485429117669270
106.78718833360406 98.462650004756824
108.34044375495276 98.502957989772966
109.9162917966485 98.620488247221544
111.51506107592134 98.811204017524361
113.13708498984903 99.045850382745954
114.78270178488147 99.281499101926613
116.45225462737648 99.492934453986123
118.14609167516147 99.677423194301525
119.86456615013608 99.829550977169475
121.60803641193078 99.939208539357793
123.3768660326369 100.004966213130515
125.17142387262359 100.030683658681752
126.99208415745765 100.027544672137253
128.83922655594208 100.008596189476194
130.71323625928977 99.982283670299324
132.61450406144883 99.948124671729147
134.5434264405962 99.904443757733617
136.50040564181674 99.853694375702375
138.48584976098482 99.801397406560184
140.50017282986593 99.749028982648170
142.5437949024563 99.692190037412075
144.61714214257822 99.626792427246954
146.7206469127495 99.551260378641203
148.8547478643456 99.471208840571222
151.01989002907314 99.393743396295918
153.216524911774 99.318869378630836
155.4451105845792 99.246531910347841
157.70611178243232 99.181329511551553
160.00000000000236 99.122997364495205
162.3272535900062 99.067009635581599
164.6883578629612 99.011800468342898
167.08380518838874 98.958218393952123
169.51409509748981 98.906808943330503
171.97973438731407 98.852671881290917
174.4812372264439 98.794212389218899
177.01912526221608 98.742474275670773
179.5939277295025 98.693850016232602
182.20618156107355 98.642687270281328
184.85643149956664 98.591392272549356
187.54523021108326 98.540841683166803
190.27313840043846 98.490678465909127
193.04072492808663 98.434897244119000
195.84856692874806 98.370252592473562
198.69724993176072 98.302965129210179
201.58736798318304 98.232453998679205
204.5195237696723 98.155611297525596
207.49432874416505 98.077467012517104
210.5124032533856 98.002507173407650
213.57437666720915 97.932546161745208
216.68088750990657 97.860385936793193
219.83258359329807 97.778544727753811
223.03012215184378 97.691266205624942
226.2741699796992 97.606604687576862
229.5654035697641 97.526362308713686
232.90450925475412 97.443816186582254
236.2921833503241 97.360388738922993
239.72913230027333 97.283995022549277
243.21607282386276 97.213285101552984
246.75373206527502 97.142929702533678
250.34284774524843 97.071366451422591
253.9841683149166 97.005345062545388
257.67845311188546 96.949358595394301
261.42647251858085 96.892724174620298
265.22900812289896 96.833345773230434
269.08685288119375 96.771258296673352
273.0008112836349 96.708659400719540
276.97169952197106 96.644443366247259
281.00034565973334 96.572470741245994
285.0875898049141 96.496246204384278
289.23428428515797 96.419204721987882
293.44129382550057 96.333935901686232
297.7094957286928 96.247927851605596
302.0397800581479 96.168467506404482
306.4330498235497 96.092138057128295
310.89022116916016 96.003688749010010
315.41222356486645 95.909370794067698
320.00000000000654 95.820686622532975
324.6545071800142 95.733057258551185
329.3767157259242 95.643710889035020
334.16761037677935 95.553739699377104
339.02819019498156 95.476231696523371
343.95946877463007 95.410928020034021
348.9624744528898 95.349106716109816
354.03825052443415 95.292568779681218
359.187855459007 95.235926118882929
364.4123631221491 95.172938390164035
369.71286299913527 95.102677264052772
375.0904604221685 95.023047271369990
380.54627680087896 94.937833886284167
386.08144985617537 94.841397634066567
391.6971338574982 94.744614435708371
397.3944998635236 94.656503344807149
403.1747359663683 94.567827878619141
409.0390475393468 94.478520963349638
414.9886574883323 94.395815762149709
421.0248065067734 94.321148361934803
427.1487533344206 94.237488277178841
433.3617750198154 94.154710472461886
439.6651671865984 94.100266789087925
446.06024430368984 94.057502873245014
452.54833995940066 94.000239243989355
459.13080713953053 93.959179720148796
465.8090185095106 93.930526812787548
472.58436670065066 93.903662548726913
479.45826460054917 93.878483141278650
486.432145647728 93.852800317891564
493.50746413055253 93.830497218587851
500.6856954904994 93.817349604394479
507.9683366298358 93.821191067618315
515.3569062237735 93.841031399125313
522.8529450371643 93.871843389409150
530.4580162458005 93.908181920441905
538.1737057623901 93.954288032464092
546.0016225672724 94.007724415896774
553.9433990439449 94.064947780068209
562.0006913194694 94.127574512365356
570.1751796098309 94.191127836964625
578.4685685703187 94.251874137121405
586.8825876510039 94.315981661718467
595.4189914573883 94.377951213209656
604.0795601162986 94.440740235723453
612.8660996471021 94.501621423967464
621.780442338323 94.567935192498496
630.8244471297356 94.643150596393951
640.0000000000159 94.719351412252195
649.3090143600314 94.797645505327168
658.7534314518515 94.879940416844136
668.3352207535618 94.956450691334510
678.0563803899662 95.030168115688184
687.9189375492632 95.105069030958930
697.9249489057827 95.176937773475544
708.0765010488715 95.240118882035716
718.3757109180171 95.299304679808614
728.8247262443015 95.365331162794661
739.425725998274 95.438866201305700
750.1809208443404 95.515375952681779
761.0925536017613 95.591921698210541
772.1628997123541 95.665277816242536
783.3942677149998 95.739259036891028
794.7889997270506 95.815159824773460
806.34947193274 95.892349055143939
818.0780950786972 95.969654271198209
829.9773149766683 96.047719211532012
842.0496130135506 96.125971990936250
854.2975066688449 96.204455084556059
866.7235500396347 96.284752836967755
879.3303343732008 96.365760199646473
892.1204886073838 96.450442489355595
905.0966799188055 96.537380008476973
918.2616142790653 96.627257662853211
931.6180370190256 96.722542568985489
945.1687334013056 96.817885056661808
958.9165292011028 96.908662650609585
972.8642912954606 97.002153742030941
987.0149282611097 97.097870737289952
1001.3713909810035 97.194891067369497
1015.9366732596762 97.297277038191282
1030.7138124475518 97.402899555350487
1045.7058900743334 97.503901811431604
1060.916032491606 97.608079156757000
1076.3474115247852 97.721852616298776
1092.0032451345498 97.838337074515607
1107.8867980878947 97.960970760199359
1124.0013826389438 98.090716972897297
1140.350359219667 98.218922274499590
1156.9371371406426 98.347716648013403
1173.765175302013 98.479488600027480
1190.837982914782 98.610297359057142
1208.1591202326028 98.741914894667502
1225.73219929421 98.877175868809218
1243.5608846766518 99.010437316005010
1261.648894259477 99.136413188462740
1280.0000000000375 99.263587404223770
1298.6180287200684 99.392829864797761
1317.5068629037087 99.519997272153674
1336.6704415071292 99.644840289795880
1356.112760779938 99.767206286681429
1375.8378750985323 99.889533703657207
1395.8498978115715 100.012451744092914
1416.153002097749 100.132297227959953
1436.7514218360407 100.248310511610498
1457.6494524886093 100.363425284648599
1478.8514519965543 100.479927239965861
1500.3618416886875 100.595222341725147
1522.1851072035295 100.708670802707275
1544.3257994247153 100.820478756352742
1566.788535430007 100.933292691266246
1589.5779994541087 101.048734260498236
1612.6989438654878 101.162339058629328
1636.156190157402 101.272120142889946
1659.9546299533442 101.384914083768365
1684.099226027109 101.500329427430756
1708.5950133376978 101.615362184423304
1733.4471000792773 101.730792725965259
1758.6606687464096 101.846273363548164
1784.2409772147755 101.960886557415819
1810.193359837619 102.078260500576121
1836.5232285581387 102.197672975203460
1863.2360740380593 102.314597466248117
1890.3374668026197 102.432615328857651
1917.833058402214 102.554311715931078
1945.7285825909298 102.677397338964255
1974.0298565222283 102.799769842989406
2002.7427819620161 102.920651260655291
2031.8733465193618 103.042852828011050
2061.4276248951132 103.166412661948016
2091.411780148677 103.290060310958040
2121.832064983222 103.413722349201237
2152.694823049581 103.539069032605511
2184.0064902691106 103.665205581457471
2215.7735961758003 103.789593138274114
2248.002765277899 103.915263185795766
2280.7007184393456 104.043980769051757
2313.874274281297 104.173239415773139
2347.530350604038 104.301786264424251
2381.6759658295764 104.431375120880517
2416.318240465218 104.562744704369607
2451.4643985884327 104.691841401543840
2487.1217693533167 104.817899656029795
2523.2977885189675 104.943520348363350
2560.0000000000887 105.068510830438214
2597.236057440151 105.193716888346231
2635.0137258074315 105.319623691163471
2673.340883014273 105.441927576524577
2712.225521559891 105.560797590648008
2751.6757501970797 105.676380804835986
2791.699795623158 105.788274457209013
2832.3060041955137 105.896494470271676
2873.502843672097 106.000235335292047
2915.2989049772345 106.095440151653349
2957.7029039931244 106.181311689269023
3000.723683377391 106.256597440304887
3044.370214407075 106.321663850053795
3088.6515988494466 106.375957891170259
3133.57707086003 106.417817804857606
3179.1559989082334 106.447851730099842
3225.3978877309914 106.463635287127346
3272.3123803148205 106.466250593071862
3319.9092599067053 106.454157388144949
3368.198452054235 106.426828887924017
3417.190026675413 106.386415953561368
3466.8942001585724 106.332641499230760
3517.3213374928373 106.261542325017246
3568.4819544295697 106.176442953731168
3620.386719675257 106.076871078320195
3673.0464571162966 105.960139879205045
3726.472148076138 105.827499389525059
3780.6749336052594 105.678853336395264
3835.6661168044484 105.513303299512330
3891.45716518188 105.334733305663605
3948.059713044477 105.146107844475040
4005.4855639240527 104.943157110585119
4063.746693038744 104.722083154917584
4122.855249790247 104.486022584073766
4182.823560297375 104.242373466845606
4243.664129966465 103.993418925290442
4305.389646099183 103.742587190395668
4368.012980538242 103.492227794322162
4431.5471923516225 103.250491074431210
4496.00553055582 103.012697642797036
4561.401436878714 102.775125854807470
4627.748548562617 102.550874387457682
4695.060701208099 102.346453978318891
4763.351931659176 102.153826285394601
4832.63648093046 101.973316754208625
4902.928797176889 101.805593164948135
4974.243538706657 101.649748863563474
5046.595577037959 101.501183756400025
5120.000000000202 101.357826595628637
5194.472114880326 101.219521650884275
5270.027451614888 101.085697040547672
5346.6817660285715 100.961276630028195
5424.451043119808 100.847210106058270
5503.351500394186 100.744074696368671
5583.399591246343 100.656943246627918
5664.612008391055 100.588650826993700
5747.005687344222 100.538256259266177
5830.597809954497 100.508452544027904
5915.405807986278 100.501401374864002
6001.447366754812 100.516362870308541
6088.740428814181 100.554312085858527
6177.303197698925 100.621920081047932
6267.154141720092 100.719791365988954
6358.3119978165005 100.842696894631814
6450.795775462017 100.990300068867867
6544.624760629676 101.162550806376203
6639.818519813445 101.354683065168118
6736.396904108505 101.564175797387719
6834.380053350861 101.786638542244305
6933.788400317181 102.004570052422054
7034.642674985712 102.198243913581251
7136.963908859177 102.348241187906751
7240.773439350552 102.432916011251351
7346.092914232631 102.431508297886126
7452.944296152315 102.318337747152725
7561.349867210557 102.091073031734908
7671.332233608935 101.752404080170322
7782.914330363799 101.314217213833302
7896.119426088994 100.790701846929181
8010.971127848146 100.201368935302654
8127.49338607753 99.581907074229377
8245.710499580537 98.960819838604152
8365.647120594791 98.347563546783334
8487.328259932974 97.751525056478158
8610.77929219841 97.188796354446595
8736.025961076528 96.663721050637491
8863.094384703289 96.175394803078689
8992.011061111683 95.732292945085902
9122.802873757471 95.331744478800886
9255.497097125279 94.977492004418110
9390.121402416245 94.670707945007393
9526.7038633184 94.411938243475760
9665.272961860968 94.206904434931516
9805.857594353829 94.059703258889371
9948.487077413367 93.968897996059667
10093.19115407597 93.927900036555400
10240.000000000457 93.941292613680844
10388.944229760706 94.010814430574982
10540.05490322983 94.135431436766538
10693.363532057198 94.307291665085700
10848.902086239672 94.514893400869667
11006.703000788428 94.745749889717473
11166.799182492743 94.999334966080752
11329.224016782166 95.271479230389659
11494.0113746885 95.556766784999553
11661.195619909053 95.850894311529032
11830.811615972614 96.151523782441728
12002.894733509682 96.456544719672479
12177.48085762842 96.761525234002690
12354.606395397908 97.058721717740184
12534.308283440243 97.330683550389210
12716.62399563306 97.553224382863775
12901.591550924093 97.689621989708229
13089.249521259411 97.664865254792659
13279.637039626952 97.433698475825366
13472.793808217073 96.970505099586035
13668.760106701786 96.265174661125684
13867.576800634426 95.322406936698741
14069.285349971487 94.160132075896485
14273.927817718419 92.823944245592358
14481.54687870117 91.421438067322157
14692.18582846533 90.044599432569782
14905.888592304698 88.744737936953243
15122.699734421185 87.561069912212474
15342.664467217943 86.525602569520260
15565.828660727671 85.657376734993278
15792.238852178061 84.985423853494609
16021.942255696367 84.506631516351860
16254.986772155136 84.247479886876192
16491.42099916115 84.251244640284654
16731.294241189662 84.540826845101748
16974.65651986603 85.173432987608891
17221.558584396902 86.283955796029332
17472.051922153143 87.960285266349644
17726.188769406665 89.785559736975813
17984.022122223458 90.969470641023463
18245.605747515034 90.914525727864913
18510.99419425065 89.110823820635062
18780.242804832582 86.950710478479550
19053.40772663689 88.196234189367942
19330.545923722028 88.128790454148458
19611.71518870775 86.283925063880247
19896.974154826825 83.151751131037784
20186.382308152035 79.500772492038635
