20 100.009000000000000
20.290906698750476 100.022575691193992
20.586044732869844 100.035395273773446
20.885475648548283 100.047419025941934
21.189261887185914 100.057642030766104
21.49746679841394 100.068167678867653
21.810154653305165 100.078355446088452
22.12739065777668 100.088821719733289
22.449240966187475 100.098477224061540
22.77577269513385 100.108273158431203
23.107053937445478 100.117854781181151
23.44315377638505 100.126340266981430
23.784142300054445 100.133682846001093
24.130090616010463 100.140601820992956
24.481070866093134 100.147168741812919
24.837156241469714 100.153285928310922
25.1984209978975 100.158480262473716
25.56494047120865 100.162649408835605
25.936791093020236 100.166025935567987
26.3140504066728 100.168380165956137
26.69679708340074 100.169983985417005
27.08511093873791 100.172234068811363
27.47907294916184 100.174395363234211
27.878765268980047 100.175696913172445
28.284271247461966 100.176000000000002
28.695675446220072 100.175608649107559
29.11306365684382 100.174321618058940
29.536522918790062 100.171634770812091
29.966141537533712 100.167338584624659
30.402009102982383 100.162973212049522
30.844216508158908 100.156476222297783
31.29285596815558 100.148625020557276
31.74802103936409 100.139543537133989
32.20980663898519 100.127705800830441
32.67830906482211 100.112580873666403
33.153626015361866 100.094547707354806
33.63585661014871 100.074294022373749
34.125101410453844 100.053245335119115
34.62146244024586 100.030169802868201
35.12504320746613 100.005747839626693
35.635948725613716 99.980202563719317
36.15428553564419 99.953668581075220
36.68016172818701 99.924910943221533
37.21368696608603 99.894606155967011
37.754972507267915 99.863065917337281
38.30413122794313 99.830960446779301
38.86127764614443 99.798121793075907
39.4265279456077 99.763500168956739
40.000000000000206 99.727999999999980
40.58181339750116 99.690182003102422
41.1720894657399 99.651814240655710
41.77095129709678 99.610984932981495
42.37852377437204 99.568503323646354
42.9949335968281 99.524529640659452
43.62030930661056 99.479711209470196
44.25478131555359 99.431995264686279
44.89848193237519 99.382783077794826
45.55154539026795 99.330876374669458
46.21410787489121 99.277800911637286
46.88630755277036 99.220602134616627
47.56828460010916 99.161951944058984
48.260181232021196 99.100463418654044
48.962141732186545 99.034534936680544
49.674312482939705 98.963197303282342
50.39684199579528 98.884851272781873
51.129880942417586 98.802299260439057
51.873582186040764 98.718372330166417
52.628100813345895 98.637584588846096
53.393594166801776 98.566036447325914
54.17022187747612 98.510844437223597
54.95814589832399 98.475637669863190
55.75753053796041 98.455152482508950
56.56854249492426 98.446020202535536
57.39135089244048 98.446913508924411
58.226127313687975 98.458879310155893
59.073045837580466 98.482360108528695
59.932283075067765 98.521885021453116
60.804018205965114 98.581344502876291
61.68843301631817 98.658228136880325
62.58571193631152 98.738267609841387
63.49604207872855 98.803762524723709
64.41961327797075 98.839035359335654
65.35661812964459 98.835658074240314
66.3072520307241 98.803480910648133
67.27171322029778 98.759957765425696
68.25020282090806 98.711739250491874
69.2429248804921 98.658396206692444
70.25008641493265 98.601244901518967
71.27189745122783 98.540686152926327
72.30857107128878 98.478177164651385
73.36032345637442 98.414020269161171
74.42737393217246 98.349784938001832
75.50994501453623 98.286253133118223
76.60826245588666 98.222446278053582
77.72255529228926 98.158331497212387
78.85305589121582 98.094037872835131
80.00000000000082 98.029999999999959
81.16362679500274 97.965030674855697
82.34417893148023 97.901390345865650
83.541902594194 97.837699143771673
84.75704754874454 97.772957496460705
85.98986719365665 97.705557168241810
87.24061861322157 97.636365705193029
88.50956263110764 97.565458117570572
89.79696386475084 97.492505380997443
91.10309078053635 97.418491366164687
92.42821574978288 97.342141389493932
93.77261510554118 97.263601134750360
95.13656920021877 97.184033443404175
96.52036246404286 97.103024550919272
97.92428346437356 97.019869422026900
99.34862496587989 96.935539785868244
100.79368399159105 96.849908083165602
102.25976188483567 96.764440318602752
103.74716437208203 96.680906018241174
105.25620162669229 96.598444087103715
106.78718833360406 96.513392661095779
108.34044375495276 96.422013078866200
109.9162917966485 96.324159008035323
111.51506107592134 96.222174600584196
113.13708498984903 96.115826173183024
114.78270178488147 96.006486583891032
116.45225462737648 95.894302737298403
118.14609167516147 95.781279277213699
119.86456615013608 95.666934541498279
121.60803641193078 95.551037544010967
123.3768660326369 95.425996681459608
125.17142387262359 95.288143264372621
126.99208415745765 95.127072145303956
128.83922655594208 94.946679554245961
130.71323625928977 94.753924270473050
132.61450406144883 94.549868293087002
134.5434264405962 94.329603966789350
136.50040564181674 94.096200714519270
138.48584976098482 93.858127277486744
140.50017282986593 93.640318239525044
142.5437949024563 93.461841911852147
144.61714214257822 93.371060022508786
146.7206469127495 93.459485779704565
148.8547478643456 93.736390935230233
151.01989002907314 94.210225999931154
153.216524911774 94.836122722649947
155.4451105845792 95.508645725134883
157.70611178243232 96.103871250745925
160.00000000000236 96.581000000000344
162.3272535900062 96.918917221268899
164.6883578629612 97.133074119359847
167.08380518838874 97.245852773761627
169.51409509748981 97.279918398818921
171.97973438731407 97.257867506087464
174.4812372264439 97.195525357659562
177.01912526221608 97.107503840455337
179.5939277295025 97.004567748636305
182.20618156107355 96.894457901810483
184.85643149956664 96.781144731818557
187.54523021108326 96.668136515303374
190.27313840043846 96.556183719342627
193.04072492808663 96.448101322646423
195.84856692874806 96.346469870879574
198.69724993176072 96.249251302265549
201.58736798318304 96.154145979216025
204.5195237696723 96.059375239370482
207.49432874416505 95.966173918512268
210.5124032533856 95.874627902398430
213.57437666720915 95.783555888317323
216.68088750990657 95.694594705967660
219.83258359329807 95.606603951184312
223.03012215184378 95.520944232438183
226.2741699796992 95.435871580527817
229.5654035697641 95.352009776232634
232.90450925475412 95.269355438382732
236.2921833503241 95.189425874617712
239.72913230027333 95.112094523243840
243.21607282386276 95.038840598140652
246.75373206527502 94.970740657743448
250.34284774524843 94.908514436076032
253.9841683149166 94.850253306961335
257.67845311188546 94.795742816599684
261.42647251858085 94.739602912221287
265.22900812289896 94.681278618002892
269.08685288119375 94.618581402940507
273.0008112836349 94.554987019461848
276.97169952197106 94.492910356931418
281.00034565973334 94.437596059479034
285.0875898049141 94.391299281560677
289.23428428515797 94.358125725718736
293.44129382550057 94.331352237047000
297.7094957286928 94.306284924773593
302.0397800581479 94.279741429622035
306.4330498235497 94.248346618019454
310.89022116916016 94.209960564769858
315.41222356486645 94.164383096073493
320.00000000000654 94.112999999999914
324.6545071800142 94.056215012403840
329.3767157259242 93.995102695562977
334.16761037677935 93.930320498875801
339.02819019498156 93.865022251387245
343.95946877463007 93.798151224665034
348.9624744528898 93.731695337221865
354.03825052443415 93.666310393287247
359.187855459007 93.603745734491909
364.4123631221491 93.544581533031931
369.71286299913527 93.484273361809855
375.0904604221685 93.416707708254748
380.54627680087896 93.338767474273155
386.08144985617537 93.256778252157360
391.6971338574982 93.171368708673143
397.3944998635236 93.085561402019849
403.1747359663683 93.000966328487650
409.0390475393468 92.919479366142042
414.9886574883323 92.846626658046958
421.0248065067734 92.790962124022087
427.1487533344206 92.758060618886901
433.3617750198154 92.762415245929105
439.6651671865984 92.813124220747724
446.06024430368984 92.907518137972573
452.54833995940066 93.048198830993130
459.13080713953053 93.225252715212505
465.8090185095106 93.417096373194056
472.58436670065066 93.608052448560883
479.45826460054917 93.784545930184919
486.432145647728 93.940961487731840
493.50746413055253 94.065486165685257
500.6856954904994 94.160771242968679
507.9683366298358 94.232687324219626
515.3569062237735 94.282733544515480
522.8529450371643 94.317985307630067
530.4580162458005 94.344316796706678
538.1737057623901 94.366446671960432
546.0016225672724 94.386861778763631
553.9433990439449 94.410073122012321
562.0006913194694 94.436002419618148
570.1751796098309 94.464770790283254
578.4685685703187 94.501261701709396
586.8825876510039 94.543789455785216
595.4189914573883 94.591972049598596
604.0795601162986 94.643477360697787
612.8660996471021 94.696196597882619
621.780442338323 94.750651288649692
630.8244471297356 94.804029127491390
640.0000000000159 94.860000000000099
649.3090143600314 94.919577691904209
658.7534314518515 94.981772647582218
668.3352207535618 95.048346545274939
678.0563803899662 95.118811576846753
687.9189375492632 95.193975819129321
697.9249489057827 95.274984581027411
708.0765010488715 95.360650258915399
718.3757109180171 95.449868684986754
728.8247262443015 95.541657590949853
739.425725998274 95.635888961384637
750.1809208443404 95.729567980650941
761.0925536017613 95.824135464548590
772.1628997123541 95.918775528313176
783.3942677149998 96.011445567522316
794.7889997270506 96.102180497861895
806.34947193274 96.190091916834490
818.0780950786972 96.275014211326166
829.9773149766683 96.358075464071035
842.0496130135506 96.439322484588075
854.2975066688449 96.516068788901592
866.7235500396347 96.585707800207331
879.3303343732008 96.651517738740651
892.1204886073838 96.721349435441837
905.0966799188055 96.804225099391047
918.2616142790653 96.915244504332691
931.6180370190256 97.046707609502334
945.1687334013056 97.179505572862283
958.9165292011028 97.302276586409548
972.8642912954606 97.418421474508790
987.0149282611097 97.531195200838027
1001.3713909810035 97.637148293259415
1015.9366732596762 97.745118716773533
1030.7138124475518 97.857404579960033
1045.7058900743334 97.970367703038917
1060.916032491606 98.080900778103427
1076.3474115247852 98.197509809893319
1092.0032451345498 98.319274744150945
1107.8867980878947 98.440824842119170
1124.0013826389438 98.569567154360030
1140.350359219667 98.706390463562258
1156.9371371406426 98.843073719202565
1173.765175302013 98.981121402416107
1190.837982914782 99.114785944841202
1208.1591202326028 99.248193401744516
1225.73219929421 99.380127975642154
1243.5608846766518 99.513495278220262
1261.648894259477 99.639212480964446
1280.0000000000375 99.760000000000247
1298.6180287200684 99.879687327486153
1317.5068629037087 100.000542550002990
1336.6704415071292 100.113522082816701
1356.112760779938 100.228065288601641
1375.8378750985323 100.346819144346128
1395.8498978115715 100.468684376650586
1416.153002097749 100.594148613006041
1436.7514218360407 100.722533957567066
1457.6494524886093 100.853120627329830
1478.8514519965543 100.983108711979327
1500.3618416886875 101.112286839472503
1522.1851072035295 101.250209877526302
1544.3257994247153 101.387046924456243
1566.788535430007 101.524745836831642
1589.5779994541087 101.664800476637311
1612.6989438654878 101.808241409720651
1636.156190157402 101.956399617007378
1659.9546299533442 102.107116890908870
1684.099226027109 102.259962984655658
1708.5950133376978 102.420070888562307
1733.4471000792773 102.583061440507365
1758.6606687464096 102.744774706726872
1784.2409772147755 102.911729727794693
1810.193359837619 103.085907112502312
1836.5232285581387 103.260670521056738
1863.2360740380593 103.433240316805097
1890.3374668026197 103.611454278241496
1917.833058402214 103.800118086479401
1945.7285825909298 103.992612648225602
1974.0298565222283 104.182519441568473
2002.7427819620161 104.372468065210910
2031.8733465193618 104.568613866563695
2061.4276248951132 104.767517499300752
2091.411780148677 104.967505986334416
2121.832064983222 105.172183232138423
2152.694823049581 105.376785832127240
2184.0064902691106 105.583242511262682
2215.7735961758003 105.790922715047103
2248.002765277899 105.999150662408169
2280.7007184393456 106.202274382479999
2313.874274281297 106.403245645687775
2347.530350604038 106.602260378523553
2381.6759658295764 106.795301610354144
2416.318240465218 106.985118498512179
2451.4643985884327 107.167931822836294
2487.1217693533167 107.339618687735040
2523.2977885189675 107.495850711779667
2560.0000000000887 107.642000000000337
2597.236057440151 107.775309890988510
2635.0137258074315 107.893038432260809
2673.340883014273 107.987516986782111
2712.225521559891 108.065005938807801
2751.6757501970797 108.120178475256196
2791.699795623158 108.154774846717373
2832.3060041955137 108.166168960671286
2873.502843672097 108.159128805657716
2915.2989049772345 108.133619029321395
2957.7029039931244 108.090678108649215
3000.723683377391 108.032824014511746
3044.370214407075 107.961279287880828
3088.6515988494466 107.880561962186050
3133.57707086003 107.791667004736937
3179.1559989082334 107.693273682423722
3225.3978877309914 107.589600773727966
3272.3123803148205 107.481789030063325
3319.9092599067053 107.368819591025783
3368.198452054235 107.250867838905506
3417.190026675413 107.129368733844970
3466.8942001585724 107.006440267609918
3517.3213374928373 106.882389509767620
3568.4819544295697 106.756904031191851
3620.386719675257 106.630664138385882
3673.0464571162966 106.505071290347857
3726.472148076138 106.383231831270976
3780.6749336052594 106.267020852766180
3835.6661168044484 106.154607733399374
3891.45716518188 106.048036029848745
3948.059713044477 105.942613784454650
4005.4855639240527 105.840125984936705
4063.746693038744 105.735068617878326
4122.855249790247 105.625289500419498
4182.823560297375 105.504828503921445
4243.664129966465 105.371848401644726
4305.389646099183 105.285993460071069
4368.012980538242 105.250026626721905
4431.5471923516225 105.189211298858424
4496.00553055582 105.089524300092165
4561.401436878714 104.986897844681934
4627.748548562617 104.887635462108165
4695.060701208099 104.788193795313461
4763.351931659176 104.684018393107010
4832.63648093046 104.574276171274050
4902.928797176889 104.457961867575776
4974.243538706657 104.337785984198675
5046.595577037959 104.215369963748444
5120.000000000202 104.092142857142520
5194.472114880326 103.968938668410900
5270.027451614888 103.846956077416181
5346.6817660285715 103.723725652278929
5424.451043119808 103.600148360811730
5503.351500394186 103.477686256534682
5583.399591246343 103.356108118239902
5664.612008391055 103.237312587832974
5747.005687344222 103.123482435832187
5830.597809954497 103.015976649955050
5915.405807986278 102.915669843534545
6001.447366754812 102.824679277836225
6088.740428814181 102.746132520217429
6177.303197698925 102.680057898654994
6267.154141720092 102.626065222053953
6358.3119978165005 102.583508960917072
6450.795775462017 102.552793098379880
6544.624760629676 102.531967543086665
6639.818519813445 102.515629036829850
6736.396904108505 102.497264743013957
6834.380053350861 102.466872776525619
6933.788400317181 102.411982931755773
7034.642674985712 102.317350229517999
7136.963908859177 102.168834603142074
7240.773439350552 101.960997886313208
7346.092914232631 101.692557052721654
7452.944296152315 101.368989923428032
7561.349867210557 100.995629229148577
7671.332233608935 100.577486475557905
7782.914330363799 100.116683320712568
7896.119426088994 99.615373025932470
8010.971127848146 99.074241473544078
8127.49338607753 98.502705993906460
8245.710499580537 97.914348513626095
8365.647120594791 97.326329109085520
8487.328259932974 96.744401960986153
8610.77929219841 96.179031059728914
8736.025961076528 95.646120933907000
8863.094384703289 95.148383990456281
8992.011061111683 94.689440622442405
9122.802873757471 94.269979468940164
9255.497097125279 93.892426398636815
9390.121402416245 93.564082435006426
9526.7038633184 93.291825964553041
9665.272961860968 93.075841656686293
9805.857594353829 92.920595229306045
9948.487077413367 92.835600248550435
10093.19115407597 92.836016956454685
10240.000000000457 92.920200000000364
10388.944229760706 93.096063185372429
10540.05490322983 93.382867355653758
10693.363532057198 93.789845749077500
10848.902086239672 94.343399441851531
11006.703000788428 95.060843341333722
11166.799182492743 95.960795094956453
11329.224016782166 97.144256261157494
11494.0113746885 98.549501613883933
11661.195619909053 100.155606902669462
11830.811615972614 101.680437827016519
12002.894733509682 102.833394714514867
12177.48085762842 103.362011923052464
12354.606395397908 102.808385464931675
12534.308283440243 101.738001708529367
12716.62399563306 100.392304671179957
12901.591550924093 99.304426108805174
13089.249521259411 98.394553035493644
13279.637039626952 97.838757144172632
13472.793808217073 97.672926390136439
13668.760106701786 97.816359971256375
13867.576800634426 98.160126297249818
14069.285349971487 98.394440615844275
14273.927817718419 98.315994336541266
14481.54687870117 97.365587168327934
14692.18582846533 95.479596822016987
14905.888592304698 93.167611373941753
15122.699734421185 90.763499286310562
15342.664467217943 88.519332428479743
15565.828660727671 86.546642963467448
15792.238852178061 84.842630148703591
16021.942255696367 83.388727566632099
16254.986772155136 82.235227144039101
16491.42099916115 81.392575558989662
16731.294241189662 80.728253779140331
16974.65651986603 80.242064977539371
17221.558584396902 79.996255977055554
17472.051922153143 80.008304722921736
17726.188769406665 80.203903321379229
17984.022122223458 80.156601628799649
18245.605747515034 78.949514260166396
18510.99419425065 75.481737741242057
18780.242804832582 69.392797751608484
19053.40772663689 65.268224380470215
19330.545923722028 66.239155955207551
19611.71518870775 67.859904248417962
19896.974154826825 68.733409414994256
20186.382308152035 68.950999999999993
