20 103.741500000000002
20.290906698750476 103.737621231087431
20.586044732869844 103.733209328309187
20.885475648548283 103.727766279776617
21.189261887185914 103.721232680002046
21.49746679841394 103.714563323947957
21.810154653305165 103.706746109936830
22.12739065777668 103.698655995233366
22.449240966187475 103.690022775938445
22.77577269513385 103.680100554989281
23.107053937445478 103.669431523523571
23.44315377638505 103.658228190026534
23.784142300054445 103.646324841623027
24.130090616010463 103.633729994846277
24.481070866093134 103.620257161570464
24.837156241469714 103.605785179222693
25.1984209978975 103.590319081341988
25.56494047120865 103.574077660239766
25.936791093020236 103.556831418808173
26.3140504066728 103.538107427680004
26.69679708340074 103.517922156767213
27.08511093873791 103.495893380697794
27.47907294916184 103.470860277955182
27.878765268980047 103.443486431171408
28.284271247461966 103.414532470182735
28.695675446220072 103.385302718764592
29.11306365684382 103.356990053275680
29.536522918790062 103.331137331141704
29.966141537533712 103.309226781585778
30.402009102982383 103.291926333136203
30.844216508158908 103.276493254103173
31.29285596815558 103.261750041114567
31.74802103936409 103.244083116346701
32.20980663898519 103.221750828216827
32.67830906482211 103.193196674527272
33.153626015361866 103.159478048847859
33.63585661014871 103.123174897628701
34.125101410453844 103.086242495626408
34.62146244024586 103.050240554063265
35.12504320746613 103.016247148307230
35.635948725613716 102.983071179011944
36.15428553564419 102.951242867861339
36.68016172818701 102.919510134580577
37.21368696608603 102.886110347204408
37.754972507267915 102.848741335191960
38.30413122794313 102.807669581764557
38.86127764614443 102.762694660061413
39.4265279456077 102.716061452064167
40.000000000000206 102.670499999999990
40.58181339750116 102.629288080303937
41.1720894657399 102.592721202673360
41.77095129709678 102.558170248484430
42.37852377437204 102.522615025908181
42.9949335968281 102.483741655009055
43.62030930661056 102.440578390645314
44.25478131555359 102.392202722510547
44.89848193237519 102.342783077794820
45.55154539026795 102.296296826752169
46.21410787489121 102.255235875062965
46.88630755277036 102.219122929648165
47.56828460010916 102.184341901648565
48.260181232021196 102.147009546542776
48.962141732186545 102.105584335425334
49.674312482939705 102.061626944836974
50.39684199579528 102.015949317702066
51.129880942417586 101.969057704374706
51.873582186040764 101.919916660484887
52.628100813345895 101.869370789195983
53.393594166801776 101.818178357193091
54.17022187747612 101.766142213737723
54.95814589832399 101.712911572740055
55.75753053796041 101.658518252749261
56.56854249492426 101.603907652840078
57.39135089244048 101.549562191991370
58.226127313687975 101.495301724610286
59.073045837580466 101.440215497638476
59.932283075067765 101.383935458583068
60.804018205965114 101.326741622842775
61.68843301631817 101.270290250714154
62.58571193631152 101.216080523802546
63.49604207872855 101.163229559433745
64.41961327797075 101.105676103736982
65.35661812964459 101.039040404017371
66.3072520307241 100.966148845664975
67.27171322029778 100.895702784070494
68.25020282090806 100.833238033566431
69.2429248804921 100.775031819371705
70.25008641493265 100.716994987933901
71.27189745122783 100.657593999103170
72.30857107128878 100.595714308044450
73.36032345637442 100.528718651879302
74.42737393217246 100.457652259578353
75.50994501453623 100.385003580706524
76.60826245588666 100.311520657729176
77.72255529228926 100.236349155449943
78.85305589121582 100.159441026316841
80.00000000000082 100.082499999999953
81.16362679500274 100.011227680625282
82.34417893148023 99.948710552739954
83.541902594194 99.891210106405197
84.75704754874454 99.836730426756517
85.98986719365665 99.783930539095934
87.24061861322157 99.733375231528299
88.50956263110764 99.685165307911234
89.79696386475084 99.640106264733731
91.10309078053635 99.592093614622485
92.42821574978288 99.531340720858452
93.77261510554118 99.461432594250326
95.13656920021877 99.394240562674696
96.52036246404286 99.331206804588533
97.92428346437356 99.267917731449529
99.34862496587989 99.199611647013555
100.79368399159105 99.121260012479311
102.25976188483567 99.035667540871458
103.74716437208203 98.949071798054206
105.25620162669229 98.867317026128291
106.78718833360406 98.789927771653396
108.34044375495276 98.712697664334044
109.9162917966485 98.631108278999847
111.51506107592134 98.544671602722033
113.13708498984903 98.451986009223745
114.78270178488147 98.355766302053965
116.45225462737648 98.263125886575040
118.14609167516147 98.168565925300456
119.86456615013608 98.063474520799005
121.60803641193078 97.952617583623692
123.3768660326369 97.840126227108598
125.17142387262359 97.732128828296567
126.99208415745765 97.633255511602272
128.83922655594208 97.530944749263355
130.71323625928977 97.422519902141090
132.61450406144883 97.305210862021198
134.5434264405962 97.180177281361239
136.50040564181674 97.049720996610105
138.48584976098482 96.904360793762692
140.50017282986593 96.747153416376946
142.5437949024563 96.590475724145008
144.61714214257822 96.431788626092768
146.7206469127495 96.278269292899481
148.8547478643456 96.131502842661718
151.01989002907314 96.005433344587047
153.216524911774 95.922752126323388
155.4451105845792 95.901519371248781
157.70611178243232 95.931905460421888
160.00000000000236 95.986500000000092
162.3272535900062 96.074935636420236
164.6883578629612 96.213239143350265
167.08380518838874 96.374949035923464
169.51409509748981 96.539652828590306
171.97973438731407 96.710289513357054
174.4812372264439 96.892319059866281
177.01912526221608 97.081530569613761
179.5939277295025 97.263656155519271
182.20618156107355 97.427018311537694
184.85643149956664 97.569419583177108
187.54523021108326 97.681603617150444
190.27313840043846 97.742920319682284
193.04072492808663 97.750174200575316
195.84856692874806 97.723808056697777
198.69724993176072 97.684083451078180
201.58736798318304 97.632810885658458
204.5195237696723 97.571563969143995
207.49432874416505 97.498153123907542
210.5124032533856 97.410363431936148
213.57437666720915 97.314800729149709
216.68088750990657 97.220738263764062
219.83258359329807 97.125106200404417
223.03012215184378 97.030232631251636
226.2741699796992 96.937823240568420
229.5654035697641 96.846951401831490
232.90450925475412 96.756094165245841
236.2921833503241 96.670656332993516
239.72913230027333 96.601917353994537
243.21607282386276 96.541759570831701
246.75373206527502 96.472333008218982
250.34284774524843 96.399457308490000
253.9841683149166 96.335279033449595
257.67845311188546 96.278903590043740
261.42647251858085 96.210181949341433
265.22900812289896 96.134562967618834
269.08685288119375 96.059661614014729
273.0008112836349 95.975606847528667
276.97169952197106 95.889794784202053
281.00034565973334 95.814093985520643
285.0875898049141 95.743028491277443
289.23428428515797 95.673364024009345
293.44129382550057 95.612321886442999
297.7094957286928 95.557986051255682
302.0397800581479 95.512651924491195
306.4330498235497 95.478468651235147
310.89022116916016 95.443378230646715
315.41222356486645 95.400372432629183
320.00000000000654 95.359999999999971
324.6545071800142 95.335331111945919
329.3767157259242 95.307677377217047
334.16761037677935 95.272742922174160
339.02819019498156 95.237094211576633
343.95946877463007 95.198720196680426
348.9624744528898 95.153648987588127
354.03825052443415 95.102002194545889
359.187855459007 95.047189946588617
364.4123631221491 94.992611423529667
369.71286299913527 94.935129793309414
375.0904604221685 94.866472628062525
380.54627680087896 94.804510142047164
386.08144985617537 94.750042516337572
391.6971338574982 94.692473665362371
397.3944998635236 94.634773351323815
403.1747359663683 94.580398253641619
409.0390475393468 94.518791191412674
414.9886574883323 94.447887055349327
421.0248065067734 94.378875301248371
427.1487533344206 94.312721838877110
433.3617750198154 94.246594991461905
439.6651671865984 94.180444637286442
446.06024430368984 94.111852373735331
452.54833995940066 94.045290770385691
459.13080713953053 93.985117793397052
465.8090185095106 93.926171088041770
472.58436670065066 93.874581978331108
479.45826460054917 93.843169863783942
486.432145647728 93.836772858259081
493.50746413055253 93.858846486723991
500.6856954904994 93.902256971350809
507.9683366298358 93.968711071747251
515.3569062237735 94.064557539770192
522.8529450371643 94.182500065631785
530.4580162458005 94.311643146101801
538.1737057623901 94.440043548663567
546.0016225672724 94.552520282090910
553.9433990439449 94.648027152401667
562.0006913194694 94.729906187309240
570.1751796098309 94.802927713820111
578.4685685703187 94.870518833848095
586.8825876510039 94.937716571825476
595.4189914573883 94.979840772663636
604.0795601162986 94.981751374636559
612.8660996471021 94.953163808327588
621.780442338323 94.951811807718570
630.8244471297356 95.015775030209511
640.0000000000159 95.119000000000170
649.3090143600314 95.226053665140356
658.7534314518515 95.322847329236282
668.3352207535618 95.417185163384914
678.0563803899662 95.513660984880161
687.9189375492632 95.613377216125031
697.9249489057827 95.711372004386078
708.0765010488715 95.800957909020298
718.3757109180171 95.879480260793329
728.8247262443015 95.941800939592525
739.425725998274 95.987616762892827
750.1809208443404 96.020756304529499
761.0925536017613 96.036214450935830
772.1628997123541 96.048053780470525
783.3942677149998 96.072308525738080
794.7889997270506 96.111438873896830
806.34947193274 96.171125954257505
818.0780950786972 96.251553258865513
829.9773149766683 96.343818519813340
842.0496130135506 96.440228170232842
854.2975066688449 96.538954430017981
866.7235500396347 96.644648600353662
879.3303343732008 96.759205143108090
892.1204886073838 96.877059096706944
905.0966799188055 96.988211631034034
918.2616142790653 97.088721275774560
931.6180370190256 97.196526014088448
945.1687334013056 97.319206875637235
958.9165292011028 97.439175932059243
972.8642912954606 97.550660758291130
987.0149282611097 97.670089002844861
1001.3713909810035 97.797385388502022
1015.9366732596762 97.923243165613329
1030.7138124475518 98.045439939295704
1045.7058900743334 98.170393447502192
1060.916032491606 98.298755741762264
1076.3474115247852 98.429183515655723
1092.0032451345498 98.558275555434577
1107.8867980878947 98.683661770349147
1124.0013826389438 98.814456004842270
1140.350359219667 98.950498737025640
1156.9371371406426 99.081947488424504
1173.765175302013 99.211349138221479
1190.837982914782 99.341243831099391
1208.1591202326028 99.474350073297700
1225.73219929421 99.614948151546955
1243.5608846766518 99.755775720558589
1261.648894259477 99.892478410470758
1280.0000000000375 100.027000000000271
1298.6180287200684 100.162645637817633
1317.5068629037087 100.300049412906702
1336.6704415071292 100.435526612625253
1356.112760779938 100.565344221147598
1375.8378750985323 100.696321869405239
1395.8498978115715 100.835741779571578
1416.153002097749 100.977801797982622
1436.7514218360407 101.119059384117861
1457.6494524886093 101.256833397375047
1478.8514519965543 101.396419583177249
1500.3618416886875 101.538438812981752
1522.1851072035295 101.685527622551774
1544.3257994247153 101.837461500042039
1566.788535430007 101.993012435884253
1589.5779994541087 102.142716076528131
1612.6989438654878 102.288241409720655
1636.156190157402 102.439523350251449
1659.9546299533442 102.597302372493942
1684.099226027109 102.753143139450245
1708.5950133376978 102.908867586695038
1733.4471000792773 103.069561440507371
1758.6606687464096 103.228503292728021
1784.2409772147755 103.386348517364496
1810.193359837619 103.549014299780254
1836.5232285581387 103.711139371348835
1863.2360740380593 103.871416444228359
1890.3374668026197 104.035251798159919
1917.833058402214 104.197788399900887
1945.7285825909298 104.355580062509205
1974.0298565222283 104.513586599394046
2002.7427819620161 104.675722439889185
2031.8733465193618 104.836928736552608
2061.4276248951132 104.993542618195846
2091.411780148677 105.152029494126282
2121.832064983222 105.313935134663581
2152.694823049581 105.467641724197392
2184.0064902691106 105.614728719440819
2215.7735961758003 105.752340613794956
2248.002765277899 105.887011061111593
2280.7007184393456 106.015662730069522
2313.874274281297 106.138484911603285
2347.530350604038 106.251220604402718
2381.6759658295764 106.345502763292558
2416.318240465218 106.427356187674633
2451.4643985884327 106.499123882229796
2487.1217693533167 106.562324105320201
2523.2977885189675 106.610457346222773
2560.0000000000887 106.647000000000077
2597.236057440151 106.669748070822067
2635.0137258074315 106.678250228763460
2673.340883014273 106.670622451982695
2712.225521559891 106.653516813860719
2751.6757501970797 106.625347240474724
2791.699795623158 106.586507709486270
2832.3060041955137 106.538586674881472
2873.502843672097 106.483625961985624
2915.2989049772345 106.420297839638238
2957.7029039931244 106.348905063211703
3000.723683377391 106.275769738258447
3044.370214407075 106.201133614067260
3088.6515988494466 106.120028252157283
3133.57707086003 106.035498278751689
3179.1559989082334 105.951436081987026
3225.3978877309914 105.868545738716136
3272.3123803148205 105.787738324874255
3319.9092599067053 105.710640647144615
3368.198452054235 105.637976213562439
3417.190026675413 105.569809164788467
3466.8942001585724 105.505889075806536
3517.3213374928373 105.446792955507732
3568.4819544295697 105.393387684659018
3620.386719675257 105.339055272373457
3673.0464571162966 105.256832904626947
3726.472148076138 105.085081434388030
3780.6749336052594 104.860238478916187
3835.6661168044484 104.708356496209376
3891.45716518188 104.759768613845566
3948.059713044477 104.867313454784494
4005.4855639240527 104.890577209266880
4063.746693038744 104.863034308939163
4122.855249790247 104.807549906503453
4182.823560297375 104.734385669280954
4243.664129966465 104.645732267763151
4305.389646099183 104.544183923168021
4368.012980538242 104.435944167067049
4431.5471923516225 104.318637694149487
4496.00553055582 104.190055513379093
4561.401436878714 104.050509644692596
4627.748548562617 103.901161768401806
4695.060701208099 103.739633094105358
4763.351931659176 103.564972929818111
4832.63648093046 103.373986029348188
4902.928797176889 103.171300871104663
4974.243538706657 102.959413295412361
5046.595577037959 102.735306377043401
5120.000000000202 102.503071428570792
5194.472114880326 102.264871574419530
5270.027451614888 102.022286811687167
5346.6817660285715 101.779535959085365
5424.451043119808 101.538789303582874
5503.351500394186 101.301969827400143
5583.399591246343 101.072999907283787
5664.612008391055 100.857039598057384
5747.005687344222 100.657092004418445
5830.597809954497 100.475722314389643
5915.405807986278 100.314196649142090
6001.447366754812 100.176199837598716
6088.740428814181 100.070071729357750
6177.303197698925 99.991887761610741
6267.154141720092 99.943138343311958
6358.3119978165005 99.926792840120100
6450.795775462017 99.944818310184814
6544.624760629676 100.001984798928930
6639.818519813445 100.098074057167736
6736.396904108505 100.232690922737945
6834.380053350861 100.404728705101192
6933.788400317181 100.608503422699386
7034.642674985712 100.836949566465989
7136.963908859177 101.082876757160676
7240.773439350552 101.329351840128993
7346.092914232631 101.544853993620592
7452.944296152315 101.690032359863949
7561.349867210557 101.718140035410528
7671.332233608935 101.605955914481655
7782.914330363799 101.345331715293142
7896.119426088994 100.939992432671929
8010.971127848146 100.412175856993429
8127.49338607753 99.800392934387418
8245.710499580537 99.136103692741671
8365.647120594791 98.448363446432964
8487.328259932974 97.760489733544802
8610.77929219841 97.093099724049395
8736.025961076528 96.461138926135135
8863.094384703289 95.877987614512563
8992.011061111683 95.351148130256917
9122.802873757471 94.882332651919199
9255.497097125279 94.475024687693036
9390.121402416245 94.138383712697703
9526.7038633184 93.880723067702519
9665.272961860968 93.700490686232087
9805.857594353829 93.599590494370716
9948.487077413367 93.589621769353343
10093.19115407597 93.687925224569639
10240.000000000457 93.884600000000731
10388.944229760706 94.193830835498829
10540.05490322983 94.662752774005881
10693.363532057198 95.307752541801207
10848.902086239672 96.144654058465306
11006.703000788428 97.176917599195079
11166.799182492743 98.382610731264521
11329.224016782166 99.672484667031256
11494.0113746885 100.824249551604211
11661.195619909053 101.290668392758988
11830.811615972614 101.137107565206037
12002.894733509682 100.132406902047322
12177.48085762842 98.778594836598870
12354.606395397908 97.219150726311312
12534.308283440243 95.755022915451050
12716.62399563306 94.516314426492784
12901.591550924093 93.568431622693168
13089.249521259411 92.751851368919759
13279.637039626952 92.144857493881318
13472.793808217073 91.767323925482145
13668.760106701786 91.583184366922438
13867.576800634426 91.581356660364790
14069.285349971487 91.760042317957812
14273.927817718419 92.062913170223254
14481.54687870117 92.475486570124417
14692.18582846533 92.917858983091051
14905.888592304698 93.274268220010882
15122.699734421185 93.440294547415391
15342.664467217943 93.261638172120527
15565.828660727671 92.550150932961429
15792.238852178061 91.223457875796186
16021.942255696367 89.595206885674969
16254.986772155136 88.217831456567239
16491.42099916115 87.119358037897285
16731.294241189662 86.305589468979392
16974.65651986603 85.764930925725082
17221.558584396902 85.355176913458578
17472.051922153143 84.826759121239064
17726.188769406665 84.397312305867132
17984.022122223458 84.310291442821978
18245.605747515034 83.997045546636031
18510.99419425065 83.028409507640418
18780.242804832582 81.755431443138164
19053.40772663689 80.561706673869395
19330.545923722028 79.953274695591062
19611.71518870775 80.225344617980113
19896.974154826825 80.635507292014438
20186.382308152035 80.748910584652165
