20 105.150000000000006
20.290906698750476 105.279938758571078
20.586044732869844 105.398417911754890
20.885475648548283 105.503916476991904
21.189261887185914 105.595778276894862
21.49746679841394 105.670224411231928
21.810154653305165 105.734726452429626
22.12739065777668 105.786108598666502
22.449240966187475 105.833401304266687
22.77577269513385 105.874587487406799
23.107053937445478 105.910348581781676
23.44315377638505 105.939975162938978
23.784142300054445 105.963048538003264
24.130090616010463 105.982070915650198
24.481070866093134 105.996337483625837
24.837156241469714 106.008114670959671
25.1984209978975 106.016968419957948
25.56494047120865 106.022649408835605
25.936791093020236 106.024658021477350
26.3140504066728 106.022859502131610
26.69679708340074 106.017064058331982
27.08511093873791 106.008063724754578
27.47907294916184 105.995930138977585
27.878765268980047 105.981546302413250
28.284271247461966 105.963923522616753
28.695675446220072 105.943824876796555
29.11306365684382 105.921442307903050
29.536522918790062 105.896662533197443
29.966141537533712 105.869166941597840
30.402009102982383 105.839859363260032
30.844216508158908 105.808183809847606
31.29285596815558 105.774535802388328
31.74802103936409 105.739158316850876
32.20980663898519 105.701376242325239
32.67830906482211 105.662022038554952
33.153626015361866 105.621173658617437
33.63585661014871 105.577772905086618
34.125101410453844 105.532990264596435
34.62146244024586 105.484853755975408
35.12504320746613 105.433995506423528
35.635948725613716 105.380317537633715
36.15428553564419 105.324337162150428
36.68016172818701 105.267182209899431
37.21368696608603 105.208494433730536
37.754972507267915 105.148953064267587
38.30413122794313 105.088545674926252
38.86127764614443 105.027057950688871
39.4265279456077 104.964173776268368
40.000000000000206 104.899999999999977
40.58181339750116 104.834060928486295
41.1720894657399 104.765256329382026
41.77095129709678 104.695388909968401
42.37852377437204 104.625056514599081
42.9949335968281 104.554907338717285
43.62030930661056 104.484898861267510
44.25478131555359 104.415766794644483
44.89848193237519 104.347659432632057
45.55154539026795 104.279698196003579
46.21410787489121 104.211589307808566
46.88630755277036 104.144492454809139
47.56828460010916 104.077561746901495
48.260181232021196 104.012343058190012
48.962141732186545 103.947781854032257
49.674312482939705 103.885226345566380
50.39684199579528 103.823268388192886
51.129880942417586 103.762138223062820
51.873582186040764 103.702647155886581
52.628100813345895 103.643822222993478
53.393594166801776 103.585480400590370
54.17022187747612 103.528555546529503
54.95814589832399 103.472929832931840
55.75753053796041 103.417669796352470
56.56854249492426 103.362907652840079
57.39135089244048 103.308562191991371
58.226127313687975 103.254980106551344
59.073045837580466 103.202617249745160
59.932283075067765 103.151063015495936
60.804018205965114 103.099764589701195
61.68843301631817 103.047694035172285
62.58571193631152 102.994339454166010
63.49604207872855 102.940733517355014
64.41961327797075 102.887082043155672
65.35661812964459 102.834029384739907
66.3072520307241 102.781408390340900
67.27171322029778 102.728784059663326
68.25020282090806 102.673988642029158
69.2429248804921 102.618396206692438
70.25008641493265 102.561745074348835
71.27189745122783 102.503501845280013
72.30857107128878 102.444720020007836
73.36032345637442 102.385461562986663
74.42737393217246 102.325494433730512
75.50994501453623 102.267652775047566
76.60826245588666 102.211272724687163
77.72255529228926 102.154872261064938
78.85305589121582 102.098303137954375
80.00000000000082 102.039999999999964
81.16362679500274 101.978909440535958
82.34417893148023 101.914510207949448
83.541902594194 101.849096220402743
84.75704754874454 101.787147652931907
85.98986719365665 101.727981190754292
87.24061861322157 101.671572373627711
88.50956263110764 101.615560118969043
89.79696386475084 101.556339662221461
91.10309078053635 101.494603056932164
92.42821574978288 101.431423548648311
93.77261510554118 101.367306188875290
95.13656920021877 101.303854370626084
96.52036246404286 101.241953238992181
97.92428346437356 101.180723216019558
99.34862496587989 101.119226322044341
100.79368399159105 101.057136149692113
102.25976188483567 100.994583492913677
103.74716437208203 100.931512403587391
105.25620162669229 100.868681721251093
106.78718833360406 100.805462882211032
108.34044375495276 100.741821953965257
109.9162917966485 100.677202916141894
111.51506107592134 100.611090298154252
113.13708498984903 100.543621537720398
114.78270178488147 100.474235197230541
116.45225462737648 100.401628802571935
118.14609167516147 100.327594437007875
119.86456615013608 100.252245882837016
121.60803641193078 100.174638336265488
123.3768660326369 100.092746190616168
125.17142387262359 100.007885936695814
126.99208415745765 99.921708016547001
128.83922655594208 99.831079556138960
130.71323625928977 99.735237345596317
132.61450406144883 99.631051512405250
134.5434264405962 99.516579273903332
136.50040564181674 99.395474444565551
138.48584976098482 99.270634389938451
140.50017282986593 99.146823251591158
142.5437949024563 99.027611964023393
144.61714214257822 98.924994319298818
146.7206469127495 98.854692333852412
148.8547478643456 98.817452521356543
151.01989002907314 98.811303428151177
153.216524911774 98.828171518870704
155.4451105845792 98.857587636651772
157.70611178243232 98.891215343805953
160.00000000000236 98.927000000000035
162.3272535900062 98.960512451696090
164.6883578629612 98.992761666936275
167.08380518838874 99.017838051883885
169.51409509748981 99.032473294506943
171.97973438731407 99.034999999999997
174.4812372264439 99.026282556203640
177.01912526221608 99.007039347797388
179.5939277295025 98.977035296154170
182.20618156107355 98.935818622398386
184.85643149956664 98.885756515208314
187.54523021108326 98.828986843271736
190.27313840043846 98.767772444469998
193.04072492808663 98.704887761610863
195.84856692874806 98.643010381110543
198.69724993176072 98.582139401473967
201.58736798318304 98.519077904369979
204.5195237696723 98.453050953297534
207.49432874416505 98.383136110140029
210.5124032533856 98.309694053083149
213.57437666720915 98.233640583319769
216.68088750990657 98.154637368497376
219.83258359329807 98.073352826574251
223.03012215184378 97.989459293514102
226.2741699796992 97.904113523867920
229.5654035697641 97.816589238139628
232.90450925475412 97.724641910618459
236.2921833503241 97.630745820353340
239.72913230027333 97.533652012517280
243.21607282386276 97.433841924519911
246.75373206527502 97.333018636139656
250.34284774524843 97.231143127324103
253.9841683149166 97.126455160946151
257.67845311188546 97.018405246477357
261.42647251858085 96.912202151350087
265.22900812289896 96.812790065204041
269.08685288119375 96.725378746217714
273.0008112836349 96.656988642029120
276.97169952197106 96.606011779421763
281.00034565973334 96.572798202569388
285.0875898049141 96.551807302429197
289.23428428515797 96.542684574572647
293.44129382550057 96.534805671114100
297.7094957286928 96.526581008542621
302.0397800581479 96.516390604840097
306.4330498235497 96.504511867137197
310.89022116916016 96.493274447077098
315.41222356486645 96.480763329305404
320.00000000000654 96.466999999999985
324.6545071800142 96.453036478459950
329.3767157259242 96.441495882257783
334.16761037677935 96.433331823397154
339.02819019498156 96.423943619610029
343.95946877463007 96.411705381185968
348.9624744528898 96.395527586860169
354.03825052443415 96.376654648007147
359.187855459007 96.356248578163971
364.4123631221491 96.336233020135836
369.71286299913527 96.314205975403638
375.0904604221685 96.288483083301898
380.54627680087896 96.257306989709264
386.08144985617537 96.222062430949237
391.6971338574982 96.179597212604378
397.3944998635236 96.133886201146396
403.1747359663683 96.086602112269048
409.0390475393468 96.039687619685225
414.9886574883323 95.987109644279457
421.0248065067734 95.926455589286505
427.1487533344206 95.863512466655806
433.3617750198154 95.799020474782026
439.6651671865984 95.726256517421788
446.06024430368984 95.647246946203879
452.54833995940066 95.568439256470953
459.13080713953053 95.495741352076465
465.8090185095106 95.430083996996146
472.58436670065066 95.376599614038113
479.45826460054917 95.339893151711919
486.432145647728 95.327227141740906
493.50746413055253 95.352100218789275
500.6856954904994 95.414999753312813
507.9683366298358 95.510584418266589
515.3569062237735 95.654718709180756
522.8529450371643 95.840882461040593
530.4580162458005 96.054625983312562
538.1737057623901 96.284062282218230
546.0016225672724 96.510902342945442
553.9433990439449 96.726584976098621
562.0006913194694 96.924416038611696
570.1751796098309 97.113713807728416
578.4685685703187 97.289533653690754
586.8825876510039 97.436939213771765
595.4189914573883 97.562698283820481
604.0795601162986 97.675484556439201
612.8660996471021 97.777527096118121
621.780442338323 97.874616231101783
630.8244471297356 97.984212480964402
640.0000000000159 98.109000000000250
649.3090143600314 98.258875131196504
658.7534314518515 98.436315197585174
668.3352207535618 98.637540202050872
678.0563803899662 98.862324939164210
687.9189375492632 99.100430182447099
697.9249489057827 99.335651309504740
708.0765010488715 99.557644772550745
718.3757109180171 99.769864502727543
728.8247262443015 99.974199689139454
739.425725998274 100.164777922769275
750.1809208443404 100.337623352242929
761.0925536017613 100.495842027225535
772.1628997123541 100.645026503842288
783.3942677149998 100.786314064184623
794.7889997270506 100.921073496861084
806.34947193274 101.051373313921204
818.0780950786972 101.179456408539821
829.9773149766683 101.304156020149506
842.0496130135506 101.424146259130993
854.2975066688449 101.541468187798287
866.7235500396347 101.656875300359758
879.3303343732008 101.769240875609526
892.1204886073838 101.875913307340056
905.0966799188055 101.979499269370748
918.2616142790653 102.079721275774560
931.6180370190256 102.180398897298730
945.1687334013056 102.281570711609575
958.9165292011028 102.379415704407720
972.8642912954606 102.477050039068232
987.0149282611097 102.579801398831194
1001.3713909810035 102.685331145390222
1015.9366732596762 102.795306051425470
1030.7138124475518 102.910353593356646
1045.7058900743334 103.021727994261042
1060.916032491606 103.125496194949633
1076.3474115247852 103.216826885058907
1092.0032451345498 103.294889400284561
1107.8867980878947 103.365086277519552
1124.0013826389438 103.435228520910741
1140.350359219667 103.509772479756805
1156.9371371406426 103.584586468301922
1173.765175302013 103.658943288859049
1190.837982914782 103.739522532587017
1208.1591202326028 103.824412492658041
1225.73219929421 103.917844691440280
1243.5608846766518 104.013658051608815
1261.648894259477 104.110904029001176
1280.0000000000375 104.209000000000202
1298.6180287200684 104.305813749344367
1317.5068629037087 104.403032941937809
1336.6704415071292 104.494184597158863
1356.112760779938 104.583313061548722
1375.8378750985323 104.669102862923694
1395.8498978115715 104.749607096355717
1416.153002097749 104.824689240955152
1436.7514218360407 104.898967547517941
1457.6494524886093 104.973232050859451
1478.8514519965543 105.047324646388972
1500.3618416886875 105.116143419736247
1522.1851072035295 105.185104938763160
1544.3257994247153 105.253523462228131
1566.788535430007 105.320694064872825
1589.5779994541087 105.385818398471514
1612.6989438654878 105.448525211804892
1636.156190157402 105.508221103984056
1659.9546299533442 105.565094741491762
1684.099226027109 105.620382266300723
1708.5950133376978 105.674909029342942
1733.4471000792773 105.729921504177582
1758.6606687464096 105.785707044492241
1784.2409772147755 105.839481954429544
1810.193359837619 105.890571250888229
1836.5232285581387 105.939280882262324
1863.2360740380593 105.985766047345464
1890.3374668026197 106.031766944228409
1917.833058402214 106.071539637090922
1945.7285825909298 106.100070295983656
1974.0298565222283 106.125146273739560
2002.7427819620161 106.152194225569616
2031.8733465193618 106.174936673259680
2061.4276248951132 106.189380699972020
2091.411780148677 106.197094118676574
2121.832064983222 106.198725190252517
2152.694823049581 106.190604700203934
2184.0064902691106 106.176596105838541
2215.7735961758003 106.154775462963755
2248.002765277899 106.126129922823921
2280.7007184393456 106.083305612955627
2313.874274281297 106.031876209531177
2347.530350604038 105.974029713932865
2381.6759658295764 105.908648068340852
2416.318240465218 105.835011988278836
2451.4643985884327 105.751412223458345
2487.1217693533167 105.663766302261820
2523.2977885189675 105.570260860424739
2560.0000000000887 105.467499999999745
2597.236057440151 105.355568221935528
2635.0137258074315 105.235955162362387
2673.340883014273 105.108224519826834
2712.225521559891 104.977174077415029
2751.6757501970797 104.848053811859486
2791.699795623158 104.716390674443574
2832.3060041955137 104.579159585735255
2873.502843672097 104.440500502135208
2915.2989049772345 104.301819591674672
2957.7029039931244 104.163350707222008
3000.723683377391 104.025792765698966
3044.370214407075 103.893180704405921
3088.6515988494466 103.766241813192778
3133.57707086003 103.645110188992419
3179.1559989082334 103.525611282860439
3225.3978877309914 103.406489365163281
3272.3123803148205 103.294912763307394
3319.9092599067053 103.196172406177254
3368.198452054235 103.108426600548881
3417.190026675413 103.032996765855472
3466.8942001585724 102.975457335854117
3517.3213374928373 102.932875063755006
3568.4819544295697 102.903716135493951
3620.386719675257 102.890553593638970
3673.0464571162966 102.883312566861392
3726.472148076138 102.875293899269337
3780.6749336052594 102.876820346709394
3835.6661168044484 102.889579769057860
3891.45716518188 102.917410728238664
3948.059713044477 102.952787320652789
4005.4855639240527 102.999662729335455
4063.746693038744 103.049059799314975
4122.855249790247 103.097093849846175
4182.823560297375 103.140573126451386
4243.664129966465 103.174470015267033
4305.389646099183 103.199232697671349
4368.012980538242 103.208735064071774
4431.5471923516225 103.207241508789949
4496.00553055582 103.204199723472200
4561.401436878714 103.208443165045438
4627.748548562617 103.224228561901086
4695.060701208099 103.254821267850460
4763.351931659176 103.297490803446507
4832.63648093046 103.354383751311858
4902.928797176889 103.430044145224031
4974.243538706657 103.521370228544214
5046.595577037959 103.626310920843963
5120.000000000202 103.742857142857488
5194.472114880326 103.880038281980077
5270.027451614888 104.045063138714255
5346.6817660285715 104.231871459222148
5424.451043119808 104.436652831325191
5503.351500394186 104.664530172599868
5583.399591246343 104.920048671550617
5664.612008391055 105.200788149452606
5747.005687344222 105.494220474439203
5830.597809954497 105.805555371220720
5915.405807986278 106.148634252097978
6001.447366754812 106.537965452507535
6088.740428814181 106.958703237920702
6177.303197698925 107.390225485999082
6267.154141720092 107.820392746398937
6358.3119978165005 108.239570230130582
6450.795775462017 108.636262679394264
6544.624760629676 109.001772871510909
6639.818519813445 109.337595670978772
6736.396904108505 109.647918650407689
6834.380053350861 109.934545146714868
6933.788400317181 110.198795232786608
7034.642674985712 110.439560311718424
7136.963908859177 110.653492148655261
7240.773439350552 110.832344690238827
7346.092914232631 110.963327339378679
7452.944296152315 111.026177188115028
7561.349867210557 110.990476350698657
7671.332233608935 110.841756079440316
7782.914330363799 110.575155019895973
7896.119426088994 110.195925281296255
8010.971127848146 109.737195541233987
8127.49338607753 109.252314662846700
8245.710499580537 108.783993020892481
8365.647120594791 108.356897518506159
8487.328259932974 107.977754405038311
8610.77929219841 107.635280107222698
8736.025961076528 107.282449786807035
8863.094384703289 106.873542970943333
8992.011061111683 106.376784044516313
9122.802873757471 105.762907602844393
9255.497097125279 105.046751117110915
9390.121402416245 104.282826216589839
9526.7038633184 103.539035619019359
9665.272961860968 102.881201813736709
9805.857594353829 102.351552436094963
9948.487077413367 101.980742942592826
10093.19115407597 101.797719430576180
10240.000000000457 101.794400000000223
10388.944229760706 101.979017086154371
10540.05490322983 102.357533876221325
10693.363532057198 102.878312339252773
10848.902086239672 103.471421400126729
11006.703000788428 103.994444152404697
11166.799182492743 104.282870465080734
11329.224016782166 104.114523661944190
11494.0113746885 103.550351847152029
11661.195619909053 102.523389034474206
11830.811615972614 101.393391716490441
12002.894733509682 100.245067836002704
12177.48085762842 99.206946346263919
12354.606395397908 98.408094069553869
12534.308283440243 97.794718616749833
12716.62399563306 97.442718725327666
12901.591550924093 97.390344467591703
13089.249521259411 97.481492624611704
13279.637039626952 97.763228709207269
13472.793808217073 98.178054470954308
13668.760106701786 98.533698920573016
13867.576800634426 98.620167227419500
14069.285349971487 98.237101377107777
14273.927817718419 97.463552849024367
14481.54687870117 96.338352400944871
14692.18582846533 95.105484815251586
14905.888592304698 93.952261548169474
15122.699734421185 92.913759184481520
15342.664467217943 91.951990685389305
15565.828660727671 90.960702877077324
15792.238852178061 89.797288071904731
16021.942255696367 88.345696389345605
16254.986772155136 86.597287992125473
16491.42099916115 84.667038962848366
16731.294241189662 82.732768416011311
16974.65651986603 80.969864813441376
17221.558584396902 79.534864646651116
17472.051922153143 78.487568726764650
17726.188769406665 77.692005161314256
17984.022122223458 76.692336307506224
18245.605747515034 74.911724613374886
18510.99419425065 72.058197825908749
18780.242804832582 68.677861161488480
19053.40772663689 65.779856161353678
19330.545923722028 63.852957035693372
19611.71518870775 62.719685370483035
19896.974154826825 61.973080477705231
20186.382308152035 61.731999999999999
