20 104.533000000000001
20.290906698750476 104.546999985554464
20.586044732869844 104.559500029476709
20.885475648548283 104.571500023568618
21.189261887185914 104.582499995929723
21.49746679841394 104.591499994134608
21.810154653305165 104.600500014467642
22.12739065777668 104.607000014357908
22.449240966187475 104.613499980796888
22.77577269513385 104.619500010529578
23.107053937445478 104.624999998871118
23.44315377638505 104.629000006855307
23.784142300054445 104.632000002611449
24.130090616010463 104.634499997788083
24.481070866093134 104.635999999619855
24.837156241469714 104.637500000670826
25.1984209978975 104.638000000000005
25.56494047120865 104.637000002875098
25.936791093020236 104.635999997092284
26.3140504066728 104.634000004701235
26.69679708340074 104.630999985999466
27.08511093873791 104.626500010892613
27.47907294916184 104.621500000771476
27.878765268980047 104.614499995339941
28.284271247461966 104.606999994566848
28.695675446220072 104.597999990343467
29.11306365684382 104.588000009011111
29.536522918790062 104.576500030528848
29.966141537533712 104.563499981434319
30.402009102982383 104.549000028708377
30.844216508158908 104.533500017731754
31.29285596815558 104.517000001202319
31.74802103936409 104.499499959340014
32.20980663898519 104.481500052860198
32.67830906482211 104.462000037789153
33.153626015361866 104.441499953510231
33.63585661014871 104.420000016916006
34.125101410453844 104.398000071220281
34.62146244024586 104.376000068883499
35.12504320746613 104.353999950189404
35.635948725613716 104.332499971900702
36.15428553564419 104.311999978532526
36.68016172818701 104.290999971234143
37.21368696608603 104.269500042480047
37.754972507267915 104.245500068695549
38.30413122794313 104.217499988502993
38.86127764614443 104.189000070215712
39.4265279456077 104.159000053900598
40.000000000000206 104.127999999999986
40.58181339750116 104.096000033018385
41.1720894657399 104.061499971901156
41.77095129709678 104.025499920724002
42.37852377437204 103.988500074370137
42.9949335968281 103.950500024765020
43.62030930661056 103.911499917327461
44.25478131555359 103.871999920005948
44.89848193237519 103.833500062798933
45.55154539026795 103.797999934716557
46.21410787489121 103.768000005456230
46.88630755277036 103.741999981290149
47.56828460010916 103.717499937332548
48.260181232021196 103.689999989716341
48.962141732186545 103.658000059386751
49.674312482939705 103.622500026766474
50.39684199579528 103.583500055393401
51.129880942417586 103.541500120262995
51.873582186040764 103.496499925852731
52.628100813345895 103.449500011585158
53.393594166801776 103.402499930639607
54.17022187747612 103.357000064808020
54.95814589832399 103.312999949247356
55.75753053796041 103.268499969376734
56.56854249492426 103.221499971023178
57.39135089244048 103.171999944206647
58.226127313687975 103.119500043417133
59.073045837580466 103.064500142467963
59.932283075067765 103.007999861437909
60.804018205965114 102.950000118934383
61.68843301631817 102.889000138560846
62.58571193631152 102.822500004809243
63.49604207872855 102.750999837359672
64.41961327797075 102.679500285101597
65.35661812964459 102.611500204502136
66.3072520307241 102.545499927065137
67.27171322029778 102.477999984635005
68.25020282090806 102.409500223372248
69.2429248804921 102.340000222305804
70.25008641493265 102.265999814989129
71.27189745122783 102.187499886198054
72.30857107128878 102.106499994489866
73.36032345637442 102.026499812861218
74.42737393217246 101.945500156403739
75.50994501453623 101.861000315465873
76.60826245588666 101.770999875428060
77.72255529228926 101.675500146595624
78.85305589121582 101.575500187723065
80.00000000000082 101.471999999999923
81.16362679500274 101.364000112468830
82.34417893148023 101.250999809021692
83.541902594194 101.130999832781640
84.75704754874454 101.003000259290019
85.98986719365665 100.869500087980796
87.24061861322157 100.732499708579709
88.50956263110764 100.590499698483882
89.79696386475084 100.442500361557748
91.10309078053635 100.296499713595125
92.42821574978288 100.166999938430166
93.77261510554118 100.064999934922128
95.13656920021877 99.991499876986083
96.52036246404286 99.945000015436619
97.92428346437356 99.921500034192348
99.34862496587989 99.908500000310283
100.79368399159105 99.896500016618020
102.25976188483567 99.899499972031862
103.74716437208203 99.936000102544114
105.25620162669229 100.006999930177642
106.78718833360406 100.099000150783525
108.34044375495276 100.200999850221507
109.9162917966485 100.300000095866253
111.51506107592134 100.381500050595065
113.13708498984903 100.460499999488675
114.78270178488147 100.556500119097393
116.45225462737648 100.672499973091476
118.14609167516147 100.808999722272645
119.86456615013608 100.963000275630691
121.60803641193078 101.110499706765282
123.3768660326369 101.223999827830880
125.17142387262359 101.292999964320359
126.99208415745765 101.315999986275528
128.83922655594208 101.298500093854614
130.71323625928977 101.251000164822599
132.61450406144883 101.178499908831299
134.5434264405962 101.090500026295871
136.50040564181674 100.993500317253620
138.48584976098482 100.891500273438595
140.50017282986593 100.786499741458883
142.5437949024563 100.676499896858672
144.61714214257822 100.564999992517073
146.7206469127495 100.455499745860877
148.8547478643456 100.345500212400125
151.01989002907314 100.234000359297681
153.216524911774 100.121999853136074
155.4451105845792 100.011500166446936
157.70611178243232 99.903000200733345
160.00000000000236 99.793999999999897
162.3272535900062 99.687000064593818
164.6883578629612 99.580499828443180
167.08380518838874 99.474999820117588
169.51409509748981 99.372000163200852
171.97973438731407 99.270500065822631
174.4812372264439 99.168499791251946
177.01912526221608 99.068999763231432
179.5939277295025 98.973500191720774
182.20618156107355 98.882999854912640
184.85643149956664 98.800999958020526
187.54523021108326 98.727999918484770
190.27313840043846 98.660499858417921
193.04072492808663 98.601500021997168
195.84856692874806 98.549000091779419
198.69724993176072 98.503500001050213
201.58736798318304 98.459500060932754
204.5195237696723 98.414000113021928
207.49432874416505 98.361999906921540
210.5124032533856 98.300000037481482
213.57437666720915 98.228499857189547
216.68088750990657 98.148000146156619
219.83258359329807 98.060999927557049
223.03012215184378 97.970999966503001
226.2741699796992 97.877500000579886
229.5654035697641 97.781499868142561
232.90450925475412 97.685500021348872
236.2921833503241 97.590500215995036
239.72913230027333 97.495999825917522
243.21607282386276 97.400000196856951
246.75373206527502 97.303500160468275
250.34284774524843 97.209000058840033
253.9841683149166 97.115499817175277
257.67845311188546 97.023000348360128
261.42647251858085 96.930500256351451
265.22900812289896 96.837999903468400
269.08685288119375 96.747500002792350
273.0008112836349 96.658000291355336
276.97169952197106 96.567500239258621
281.00034565973334 96.477499784153821
285.0875898049141 96.386499895335859
289.23428428515797 96.296999973940174
293.44129382550057 96.211999798999017
297.7094957286928 96.124500149376814
302.0397800581479 96.034000309429999
306.4330498235497 95.943999881984368
310.89022116916016 95.855000134379196
315.41222356486645 95.767000144170154
320.00000000000654 95.679499999999877
324.6545071800142 95.591000053727541
329.3767157259242 95.501999874600983
334.16761037677935 95.413499865961981
339.02819019498156 95.325500140800699
343.95946877463007 95.239500073423841
348.9624744528898 95.153999807514310
354.03825052443415 95.069499809088114
359.187855459007 94.985000171324899
364.4123631221491 94.903499863548745
369.71286299913527 94.824499956901064
375.0904604221685 94.746999907852370
380.54627680087896 94.668499824544455
386.08144985617537 94.586000017089930
391.6971338574982 94.499500158364455
397.3944998635236 94.409500018086760
403.1747359663683 94.318000126019967
409.0390475393468 94.227000223586771
414.9886574883323 94.137499843051842
421.0248065067734 94.049000064528855
427.1487533344206 93.967499868119788
433.3617750198154 93.886000147917457
439.6651671865984 93.797499917473317
446.06024430368984 93.714999974342717
452.54833995940066 93.644500000430213
459.13080713953053 93.582499923083105
465.8090185095106 93.528000019694019
472.58436670065066 93.481500094629922
479.45826460054917 93.447499961919434
486.432145647728 93.431500020984885
493.50746413055253 93.432499992750536
500.6856954904994 93.442999994154221
507.9683366298358 93.460500042582026
515.3569062237735 93.485999895117374
522.8529450371643 93.516499913620720
530.4580162458005 93.547500039685218
538.1737057623901 93.586999998711235
546.0016225672724 93.634999841373258
553.9433990439449 93.683999871168425
562.0006913194694 93.729500114756704
570.1751796098309 93.776500051054086
578.4685685703187 93.826000009178046
586.8825876510039 93.873500103966023
595.4189914573883 93.918999921916679
604.0795601162986 93.967499831532535
612.8660996471021 94.015000053941534
621.780442338323 94.059999926253511
630.8244471297356 94.108999910828047
640.0000000000159 94.165000000000106
649.3090143600314 94.231499950960625
658.7534314518515 94.308500116945154
668.3352207535618 94.394000148002348
678.0563803899662 94.484999854399291
687.9189375492632 94.573499933759138
697.9249489057827 94.652500142934571
708.0765010488715 94.715000119516873
718.3757109180171 94.764499902100084
728.8247262443015 94.811000085629473
739.425725998274 94.857500026307150
750.1809208443404 94.906500061431785
761.0925536017613 94.958000118209114
772.1628997123541 95.010499984612764
783.3942677149998 95.061999912745080
794.7889997270506 95.112999994323104
806.34947193274 95.163499935067762
818.0780950786972 95.214999870360458
829.9773149766683 95.266000084697509
842.0496130135506 95.316499962914492
854.2975066688449 95.370000098007694
866.7235500396347 95.425499903149301
879.3303343732008 95.481500055341442
892.1204886073838 95.539000025588010
905.0966799188055 95.597999999632165
918.2616142790653 95.657000079200856
931.6180370190256 95.718999976590140
945.1687334013056 95.784999861209485
958.9165292011028 95.851000125121857
972.8642912954606 95.922499853542575
987.0149282611097 96.003499849573274
1001.3713909810035 96.088499952136459
1015.9366732596762 96.179500179585091
1030.7138124475518 96.277999632162064
1045.7058900743334 96.380499709005392
1060.916032491606 96.488000119055684
1076.3474115247852 96.598499996624696
1092.0032451345498 96.710499637424604
1107.8867980878947 96.824499690426109
1124.0013826389438 96.944500296865556
1140.350359219667 97.067000123988521
1156.9371371406426 97.185500022664172
1173.765175302013 97.307500290452822
1190.837982914782 97.435999775254430
1208.1591202326028 97.565499556483701
1225.73219929421 97.696000157029829
1243.5608846766518 97.827999789471221
1261.648894259477 97.960499767453570
1280.0000000000375 98.096000000000288
1298.6180287200684 98.231499904053408
1317.5068629037087 98.366500190212051
1336.6704415071292 98.502500224443196
1356.112760779938 98.641999767172848
1375.8378750985323 98.783499886741623
1395.8498978115715 98.926000307525925
1416.153002097749 99.069500342146426
1436.7514218360407 99.216999688894902
1457.6494524886093 99.371000289682726
1478.8514519965543 99.528500087317440
1500.3618416886875 99.684500187839546
1522.1851072035295 99.846000364900334
1544.3257994247153 100.014499949695633
1566.788535430007 100.186999705728567
1589.5779994541087 100.361499972714171
1612.6989438654878 100.540999759828651
1636.156190157402 100.725499524655106
1659.9546299533442 100.917500328825696
1684.099226027109 101.115999860612064
1708.5950133376978 101.318000353919075
1733.4471000792773 101.527999624923709
1758.6606687464096 101.749500212420486
1784.2409772147755 101.977500091250462
1810.193359837619 102.209000007471090
1836.5232285581387 102.444000316619110
1863.2360740380593 102.682499910819615
1890.3374668026197 102.924499488998592
1917.833058402214 103.166000431579789
1945.7285825909298 103.402499534898766
1974.0298565222283 103.638999580589456
2002.7427819620161 103.874499869210126
2031.8733465193618 104.101500412891937
2061.4276248951132 104.317999212826891
2091.411780148677 104.525999421970127
2121.832064983222 104.719500198916705
2152.694823049581 104.895499994722286
2184.0064902691106 105.056499491747076
2215.7735961758003 105.197999631203317
2248.002765277899 105.317500243332447
2280.7007184393456 105.411000076060205
2313.874274281297 105.478000008428836
2347.530350604038 105.516000038776397
2381.6759658295764 105.524499999999989
2416.318240465218 105.502500098871110
2451.4643985884327 105.451999912893825
2487.1217693533167 105.374500132965522
2523.2977885189675 105.273500187086171
2560.0000000000887 105.152999999999679
2597.236057440151 105.018000098078659
2635.0137258074315 104.870499784426286
2673.340883014273 104.714999741402366
2712.225521559891 104.555000265852243
2751.6757501970797 104.394000125256952
2791.699795623158 104.232499649537345
2832.3060041955137 104.070999622701493
2873.502843672097 103.910500334072537
2915.2989049772345 103.753499724892464
2957.7029039931244 103.603499922222170
3000.723683377391 103.459999840142586
3044.370214407075 103.322999708584007
3088.6515988494466 103.192500035269404
3133.57707086003 103.071000203594721
3179.1559989082334 102.958500017053609
3225.3978877309914 102.856000132019147
3272.3123803148205 102.764000226233634
3319.9092599067053 102.682999878766267
3368.198452054235 102.612500047630022
3417.190026675413 102.552499908312853
3466.8942001585724 102.502000083561995
3517.3213374928373 102.460999967656264
3568.4819544295697 102.429499990519417
3620.386719675257 102.407999999794100
3673.0464571162966 102.393499985511227
3726.472148076138 102.384000002972670
3780.6749336052594 102.379500008485081
3835.6661168044484 102.375499990933193
3891.45716518188 102.369000015690347
3948.059713044477 102.354500031988934
4005.4855639240527 102.325500018366228
4063.746693038744 102.277999881222854
4122.855249790247 102.209000277142678
4182.823560297375 102.114500281965746
4243.664129966465 101.991999840866598
4305.389646099183 101.842000004786698
4368.012980538242 101.667000582710330
4431.5471923516225 101.472000532576402
4496.00553055582 101.256999429459540
4561.401436878714 101.018999732566868
4627.748548562617 100.763499946816708
4695.060701208099 100.497499385841110
4763.351931659176 100.223000484062965
4832.63648093046 99.938500982610265
4902.928797176889 99.647499639805886
4974.243538706657 99.350500470127969
5046.595577037959 99.051000520409104
5120.000000000202 98.755999999999219
5194.472114880326 98.472000199710806
5270.027451614888 98.198999637892442
5346.6817660285715 97.946999620828549
5424.451043119808 97.718500366578780
5503.351500394186 97.517500150930687
5583.399591246343 97.348999693345135
5664.612008391055 97.218999765653052
5747.005687344222 97.129500163992930
5830.597809954497 97.082999974493333
5915.405807986278 97.080500017164781
6001.447366754812 97.123500091512597
6088.740428814181 97.214500278169851
6177.303197698925 97.351999957586173
6267.154141720092 97.533499671103897
6358.3119978165005 97.752499964807640
6450.795775462017 98.002499660710853
6544.624760629676 98.273499298421640
6639.818519813445 98.549500439506701
6736.396904108505 98.803999825153468
6834.380053350861 99.012000266576848
6933.788400317181 99.144499808503824
7034.642674985712 99.175999947679230
7136.963908859177 99.089499927964766
7240.773439350552 98.880499996164801
7346.092914232631 98.554499469378513
7452.944296152315 98.133500164240203
7561.349867210557 97.645501062755457
7671.332233608935 97.114498999526745
7782.914330363799 96.562501093474182
7896.119426088994 96.013500975136495
8010.971127848146 95.476500293113887
8127.49338607753 94.953499049782593
8245.710499580537 94.459001792189127
8365.647120594791 94.008001238648546
8487.328259932974 93.616499629226240
8610.77929219841 93.299000011510202
8736.025961076528 93.065000687845966
8863.094384703289 92.913000359669994
8992.011061111683 92.823999860425701
9122.802873757471 92.776499976744930
9255.497097125279 92.764000004651024
9390.121402416245 92.804000233425739
9526.7038633184 92.933499728367593
9665.272961860968 93.183499027661043
9805.857594353829 93.572000602749284
9948.487077413367 94.104499096932273
10093.19115407597 94.784498754487814
10240.000000000457 95.617000000002918
10388.944229760706 96.598499276492845
10540.05490322983 97.719501709091787
10693.363532057198 98.958002101073063
10848.902086239672 100.268497813737810
11006.703000788428 101.615498936479582
11166.799182492743 103.006003110357014
11329.224016782166 104.422503092352883
11494.0113746885 105.652497632872695
11661.195619909053 106.297000034616190
11830.811615972614 106.109999588988373
12002.894733509682 105.231998711301202
12177.48085762842 104.134997857423542
12354.606395397908 103.250000222387570
12534.308283440243 102.727000745612457
12716.62399563306 102.453000035896054
12901.591550924093 102.139500485161463
13089.249521259411 101.459002036102163
13279.637039626952 100.229497289527643
13472.793808217073 98.502001289835732
13668.760106701786 96.516496575776884
13867.576800634426 94.570503309401573
14069.285349971487 92.857498585436375
14273.927817718419 91.454499538245699
14481.54687870117 90.405499986491748
14692.18582846533 89.731499464647612
14905.888592304698 89.412500086579030
15122.699734421185 89.459999688849166
15342.664467217943 89.938501479753072
15565.828660727671 90.833998071151271
15792.238852178061 91.852998230109719
16021.942255696367 92.512499689103606
16254.986772155136 92.872000354446243
16491.42099916115 92.966499996308983
16731.294241189662 92.466502002198808
16974.65651986603 91.020997437491815
17221.558584396902 88.324500118472542
17472.051922153143 83.925515633154689
17726.188769406665 78.276514885738464
17984.022122223458 74.056492472781628
18245.605747515034 71.181997526929322
18510.99419425065 68.972999625447400
18780.242804832582 67.122995669158556
19053.40772663689 65.126503617652787
19330.545923722028 62.857506228062448
19611.71518870775 64.039503726859138
19896.974154826825 66.918995738890118
20186.382308152035 69.071996419586796
