20 104.707500000000010
20.290906698750476 104.660469926935093
20.586044732869844 104.614186317895999
20.885475648548283 104.568227067222594
21.189261887185914 104.520682455399367
21.49746679841394 104.469686935240929
21.810154653305165 104.415722769557760
22.12739065777668 104.361002826500197
22.449240966187475 104.307367675682030
22.77577269513385 104.257765640741511
23.107053937445478 104.211726094094246
23.44315377638505 104.167151350604797
23.784142300054445 104.120720077992374
24.130090616010463 104.071203160968992
24.481070866093134 104.017707662384638
24.837156241469714 103.962240866708413
25.1984209978975 103.906988824068009
25.56494047120865 103.852171219674773
25.936791093020236 103.796810299379189
26.3140504066728 103.739892531974192
26.69679708340074 103.683710419261132
27.08511093873791 103.629510106570024
27.47907294916184 103.577720555910346
27.878765268980047 103.525063601860140
28.284271247461966 103.464653685395945
28.695675446220072 103.396952472357711
29.11306365684382 103.326249005875525
29.536522918790062 103.261299864339136
29.966141537533712 103.211893723183636
30.402009102982383 103.171809135852882
30.844216508158908 103.126554635427908
31.29285596815558 103.068535884617447
31.74802103936409 103.000304759937933
32.20980663898519 102.932546683820050
32.67830906482211 102.871102912221346
33.153626015361866 102.813604000110502
33.63585661014871 102.753066927460367
34.125101410453844 102.688861918051458
34.62146244024586 102.626288894491239
35.12504320746613 102.568120203971262
35.635948725613716 102.510593999103193
36.15428553564419 102.449177164651417
36.68016172818701 102.386101239530305
37.21368696608603 102.325708120696618
37.754972507267915 102.265360326511768
38.30413122794313 102.201067200595332
38.86127764614443 102.129941192062276
39.4265279456077 102.059638098187662
40.000000000000206 101.996999999999986
40.58181339750116 101.938333620197369
41.1720894657399 101.877384177452655
41.77095129709678 101.814074225471330
42.37852377437204 101.751494679643628
42.9949335968281 101.692393597610675
43.62030930661056 101.639140941244420
44.25478131555359 101.589306451422686
44.89848193237519 101.536044465839979
45.55154539026795 101.476581830002999
46.21410787489121 101.420000759697757
46.88630755277036 101.371903570033169
47.56828460010916 101.318366648322751
48.260181232021196 101.251222697725964
48.962141732186545 101.191399147411545
49.674312482939705 101.151484729769749
50.39684199579528 101.121142087866815
51.129880942417586 101.079908297018918
51.873582186040764 101.024113467811787
52.628100813345895 100.968032975607002
53.393594166801776 100.914940367207834
54.17022187747612 100.858968879321267
54.95814589832399 100.797348380493531
55.75753053796041 100.729913017242183
56.56854249492426 100.665506499138303
57.39135089244048 100.617237315194814
58.226127313687975 100.582080570658761
59.073045837580466 100.537667653856630
59.932283075067765 100.474943335520052
60.804018205965114 100.415230139413580
61.68843301631817 100.357194035172284
62.58571193631152 100.307455498713992
63.49604207872855 100.263189980221028
64.41961327797075 100.215082043155661
65.35661812964459 100.158284894378625
66.3072520307241 100.098601138310187
67.27171322029778 100.047321908815547
68.25020282090806 99.996487425103695
69.2429248804921 99.934574270088746
70.25008641493265 99.873995679253369
71.27189745122783 99.825760050676507
72.30857107128878 99.784811442684088
73.36032345637442 99.740384635822210
74.42737393217246 99.685425998900087
75.50994501453623 99.624877909324056
76.60826245588666 99.565830575809301
77.72255529228926 99.506516281146858
78.85305589121582 99.446068403073610
80.00000000000082 99.393499999999960
81.16362679500274 99.345985120416856
82.34417893148023 99.298292759399231
83.541902594194 99.245915953143069
84.75704754874454 99.196218122345527
85.98986719365665 99.149379887437590
87.24061861322157 99.101876422320203
88.50956263110764 99.053127057386803
89.79696386475084 99.002918409274713
91.10309078053635 98.953633992314877
92.42821574978288 98.909374396643187
93.77261510554118 98.865884837625202
95.13656920021877 98.817264834237037
96.52036246404286 98.763685411010414
97.92428346437356 98.708670999588378
99.34862496587989 98.657026776246937
100.79368399159105 98.608572989608021
102.25976188483567 98.561440873646873
103.74716437208203 98.515051412784032
105.25620162669229 98.469581541809504
106.78718833360406 98.425196330547877
108.34044375495276 98.381187426943001
109.9162917966485 98.336156577917080
111.51506107592134 98.291335801361015
113.13708498984903 98.247361927725862
114.78270178488147 98.203294633556411
116.45225462737648 98.157562943287530
118.14609167516147 98.109420584352108
119.86456615013608 98.055552977642265
121.60803641193078 97.998658758801241
123.3768660326369 97.938293119636370
125.17142387262359 97.875328740585545
126.99208415745765 97.809456914226558
128.83922655594208 97.740729280382197
130.71323625928977 97.669784627326891
132.61450406144883 97.596727089572767
134.5434264405962 97.520670512206607
136.50040564181674 97.444484585610965
138.48584976098482 97.370495258365537
140.50017282986593 97.302494815104026
142.5437949024563 97.241186152926304
144.61714214257822 97.192327158398911
146.7206469127495 97.164040495812102
148.8547478643456 97.158793294020171
151.01989002907314 97.181581888558213
153.216524911774 97.235938201806221
155.4451105845792 97.324624993684196
157.70611178243232 97.450757603622151
160.00000000000236 97.615000000000194
162.3272535900062 97.804438442226513
164.6883578629612 98.008011790932443
167.08380518838874 98.221708944879623
169.51409509748981 98.438254463676600
171.97973438731407 98.648985529166765
174.4812372264439 98.840007802202138
177.01912526221608 99.003685766257391
179.5939277295025 99.139452743112827
182.20618156107355 99.244276135633015
184.85643149956664 99.315824646388904
187.54523021108326 99.356235197097632
190.27313840043846 99.368399095519038
193.04072492808663 99.359714925503397
195.84856692874806 99.336665763783770
198.69724993176072 99.301499050968999
201.58736798318304 99.257072989608019
204.5195237696723 99.207408334030731
207.49432874416505 99.154851137395724
210.5124032533856 99.100524674230172
213.57437666720915 99.045554814157043
216.68088750990657 98.990414246699160
219.83258359329807 98.935387933015619
223.03012215184378 98.880609158149667
226.2741699796992 98.825339110345112
229.5654035697641 98.769388139314003
232.90450925475412 98.713107427544969
236.2921833503241 98.657825066394821
239.72913230027333 98.602833883195615
243.21607282386276 98.548812925848026
246.75373206527502 98.496632452037204
250.34284774524843 98.446457267375450
253.9841683149166 98.398209769827361
257.67845311188546 98.353398756018393
261.42647251858085 98.312237111360446
265.22900812289896 98.273324422832459
269.08685288119375 98.236718324069244
273.0008112836349 98.201617799857729
276.97169952197106 98.166497629182743
281.00034565973334 98.131096923628377
285.0875898049141 98.094650378892325
289.23428428515797 98.054427442433976
293.44129382550057 98.010178156067155
297.7094957286928 97.961527950401432
302.0397800581479 97.909257721780421
306.4330498235497 97.853775860597779
310.89022116916016 97.794954569508633
315.41222356486645 97.733770092448367
320.00000000000654 97.669999999999902
324.6545071800142 97.604371448761796
329.3767157259242 97.537350636691883
334.16761037677935 97.469319932649739
339.02819019498156 97.399494061192271
343.95946877463007 97.328483649645335
348.9624744528898 97.256440367878383
354.03825052443415 97.183753017500592
359.187855459007 97.109694881390311
364.4123631221491 97.034903207353267
369.71286299913527 96.960048631712198
375.0904604221685 96.884785245759446
380.54627680087896 96.811521425816764
386.08144985617537 96.739757441840965
391.6971338574982 96.671047251977825
397.3944998635236 96.604660501501243
403.1747359663683 96.545575446988977
409.0390475393468 96.494694127608454
414.9886574883323 96.456058602976952
421.0248065067734 96.433370098948316
427.1487533344206 96.424716251111477
433.3617750198154 96.431707622964552
439.6651671865984 96.455539157695810
446.06024430368984 96.499572320885051
452.54833995940066 96.568344581500625
459.13080713953053 96.660167049440133
465.8090185095106 96.769340405707311
472.58436670065066 96.895257876841043
479.45826460054917 97.033212871782723
486.432145647728 97.179018273167060
493.50746413055253 97.327656746741610
500.6856954904994 97.473828206096584
507.9683366298358 97.615384543242442
515.3569062237735 97.746761486183772
522.8529450371643 97.865887921455482
530.4580162458005 97.970709934795991
538.1737057623901 98.058075759415971
546.0016225672724 98.127011357970900
553.9433990439449 98.178959920100212
562.0006913194694 98.216102108524382
570.1751796098309 98.240718974512276
578.4685685703187 98.251085710712900
586.8825876510039 98.253000000000000
595.4189914573883 98.248122907688355
604.0795601162986 98.238645577347356
612.8660996471021 98.225505693436901
621.780442338323 98.209892067252994
630.8244471297356 98.192851105740530
640.0000000000159 98.174499999999966
649.3090143600314 98.156812872715932
658.7534314518515 98.139306151814083
668.3352207535618 98.123246885756629
678.0563803899662 98.109221067454044
687.9189375492632 98.097789168695812
697.9249489057827 98.089160040875370
708.0765010488715 98.083461749475561
718.3757109180171 98.081243643362299
728.8247262443015 98.081441236312202
739.425725998274 98.083856431499555
750.1809208443404 98.088105537159208
761.0925536017613 98.094470656267703
772.1628997123541 98.103208495921507
783.3942677149998 98.113894267715011
794.7889997270506 98.126420499681558
806.34947193274 98.141495085238049
818.0780950786972 98.159552234168615
829.9773149766683 98.180380324379115
842.0496130135506 98.204274161529355
854.2975066688449 98.231706578338503
866.7235500396347 98.262353900103648
879.3303343732008 98.296124936244951
892.1204886073838 98.333598815442400
905.0966799188055 98.373639486409559
918.2616142790653 98.416452324703016
931.6180370190256 98.462163129566591
945.1687334013056 98.510785355804785
958.9165292011028 98.562308506554189
972.8642912954606 98.617457165181833
987.0149282611097 98.674983938295298
1001.3713909810035 98.735442694251020
1015.9366732596762 98.798652584784577
1030.7138124475518 98.864237649315683
1045.7058900743334 98.932336432528970
1060.916032491606 99.002305352710550
1076.3474115247852 99.074832834166500
1092.0032451345498 99.148515414389109
1107.8867980878947 99.223894905271507
1124.0013826389438 99.299561969463994
1140.350359219667 99.375370411390961
1156.9371371406426 99.451217117132899
1173.765175302013 99.526832965402676
1190.837982914782 99.601186695632904
1208.1591202326028 99.675290703804166
1225.73219929421 99.746292316241266
1243.5608846766518 99.816816724593835
1261.648894259477 99.884989205235385
1280.0000000000375 99.952000000000140
1298.6180287200684 100.016631156842521
1317.5068629037087 100.082023333872598
1336.6704415071292 100.145929218011190
1356.112760779938 100.209769291554295
1375.8378750985323 100.272785253437846
1395.8498978115715 100.335530930661150
1416.153002097749 100.397766656398133
1436.7514218360407 100.460254265508127
1457.6494524886093 100.522183412216961
1478.8514519965543 100.583438123670220
1500.3618416886875 100.644505919894556
1522.1851072035295 100.705174598025806
1544.3257994247153 100.765952690423717
1566.788535430007 100.827164816369617
1589.5779994541087 100.889443718504253
1612.6989438654878 100.952795106191431
1636.156190157402 101.017514208637579
1659.9546299533442 101.084271149067490
1684.099226027109 101.153387755478605
1708.5950133376978 101.224769339212827
1733.4471000792773 101.298172358236243
1758.6606687464096 101.374001646364007
1784.2409772147755 101.453016668454396
1810.193359837619 101.535118751480383
1836.5232285581387 101.620296189670697
1863.2360740380593 101.708973208767887
1890.3374668026197 101.801260885801014
1917.833058402214 101.897272365575787
1945.7285825909298 101.997122897327358
1974.0298565222283 102.101891066262681
2002.7427819620161 102.210605423586472
2031.8733465193618 102.323430941193465
2061.4276248951132 102.440758087076958
2091.411780148677 102.561788298609571
2121.832064983222 102.686648871304953
2152.694823049581 102.816452997960710
2184.0064902691106 102.949727908157172
2215.7735961758003 103.086917973412540
2248.002765277899 103.227212167222746
2280.7007184393456 103.371261506440447
2313.874274281297 103.517546806837700
2347.530350604038 103.665925715167845
2381.6759658295764 103.816374249650124
2416.318240465218 103.968800258046969
2451.4643985884327 104.123711658771470
2487.1217693533167 104.281691873622265
2523.2977885189675 104.444713715404816
2560.0000000000887 104.613500000000414
2597.236057440151 104.788586723558723
2635.0137258074315 104.969816570166046
2673.340883014273 105.154536238468495
2712.225521559891 105.339330376690810
2751.6757501970797 105.518936822764317
2791.699795623158 105.689242894171969
2832.3060041955137 105.842886095439496
2873.502843672097 105.980153730073340
2915.2989049772345 106.097911393845806
2957.7029039931244 106.193132762548714
3000.723683377391 106.263214637335182
3044.370214407075 106.304185107203537
3088.6515988494466 106.317000000000007
3133.57707086003 106.304622037798481
3179.1559989082334 106.264511521179116
3225.3978877309914 106.200601442998476
3272.3123803148205 106.113420877535731
3319.9092599067053 106.005226850233242
3368.198452054235 105.878316396165971
3417.190026675413 105.734710917306217
3466.8942001585724 105.577418081478299
3517.3213374928373 105.409434239149419
3568.4819544295697 105.233313159496504
3620.386719675257 105.051238746743095
3673.0464571162966 104.866567864664120
3726.472148076138 104.681435810618098
3780.6749336052594 104.498834505765430
3835.6661168044484 104.318838409729892
3891.45716518188 104.146030826301512
3948.059713044477 103.977284480486148
4005.4855639240527 103.818374672895558
4063.746693038744 103.669039159149008
4122.855249790247 103.528242244209707
4182.823560297375 103.397352879405247
4243.664129966465 103.275671740067068
4305.389646099183 103.163298637021470
4368.012980538242 103.060245465120872
4431.5471923516225 102.966877325485115
4496.00553055582 102.880759384768169
4561.401436878714 102.803784174772801
4627.748548562617 102.733509736389465
4695.060701208099 102.669983251098714
4763.351931659176 102.612199938434344
4832.63648093046 102.559528098539374
4902.928797176889 102.511596281835011
4974.243538706657 102.466668513953451
5046.595577037959 102.424789987916142
5120.000000000202 102.385142857142739
5194.472114880326 102.348534574413563
5270.027451614888 102.317114362499240
5346.6817660285715 102.293246036417500
5424.451043119808 102.278784865884603
5503.351500394186 102.277405410728363
5583.399591246343 102.290679918249268
5664.612008391055 102.318552563188604
5747.005687344222 102.357148042729165
5830.597809954497 102.404623631221568
5915.405807986278 102.457859717111205
6001.447366754812 102.512895558179537
6088.740428814181 102.566931552191676
6177.303197698925 102.622162009982191
6267.154141720092 102.679944905503817
6358.3119978165005 102.742609958460633
6450.795775462017 102.812890599246927
6544.624760629676 102.894224151188752
6639.818519813445 102.989203093997588
6736.396904108505 103.098540253971294
6834.380053350861 103.219162667755597
6933.788400317181 103.344228674391729
7034.642674985712 103.461855168610214
7136.963908859177 103.553526540758469
7240.773439350552 103.601023750296093
7346.092914232631 103.584687968029726
7452.944296152315 103.462376924694979
7561.349867210557 103.188781664967010
7671.332233608935 102.769766588734342
7782.914330363799 102.215065012323521
7896.119426088994 101.532805810058335
8010.971127848146 100.726282376966935
8127.49338607753 99.805475174281611
8245.710499580537 98.874288064842546
8365.647120594791 98.312526414823012
8487.328259932974 98.218826331767602
8610.77929219841 98.517373571240668
8736.025961076528 98.365337282510069
8863.094384703289 97.760516009577188
8992.011061111683 97.140426796052807
9122.802873757471 96.672938914187910
9255.497097125279 96.343302933655792
9390.121402416245 96.125342495194502
9526.7038633184 96.012155042713005
9665.272961860968 95.996407761781910
9805.857594353829 96.069623465904840
9948.487077413367 96.224245377572714
10093.19115407597 96.451546236289659
10240.000000000457 96.721600000000876
10388.944229760706 97.001229167093868
10540.05490322983 97.240892281255853
10693.363532057198 97.404869308060427
10848.902086239672 97.456774777932779
11006.703000788428 97.380473090041079
11166.799182492743 97.201779637107677
11329.224016782166 96.959997551998512
11494.0113746885 96.726184454592385
11661.195619909053 96.599667760839495
11830.811615972614 96.594503980955267
12002.894733509682 96.778831474163241
12177.48085762842 97.089227247968864
12354.606395397908 97.554805378039589
12534.308283440243 98.075424850320729
12716.62399563306 98.599275668413043
12901.591550924093 98.905256379628099
13089.249521259411 99.061816743450706
13279.637039626952 98.888581272202984
13472.793808217073 98.372901826034820
13668.760106701786 97.622815031845917
13867.576800634426 96.730402689027713
14069.285349971487 95.803989704292604
14273.927817718419 94.900152138410320
14481.54687870117 94.098752798509580
14692.18582846533 93.439758249925291
14905.888592304698 92.919233319745047
15122.699734421185 92.551754146845923
15342.664467217943 92.334534543030131
15565.828660727671 92.246420112142545
15792.238852178061 92.270131075550580
16021.942255696367 92.432548712243218
16254.986772155136 92.687227460003072
16491.42099916115 92.911367107204768
16731.294241189662 92.857513143361174
16974.65651986603 92.183472883838959
17221.558584396902 90.872589333402885
17472.051922153143 89.126328756605034
17726.188769406665 87.254060239007117
17984.022122223458 85.831598177037876
18245.605747515034 85.673309487240516
18510.99419425065 86.282294557674547
18780.242804832582 85.742252667599331
19053.40772663689 83.895941859375426
19330.545923722028 81.303314506831640
19611.71518870775 78.956618373614020
19896.974154826825 78.667514710928515
20186.382308152035 79.007499999999993
