20 100.430416064257031
20.290906698750476 100.410153651825681
20.586044732869844 100.380007190419775
20.885475648548283 100.340466981441196
21.189261887185914 100.295241575019816
21.49746679841394 100.246897914356879
21.810154653305165 100.196435955107518
22.12739065777668 100.144589468822161
22.449240966187475 100.092670180353650
22.77577269513385 100.041508689110287
23.107053937445478 99.992294005503481
23.44315377638505 99.945512654375051
23.784142300054445 99.900431602265627
24.130090616010463 99.855804340739979
24.481070866093134 99.811206703145473
24.837156241469714 99.766729117639159
25.1984209978975 99.722347441711861
25.56494047120865 99.678033783624670
25.936791093020236 99.633942808028635
26.3140504066728 99.590489054115153
26.69679708340074 99.548184922549893
27.08511093873791 99.507150900147934
27.47907294916184 99.466761492801822
27.878765268980047 99.426695354683460
28.284271247461966 99.386666349471938
28.695675446220072 99.346333217423677
29.11306365684382 99.305167608474676
29.536522918790062 99.263424307406794
29.966141537533712 99.221548892069563
30.402009102982383 99.179877747604962
30.844216508158908 99.138104971769479
31.29285596815558 99.095532437905177
31.74802103936409 99.051717285970511
32.20980663898519 99.005315108028910
32.67830906482211 98.955201648140559
33.153626015361866 98.901882516518867
33.63585661014871 98.846825086439026
34.125101410453844 98.791239723373636
34.62146244024586 98.736679193408492
35.12504320746613 98.685545679253380
35.635948725613716 98.640908613195194
36.15428553564419 98.601898753977565
36.68016172818701 98.565011428355774
37.21368696608603 98.527145079246623
37.754972507267915 98.484848626266754
38.30413122794313 98.435221824646817
38.86127764614443 98.376730161780230
39.4265279456077 98.311051609706823
40.000000000000206 98.243183033932112
40.58181339750116 98.178959929133498
41.1720894657399 98.126479861875424
41.77095129709678 98.089594190828933
42.37852377437204 98.063285173574116
42.9949335968281 98.037751625521977
43.62030930661056 98.003264259511525
44.25478131555359 97.954132910690078
44.89848193237519 97.890084974690637
45.55154539026795 97.816969373541554
46.21410787489121 97.745251115734220
46.88630755277036 97.689032992221399
47.56828460010916 97.660193951252296
48.260181232021196 97.651014667941723
48.962141732186545 97.646834953811776
49.674312482939705 97.631400448408925
50.39684199579528 97.593725266499149
51.129880942417586 97.536745989503345
51.873582186040764 97.475074574045081
52.628100813345895 97.422313551963924
53.393594166801776 97.382566840427728
54.17022187747612 97.351831860600214
54.95814589832399 97.320254265661106
55.75753053796041 97.276731613457500
56.56854249492426 97.216406026420856
57.39135089244048 97.145769609642116
58.226127313687975 97.078794851361806
59.073045837580466 97.023218168955665
59.932283075067765 96.977224321154665
60.804018205965114 96.932427947896528
61.68843301631817 96.880900014542704
62.58571193631152 96.819722838569021
63.49604207872855 96.757158093404740
64.41961327797075 96.706730325370387
65.35661812964459 96.674370575535676
66.3072520307241 96.652064795707034
67.27171322029778 96.627603945245397
68.25020282090806 96.595650219724831
69.2429248804921 96.558072365113219
70.25008641493265 96.519184109851324
71.27189745122783 96.480627925724974
72.30857107128878 96.441861704581257
73.36032345637442 96.401029059451048
74.42737393217246 96.356104700946815
75.50994501453623 96.310864961037595
76.60826245588666 96.276002847290329
77.72255529228926 96.252383926277517
78.85305589121582 96.228508809894947
80.00000000000082 96.196245641282530
81.16362679500274 96.158019190553318
82.34417893148023 96.117791771854655
83.541902594194 96.076635038732149
84.75704754874454 96.039022019518313
85.98986719365665 96.009842418267425
87.24061861322157 95.988006780142541
88.50956263110764 95.969867884078610
89.79696386475084 95.951167182290135
91.10309078053635 95.924598701157578
92.42821574978288 95.889843051741209
93.77261510554118 95.849133274683879
95.13656920021877 95.803850532187710
96.52036246404286 95.761309973550297
97.92428346437356 95.729839194063885
99.34862496587989 95.706546075541837
100.79368399159105 95.683715767902044
102.25976188483567 95.662054190147671
103.74716437208203 95.642848237155675
105.25620162669229 95.620217506639847
106.78718833360406 95.584577049204100
108.34044375495276 95.527073568055272
109.9162917966485 95.447488896169403
111.51506107592134 95.386422378722642
113.13708498984903 95.368668153306487
114.78270178488147 95.371124783970501
116.45225462737648 95.366056597155733
118.14609167516147 95.342502382311267
119.86456615013608 95.299530365405190
121.60803641193078 95.249674017423530
123.3768660326369 95.214028249258405
125.17142387262359 95.193417986592351
126.99208415745765 95.162314137336040
128.83922655594208 95.118747145798807
130.71323625928977 95.085244501344533
132.61450406144883 95.066623764790592
134.5434264405962 95.048211391759367
136.50040564181674 95.023865610965885
138.48584976098482 95.000640623527545
140.50017282986593 94.969148254378339
142.5437949024563 94.918686416667356
144.61714214257822 94.882714610540376
146.7206469127495 94.858860061509759
148.8547478643456 94.817574419757065
151.01989002907314 94.783388685772564
153.216524911774 94.761729703024074
155.4451105845792 94.735189561102885
157.70611178243232 94.726082456784752
160.00000000000236 94.742797265042270
162.3272535900062 94.718919976327754
164.6883578629612 94.651372223592119
167.08380518838874 94.609464273634259
169.51409509748981 94.612002490582725
171.97973438731407 94.625335693563130
174.4812372264439 94.633366176446543
177.01912526221608 94.638909358433253
179.5939277295025 94.641614284966238
182.20618156107355 94.647731490018487
184.85643149956664 94.673286209125379
187.54523021108326 94.730623714736041
190.27313840043846 94.784390436457969
193.04072492808663 94.808602753406120
195.84856692874806 94.830822375564395
198.69724993176072 94.861181746642814
201.58736798318304 94.902138225037447
204.5195237696723 94.963344293014075
207.49432874416505 95.016326121686177
210.5124032533856 95.043061897339399
213.57437666720915 95.076554140823589
216.68088750990657 95.118857353974931
219.83258359329807 95.144631743946221
223.03012215184378 95.173719929751670
226.2741699796992 95.216200423834152
229.5654035697641 95.252979323961753
232.90450925475412 95.292164947733326
236.2921833503241 95.329696356947096
239.72913230027333 95.341527798452319
243.21607282386276 95.330659128729081
246.75373206527502 95.320165646912045
250.34284774524843 95.327849499161999
253.9841683149166 95.343567005786753
257.67845311188546 95.339125743196092
261.42647251858085 95.313148624757631
265.22900812289896 95.293855160466052
269.08685288119375 95.281455031719702
273.0008112836349 95.262359433054883
276.97169952197106 95.251691853013938
281.00034565973334 95.216892577500573
285.0875898049141 95.157727209082438
289.23428428515797 95.121308202513447
293.44129382550057 95.120850818475304
297.7094957286928 95.105330964136471
302.0397800581479 95.053177590167195
306.4330498235497 95.027225831076109
310.89022116916016 95.025799916073737
315.41222356486645 95.001253463048030
320.00000000000654 94.966851398950752
324.6545071800142 94.934028339491391
329.3767157259242 94.895379631323465
334.16761037677935 94.844939415536473
339.02819019498156 94.805333341208978
343.95946877463007 94.777033664430419
348.9624744528898 94.753838643610578
354.03825052443415 94.733016088570338
359.187855459007 94.694994108673427
364.4123631221491 94.641885920030631
369.71286299913527 94.593882541863934
375.0904604221685 94.581731429017566
380.54627680087896 94.565686109721327
386.08144985617537 94.535357106020868
391.6971338574982 94.506700825406085
397.3944998635236 94.481681019602149
403.1747359663683 94.443568266527805
409.0390475393468 94.412745646547023
414.9886574883323 94.382480009027319
421.0248065067734 94.361700321463843
427.1487533344206 94.334647977325645
433.3617750198154 94.287600814358967
439.6651671865984 94.246194876230277
446.06024430368984 94.227375740375464
452.54833995940066 94.160341085591000
459.13080713953053 94.099858981661924
465.8090185095106 94.068712416265868
472.58436670065066 94.038826022403029
479.45826460054917 94.002496891476937
486.432145647728 93.976042750326783
493.50746413055253 93.956445816242280
500.6856954904994 93.941853504317265
507.9683366298358 93.915749480683814
515.3569062237735 93.882923227250473
522.8529450371643 93.867795047463630
530.4580162458005 93.845520889297688
538.1737057623901 93.809166461358316
546.0016225672724 93.791192317034472
553.9433990439449 93.787777957643328
562.0006913194694 93.785306286562047
570.1751796098309 93.783976054258261
578.4685685703187 93.798246122500132
586.8825876510039 93.837193448958146
595.4189914573883 93.878603959081630
604.0795601162986 93.924912869392955
612.8660996471021 93.974230288918562
621.780442338323 94.014758328967588
630.8244471297356 94.056390748362162
640.0000000000159 94.110074202862251
649.3090143600314 94.164081750502646
658.7534314518515 94.222440860557683
668.3352207535618 94.276365590013427
678.0563803899662 94.326134293714176
687.9189375492632 94.376588200086587
697.9249489057827 94.428617814637590
708.0765010488715 94.474305385081635
718.3757109180171 94.513317899310096
728.8247262443015 94.555385478327707
739.425725998274 94.595172660930956
750.1809208443404 94.643946662788565
761.0925536017613 94.704174551252322
772.1628997123541 94.750217201080773
783.3942677149998 94.779813413626869
794.7889997270506 94.814035462226713
806.34947193274 94.843683767568493
818.0780950786972 94.871905493564100
829.9773149766683 94.912491323024568
842.0496130135506 94.955133478965109
854.2975066688449 94.996587882989743
866.7235500396347 95.051061255664735
879.3303343732008 95.100179997584775
892.1204886073838 95.150303957769523
905.0966799188055 95.206009668546528
918.2616142790653 95.261692173145207
931.6180370190256 95.316301121259158
945.1687334013056 95.381670741118370
958.9165292011028 95.458341827814195
972.8642912954606 95.535325628694011
987.0149282611097 95.610876812666845
1001.3713909810035 95.684927632604229
1015.9366732596762 95.748522130198793
1030.7138124475518 95.815521898565009
1045.7058900743334 95.895091370066893
1060.916032491606 95.980737920995125
1076.3474115247852 96.062426849671056
1092.0032451345498 96.133513144973421
1107.8867980878947 96.208659338949445
1124.0013826389438 96.294056707855077
1140.350359219667 96.377933283207739
1156.9371371406426 96.450404701214495
1173.765175302013 96.520022915355554
1190.837982914782 96.595030058168518
1208.1591202326028 96.674752916779596
1225.73219929421 96.746669804701625
1243.5608846766518 96.819511539107651
1261.648894259477 96.900853779406503
1280.0000000000375 96.975410216159105
1298.6180287200684 97.044934519836147
1317.5068629037087 97.122682898230337
1336.6704415071292 97.194430299107481
1356.112760779938 97.261207306204142
1375.8378750985323 97.337490083431177
1395.8498978115715 97.411119145883731
1416.153002097749 97.485990883585814
1436.7514218360407 97.558409399571048
1457.6494524886093 97.626431035766814
1478.8514519965543 97.700425347908634
1500.3618416886875 97.770540490479178
1522.1851072035295 97.837835220431629
1544.3257994247153 97.916417387246838
1566.788535430007 97.995949440634405
1589.5779994541087 98.073435918138188
1612.6989438654878 98.157035853413205
1636.156190157402 98.236952202259772
1659.9546299533442 98.315837810491757
1684.099226027109 98.400490586378197
1708.5950133376978 98.490294656996610
1733.4471000792773 98.582430849629645
1758.6606687464096 98.679357378895787
1784.2409772147755 98.777742085675669
1810.193359837619 98.879318635984973
1836.5232285581387 98.987137897204775
1863.2360740380593 99.094683129825441
1890.3374668026197 99.202976185395300
1917.833058402214 99.317970336489964
1945.7285825909298 99.441774867140680
1974.0298565222283 99.574620219552841
2002.7427819620161 99.707141537177080
2031.8733465193618 99.841610571342414
2061.4276248951132 99.982575745351255
2091.411780148677 100.127167110846841
2121.832064983222 100.270451332396391
2152.694823049581 100.415361594505171
2184.0064902691106 100.573405456787242
2215.7735961758003 100.741955134926798
2248.002765277899 100.910930323849740
2280.7007184393456 101.089629679124755
2313.874274281297 101.263878443406043
2347.530350604038 101.429643537423246
2381.6759658295764 101.602574529243199
2416.318240465218 101.783133848095389
2451.4643985884327 101.960601213735515
2487.1217693533167 102.134228454200610
2523.2977885189675 102.308584552546051
2560.0000000000887 102.486360994773023
2597.236057440151 102.665128278129202
2635.0137258074315 102.837123192520565
2673.340883014273 102.994015264659055
2712.225521559891 103.145635213209289
2751.6757501970797 103.288253540378960
2791.699795623158 103.423851501014582
2832.3060041955137 103.555708152592416
2873.502843672097 103.679035959688761
2915.2989049772345 103.789390866062334
2957.7029039931244 103.888344102273606
3000.723683377391 103.962598766030609
3044.370214407075 104.009633066682994
3088.6515988494466 104.036320064322325
3133.57707086003 104.039632766158945
3179.1559989082334 104.018241911772691
3225.3978877309914 103.979853004682724
3272.3123803148205 103.917787786713063
3319.9092599067053 103.833023345493672
3368.198452054235 103.734061436945836
3417.190026675413 103.626707884239948
3466.8942001585724 103.513482665098024
3517.3213374928373 103.392225963800755
3568.4819544295697 103.265685859426384
3620.386719675257 103.136414007162486
3673.0464571162966 103.005176181696925
3726.472148076138 102.874130899072725
3780.6749336052594 102.741723580158734
3835.6661168044484 102.614657904197372
3891.45716518188 102.497250521389731
3948.059713044477 102.383554462757871
4005.4855639240527 102.276812013625658
4063.746693038744 102.181288964833840
4122.855249790247 102.094298241894649
4182.823560297375 102.015693953386730
4243.664129966465 101.946482038499141
4305.389646099183 101.880822601067280
4368.012980538242 101.820762388394101
4431.5471923516225 101.768694878228573
4496.00553055582 101.720195057279923
4561.401436878714 101.673515103440835
4627.748548562617 101.625593268395960
4695.060701208099 101.570106053711044
4763.351931659176 101.510040925774007
4832.63648093046 101.441393579156966
4902.928797176889 101.359152030278096
4974.243538706657 101.261542548259769
5046.595577037959 101.150978371270867
5120.000000000202 101.028347684027040
5194.472114880326 100.893086664828445
5270.027451614888 100.746902179700044
5346.6817660285715 100.595699561862858
5424.451043119808 100.449709204396555
5503.351500394186 100.318256279730122
5583.399591246343 100.206988578789748
5664.612008391055 100.124869417333343
5747.005687344222 100.074402802512367
5830.597809954497 100.050170698056519
5915.405807986278 100.043416231757661
6001.447366754812 100.041716766764438
6088.740428814181 100.030824849707102
6177.303197698925 100.004483225390118
6267.154141720092 99.964218189274092
6358.3119978165005 99.914669840789799
6450.795775462017 99.860779663826662
6544.624760629676 99.808539070676886
6639.818519813445 99.761553045200969
6736.396904108505 99.719060797083657
6834.380053350861 99.676173233163169
6933.788400317181 99.632698068391832
7034.642674985712 99.580041791380808
7136.963908859177 99.507859687302641
7240.773439350552 99.409363707840015
7346.092914232631 99.262512405144463
7452.944296152315 99.039170018578631
7561.349867210557 98.766296500359829
7671.332233608935 98.449169110187384
7782.914330363799 98.055991667021772
7896.119426088994 97.554307243695604
8010.971127848146 96.861871667677292
8127.49338607753 96.039580807953030
8245.710499580537 96.353603461715593
8365.647120594791 97.280367662134339
8487.328259932974 97.489287117136541
8610.77929219841 97.015319892088058
8736.025961076528 96.466148197073451
8863.094384703289 96.065625244236969
8992.011061111683 95.802452255721249
9122.802873757471 95.636968778542098
9255.497097125279 95.554086566205697
9390.121402416245 95.549944820296801
9526.7038633184 95.618154538284728
9665.272961860968 95.751361148113119
9805.857594353829 95.943143762741073
9948.487077413367 96.171650368128354
10093.19115407597 96.394698106039385
10240.000000000457 96.560167727244732
10388.944229760706 96.610081595089383
10540.05490322983 96.509057206892848
10693.363532057198 96.262740162714408
10848.902086239672 95.874546691097564
11006.703000788428 95.366948271010756
11166.799182492743 94.779176520511498
11329.224016782166 94.164939531673468
11494.0113746885 93.583626406385434
11661.195619909053 93.079959455638715
11830.811615972614 92.674273353622311
12002.894733509682 92.354272297902867
12177.48085762842 92.070756317494983
12354.606395397908 91.769852332030311
12534.308283440243 91.431145979290264
12716.62399563306 91.070673577513006
12901.591550924093 90.697108761704357
13089.249521259411 90.296088768051249
13279.637039626952 89.874753137860836
13472.793808217073 89.450784941583066
13668.760106701786 89.051706266072244
13867.576800634426 88.698766006876838
14069.285349971487 88.407846863507913
14273.927817718419 88.198625725808014
14481.54687870117 88.084578825652585
14692.18582846533 88.055265512685807
14905.888592304698 88.064111656502050
15122.699734421185 88.109498606443310
15342.664467217943 88.305410211205697
15565.828660727671 88.704248426644881
15792.238852178061 89.197246434556362
16021.942255696367 89.634360341446325
16254.986772155136 89.873835595487606
16491.42099916115 89.777431039822289
16731.294241189662 89.235507917776914
16974.65651986603 88.227097036711214
17221.558584396902 86.856556984151339
17472.051922153143 85.273843187409838
17726.188769406665 83.603669073609382
17984.022122223458 82.453477007944741
18245.605747515034 82.454491222133484
18510.99419425065 82.378335003770047
18780.242804832582 81.203847945799794
19053.40772663689 79.342264853065132
19330.545923722028 77.709064830724401
19611.71518870775 76.490812912371084
19896.974154826825 75.583349167859097
20186.382308152035 74.906053842623379
