20	104.58429789904855
20.290906698750476	104.51779699646218
20.586044732869844	104.45128036888461
20.885475648548283	104.38462686900203
21.189261887185914	104.31770744444123
21.49746679841394	104.25043859566343
21.810154653305165	104.1828304827356
22.12739065777668	104.11499502646733
22.449240966187475	104.04713240079865
22.77577269513385	103.97948202079711
23.107053937445478	103.91226752248176
23.44315377638505	103.84565165463827
23.784142300054445	103.7797053674268
24.130090616010463	103.7143981248052
24.481070866093134	103.64960134789754
24.837156241469714	103.58510162385514
25.1984209978975	103.52062493317307
25.56494047120865	103.4558717459021
25.936791093020236	103.39056125905238
26.3140504066728	103.32447972838985
26.69679708340074	103.25751492512632
27.08511093873791	103.18966531747124
27.47907294916184	103.12102423491693
27.878765268980047	103.05174574763782
28.284271247461966	102.98201441884461
28.695675446220072	102.91202427097103
29.11306365684382	102.84197953534812
29.536522918790062	102.77210784383013
29.966141537533712	102.70267100235299
30.402009102982383	102.63396757431838
30.844216508158908	102.5663311544134
31.29285596815558	102.50012099509105
31.74802103936409	102.43571089233004
32.20980663898519	102.37347866406937
32.67830906482211	102.31378993128926
33.153626015361866	102.25697472340605
33.63585661014871	102.2032965845386
34.125101410453844	102.15291515462198
34.62146244024586	102.10585602139135
35.12504320746613	102.06199940073255
35.635948725613716	102.02107986401515
36.15428553564419	101.9827027114792
36.68016172818701	101.94636952130156
37.21368696608603	101.91151567742841
37.754972507267915	101.87755373849386
38.30413122794313	101.84391952770099
38.86127764614443	101.81010597730281
39.4265279456077	101.77568095528181
40.000000000000206	101.74029164991921
40.58181339750116	101.70365117847669
41.1720894657399	101.66552490733255
41.77095129709678	101.62573166499723
42.37852377437204	101.58414894280347
42.9949335968281	101.54071687812605
43.62030930661056	101.49543996008748
44.25478131555359	101.44837835742445
44.89848193237519	101.3996341324443
45.55154539026795	101.34933511130613
46.21410787489121	101.29762031213892
46.88630755277036	101.2446337072123
47.56828460010916	101.19052064279236
48.260181232021196	101.1354207477835
48.962141732186545	101.07946126087698
49.674312482939705	101.02275437549721
50.39684199579528	100.96539675842092
51.129880942417586	100.90747043412944
51.873582186040764	100.84904257049322
52.628100813345895	100.7901639138995
53.393594166801776	100.73086717394587
54.17022187747612	100.6711661569571
54.95814589832399	100.61105763238729
55.75753053796041	100.5505259938491
56.56854249492426	100.4895491216443
57.39135089244048	100.42810460047276
58.226127313687975	100.36617522850594
59.073045837580466	100.30375334274873
59.932283075067765	100.24084113615899
60.804018205965114	100.17744409907164
61.68843301631817	100.11356286774486
62.58571193631152	100.04918656419187
63.49604207872855	99.98428747169326
64.41961327797075	99.91881825210628
65.35661812964459	99.85271114426469
66.3072520307241	99.78587844751912
67.27171322029778	99.71821309687599
68.25020282090806	99.6495890830276
69.2429248804921	99.57986151854911
70.25008641493265	99.50886629406641
71.27189745122783	99.43642000292299
72.30857107128878	99.36232075101765
73.36032345637442	99.28635045369558
74.42737393217246	99.2082795145936
75.50994501453623	99.12787329223156
76.60826245588666	99.044900468797
77.72255529228926	98.95914315205988
78.85305589121582	98.87040881899269
80.00000000000082	98.77854414184655
81.16362679500274	98.68345066512728
82.34417893148023	98.58510215032604
83.541902594194	98.48356171781069
84.75704754874454	98.3790004763313
85.98986719365665	98.27171713052779
87.24061861322157	98.1621589650802
88.50956263110764	98.05094318650771
89.79696386475084	97.93887832283217
91.10309078053635	97.8269830884127
92.42821574978288	97.71650325776571
93.77261510554118	97.60892525165501
95.13656920021877	97.5059857554151
96.52036246404286	97.40967375497164
97.92428346437356	97.32222265172894
99.34862496587989	97.24608523043644
100.79368399159105	97.18389055523824
102.25976188483567	97.13837793982471
103.74716437208203	97.112306010511
105.25620162669229	97.10833315880839
106.78718833360406	97.128868718208
108.34044375495276	97.1758942911088
109.9162917966485	97.2507679620872
111.51506107592134	97.35402253581617
113.13708498984903	97.48519557512455
114.78270178488147	97.6427065456314
116.45225462737648	97.8238338459419
118.14609167516147	98.0247773572068
119.86456615013608	98.2408469358584
121.60803641193078	98.4667221034136
123.3768660326369	98.69678208028981
125.17142387262359	98.92544750446962
126.99208415745765	99.14747405705856
128.83922655594208	99.35819587913151
130.71323625928977	99.55367951699532
132.61450406144883	99.7308053745611
134.5434264405962	99.88728749193169
136.50040564181674	100.0216558331692
138.48584976098482	100.13319130926041
140.50017282986593	100.22185237166839
142.5437949024563	100.28818321475887
144.61714214257822	100.33322090010569
146.7206469127495	100.35838515155251
148.8547478643456	100.3653843336657
151.01989002907314	100.35611786900135
153.216524911774	100.33258923371582
155.4451105845792	100.29683100984923
157.70611178243232	100.2508383590341
160.00000000000236	100.19651572172782
162.3272535900062	100.13563395210198
164.6883578629612	100.06979946178029
167.08380518838874	100.00043924167214
169.51409509748981	99.92879461866369
171.97973438731407	99.8559221277763
174.4812372264439	99.78269904502879
177.01912526221608	99.70983480093108
179.5939277295025	99.63788511718252
182.20618156107355	99.56726896046918
184.85643149956664	99.49828663816032
187.54523021108326	99.43114268754024
190.27313840043846	99.36596854141973
193.04072492808663	99.3028433479596
195.84856692874806	99.24181131043389
198.69724993176072	99.18289665414187
201.58736798318304	99.12611519465727
204.5195237696723	99.07148321052355
207.49432874416505	99.01902317902979
210.5124032533856	98.96876591448978
213.57437666720915	98.92074956591706
216.68088750990657	98.87501553267205
219.83258359329807	98.8316012301392
223.03012215184378	98.79052988614752
226.2741699796992	98.75179864725176
229.5654035697641	98.71536529738302
232.90450925475412	98.6811366544275
236.2921833503241	98.64895768091228
239.72913230027333	98.61860665618721
243.21607282386276	98.58979310003521
246.75373206527502	98.56216433391252
250.34284774524843	98.53531492133885
253.9841683149166	98.50880637971096
257.67845311188546	98.48218928360664
261.42647251858085	98.45502798631284
265.22900812289896	98.4269245369664
269.08685288119375	98.39753574698545
273.0008112836349	98.36658605469785
276.97169952197106	98.33387053221895
281.00034565973334	98.29925371102853
285.0875898049141	98.26266302074798
289.23428428515797	98.22407957936454
293.44129382550057	98.18352427865987
297.7094957286928	98.14104490044286
302.0397800581479	98.09670363593534
306.4330498235497	98.0505666835004
310.89022116916016	98.00269699089594
315.41222356486645	97.95315000384952
320.00000000000654	97.90197184559062
324.6545071800142	97.84920012650534
329.3767157259242	97.7948670912693
334.16761037677935	97.73900578558452
339.02819019498156	97.68165981710678
343.95946877463007	97.62289598342001
348.9624744528898	97.56281836126391
354.03825052443415	97.50158262419141
359.187855459007	97.43940471772129
364.4123631221491	97.37656644204912
369.71286299913527	97.3134181060978
375.0904604221685	97.25038085222522
380.54627680087896	97.18795421184241
386.08144985617537	97.12672534527161
391.6971338574982	97.06738292053181
397.3944998635236	97.01072379689384
403.1747359663683	96.9576416228965
409.0390475393468	96.9090969601411
414.9886574883323	96.86606723657503
421.0248065067734	96.82947716544464
427.1487533344206	96.80012629501603
433.3617750198154	96.77861664832184
439.6651671865984	96.76528873360778
446.06024430368984	96.76018792133915
452.54833995940066	96.76306150385281
459.13080713953053	96.77339560206924
465.8090185095106	96.79047549577206
472.58436670065066	96.81347813998539
479.45826460054917	96.84157719973064
486.432145647728	96.87404810163304
493.50746413055253	96.91035651455007
500.6856954904994	96.950221617349
507.9683366298358	96.99363246595864
515.3569062237735	97.04082480352866
522.8529450371643	97.09220034787194
530.4580162458005	97.14821799668614
538.1737057623901	97.20927274763466
546.0016225672724	97.27557322175511
553.9433990439449	97.34707110517009
562.0006913194694	97.4234110152344
570.1751796098309	97.50393655281052
578.4685685703187	97.58772020022136
586.8825876510039	97.67362778884657
595.4189914573883	97.76038441190659
604.0795601162986	97.8466352375841
612.8660996471021	97.93100770934542
621.780442338323	98.01217236482108
630.8244471297356	98.0889048317524
640.0000000000159	98.16015173890588
649.3090143600314	98.2250992862657
658.7534314518515	98.28320869219345
668.3352207535618	98.33426011354777
678.0563803899662	98.37834081161267
687.9189375492632	98.41583384536229
697.9249489057827	98.44737009467168
708.0765010488715	98.47377941966408
718.3757109180171	98.49602353235758
728.8247262443015	98.51513416452697
739.425725998274	98.53215480863247
750.1809208443404	98.54809532700156
761.0925536017613	98.56389807533029
772.1628997123541	98.5804153623374
783.3942677149998	98.59840063888487
794.7889997270506	98.61850258882414
806.34947193274	98.6412685893494
818.0780950786972	98.6671473703297
829.9773149766683	98.69649576433247
842.0496130135506	98.72958612583233
854.2975066688449	98.76661490971124
866.7235500396347	98.8077156411311
879.3303343732008	98.8529649675722
892.1204886073838	98.90238685800287
905.0966799188055	98.95594891479993
918.2616142790653	99.01355982605209
931.6180370190256	99.07506268681273
945.1687334013056	99.14023188468667
958.9165292011028	99.20877173644818
972.8642912954606	99.28031992902164
987.0149282611097	99.35445960253732
1001.3713909810035	99.43073615740926
1015.9366732596762	99.50868722050927
1030.7138124475518	99.58787130417386
1045.7058900743334	99.6678896190821
1060.916032491606	99.74840215576464
1076.3474115247852	99.82913171450221
1092.0032451345498	99.90986582751805
1107.8867980878947	99.99044683766513
1124.0013826389438	100.07076537389611
1140.350359219667	100.15075212359585
1156.9371371406426	100.23037461249466
1173.765175302013	100.30963140074377
1190.837982914782	100.38855039061517
1208.1591202326028	100.46718646964722
1225.73219929421	100.5456077831289
1243.5608846766518	100.62387943835807
1261.648894259477	100.70204865054605
1280.0000000000375	100.78012296972354
1298.6180287200684	100.85805637976225
1317.5068629037087	100.93575033729846
1336.6704415071292	101.01306940229586
1356.112760779938	101.0898741235331
1375.8378750985323	101.16604820997146
1395.8498978115715	101.24153341539974
1416.153002097749	101.31634483667968
1436.7514218360407	101.3905856154968
1457.6494524886093	101.4644402082921
1478.8514519965543	101.53817102009893
1500.3618416886875	101.61211052763102
1522.1851072035295	101.68663190038991
1544.3257994247153	101.76212436485416
1566.788535430007	101.83896493727406
1589.5779994541087	101.91749376639476
1612.6989438654878	101.99800761388651
1636.156190157402	102.08075850263668
1659.9546299533442	102.16596274568289
1684.099226027109	102.25381435077246
1708.5950133376978	102.34449746169224
1733.4471000792773	102.43819939636502
1758.6606687464096	102.53511833088469
1784.2409772147755	102.63547319185352
1810.193359837619	102.73949858842681
1836.5232285581387	102.8474331760817
1863.2360740380593	102.95950475345012
1890.3374668026197	103.0759274706742
1917.833058402214	103.19690060322955
1945.7285825909298	103.32260502467109
1974.0298565222283	103.45319471751354
2002.7427819620161	103.58876853386883
2031.8733465193618	103.72937283156331
2061.4276248951132	103.87498814617655
2091.411780148677	104.02554354956423
2121.832064983222	104.18088992547148
2152.694823049581	104.34081147561383
2184.0064902691106	104.50500590309233
2215.7735961758003	104.67310226168335
2248.002765277899	104.84465347140613
2280.7007184393456	105.01913674392574
2313.874274281297	105.19595102790387
2347.530350604038	105.37444095485858
2381.6759658295764	105.55392402210414
2416.318240465218	105.73371444431815
2451.4643985884327	105.91311090676614
2487.1217693533167	106.09138303154973
2523.2977885189675	106.26772290395287
2560.0000000000887	106.44119658859938
2597.236057440151	106.61063304918616
2635.0137258074315	106.77455747909575
2673.340883014273	106.93116289888519
2712.225521559891	107.07830948784456
2751.6757501970797	107.21356117140829
2791.699795623158	107.33436417146174
2832.3060041955137	107.43810441302676
2873.502843672097	107.52242592761331
2915.2989049772345	107.58506883248609
2957.7029039931244	107.62410778661048
3000.723683377391	107.63821863999209
3044.370214407075	107.62656546768329
3088.6515988494466	107.58947552943437
3133.57707086003	107.52817848523347
3179.1559989082334	107.44460917845475
3225.3978877309914	107.34121771286016
3272.3123803148205	107.22061243822861
3319.9092599067053	107.08542383747186
3368.198452054235	106.93828582357112
3417.190026675413	106.78171892022962
3466.8942001585724	106.61816997187296
3517.3213374928373	106.44996269837833
3568.4819544295697	106.27933601835907
3620.386719675257	106.1083978873681
3673.0464571162966	105.93909716753183
3726.472148076138	105.77317708752707
3780.6749336052594	105.61213282300356
3835.6661168044484	105.45719795955306
3891.45716518188	105.30945412080766
3948.059713044477	105.16985419817419
4005.4855639240527	105.03922812569346
4063.746693038744	104.91840264362227
4122.855249790247	104.80786321333159
4182.823560297375	104.70796197201771
4243.664129966465	104.61862834150594
4305.389646099183	104.53967691599799
4368.012980538242	104.47043873207848
4431.5471923516225	104.40985690139368
4496.00553055582	104.3562185416414
4561.401436878714	104.30762244113976
4627.748548562617	104.26206460810234
4695.060701208099	104.21773071074483
4763.351931659176	104.17313241851434
4832.63648093046	104.12728714982032
4902.928797176889	104.07989520876113
4974.243538706657	104.03152787277105
5046.595577037959	103.98370851399696
5120.000000000202	103.938776171846
5194.472114880326	103.89956082553375
5270.027451614888	103.86869618118622
5346.6817660285715	103.84809666916064
5424.451043119808	103.83826261390928
5503.351500394186	103.83811852698862
5583.399591246343	103.84502283500537
5664.612008391055	103.85549990541662
5747.005687344222	103.8661788813875
5830.597809954497	103.87474237225759
5915.405807986278	103.88095702084098
6001.447366754812	103.88711648818655
6088.740428814181	103.89732964911582
6177.303197698925	103.91653133084105
6267.154141720092	103.94933180066984
6358.3119978165005	103.99838086501752
6450.795775462017	104.06316549940216
6544.624760629676	104.13979117317524
6639.818519813445	104.22020967216596
6736.396904108505	104.29152216488475
6834.380053350861	104.33714255021677
6933.788400317181	104.33785287951352
7034.642674985712	104.27398739434818
7136.963908859177	104.12841962046059
7240.773439350552	103.88700620701033
7346.092914232631	103.5412222323486
7452.944296152315	103.08691981050998
7561.349867210557	102.52707737575915
7671.332233608935	101.8742654228077
7782.914330363799	101.14952898640917
7896.119426088994	100.38301433179
8010.971127848146	99.62081004776245
8127.49338607753	98.91587565373278
8245.710499580537	98.31608500117581
8365.647120594791	97.85874768383395
8487.328259932974	97.54203854581279
8610.77929219841	97.33753992238506
8736.025961076528	97.17746784031792
8863.094384703289	96.99795250321516
8992.011061111683	96.78569434783383
9122.802873757471	96.56714064636333
9255.497097125279	96.3869860041575
9390.121402416245	96.28663748651155
9526.7038633184	96.27842462758358
9665.272961860968	96.35958467044782
9805.857594353829	96.51224227043375
9948.487077413367	96.7155314629226
10093.19115407597	96.94757299022855
10240.000000000457	97.18833052389299
10388.944229760706	97.41953866775214
10540.05490322983	97.62507000548409
10693.363532057198	97.79017557524021
10848.902086239672	97.9086256362165
11006.703000788428	97.98588402786345
11166.799182492743	98.04623874330183
11329.224016782166	98.12716100617186
11494.0113746885	98.26470633868225
11661.195619909053	98.48210105640455
11830.811615972614	98.75998318774437
12002.894733509682	99.05681264007798
12177.48085762842	99.31001538441437
12354.606395397908	99.44915042177914
12534.308283440243	99.43550080076923
12716.62399563306	99.23536979422066
12901.591550924093	98.83831578108278
13089.249521259411	98.26554585962847
13279.637039626952	97.55723629686328
13472.793808217073	96.76358517419703
13668.760106701786	95.95977964907577
13867.576800634426	95.21266895327484
14069.285349971487	94.57102454719534
14273.927817718419	94.06111340047059
14481.54687870117	93.69156160045779
14692.18582846533	93.49544540634983
14905.888592304698	93.44614040750932
15122.699734421185	93.53205218707316
15342.664467217943	93.73346171123922
15565.828660727671	94.00907408490083
15792.238852178061	94.30946629088723
16021.942255696367	94.53847794520642
16254.986772155136	94.59233121910421
16491.42099916115	94.45892441454345
16731.294241189662	94.13964024110255
16974.65651986603	93.75113268150103
17221.558584396902	93.3806827768992
17472.051922153143	93.0653650954115
17726.188769406665	92.71970395016909
17984.022122223458	92.3080575282041
18245.605747515034	91.83582405114379
18510.99419425065	91.29627929790685
18780.242804832582	90.67140559586744
19053.40772663689	90.0308461245635
19330.545923722028	89.4917601485702
19611.71518870775	89.1756971610338
19896.974154826825	89.09670958764383
20186.382308152035	89.1107185334655