20 98.180418599999996
20.290906698750476 98.137301576272165
20.586044732869844 98.093603440943525
20.885475648548283 98.049455968505583
21.189261887185914 98.004851224371535
21.49746679841394 97.959879187740427
21.810154653305165 97.914304661751657
22.12739065777668 97.868204725203057
22.449240966187475 97.821718089164378
22.77577269513385 97.774577633675108
23.107053937445478 97.727201256182369
23.44315377638505 97.679251265806471
23.784142300054445 97.630868741692638
24.130090616010463 97.582682523041754
24.481070866093134 97.535851303736891
24.837156241469714 97.490219617467545
25.1984209978975 97.444535487486291
25.56494047120865 97.398954072710708
25.936791093020236 97.353234824573292
26.3140504066728 97.307392390075250
26.69679708340074 97.261411700817746
27.08511093873791 97.214911642795030
27.47907294916184 97.167877225510807
27.878765268980047 97.120764614609499
28.284271247461966 97.073528326700867
28.695675446220072 97.026415481955183
29.11306365684382 96.979353468778129
29.536522918790062 96.933186315157855
29.966141537533712 96.888900395112728
30.402009102982383 96.846094927432858
30.844216508158908 96.803291877834354
31.29285596815558 96.760408839760728
31.74802103936409 96.717303568504505
32.20980663898519 96.673941617020418
32.67830906482211 96.629849330715643
33.153626015361866 96.585349171477844
33.63585661014871 96.540758884329961
34.125101410453844 96.496096776506803
34.62146244024586 96.451861894671282
35.12504320746613 96.409474079204557
35.635948725613716 96.369886667816530
36.15428553564419 96.332065711445381
36.68016172818701 96.294147774445392
37.21368696608603 96.254965143123528
37.754972507267915 96.213718663100138
38.30413122794313 96.170258823030082
38.86127764614443 96.124851339553516
39.4265279456077 96.078332851825991
40.000000000000206 96.032561829025823
40.58181339750116 95.989571469033564
41.1720894657399 95.949553758678007
41.77095129709678 95.911005391764832
42.37852377437204 95.872777718465557
42.9949335968281 95.834285394003928
43.62030930661056 95.795189951867471
44.25478131555359 95.756067492677971
44.89848193237519 95.718115263280282
45.55154539026795 95.685406103201800
46.21410787489121 95.664168121200618
46.88630755277036 95.653728729256642
47.56828460010916 95.646811738715144
48.260181232021196 95.638628182006272
48.962141732186545 95.627123679663811
49.674312482939705 95.613429597407389
50.39684199579528 95.598802282943240
51.129880942417586 95.582390730193936
51.873582186040764 95.562259294449007
52.628100813345895 95.538887232077144
53.393594166801776 95.514244463234633
54.17022187747612 95.489613674673976
54.95814589832399 95.465044600393583
55.75753053796041 95.440561358691141
56.56854249492426 95.418705573783797
57.39135089244048 95.401990231413095
58.226127313687975 95.388281886912779
59.073045837580466 95.369889558193634
59.932283075067765 95.344283225505379
60.804018205965114 95.313859209652577
61.68843301631817 95.280857549965560
62.58571193631152 95.245788279433867
63.49604207872855 95.209241384979705
64.41961327797075 95.174922602517512
65.35661812964459 95.146584797364113
66.3072520307241 95.123226114862305
67.27171322029778 95.103480377119411
68.25020282090806 95.089009210983392
69.2429248804921 95.077677514375068
70.25008641493265 95.061353487791635
71.27189745122783 95.039302664138788
72.30857107128878 95.016511439138824
73.36032345637442 94.995941984471202
74.42737393217246 94.977627641375420
75.50994501453623 94.962348396613663
76.60826245588666 94.951660639006391
77.72255529228926 94.940986803302579
78.85305589121582 94.924803184883046
80.00000000000082 94.904265584415569
81.16362679500274 94.881924330176219
82.34417893148023 94.858917174824938
83.541902594194 94.837212326157555
84.75704754874454 94.817936126718735
85.98986719365665 94.798718641290932
87.24061861322157 94.777609609841534
88.50956263110764 94.755103464532112
89.79696386475084 94.731815210136006
91.10309078053635 94.708947150803937
92.42821574978288 94.687916608465372
93.77261510554118 94.668250533490962
95.13656920021877 94.647842203064513
96.52036246404286 94.625551148684039
97.92428346437356 94.600734814999555
99.34862496587989 94.575270058157457
100.79368399159105 94.552002358027508
102.25976188483567 94.527740137761924
103.74716437208203 94.498411069617632
105.25620162669229 94.467191825985310
106.78718833360406 94.436580882391652
108.34044375495276 94.405029564340907
109.9162917966485 94.371805568522547
111.51506107592134 94.337530197948922
113.13708498984903 94.302843853841381
114.78270178488147 94.267703839737749
116.45225462737648 94.232091115734974
118.14609167516147 94.194619957999734
119.86456615013608 94.154018524237017
121.60803641193078 94.112615396320081
123.3768660326369 94.070969022973600
125.17142387262359 94.025032378016846
126.99208415745765 93.974761973686569
128.83922655594208 93.922797967528254
130.71323625928977 93.868848943364270
132.61450406144883 93.810277659131543
134.5434264405962 93.747389749419511
136.50040564181674 93.684039738750329
138.48584976098482 93.619542963438647
140.50017282986593 93.548171878475998
142.5437949024563 93.471196822519218
144.61714214257822 93.394116234531452
146.7206469127495 93.314598119970668
148.8547478643456 93.229735505769781
151.01989002907314 93.148572491353391
153.216524911774 93.077623056266773
155.4451105845792 93.008564933908303
157.70611178243232 92.925104145210412
160.00000000000236 92.831741139558147
162.3272535900062 92.750683224041694
164.6883578629612 92.694522993253571
167.08380518838874 92.662649979570432
169.51409509748981 92.670971983286861
171.97973438731407 92.751709708148809
174.4812372264439 92.931140997077193
177.01912526221608 93.229104193439554
179.5939277295025 93.663717165691352
182.20618156107355 94.190487917215762
184.85643149956664 94.759909671233004
187.54523021108326 95.319190228504326
190.27313840043846 95.809726347993120
193.04072492808663 96.192943379120720
195.84856692874806 96.456281066548542
198.69724993176072 96.609790303432760
201.58736798318304 96.683008056480645
204.5195237696723 96.695912917609732
207.49432874416505 96.667315591164709
210.5124032533856 96.611846140896134
213.57437666720915 96.540063593764415
216.68088750990657 96.459844660953650
219.83258359329807 96.375104259326065
223.03012215184378 96.289177216924870
226.2741699796992 96.204253040660191
229.5654035697641 96.118896966387197
232.90450925475412 96.035008562691985
236.2921833503241 95.955221447093351
239.72913230027333 95.879511941939455
243.21607282386276 95.808220460733480
246.75373206527502 95.742179090830433
250.34284774524843 95.680872858715674
253.9841683149166 95.624323942906727
257.67845311188546 95.572182277950787
261.42647251858085 95.523534210512963
265.22900812289896 95.477037118254700
269.08685288119375 95.431633368078707
273.0008112836349 95.386242305058801
276.97169952197106 95.340281881621650
281.00034565973334 95.292818722037453
285.0875898049141 95.243739810066501
289.23428428515797 95.193905295731227
293.44129382550057 95.142912083345237
297.7094957286928 95.090938444642717
302.0397800581479 95.039568652463160
306.4330498235497 94.991118871074093
310.89022116916016 94.942406255428367
315.41222356486645 94.890383001317986
320.00000000000654 94.839131502242083
324.6545071800142 94.789746399445605
329.3767157259242 94.739384105838653
334.16761037677935 94.688213761447813
339.02819019498156 94.636630734190589
343.95946877463007 94.584703261961920
348.9624744528898 94.532167820742885
354.03825052443415 94.478388981977730
359.187855459007 94.424056706020764
364.4123631221491 94.368396149507021
369.71286299913527 94.311517306607954
375.0904604221685 94.252809400825100
380.54627680087896 94.192076728321666
386.08144985617537 94.132255296724821
391.6971338574982 94.073392794978531
397.3944998635236 94.014770560301884
403.1747359663683 93.956680981206659
409.0390475393468 93.899942718071685
414.9886574883323 93.843201759515381
421.0248065067734 93.789678064570225
427.1487533344206 93.743859094083263
433.3617750198154 93.701489393885069
439.6651671865984 93.657821806120126
446.06024430368984 93.620575401986997
452.54833995940066 93.596085667342180
459.13080713953053 93.582990358383384
465.8090185095106 93.580831071992691
472.58436670065066 93.592536241155344
479.45826460054917 93.617498353697897
486.432145647728 93.650276531536804
493.50746413055253 93.691384790695679
500.6856954904994 93.740265760927315
507.9683366298358 93.788060369469292
515.3569062237735 93.836542759289159
522.8529450371643 93.887418883112474
530.4580162458005 93.938366891800769
538.1737057623901 93.989491803387693
546.0016225672724 94.037552263423152
553.9433990439449 94.085539938479783
562.0006913194694 94.132109123493052
570.1751796098309 94.180264841484359
578.4685685703187 94.228447216651091
586.8825876510039 94.270650658325152
595.4189914573883 94.306956063596630
604.0795601162986 94.343430290252471
612.8660996471021 94.379233727000894
621.780442338323 94.415375071958977
630.8244471297356 94.456956865931375
640.0000000000159 94.505912130696132
649.3090143600314 94.560881483319093
658.7534314518515 94.618134414986827
668.3352207535618 94.673725462086907
678.0563803899662 94.727515006409106
687.9189375492632 94.777227012321504
697.9249489057827 94.819833528429598
708.0765010488715 94.855047953590883
718.3757109180171 94.887289306836934
728.8247262443015 94.921389105549935
739.425725998274 94.961275754576718
750.1809208443404 95.005599907693878
761.0925536017613 95.052053670240610
772.1628997123541 95.098759680248520
783.3942677149998 95.146406299528792
794.7889997270506 95.195475191187029
806.34947193274 95.245640123926421
818.0780950786972 95.297856682490348
829.9773149766683 95.349062853304716
842.0496130135506 95.399323221755481
854.2975066688449 95.450352597587255
866.7235500396347 95.501797854293656
879.3303343732008 95.553407712258036
892.1204886073838 95.606460146438991
905.0966799188055 95.661325195841783
918.2616142790653 95.718289427385457
931.6180370190256 95.778885930747265
945.1687334013056 95.842711146535265
958.9165292011028 95.905482534944099
972.8642912954606 95.969304197395729
987.0149282611097 96.038382730203438
1001.3713909810035 96.105937820284808
1015.9366732596762 96.171926184113488
1030.7138124475518 96.239141158439793
1045.7058900743334 96.306159769118182
1060.916032491606 96.373211444376167
1076.3474115247852 96.441006223497268
1092.0032451345498 96.508053815708251
1107.8867980878947 96.575573030642175
1124.0013826389438 96.646287002989084
1140.350359219667 96.718794448779803
1156.9371371406426 96.789023817942379
1173.765175302013 96.860880792742634
1190.837982914782 96.936185096199736
1208.1591202326028 97.012147852895595
1225.73219929421 97.089139098965916
1243.5608846766518 97.168258799171667
1261.648894259477 97.249035073071923
1280.0000000000375 97.331240188831771
1298.6180287200684 97.413646077910741
1317.5068629037087 97.496425674121582
1336.6704415071292 97.579470668319800
1356.112760779938 97.663526549545196
1375.8378750985323 97.747088539771511
1395.8498978115715 97.829380050667936
1416.153002097749 97.911082570025741
1436.7514218360407 97.994859155917752
1457.6494524886093 98.081909036367904
1478.8514519965543 98.170421598773316
1500.3618416886875 98.258351932565830
1522.1851072035295 98.349137207819638
1544.3257994247153 98.444464912287486
1566.788535430007 98.542183157011806
1589.5779994541087 98.642366427369367
1612.6989438654878 98.747372606514475
1636.156190157402 98.856562644250857
1659.9546299533442 98.970580098004859
1684.099226027109 99.088815431875986
1708.5950133376978 99.208580580416353
1733.4471000792773 99.333334329695404
1758.6606687464096 99.465792389964719
1784.2409772147755 99.603527123543401
1810.193359837619 99.745315550173814
1836.5232285581387 99.890898187285359
1863.2360740380593 100.042480250574982
1890.3374668026197 100.202187843220571
1917.833058402214 100.368283430049658
1945.7285825909298 100.539548536680371
1974.0298565222283 100.719698031594845
2002.7427819620161 100.910038296406881
2031.8733465193618 101.107231993636987
2061.4276248951132 101.313072756966335
2091.411780148677 101.530384678970478
2121.832064983222 101.754485081527420
2152.694823049581 101.984822651682265
2184.0064902691106 102.226594942916350
2215.7735961758003 102.481026975947941
2248.002765277899 102.743075145483061
2280.7007184393456 103.014883917504989
2313.874274281297 103.299771300298275
2347.530350604038 103.591609561041764
2381.6759658295764 103.891203937208843
2416.318240465218 104.202786720539365
2451.4643985884327 104.517798052117527
2487.1217693533167 104.835158744082676
2523.2977885189675 105.156485900781234
2560.0000000000887 105.479513942818670
2597.236057440151 105.800993744609400
2635.0137258074315 106.121628225029184
2673.340883014273 106.437581474851712
2712.225521559891 106.742158019018163
2751.6757501970797 107.031360073121419
2791.699795623158 107.305802439943534
2832.3060041955137 107.564778401974067
2873.502843672097 107.808009019105469
2915.2989049772345 108.032495019551774
2957.7029039931244 108.237381624670888
3000.723683377391 108.424260135952437
3044.370214407075 108.595582634585753
3088.6515988494466 108.752414026404523
3133.57707086003 108.888937340579645
3179.1559989082334 108.997717441403012
3225.3978877309914 109.069345531882107
3272.3123803148205 109.084659648484276
3319.9092599067053 109.033362529126464
3368.198452054235 108.910127283526293
3417.190026675413 108.715648869145269
3466.8942001585724 108.455170287131665
3517.3213374928373 108.141289982468010
3568.4819544295697 107.793468039830515
3620.386719675257 107.432117947988303
3673.0464571162966 107.069072115538148
3726.472148076138 106.711948054583104
3780.6749336052594 106.369503662808015
3835.6661168044484 106.048002331430396
3891.45716518188 105.745106752126787
3948.059713044477 105.466552076694597
4005.4855639240527 105.209085412280047
4063.746693038744 104.969646699543489
4122.855249790247 104.744744810446264
4182.823560297375 104.531198305222404
4243.664129966465 104.327918614663290
4305.389646099183 104.131921782254864
4368.012980538242 103.939495030542929
4431.5471923516225 103.748299087704055
4496.00553055582 103.554208696212186
4561.401436878714 103.353017612715334
4627.748548562617 103.141739154851763
4695.060701208099 102.918130250185044
4763.351931659176 102.677806576618650
4832.63648093046 102.416149657773929
4902.928797176889 102.132596048497319
4974.243538706657 101.825607417591499
5046.595577037959 101.493290803374762
5120.000000000202 101.136042102414308
5194.472114880326 100.754780360105315
5270.027451614888 100.349104000439439
5346.6817660285715 99.931216332998304
5424.451043119808 99.508552081591759
5503.351500394186 99.088082019498160
5583.399591246343 98.680924168196071
5664.612008391055 98.296901487638010
5747.005687344222 97.943009758389422
5830.597809954497 97.624824058394239
5915.405807986278 97.341795797647990
6001.447366754812 97.094108509179790
6088.740428814181 96.886029470716608
6177.303197698925 96.718692081519748
6267.154141720092 96.592032654505488
6358.3119978165005 96.509519732647959
6450.795775462017 96.468868981249784
6544.624760629676 96.470029178546127
6639.818519813445 96.512501215911385
6736.396904108505 96.593969067759900
6834.380053350861 96.710361689999957
6933.788400317181 96.858885396166698
7034.642674985712 97.029773513126983
7136.963908859177 97.209617666792695
7240.773439350552 97.378596512859303
7346.092914232631 97.521095221480067
7452.944296152315 97.636683563576725
7561.349867210557 97.703436834025837
7671.332233608935 97.673044380750142
7782.914330363799 97.558146675219405
7896.119426088994 97.367577482792171
8010.971127848146 97.091342592667871
8127.49338607753 96.739430392334583
8245.710499580537 96.343883958923470
8365.647120594791 95.934190906807316
8487.328259932974 95.540759121423918
8610.77929219841 95.187367616603055
8736.025961076528 94.889461874488262
8863.094384703289 94.651708986197619
8992.011061111683 94.470834164842415
9122.802873757471 94.336625383737442
9255.497097125279 94.220621949848010
9390.121402416245 94.080869771519190
9526.7038633184 93.883726521848416
9665.272961860968 93.608336222933531
9805.857594353829 93.248628654377242
9948.487077413367 92.811329948375430
10093.19115407597 92.313065830799218
10240.000000000457 91.789387545430998
10388.944229760706 91.274834203675667
10540.05490322983 90.802652296191752
10693.363532057198 90.395015648887536
10848.902086239672 90.062708923221578
11006.703000788428 89.830465412811591
11166.799182492743 89.737633736350176
11329.224016782166 89.802354133721224
11494.0113746885 90.047607633297730
11661.195619909053 90.490091169025192
11830.811615972614 91.134736473762302
12002.894733509682 91.965306796497529
12177.48085762842 92.921510340473674
12354.606395397908 93.818058095717220
12534.308283440243 94.374124542179672
12716.62399563306 94.337201988199197
12901.591550924093 93.642670424687651
13089.249521259411 92.460274571473732
13279.637039626952 91.098730949785377
13472.793808217073 89.837609006095036
13668.760106701786 88.791939817412640
13867.576800634426 88.001900124030911
14069.285349971487 87.482968932569946
14273.927817718419 87.244278072818332
14481.54687870117 87.300045450703138
14692.18582846533 87.703554700265556
14905.888592304698 88.445381040549080
15122.699734421185 89.468289531185548
15342.664467217943 90.535362094902837
15565.828660727671 91.182338590879795
15792.238852178061 90.948049043483707
16021.942255696367 89.649078411963245
16254.986772155136 87.650366156586443
16491.42099916115 85.630124165046368
16731.294241189662 83.960027520327728
16974.65651986603 82.726231351875825
17221.558584396902 81.846908631884730
17472.051922153143 80.888665562982482
17726.188769406665 79.562441296354137
17984.022122223458 78.607101544785451
18245.605747515034 78.368660378419520
18510.99419425065 77.742274712349769
18780.242804832582 76.092264097428313
19053.40772663689 73.967593513860393
19330.545923722028 74.849139088263911
19611.71518870775 76.644568476840220
19896.974154826825 77.467755294172775
20186.382308152035 77.332778235446938
