20 67.485887751004014
20.290906698750476 67.713380371168697
20.586044732869844 67.891115063070487
20.885475648548283 67.996611353862605
21.189261887185914 68.039719190200714
21.49746679841394 68.040615691626044
21.810154653305165 68.014198448399895
22.12739065777668 67.976779031915669
22.449240966187475 67.949302480076653
22.77577269513385 67.952519661948102
23.107053937445478 68.009645671245636
23.44315377638505 68.149066796677246
23.784142300054445 68.391414852770566
24.130090616010463 68.731436911616072
24.481070866093134 69.146382319193634
24.837156241469714 69.601817642176329
25.1984209978975 70.064956310498474
25.56494047120865 70.504511660232566
25.936791093020236 70.884505076131219
26.3140504066728 71.146736894808626
26.69679708340074 71.236213943874361
27.08511093873791 71.153374515117463
27.47907294916184 70.977004485693811
27.878765268980047 70.753849470304687
28.284271247461966 70.534201974988690
28.695675446220072 70.374134411357389
29.11306365684382 70.339843650899638
29.536522918790062 70.489270747392084
29.966141537533712 70.784428684999412
30.402009102982383 71.154852838388294
30.844216508158908 71.557815914177809
31.29285596815558 71.957788991655974
31.74802103936409 72.315621113023383
32.20980663898519 72.603472087556980
32.67830906482211 72.826143288362374
33.153626015361866 73.021132046050795
33.63585661014871 73.199670274721967
34.125101410453844 73.361839682905185
34.62146244024586 73.506678226856081
35.12504320746613 73.637203900847226
35.635948725613716 73.749696624540661
36.15428553564419 73.838000132306107
36.68016172818701 73.910147210654230
37.21368696608603 73.987383390012099
37.754972507267915 74.097861881993680
38.30413122794313 74.275029196247914
38.86127764614443 74.532300194613356
39.4265279456077 74.844803814192773
40.000000000000206 75.166493013972172
40.58181339750116 75.457764371186784
41.1720894657399 75.681596151929128
41.77095129709678 75.838097307501215
42.37852377437204 75.960587889595317
42.9949335968281 76.079701971095247
43.62030930661056 76.211530835088240
44.25478131555359 76.350246264244618
44.89848193237519 76.490851914560835
45.55154539026795 76.641831274707286
46.21410787489121 76.812913958564963
46.88630755277036 77.017036310372930
47.56828460010916 77.278854979763807
48.260181232021196 77.588956811340807
48.962141732186545 77.902350018615124
49.674312482939705 78.139404615040533
50.39684199579528 78.225714409004681
51.129880942417586 78.166491312110026
51.873582186040764 78.073056555667989
52.628100813345895 78.111443711713250
53.393594166801776 78.369863057178890
54.17022187747612 78.785725419182938
54.95814589832399 79.205313506072670
55.75753053796041 79.508122403166084
56.56854249492426 79.674022172151126
57.39135089244048 79.772876619472939
58.226127313687975 79.894085479560616
59.073045837580466 80.069591116432889
59.932283075067765 80.281955170237893
60.804018205965114 80.504107406004309
61.68843301631817 80.728537903095031
62.58571193631152 80.955107685087938
63.49604207872855 81.185604905904512
64.41961327797075 81.430668402504807
65.35661812964459 81.706783186259671
66.3072520307241 82.000748921816239
67.27171322029778 82.252907801662474
68.25020282090806 82.411010499485144
69.2429248804921 82.507514225817516
70.25008641493265 82.637661366022741
71.27189745122783 82.835763194737581
72.30857107128878 83.067177629200614
73.36032345637442 83.280694714214704
74.42737393217246 83.463477632801073
75.50994501453623 83.632710079119590
76.60826245588666 83.796844334865170
77.72255529228926 83.957759799625748
78.85305589121582 84.130521543600750
80.00000000000082 84.329350050100345
81.16362679500274 84.557272670630368
82.34417893148023 84.830914581291580
83.541902594194 85.152273755572395
84.75704754874454 85.430518715506309
85.98986719365665 85.592147893822698
87.24061861322157 85.681960167539913
88.50956263110764 85.787447439475855
89.79696386475084 85.942978684400856
91.10309078053635 86.180288505217391
92.42821574978288 86.491523913266434
93.77261510554118 86.795774967201126
95.13656920021877 87.039925208327361
96.52036246404286 87.248842114021897
97.92428346437356 87.458342519656043
99.34862496587989 87.679394394409769
100.79368399159105 87.913499741999033
102.25976188483567 88.117459874543613
103.74716437208203 88.252049238290709
105.25620162669229 88.368729793525219
106.78718833360406 88.540891785345508
108.34044375495276 88.765680457199394
109.9162917966485 89.007119298325463
111.51506107592134 89.238044207024771
113.13708498984903 89.454312301585887
114.78270178488147 89.682287111813338
116.45225462737648 89.913108443115078
118.14609167516147 90.092480004793089
119.86456615013608 90.239880810523502
121.60803641193078 90.437117904170634
123.3768660326369 90.668313800487056
125.17142387262359 90.886197267373291
126.99208415745765 91.060068937591794
128.83922655594208 91.178602194434887
130.71323625928977 91.278711956903351
132.61450406144883 91.473128333851676
134.5434264405962 91.718792918297993
136.50040564181674 91.900143973379642
138.48584976098482 92.044074147299739
140.50017282986593 92.215177712428797
142.5437949024563 92.405938573490459
144.61714214257822 92.603389198797856
146.7206469127495 92.781137938559311
148.8547478643456 92.889851645756039
151.01989002907314 92.922998278734326
153.216524911774 92.987842948042697
155.4451105845792 93.126820034364655
157.70611178243232 93.204839003912994
160.00000000000236 93.185387444057753
162.3272535900062 93.285256827759966
164.6883578629612 93.468484535575641
167.08380518838874 93.587571562962125
169.51409509748981 93.696851771053929
171.97973438731407 93.865632431528482
174.4812372264439 94.032720268782157
177.01912526221608 94.127372144319480
179.5939277295025 94.253310658612378
182.20618156107355 94.439469011510283
184.85643149956664 94.634125961299645
187.54523021108326 94.772913093131564
190.27313840043846 94.877992068063790
193.04072492808663 95.019029366601302
195.84856692874806 95.163288877016925
198.69724993176072 95.272621595959691
201.58736798318304 95.384299436128742
204.5195237696723 95.467685217007585
207.49432874416505 95.533393544758212
210.5124032533856 95.617429106775987
213.57437666720915 95.707811373428683
216.68088750990657 95.784360000936374
219.83258359329807 95.860524096978082
223.03012215184378 95.911565311749200
226.2741699796992 95.929181739825594
229.5654035697641 96.011003859433544
232.90450925475412 96.135706976936746
236.2921833503241 96.179473659165396
239.72913230027333 96.181743382639297
243.21607282386276 96.204797938087424
246.75373206527502 96.239471260700640
250.34284774524843 96.252222906875588
253.9841683149166 96.281790037943210
257.67845311188546 96.350904394696428
261.42647251858085 96.381353212902638
265.22900812289896 96.343761370818982
269.08685288119375 96.290352131872709
273.0008112836349 96.259883410624724
276.97169952197106 96.228781015558766
281.00034565973334 96.246835433870601
285.0875898049141 96.278586654759465
289.23428428515797 96.256856358828657
293.44129382550057 96.202158256739352
297.7094957286928 96.174785158479281
302.0397800581479 96.161461668201824
306.4330498235497 96.113887654928533
310.89022116916016 96.031215264610495
315.41222356486645 95.958865599495653
320.00000000000654 95.916002985260974
324.6545071800142 95.859444437421729
329.3767157259242 95.782826123385604
334.16761037677935 95.695709194264865
339.02819019498156 95.616129910783798
343.95946877463007 95.562105208946775
348.9624744528898 95.486968603192636
354.03825052443415 95.426264233021556
359.187855459007 95.419239058816572
364.4123631221491 95.461592208822395
369.71286299913527 95.535205936020475
375.0904604221685 95.611648013545548
380.54627680087896 95.600673373830404
386.08144985617537 95.528804977495781
391.6971338574982 95.451445156603967
397.3944998635236 95.366479678007636
403.1747359663683 95.268184849081706
409.0390475393468 95.097966178008221
414.9886574883323 94.942348575001006
421.0248065067734 94.842334560048357
427.1487533344206 94.767537550754085
433.3617750198154 94.705152845112224
439.6651671865984 94.667133919801444
446.06024430368984 94.622651538434980
452.54833995940066 94.553292622558061
459.13080713953053 94.499558520431918
465.8090185095106 94.443902394526390
472.58436670065066 94.387791734215597
479.45826460054917 94.364902157581838
486.432145647728 94.364091096982605
493.50746413055253 94.326739349559602
500.6856954904994 94.248361266741256
507.9683366298358 94.185231269709675
515.3569062237735 94.166595564367157
522.8529450371643 94.159825276342417
530.4580162458005 94.142521409682772
538.1737057623901 94.110542869149953
546.0016225672724 94.079818986568910
553.9433990439449 94.053214358948381
562.0006913194694 93.988706319436773
570.1751796098309 93.906488279107677
578.4685685703187 93.834698067295449
586.8825876510039 93.738544530859826
595.4189914573883 93.614252623831959
604.0795601162986 93.492220515622307
612.8660996471021 93.397610722860577
621.780442338323 93.343471470675581
630.8244471297356 93.311987234699600
640.0000000000159 93.302220694200344
649.3090143600314 93.263673445184978
658.7534314518515 93.234496507180552
668.3352207535618 93.254270427605803
678.0563803899662 93.245950883959665
687.9189375492632 93.198866306767343
697.9249489057827 93.180514164914570
708.0765010488715 93.176556836690878
718.3757109180171 93.166964155107252
728.8247262443015 93.154102759812361
739.425725998274 93.119998175949348
750.1809208443404 93.084581363327572
761.0925536017613 93.067950440238590
772.1628997123541 93.046358987212372
783.3942677149998 93.036205897081146
794.7889997270506 93.044417744010900
806.34947193274 93.032282397373308
818.0780950786972 92.992298381529537
829.9773149766683 92.948360017630790
842.0496130135506 92.908361802907990
854.2975066688449 92.882791853970900
866.7235500396347 92.867853628011844
879.3303343732008 92.830904534528685
892.1204886073838 92.788719144482201
905.0966799188055 92.752340333946705
918.2616142790653 92.740598733860566
931.6180370190256 92.747098535755924
945.1687334013056 92.743684061850601
958.9165292011028 92.709784455209501
972.8642912954606 92.672449689241631
987.0149282611097 92.629251448141659
1001.3713909810035 92.600467345473106
1015.9366732596762 92.582358209475899
1030.7138124475518 92.547308169353954
1045.7058900743334 92.524077564519274
1060.916032491606 92.519536901093574
1076.3474115247852 92.507560488953374
1092.0032451345498 92.495503297868197
1107.8867980878947 92.485305232495278
1124.0013826389438 92.475735290692157
1140.350359219667 92.452819275545593
1156.9371371406426 92.435361393790345
1173.765175302013 92.447863215476531
1190.837982914782 92.453299781613424
1208.1591202326028 92.426848101498678
1225.73219929421 92.410409147710567
1243.5608846766518 92.414355407390133
1261.648894259477 92.414955579080711
1280.0000000000375 92.419602255030256
1298.6180287200684 92.444386468593166
1317.5068629037087 92.485125457243612
1336.6704415071292 92.540157350503080
1356.112760779938 92.593920551138552
1375.8378750985323 92.652779715665503
1395.8498978115715 92.704631041000866
1416.153002097749 92.749085949072565
1436.7514218360407 92.801730367009185
1457.6494524886093 92.858028445603054
1478.8514519965543 92.931326543087593
1500.3618416886875 93.036723840240469
1522.1851072035295 93.141098204516624
1544.3257994247153 93.257815032189598
1566.788535430007 93.376249864120851
1589.5779994541087 93.484087196610773
1612.6989438654878 93.610220657257202
1636.156190157402 93.753403764340561
1659.9546299533442 93.904608777808505
1684.099226027109 94.043986981261867
1708.5950133376978 94.179584989964894
1733.4471000792773 94.325279704077673
1758.6606687464096 94.495214184746573
1784.2409772147755 94.698769254149312
1810.193359837619 94.918806497394115
1836.5232285581387 95.127724638851987
1863.2360740380593 95.340969775669279
1890.3374668026197 95.571262088561838
1917.833058402214 95.825373282335093
1945.7285825909298 96.092993455238457
1974.0298565222283 96.352743438850638
2002.7427819620161 96.605181842476128
2031.8733465193618 96.878613370284697
2061.4276248951132 97.158085662718676
2091.411780148677 97.425461049594389
2121.832064983222 97.700135491830196
2152.694823049581 97.985550916423321
2184.0064902691106 98.261331665146258
2215.7735961758003 98.528860470138881
2248.002765277899 98.795796258487542
2280.7007184393456 99.053025153636639
2313.874274281297 99.299326017128152
2347.530350604038 99.537054657756727
2381.6759658295764 99.756680136600266
2416.318240465218 99.953905625618489
2451.4643985884327 100.126138960332753
2487.1217693533167 100.273491099660220
2523.2977885189675 100.391234347626437
2560.0000000000887 100.469833795035683
2597.236057440151 100.507121842929564
2635.0137258074315 100.505758977410693
2673.340883014273 100.451495599488823
2712.225521559891 100.332104674301419
2751.6757501970797 100.157571034313719
2791.699795623158 100.004760523273660
2832.3060041955137 99.965336801373155
2873.502843672097 99.974679188858602
2915.2989049772345 99.889729839575125
2957.7029039931244 99.707165136408520
3000.723683377391 99.482358969856278
3044.370214407075 99.239180149008078
3088.6515988494466 98.987389327079882
3133.57707086003 98.731149857556858
3179.1559989082334 98.469650000060398
3225.3978877309914 98.202876776446942
3272.3123803148205 97.936774525123610
3319.9092599067053 97.675641849209228
3368.198452054235 97.421370605629448
3417.190026675413 97.179161929067249
3466.8942001585724 96.954042558348760
3517.3213374928373 96.741326378971976
3568.4819544295697 96.532225989209195
3620.386719675257 96.333076687547120
3673.0464571162966 96.163782753439307
3726.472148076138 96.043118191583005
3780.6749336052594 95.955436177502094
3835.6661168044484 95.857464583435032
3891.45716518188 95.750197831431834
3948.059713044477 95.655053471803882
4005.4855639240527 95.573549732775305
4063.746693038744 95.508813717593370
4122.855249790247 95.462406280548322
4182.823560297375 95.424245277873396
4243.664129966465 95.391378517118383
4305.389646099183 95.378943479772516
4368.012980538242 95.379744009628538
4431.5471923516225 95.383571335320880
4496.00553055582 95.427618704692605
4561.401436878714 95.532968338827189
4627.748548562617 95.678141423422886
4695.060701208099 95.853029709850489
4763.351931659176 96.052473759686620
4832.63648093046 96.277138370977028
4902.928797176889 96.514183467873806
4974.243538706657 96.740592098424401
5046.595577037959 96.952870592429505
5120.000000000202 97.182042611721911
5194.472114880326 97.445400546528262
5270.027451614888 97.739646233276645
5346.6817660285715 98.039223698645245
5424.451043119808 98.298259584028486
5503.351500394186 98.472558348326331
5583.399591246343 98.548427333919093
5664.612008391055 98.550014923597217
5747.005687344222 98.499984152249269
5830.597809954497 98.370158722056601
5915.405807986278 98.136526570664074
6001.447366754812 97.810649467468011
6088.740428814181 97.431775436690046
6177.303197698925 97.011197888775797
6267.154141720092 96.557751867098148
6358.3119978165005 96.097459180485814
6450.795775462017 95.632098743070742
6544.624760629676 95.173853438913454
6639.818519813445 94.741832982738885
6736.396904108505 94.344469100366922
6834.380053350861 93.987574210331573
6933.788400317181 93.669680727603364
7034.642674985712 93.391488487679197
7136.963908859177 93.140377987547055
7240.773439350552 92.906170898821870
7346.092914232631 92.706431606273043
7452.944296152315 92.553659618198026
7561.349867210557 92.423261732632852
7671.332233608935 92.287502710434168
7782.914330363799 92.147651485480694
7896.119426088994 92.008370650242796
8010.971127848146 91.842383719008325
8127.49338607753 91.623691714091507
8245.710499580537 91.359542411088498
8365.647120594791 91.080515275818783
8487.328259932974 90.806338578284084
8610.77929219841 90.541674477054514
8736.025961076528 90.281410149205072
8863.094384703289 90.054248012166880
8992.011061111683 90.060177251318180
9122.802873757471 90.548190140834507
9255.497097125279 91.487162886164271
9390.121402416245 92.583827428331659
9526.7038633184 93.553106241831415
9665.272961860968 94.232739997349483
9805.857594353829 94.539633165689025
9948.487077413367 94.440035947881938
10093.19115407597 93.949380994909518
10240.000000000457 93.104917643336961
10388.944229760706 92.238177806889766
10540.05490322983 91.678616550604261
10693.363532057198 91.237235029794590
10848.902086239672 90.658715308189613
11006.703000788428 90.015922024130646
11166.799182492743 89.342739670517688
11329.224016782166 88.604377730982833
11494.0113746885 87.800894570934645
11661.195619909053 86.953466668078576
11830.811615972614 86.124379687439898
12002.894733509682 85.331014890484980
12177.48085762842 84.476909595242120
12354.606395397908 83.539202467960024
12534.308283440243 82.627033306397379
12716.62399563306 81.837884871194461
12901.591550924093 81.062121703482660
13089.249521259411 80.194036384718487
13279.637039626952 79.381472766339016
13472.793808217073 78.609406969466008
13668.760106701786 77.836809398227444
13867.576800634426 77.117219153195109
14069.285349971487 76.416911618043031
14273.927817718419 75.716916831619855
14481.54687870117 74.979619546623638
14692.18582846533 74.027220738364491
14905.888592304698 72.774165139140251
15122.699734421185 71.455434194908747
15342.664467217943 71.276839577232408
15565.828660727671 73.391106506072646
15792.238852178061 76.053550859752818
16021.942255696367 78.028870527519160
16254.986772155136 79.334557561680896
16491.42099916115 80.072158954233117
16731.294241189662 80.275663446134658
16974.65651986603 80.048683558780951
17221.558584396902 79.580978440363623
17472.051922153143 79.005886591549654
17726.188769406665 78.370016815158522
17984.022122223458 77.725864782106925
18245.605747515034 77.136227938409604
18510.99419425065 76.551382096387570
18780.242804832582 75.794008032148483
19053.40772663689 74.623700197599163
19330.545923722028 72.922666270515890
19611.71518870775 70.622972132966595
19896.974154826825 67.662438679551059
20186.382308152035 64.012762168534877
