20 70.171435400000007
20.290906698750476 70.332180781917259
20.586044732869844 70.494479314563648
20.885475648548283 70.654996010227322
21.189261887185914 70.810471567649188
21.49746679841394 70.956742116679322
21.810154653305165 71.092046716007886
22.12739065777668 71.218114556447233
22.449240966187475 71.339098281851008
22.77577269513385 71.459413965057053
23.107053937445478 71.582006265302653
23.44315377638505 71.711329721140530
23.784142300054445 71.851521792262275
24.130090616010463 72.008962939064077
24.481070866093134 72.190267300864861
24.837156241469714 72.396325946221083
25.1984209978975 72.621829227835747
25.56494047120865 72.856640163309621
25.936791093020236 73.094660026928892
26.3140504066728 73.327815131937854
26.69679708340074 73.547571609334554
27.08511093873791 73.748598527613666
27.47907294916184 73.930623794654721
27.878765268980047 74.100448553583661
28.284271247461966 74.264691141422588
28.695675446220072 74.427927346278693
29.11306365684382 74.596373749897751
29.536522918790062 74.773982865765078
29.966141537533712 74.961411558453307
30.402009102982383 75.155249356895922
30.844216508158908 75.353015816185888
31.29285596815558 75.553681344963366
31.74802103936409 75.756467689474789
32.20980663898519 75.960935570685876
32.67830906482211 76.170851819893585
33.153626015361866 76.389712584634268
33.63585661014871 76.614260045857563
34.125101410453844 76.835568234390308
34.62146244024586 77.043178934074746
35.12504320746613 77.228371723888273
35.635948725613716 77.391924271843266
36.15428553564419 77.544538504277298
36.68016172818701 77.696529493524892
37.21368696608603 77.856539694832321
37.754972507267915 78.032933795923611
38.30413122794313 78.229692762486877
38.86127764614443 78.442174851799692
39.4265279456077 78.661579430293273
40.000000000000206 78.875344831013990
40.58181339750116 79.077648224431130
41.1720894657399 79.272700835345248
41.77095129709678 79.465199823778988
42.37852377437204 79.654059269991876
42.9949335968281 79.829256590463899
43.62030930661056 79.977147488224759
44.25478131555359 80.098292603990046
44.89848193237519 80.217979074953774
45.55154539026795 80.364201897400250
46.21410787489121 80.559859142263093
46.88630755277036 80.800039917916052
47.56828460010916 81.055379468672697
48.260181232021196 81.291868321775311
48.962141732186545 81.494956225568757
49.674312482939705 81.673857949089822
50.39684199579528 81.847072078990863
51.129880942417586 82.026968679416029
51.873582186040764 82.216028195761368
52.628100813345895 82.411058742994157
53.393594166801776 82.605446897201261
54.17022187747612 82.791189087921254
54.95814589832399 82.969593470717626
55.75753053796041 83.147359057188453
56.56854249492426 83.327657248517880
57.39135089244048 83.510298387825202
58.226127313687975 83.694748990656564
59.073045837580466 83.880892740462798
59.932283075067765 84.065166185208966
60.804018205965114 84.247767289732849
61.68843301631817 84.441249623234512
62.58571193631152 84.658729124729518
63.49604207872855 84.893895136129927
64.41961327797075 85.114536013819887
65.35661812964459 85.304762480497317
66.3072520307241 85.471576332730734
67.27171322029778 85.624800091801589
68.25020282090806 85.767168203677883
69.2429248804921 85.906576716147825
70.25008641493265 86.057563492783572
71.27189745122783 86.224953863127553
72.30857107128878 86.406762407535325
73.36032345637442 86.602365822584687
74.42737393217246 86.804576547351445
75.50994501453623 86.995195000641161
76.60826245588666 87.162946038254972
77.72255529228926 87.320575844481908
78.85305589121582 87.484484015022929
80.00000000000082 87.654449100899228
81.16362679500274 87.824658081702324
82.34417893148023 87.992159083638001
83.541902594194 88.155279889069959
84.75704754874454 88.313138962590145
85.98986719365665 88.471577309429833
87.24061861322157 88.633442127751294
88.50956263110764 88.794109490114892
89.79696386475084 88.946189149630953
91.10309078053635 89.092050534426789
92.42821574978288 89.240440643714862
93.77261510554118 89.391080287384895
95.13656920021877 89.541037077743709
96.52036246404286 89.689512970107856
97.92428346437356 89.836965149251355
99.34862496587989 89.983030782065796
100.79368399159105 90.126759583378004
102.25976188483567 90.267402714201410
103.74716437208203 90.405506895615758
105.25620162669229 90.541392033073578
106.78718833360406 90.674591293281608
108.34044375495276 90.804431742636368
109.9162917966485 90.929528198356380
111.51506107592134 91.048190441648870
113.13708498984903 91.159317849976503
114.78270178488147 91.262463032873754
116.45225462737648 91.354171434879873
118.14609167516147 91.435604217057431
119.86456615013608 91.512554585563265
121.60803641193078 91.588351974092575
123.3768660326369 91.663201888588134
125.17142387262359 91.737551442995539
126.99208415745765 91.812807390053038
128.83922655594208 91.889645018348432
130.71323625928977 91.965897454820578
132.61450406144883 92.036594878065983
134.5434264405962 92.101976052196221
136.50040564181674 92.168795931462554
138.48584976098482 92.240400525607015
140.50017282986593 92.318354290754854
142.5437949024563 92.402238495228858
144.61714214257822 92.488669575420431
146.7206469127495 92.576229333163468
148.8547478643456 92.667700581376806
151.01989002907314 92.761386523143145
153.216524911774 92.852498391466526
155.4451105845792 92.940268879335079
157.70611178243232 93.026924719117531
160.00000000000236 93.112519026104508
162.3272535900062 93.195011995145336
164.6883578629612 93.272710702449260
167.08380518838874 93.347364570191758
169.51409509748981 93.419704810584875
171.97973438731407 93.490284717032154
174.4812372264439 93.559419593091221
177.01912526221608 93.615962962573690
179.5939277295025 93.661545622923839
182.20618156107355 93.720318497256244
184.85643149956664 93.786302574244502
187.54523021108326 93.843998774674276
190.27313840043846 93.895845025113431
193.04072492808663 93.943320730171408
195.84856692874806 93.987111570706645
198.69724993176072 94.031878430825770
201.58736798318304 94.074592077329413
204.5195237696723 94.114336054427852
207.49432874416505 94.153460952258442
210.5124032533856 94.191851691650413
213.57437666720915 94.228574144781263
216.68088750990657 94.263624730403961
219.83258359329807 94.293955667684230
223.03012215184378 94.323280095412059
226.2741699796992 94.352621195190807
229.5654035697641 94.377594087109770
232.90450925475412 94.400776702076058
236.2921833503241 94.429406721447847
239.72913230027333 94.452525656393277
243.21607282386276 94.469107065633949
246.75373206527502 94.490202454164773
250.34284774524843 94.513119645057230
253.9841683149166 94.531171668925907
257.67845311188546 94.549436773547370
261.42647251858085 94.567343839128085
265.22900812289896 94.582393223033762
269.08685288119375 94.596398203117559
273.0008112836349 94.612136941600539
276.97169952197106 94.628804874968239
281.00034565973334 94.642516915777321
285.0875898049141 94.650999957965354
289.23428428515797 94.661697714402052
293.44129382550057 94.673017728029166
297.7094957286928 94.677305485668796
302.0397800581479 94.671380692793974
306.4330498235497 94.656604812094344
310.89022116916016 94.637027887406902
315.41222356486645 94.620439401593387
320.00000000000654 94.610967040358730
324.6545071800142 94.604226281356688
329.3767157259242 94.596567120466929
334.16761037677935 94.585547060817490
339.02819019498156 94.569650195060021
343.95946877463007 94.550723818719263
348.9624744528898 94.527997985286405
354.03825052443415 94.499366883112089
359.187855459007 94.466592530979028
364.4123631221491 94.433797424176703
369.71286299913527 94.401678641583231
375.0904604221685 94.366359831451888
380.54627680087896 94.324754315074500
386.08144985617537 94.278314310297276
391.6971338574982 94.222016095418212
397.3944998635236 94.155124306838815
403.1747359663683 94.082469686405631
409.0390475393468 94.010658487466401
414.9886574883323 93.948717802516967
421.0248065067734 93.911139095857521
427.1487533344206 93.910734330286346
433.3617750198154 93.949763205537721
439.6651671865984 94.016693792525444
446.06024430368984 94.088932382981938
452.54833995940066 94.149152760296317
459.13080713953053 94.196675827473882
465.8090185095106 94.236315876817045
472.58436670065066 94.269286408234990
479.45826460054917 94.293711745498172
486.432145647728 94.310502390488438
493.50746413055253 94.324975509558655
500.6856954904994 94.340776235787999
507.9683366298358 94.352010349619036
515.3569062237735 94.361051533920090
522.8529450371643 94.370603569176581
530.4580162458005 94.380445640284876
538.1737057623901 94.390818650093706
546.0016225672724 94.404605661075976
553.9433990439449 94.424273261584602
562.0006913194694 94.443165575086240
570.1751796098309 94.460507340171958
578.4685685703187 94.478828357318179
586.8825876510039 94.497935017931624
595.4189914573883 94.516666436653196
604.0795601162986 94.534815767545950
612.8660996471021 94.550045764250342
621.780442338323 94.563142305143217
630.8244471297356 94.575315140776084
640.0000000000159 94.586710046319496
649.3090143600314 94.597387210219580
658.7534314518515 94.607447287517829
668.3352207535618 94.618053340517861
678.0563803899662 94.627680663575575
687.9189375492632 94.634686884969696
697.9249489057827 94.639769689279092
708.0765010488715 94.645541192606601
718.3757109180171 94.654975644964139
728.8247262443015 94.666424002407496
739.425725998274 94.677092843938851
750.1809208443404 94.687784418318103
761.0925536017613 94.698062295525759
772.1628997123541 94.707158447577967
783.3942677149998 94.718411372707152
794.7889997270506 94.730620865197835
806.34947193274 94.739080595070419
818.0780950786972 94.749376009780519
829.9773149766683 94.761443256018026
842.0496130135506 94.771611312941531
854.2975066688449 94.781600019714588
866.7235500396347 94.791761250843308
879.3303343732008 94.801138864572522
892.1204886073838 94.811236452135887
905.0966799188055 94.823474972489308
918.2616142790653 94.837886528027880
931.6180370190256 94.852860258582751
945.1687334013056 94.869405016362577
958.9165292011028 94.890225461901991
972.8642912954606 94.914309717614898
987.0149282611097 94.940516407397965
1001.3713909810035 94.968807033696777
1015.9366732596762 95.001966159767420
1030.7138124475518 95.038031650555311
1045.7058900743334 95.074731013090812
1060.916032491606 95.115819401953246
1076.3474115247852 95.162871876506955
1092.0032451345498 95.214696179017977
1107.8867980878947 95.271582083214753
1124.0013826389438 95.336752637243222
1140.350359219667 95.410437833509690
1156.9371371406426 95.490530608940389
1173.765175302013 95.582714609639325
1190.837982914782 95.684230113034630
1208.1591202326028 95.791706497033914
1225.73219929421 95.909058263935549
1243.5608846766518 96.034969904315176
1261.648894259477 96.169233005553878
1280.0000000000375 96.316056366855392
1298.6180287200684 96.472575352616474
1317.5068629037087 96.642147517427333
1336.6704415071292 96.826415242122252
1356.112760779938 97.023026994133488
1375.8378750985323 97.231269007424274
1395.8498978115715 97.455552956608528
1416.153002097749 97.694211754467091
1436.7514218360407 97.950352160795177
1457.6494524886093 98.219782065434728
1478.8514519965543 98.494436994337192
1500.3618416886875 98.780812136039998
1522.1851072035295 99.092373587634142
1544.3257994247153 99.418073045143075
1566.788535430007 99.749557992818737
1589.5779994541087 100.096884385096189
1612.6989438654878 100.460691934562462
1636.156190157402 100.831317806041369
1659.9546299533442 101.211546835293973
1684.099226027109 101.591125192445929
1708.5950133376978 101.955214384655022
1733.4471000792773 102.327748291542278
1758.6606687464096 102.717538563049033
1784.2409772147755 103.109151802245066
1810.193359837619 103.496625744499568
1836.5232285581387 103.877179137777830
1863.2360740380593 104.244493467505578
1890.3374668026197 104.597536770915582
1917.833058402214 104.933778239843022
1945.7285825909298 105.259767633814533
1974.0298565222283 105.583892526783501
2002.7427819620161 105.898317543007352
2031.8733465193618 106.189125406968287
2061.4276248951132 106.458815627220417
2091.411780148677 106.716021738918215
2121.832064983222 106.953985520946404
2152.694823049581 107.166368584550014
2184.0064902691106 107.352538265522924
2215.7735961758003 107.513568717536231
2248.002765277899 107.646756849617674
2280.7007184393456 107.748396896245538
2313.874274281297 107.817905507467160
2347.530350604038 107.853006504034141
2381.6759658295764 107.854619910165752
2416.318240465218 107.826243422894066
2451.4643985884327 107.767341485823366
2487.1217693533167 107.673854886721756
2523.2977885189675 107.551001725016988
2560.0000000000887 107.399860715400067
2597.236057440151 107.221055636954304
2635.0137258074315 107.015535279325121
2673.340883014273 106.789146274640444
2712.225521559891 106.548660603571108
2751.6757501970797 106.297564755776563
2791.699795623158 106.034882610777174
2832.3060041955137 105.764024395667292
2873.502843672097 105.486525585269391
2915.2989049772345 105.205789787719198
2957.7029039931244 104.927602846018885
3000.723683377391 104.654240380308039
3044.370214407075 104.387705361229450
3088.6515988494466 104.124150897990461
3133.57707086003 103.867265602722739
3179.1559989082334 103.619783534714642
3225.3978877309914 103.381059728950390
3272.3123803148205 103.153171510588692
3319.9092599067053 102.938828667686977
3368.198452054235 102.740114876251511
3417.190026675413 102.556672828737391
3466.8942001585724 102.383961037834155
3517.3213374928373 102.224694763647804
3568.4819544295697 102.084858446685331
3620.386719675257 101.963305064998025
3673.0464571162966 101.857939490446924
3726.472148076138 101.774049353320919
3780.6749336052594 101.711094313503338
3835.6661168044484 101.665231536948653
3891.45716518188 101.635605677389378
3948.059713044477 101.626880101488013
4005.4855639240527 101.644165919589369
4063.746693038744 101.685728538464289
4122.855249790247 101.747859018434383
4182.823560297375 101.834723602132073
4243.664129966465 101.951000818169547
4305.389646099183 102.092613807993899
4368.012980538242 102.261873109672862
4431.5471923516225 102.460480237528927
4496.00553055582 102.677822149089280
4561.401436878714 102.910642082951782
4627.748548562617 103.169577685790898
4695.060701208099 103.455331429869915
4763.351931659176 103.757041953154499
4832.63648093046 104.058452807705180
4902.928797176889 104.352539365418338
4974.243538706657 104.643134448637554
5046.595577037959 104.933385087335125
5120.000000000202 105.202594677698329
5194.472114880326 105.419233572839460
5270.027451614888 105.565625971888949
5346.6817660285715 105.637359451824324
5424.451043119808 105.587302069481240
5503.351500394186 105.412827643659000
5583.399591246343 105.174801895196509
5664.612008391055 104.888515499245074
5747.005687344222 104.524842313693171
5830.597809954497 104.123395705260904
5915.405807986278 103.736792235026101
6001.447366754812 103.371710260894361
6088.740428814181 103.028378090026905
6177.303197698925 102.720148617932779
6267.154141720092 102.464749135580490
6358.3119978165005 102.271817501136752
6450.795775462017 102.141446249285053
6544.624760629676 102.074383423912792
6639.818519813445 102.067231667752168
6736.396904108505 102.114317198710694
6834.380053350861 102.209731852040875
6933.788400317181 102.347174353487745
7034.642674985712 102.483541392693525
7136.963908859177 102.569573573860609
7240.773439350552 102.561503677753251
7346.092914232631 102.403599253720429
7452.944296152315 102.055337995581482
7561.349867210557 101.513255462346066
7671.332233608935 100.786993666556981
7782.914330363799 99.923887653562701
7896.119426088994 98.988242895155253
8010.971127848146 98.009622036796287
8127.49338607753 96.999965259939842
8245.710499580537 95.994506994710349
8365.647120594791 95.029621430875082
8487.328259932974 94.172831327526723
8610.77929219841 93.497650841742839
8736.025961076528 93.044032910123931
8863.094384703289 92.826872265659929
8992.011061111683 92.817570523561557
9122.802873757471 92.937550850370258
9255.497097125279 93.094403258510795
9390.121402416245 93.250958521789769
9526.7038633184 93.434981404913984
9665.272961860968 93.672066617082621
9805.857594353829 93.882659100279881
9948.487077413367 93.893588868101403
10093.19115407597 93.558031892275423
10240.000000000457 92.976473698504464
10388.944229760706 92.352948528524479
10540.05490322983 91.829533486406177
10693.363532057198 91.402139370720477
10848.902086239672 90.946451174830770
11006.703000788428 90.291064053937575
11166.799182492743 89.320170899234768
11329.224016782166 88.182202445805046
11494.0113746885 87.221876135440127
11661.195619909053 86.629046749827793
11830.811615972614 86.328170028032275
12002.894733509682 86.298331839881911
12177.48085762842 86.604282187728330
12354.606395397908 87.176482876343556
12534.308283440243 87.933612561687596
12716.62399563306 88.787144158022215
12901.591550924093 89.573400214834578
13089.249521259411 90.074403333596152
13279.637039626952 90.105033232630433
13472.793808217073 89.598944135186258
13668.760106701786 88.684791741799188
13867.576800634426 87.538490364066391
14069.285349971487 86.385633376895115
14273.927817718419 85.418045264331312
14481.54687870117 84.734469568573459
14692.18582846533 84.249952463129176
14905.888592304698 83.682390665201325
15122.699734421185 82.872887774075977
15342.664467217943 81.777716459513499
15565.828660727671 80.376369015414554
15792.238852178061 78.787620294821750
16021.942255696367 77.302345506538899
16254.986772155136 76.096364846626841
16491.42099916115 74.858974962037507
16731.294241189662 73.044966391090298
16974.65651986603 71.207883582345119
17221.558584396902 71.133098419387380
17472.051922153143 72.273764944338765
17726.188769406665 73.203608223858609
17984.022122223458 73.621133968039942
18245.605747515034 73.972569940233299
18510.99419425065 74.552593666744855
18780.242804832582 75.092473838630127
19053.40772663689 75.256056493227476
19330.545923722028 74.816845710436525
19611.71518870775 73.716641767621724
19896.974154826825 72.139835884855358
20186.382308152035 70.171271948333967
