20 94.221499999999992
20.290906698750476 94.253984689642778
20.586044732869844 94.286464925732602
20.885475648548283 94.318926528592726
21.189261887185914 94.351354498451499
21.49746679841394 94.382124870405548
21.810154653305165 94.412990171246406
22.12739065777668 94.443442874166564
22.449240966187475 94.473431672184631
22.77577269513385 94.502693188714119
23.107053937445478 94.531778038838738
23.44315377638505 94.560429524933681
23.784142300054445 94.588461561879427
24.130090616010463 94.616190465555704
24.481070866093134 94.643306660756295
24.837156241469714 94.669829491736962
25.1984209978975 94.695885522347567
25.56494047120865 94.721633509640355
25.936791093020236 94.746733420111767
26.3140504066728 94.771913236144513
26.69679708340074 94.796053821358299
27.08511093873791 94.819915136505045
27.47907294916184 94.843395518002055
27.878765268980047 94.866529002966359
28.284271247461966 94.888850647362943
28.695675446220072 94.910479447757226
29.11306365684382 94.931540119185343
29.536522918790062 94.952107008426765
29.966141537533712 94.971010227651476
30.402009102982383 94.989080363851414
30.844216508158908 95.006768634747942
31.29285596815558 95.024714238726233
31.74802103936409 95.042424799495834
32.20980663898519 95.060182458920423
32.67830906482211 95.078454053528063
33.153626015361866 95.096837788583741
33.63585661014871 95.115162551185648
34.125101410453844 95.133628752186794
34.62146244024586 95.151994110289110
35.12504320746613 95.170251469053852
35.635948725613716 95.187486307945250
36.15428553564419 95.204282851604972
36.68016172818701 95.220224690117419
37.21368696608603 95.235055861118241
37.754972507267915 95.248145811738340
38.30413122794313 95.259874344102982
38.86127764614443 95.269217556656429
39.4265279456077 95.276989757989298
40.000000000000206 95.283500000000004
40.58181339750116 95.288348461140714
41.1720894657399 95.292313924035312
41.77095129709678 95.293927380500676
42.37852377437204 95.293999999999997
42.9949335968281 95.291112877728096
43.62030930661056 95.285296912949320
44.25478131555359 95.276178307154822
44.89848193237519 95.266522776090284
45.55154539026795 95.255042729833974
46.21410787489121 95.242717861561715
46.88630755277036 95.229335480288739
47.56828460010916 95.216719605685029
48.260181232021196 95.209861081392134
48.962141732186545 95.219989724505723
49.674312482939705 95.245758384203370
50.39684199579528 95.290519107216426
51.129880942417586 95.359821406161245
51.873582186040764 95.466941504750380
52.628100813345895 95.599895876313809
53.393594166801776 95.729745162098482
54.17022187747612 95.836868903691624
54.95814589832399 95.916078578739302
55.75753053796041 95.974436378060346
56.56854249492426 96.010398987322347
57.39135089244048 96.029217833478185
58.226127313687975 96.036243700225299
59.073045837580466 96.041157412538226
59.932283075067765 96.048890547675597
60.804018205965114 96.057540192002250
61.68843301631817 96.065442163735639
62.58571193631152 96.068482139273058
63.49604207872855 96.066767810645715
64.41961327797075 96.060303867220284
65.35661812964459 96.049863964314625
66.3072520307241 96.036891219539143
67.27171322029778 96.022152588475237
68.25020282090806 96.006496754865481
69.2429248804921 95.990613201912112
70.25008641493265 95.974498617361078
71.27189745122783 95.958285589505977
72.30857107128878 95.942525719466303
73.36032345637442 95.927095148154393
74.42737393217246 95.911516764949596
75.50994501453623 95.896275760900139
76.60826245588666 95.880533057106902
77.72255529228926 95.863990482335865
78.85305589121582 95.846115782935868
80.00000000000082 95.826999999999984
81.16362679500274 95.805666788758600
82.34417893148023 95.782996552094886
83.541902594194 95.758360534519355
84.75704754874454 95.732662752496054
85.98986719365665 95.706052823852843
87.24061861322157 95.679887139447388
88.50956263110764 95.652792809659331
89.79696386475084 95.624899116263734
91.10309078053635 95.595680395388911
92.42821574978288 95.564684165060868
93.77261510554118 95.531184695781405
95.13656920021877 95.494687433629139
96.52036246404286 95.455512275459625
97.92428346437356 95.412955597585920
99.34862496587989 95.366941148475988
100.79368399159105 95.318250182955381
102.25976188483567 95.265888810261075
103.74716437208203 95.209147155886541
105.25620162669229 95.148449283968887
106.78718833360406 95.084413297766218
108.34044375495276 95.017020474782072
109.9162917966485 94.945621451431819
111.51506107592134 94.869880950438144
113.13708498984903 94.788698276018891
114.78270178488147 94.702998725963511
116.45225462737648 94.610635711615231
118.14609167516147 94.513509736151406
119.86456615013608 94.407757379420389
121.60803641193078 94.295177530806711
123.3768660326369 94.167046251436886
125.17142387262359 94.027543253408737
126.99208415745765 93.871540481933778
128.83922655594208 93.701174029645529
130.71323625928977 93.521804529467971
132.61450406144883 93.336164097916566
134.5434264405962 93.147238631533213
136.50040564181674 92.965965520445579
138.48584976098482 92.806919765535980
140.50017282986593 92.702497926041616
142.5437949024563 92.677974461170521
144.61714214257822 92.797828516049805
146.7206469127495 93.154422913422408
148.8547478643456 93.731142224278955
151.01989002907314 94.493500869402482
153.216524911774 95.351008530891818
155.4451105845792 96.182668320714598
157.70611178243232 96.887807270079975
160.00000000000236 97.431000000000381
162.3272535900062 97.816393194505025
164.6883578629612 98.078278948191667
167.08380518838874 98.228193090549766
169.51409509748981 98.276877598228367
171.97973438731407 98.243801259131175
174.4812372264439 98.151476778825227
177.01912526221608 98.020967235840345
179.5939277295025 97.870201907321658
182.20618156107355 97.713187870023376
184.85643149956664 97.556470541525570
187.54523021108326 97.404084706728156
190.27313840043846 97.259288452297994
193.04072492808663 97.121869638408697
195.84856692874806 96.990814488206325
198.69724993176072 96.865018252934277
201.58736798318304 96.744182474020022
204.5195237696723 96.627491826944393
207.49432874416505 96.514709836465897
210.5124032533856 96.405813818922610
213.57437666720915 96.299577599148080
216.68088750990657 96.197871155928027
219.83258359329807 96.097273616811108
223.03012215184378 95.999581274368765
226.2741699796992 95.903291013928822
229.5654035697641 95.808458431000105
232.90450925475412 95.715641910618473
236.2921833503241 95.625512801647943
239.72913230027333 95.537440984805500
243.21607282386276 95.453084343257117
246.75373206527502 95.372602595514991
250.34284774524843 95.297400180903963
253.9841683149166 95.227304759937851
257.67845311188546 95.164466297097945
261.42647251858085 95.106317985026820
265.22900812289896 95.049564878156502
269.08685288119375 94.991624829381095
273.0008112836349 94.928361106767767
276.97169952197106 94.858902096403284
281.00034565973334 94.782393052239371
285.0875898049141 94.700178132057786
289.23428428515797 94.613926886868711
293.44129382550057 94.524700441516842
297.7094957286928 94.433787740978843
302.0397800581479 94.342164618778895
306.4330498235497 94.249094937097595
310.89022116916016 94.154819077801491
315.41222356486645 94.060008194563750
320.00000000000654 93.965499999999878
324.6545071800142 93.872875307117710
329.3767157259242 93.785030759070395
334.16761037677935 93.704734428783141
339.02819019498156 93.635813794328755
343.95946877463007 93.582905312253700
348.9624744528898 93.547536410946790
354.03825052443415 93.528885248426704
359.187855459007 93.520137002357387
364.4123631221491 93.503556729072471
369.71286299913527 93.458612946707859
375.0904604221685 93.377658484262994
380.54627680087896 93.266593650839255
386.08144985617537 93.148432538121000
391.6971338574982 93.036612318912688
397.3944998635236 92.934885252115379
403.1747359663683 92.857725975056240
409.0390475393468 92.806259206840693
414.9886574883323 92.791237712279013
421.0248065067734 92.819346624877070
427.1487533344206 92.883335986126966
433.3617750198154 92.990474977511013
439.6651671865984 93.140007668614373
446.06024430368984 93.312500092402090
452.54833995940066 93.490305178903824
459.13080713953053 93.663015812669329
465.8090185095106 93.825877098555253
472.58436670065066 93.970979517363332
479.45826460054917 94.088966206365569
486.432145647728 94.173207885606828
493.50746413055253 94.222692973448005
500.6856954904994 94.251485687267589
507.9683366298358 94.261954483905384
515.3569062237735 94.255735200949061
522.8529450371643 94.238941164888502
530.4580162458005 94.215839691108968
538.1737057623901 94.187805176950434
546.0016225672724 94.156207331854546
553.9433990439449 94.122483478943735
562.0006913194694 94.090497580381864
570.1751796098309 94.062097086897381
578.4685685703187 94.043022292288271
586.8825876510039 94.033305671114107
595.4189914573883 94.029687151281394
604.0795601162986 94.029509945014524
612.8660996471021 94.031737892731101
621.780442338323 94.038311807718571
630.8244471297356 94.053267229606774
640.0000000000159 94.078500000000076
649.3090143600314 94.120390564620138
658.7534314518515 94.177333603428877
668.3352207535618 94.250431482915474
678.0563803899662 94.337215880568181
687.9189375492632 94.430229906717997
697.9249489057827 94.521324540152051
708.0765010488715 94.604208183338528
718.3757109180171 94.680223904155625
728.8247262443015 94.750684429524597
739.425725998274 94.812697924490067
750.1809208443404 94.865231221745887
761.0925536017613 94.909332404140457
772.1628997123541 94.948179268235066
783.3942677149998 94.984474228947306
794.7889997270506 95.019084124192517
806.34947193274 95.053548415798218
818.0780950786972 95.089201831011366
829.9773149766683 95.125431944930000
842.0496130135506 95.161986306791789
854.2975066688449 95.199213457228666
866.7235500396347 95.234898925108240
879.3303343732008 95.268975386088982
892.1204886073838 95.301801221518460
905.0966799188055 95.334029338133718
918.2616142790653 95.366172373060806
931.6180370190256 95.399554172318261
945.1687334013056 95.435415319628532
958.9165292011028 95.473391977353074
972.8642912954606 95.515428588601424
987.0149282611097 95.563590136288468
1001.3713909810035 95.613982720564309
1015.9366732596762 95.667153025712736
1030.7138124475518 95.724829756488504
1045.7058900743334 95.784430178426987
1060.916032491606 95.846255733215585
1076.3474115247852 95.909434559816646
1092.0032451345498 95.972262574896376
1107.8867980878947 96.033575492829613
1124.0013826389438 96.093115988754050
1140.350359219667 96.149942804195604
1156.9371371406426 96.200207775967726
1173.765175302013 96.247854232080527
1190.837982914782 96.293137071028752
1208.1591202326028 96.337743577707755
1225.73219929421 96.380148093557636
1243.5608846766518 96.422475397578864
1261.648894259477 96.464680753272120
1280.0000000000375 96.505500000000083
1298.6180287200684 96.542736057440138
1317.5068629037087 96.580012353226664
1336.6704415071292 96.612006228486763
1356.112760779938 96.640057865091904
1375.8378750985323 96.663317609485858
1395.8498978115715 96.682264908030419
1416.153002097749 96.696768668065161
1436.7514218360407 96.709713282009830
1457.6494524886093 96.721589671493163
1478.8514519965543 96.734464929277806
1500.3618416886875 96.748260526015855
1522.1851072035295 96.763973277186551
1544.3257994247153 96.781847155528254
1566.788535430007 96.801609681887015
1589.5779994541087 96.822411759497783
1612.6989438654878 96.843429049478942
1636.156190157402 96.863648075929063
1659.9546299533442 96.881570055769203
1684.099226027109 96.896231597534097
1708.5950133376978 96.907422304534805
1733.4471000792773 96.915027304019020
1758.6606687464096 96.920558920374361
1784.2409772147755 96.924793736810074
1810.193359837619 96.928834804770773
1836.5232285581387 96.933804645711632
1863.2360740380593 96.941000265172931
1890.3374668026197 96.952055234729201
1917.833058402214 96.967556496209369
1945.7285825909298 96.988168294420916
1974.0298565222283 97.014088065130892
2002.7427819620161 97.046337051387127
2031.8733465193618 97.082091462685128
2061.4276248951132 97.123307993580440
2091.411780148677 97.172041204267629
2121.832064983222 97.227164129966440
2152.694823049581 97.291587295997203
2184.0064902691106 97.361715738902589
2215.7735961758003 97.442102859913675
2248.002765277899 97.528407742778114
2280.7007184393456 97.621388774088743
2313.874274281297 97.719391584939203
2347.530350604038 97.819506706791984
2381.6759658295764 97.919360300905765
2416.318240465218 98.017375161279347
2451.4643985884327 98.108124386506375
2487.1217693533167 98.190811804109643
2523.2977885189675 98.260144796977656
2560.0000000000887 98.316000000000116
2597.236057440151 98.356004296670122
2635.0137258074315 98.380505490322975
2673.340883014273 98.388250566226077
2712.225521559891 98.385425321047364
2751.6757501970797 98.374101328063418
2791.699795623158 98.360008824086606
2832.3060041955137 98.344723718405703
2873.502843672097 98.325073435980343
2915.2989049772345 98.297801908868905
2957.7029039931244 98.260449776567640
3000.723683377391 98.212604441820488
3044.370214407075 98.158245884364021
3088.6515988494466 98.100019776510095
3133.57707086003 98.043118088196451
3179.1559989082334 97.990345281222773
3225.3978877309914 97.942872006655563
3272.3123803148205 97.901650095748153
3319.9092599067053 97.867156258857847
3368.198452054235 97.840310696575600
3417.190026675413 97.821014892264131
3466.8942001585724 97.809472695980972
3517.3213374928373 97.806366066874631
3568.4819544295697 97.812066029974503
3620.386719675257 97.826339219083096
3673.0464571162966 97.848062299415830
3726.472148076138 97.876089124403393
3780.6749336052594 97.908124066831761
3835.6661168044484 97.941712992418758
3891.45716518188 97.975203762697191
3948.059713044477 98.007396461794045
4005.4855639240527 98.034694225569609
4063.746693038744 98.057624007911627
4122.855249790247 98.075047256209800
4182.823560297375 98.086221851166215
4243.664129966465 98.091002181640221
4305.389646099183 98.091499999999996
4368.012980538242 98.088599350973084
4431.5471923516225 98.085862263184936
4496.00553055582 98.089700414791693
4561.401436878714 98.110433667952989
4627.748548562617 98.150473693706346
4695.060701208099 98.216648605821717
4763.351931659176 98.309865880403564
4832.63648093046 98.436673893237710
4902.928797176889 98.604585284048156
4974.243538706657 98.806513518700427
5046.595577037959 99.048584519632868
5120.000000000202 99.320928571429363
5194.472114880326 99.623965224533947
5270.027451614888 99.952684144968487
5346.6817660285715 100.299360840618391
5424.451043119808 100.659014857957956
5503.351500394186 101.026846641124308
5583.399591246343 101.396930614623756
5664.612008391055 101.764254037759741
5747.005687344222 102.127739711510642
5830.597809954497 102.486357812759124
5915.405807986278 102.839585406184710
6001.447366754812 103.185900487203895
6088.740428814181 103.510403112096668
6177.303197698925 103.835422288300151
6267.154141720092 104.201968096010646
6358.3119978165005 104.590242870741946
6450.795775462017 104.922435072913771
6544.624760629676 105.117401636826528
6639.818519813445 105.104609423718074
6736.396904108505 104.822381278224526
6834.380053350861 104.218160449451972
6933.788400317181 103.270196194303253
7034.642674985712 102.033075661566954
7136.963908859177 100.683340522956911
7240.773439350552 99.473304278462010
7346.092914232631 98.595458356903734
7452.944296152315 98.118491779638646
7561.349867210557 97.991688131086192
7671.332233608935 98.018022455155830
7782.914330363799 98.062500000000000
7896.119426088994 98.054037301303282
8010.971127848146 97.993648731814318
8127.49338607753 97.934260709225640
8245.710499580537 97.914709417377054
8365.647120594791 97.936239830883608
8487.328259932974 98.003396955959786
8610.77929219841 98.146243052558887
8736.025961076528 98.381073101920549
8863.094384703289 98.670073436868563
8992.011061111683 98.966152070353161
9122.802873757471 99.205410676594298
9255.497097125279 99.337267430506245
9390.121402416245 99.319179556939417
9526.7038633184 99.114575534869914
9665.272961860968 98.721276069536628
9805.857594353829 98.141446156679848
9948.487077413367 97.370077535519798
10093.19115407597 96.394372611176564
10240.000000000457 95.304599999996526
10388.944229760706 94.343288522217705
10540.05490322983 93.650591686072531
10693.363532057198 92.960732622578405
10848.902086239672 92.197615978630424
11006.703000788428 91.664238069807837
11166.799182492743 91.529839959124644
11329.224016782166 91.857072731170632
11494.0113746885 92.437720166992250
11661.195619909053 93.087964795555649
11830.811615972614 93.594606220573525
12002.894733509682 93.857694832961926
12177.48085762842 94.020523408475412
12354.606395397908 94.199177267493951
12534.308283440243 94.549940791106337
12716.62399563306 95.176215502255673
12901.591550924093 95.922382119205622
13089.249521259411 96.674890580250235
13279.637039626952 97.012674406876471
13472.793808217073 96.652784513160384
13668.760106701786 95.528092663724749
13867.576800634426 94.002303689332209
14069.285349971487 92.742197931367613
14273.927817718419 91.898047751911520
14481.54687870117 91.310762373032162
14692.18582846533 91.054439305257446
14905.888592304698 91.210555806411193
15122.699734421185 91.835016733966640
15342.664467217943 92.830264505680958
15565.828660727671 93.870392867008590
15792.238852178061 94.433875173421569
16021.942255696367 94.088950664353547
16254.986772155136 92.823591880861130
16491.42099916115 91.002575464460818
16731.294241189662 88.901573266013344
16974.65651986603 86.397427002115180
17221.558584396902 83.425167864332266
17472.051922153143 80.125097643051802
17726.188769406665 76.773689151836606
17984.022122223458 73.678413055251980
18245.605747515034 70.726908974940955
18510.99419425065 67.010925911947112
18780.242804832582 61.148344344807015
19053.40772663689 52.336666815693981
19330.545923722028 42.166266486380728
19611.71518870775 36.820896000736703
19896.974154826825 38.000417214607225
20186.382308152035 38.888500000000001
