20 77.444000000000003
20.290906698750476 77.597211372046488
20.586044732869844 77.750266543982377
20.885475648548283 77.903092580759619
21.189261887185914 78.053684156876500
21.49746679841394 78.201687675975734
21.810154653305165 78.348146188156164
22.12739065777668 78.491848081032842
22.449240966187475 78.635001816895794
22.77577269513385 78.777208224093528
23.107053937445478 78.919854922722223
23.44315377638505 79.063579167660393
23.784142300054445 79.208990655398210
24.130090616010463 79.355421422435782
24.481070866093134 79.500739093902709
24.837156241469714 79.646276650786518
25.1984209978975 79.793108530395855
25.56494047120865 79.941801057842156
25.936791093020236 80.092400520670594
26.3140504066728 80.245190163669690
26.69679708340074 80.398726840651790
27.08511093873791 80.551075991058696
27.47907294916184 80.699803401757734
27.878765268980047 80.847446236350152
28.284271247461966 80.996043276571072
28.695675446220072 81.147204239655210
29.11306365684382 81.301220489375368
29.536522918790062 81.457330865358372
29.966141537533712 81.614141661199795
30.402009102982383 81.774750062613208
30.844216508158908 81.940261220597833
31.29285596815558 82.108820988058341
31.74802103936409 82.276283616249799
32.20980663898519 82.437785224060036
32.67830906482211 82.590097501030016
33.153626015361866 82.735280552577834
33.63585661014871 82.879121126434470
34.125101410453844 83.025905727367515
34.62146244024586 83.177882131117698
35.12504320746613 83.338389128841428
35.635948725613716 83.506950669257435
36.15428553564419 83.682302796583372
36.68016172818701 83.860574825855394
37.21368696608603 84.039516698808384
37.754972507267915 84.214862593929837
38.30413122794313 84.388072110206480
38.86127764614443 84.558383054322150
39.4265279456077 84.727958356130259
40.000000000000206 84.895500000000055
40.58181339750116 85.055499217643558
41.1720894657399 85.203998891828633
41.77095129709678 85.347076941064529
42.37852377437204 85.493672210280948
42.9949335968281 85.654570286391106
43.62030930661056 85.836424658582331
44.25478131555359 86.037133176275788
44.89848193237519 86.243429511402070
45.55154539026795 86.440012236574177
46.21410787489121 86.613209324735493
46.88630755277036 86.765241258971201
47.56828460010916 86.914205435588769
48.260181232021196 87.074424697541247
48.962141732186545 87.252592708565288
49.674312482939705 87.441378298780705
50.39684199579528 87.630438915093549
51.129880942417586 87.812935923455740
51.873582186040764 87.985822715816738
52.628100813345895 88.152076700356929
53.393594166801776 88.315154878346974
54.17022187747612 88.475866692390923
54.95814589832399 88.634629048766158
55.75753053796041 88.796945241752212
56.56854249492426 88.978401858822423
57.39135089244048 89.180055556588314
58.226127313687975 89.396340846931494
59.073045837580466 89.613531001019311
59.932283075067765 89.819747938016263
60.804018205965114 90.019418674336777
61.68843301631817 90.221435747381435
62.58571193631152 90.424543999514896
63.49604207872855 90.620676752375545
64.41961327797075 90.793896964309226
65.35661812964459 90.930580939298068
66.3072520307241 91.045060129855869
67.27171322029778 91.180908379653602
68.25020282090806 91.367294823420679
69.2429248804921 91.588265410311948
70.25008641493265 91.815769097700127
71.27189745122783 92.040093900739592
72.30857107128878 92.259485641935981
73.36032345637442 92.467060648070202
74.42737393217246 92.665209429587563
75.50994501453623 92.863702630677608
76.60826245588666 93.064772736537691
77.72255529228926 93.268343830043364
78.85305589121582 93.478425336544973
80.00000000000082 93.693000000000154
81.16362679500274 93.896150352503440
82.34417893148023 94.083808410738229
83.541902594194 94.270395260262617
84.75704754874454 94.468811514883612
85.98986719365665 94.690888551555787
87.24061861322157 94.941626223942336
88.50956263110764 95.198173460443826
89.79696386475084 95.423468676331396
91.10309078053635 95.630439120739481
92.42821574978288 95.842959327943561
93.77261510554118 96.055181149686518
95.13656920021877 96.247538560291957
96.52036246404286 96.434452885087268
97.92428346437356 96.642753341929080
99.34862496587989 96.859050383928547
100.79368399159105 97.055091550923649
102.25976188483567 97.242496267297355
103.74716437208203 97.445338679182356
105.25620162669229 97.679132613253273
106.78718833360406 97.912567931705382
108.34044375495276 98.096863487985360
109.9162917966485 98.247402463313875
111.51506107592134 98.420653796693756
113.13708498984903 98.607369417400520
114.78270178488147 98.786093089222319
116.45225462737648 99.002414175483565
118.14609167516147 99.226109178753973
119.86456615013608 99.397956758441879
121.60803641193078 99.561503301060526
123.3768660326369 99.693864190749991
125.17142387262359 99.789299758794670
126.99208415745765 99.907200499903212
128.83922655594208 100.093641992642148
130.71323625928977 100.282649257008373
132.61450406144883 100.432177495717653
134.5434264405962 100.551051005418458
136.50040564181674 100.679152685053992
138.48584976098482 100.811015372979824
140.50017282986593 100.922840188918016
142.5437949024563 101.003903864464093
144.61714214257822 101.079408546061529
146.7206469127495 101.178344086872372
148.8547478643456 101.276337956458335
151.01989002907314 101.351589294715211
153.216524911774 101.393588894311847
155.4451105845792 101.415957101107011
157.70611178243232 101.462337579454598
160.00000000000236 101.544000000000068
162.3272535900062 101.609628551238174
164.6883578629612 101.647325367944418
167.08380518838874 101.663252548017311
169.51409509748981 101.653012610395564
171.97973438731407 101.623075612332528
174.4812372264439 101.581130224814586
177.01912526221608 101.517079792867719
179.5939277295025 101.438250669293609
182.20618156107355 101.357108371606728
184.85643149956664 101.264111038615425
187.54523021108326 101.179681745514458
190.27313840043846 101.062153450369749
193.04072492808663 100.867621195436655
195.84856692874806 100.671810538604362
198.69724993176072 100.521532003275496
201.58736798318304 100.393653351358978
204.5195237696723 100.304096508760097
207.49432874416505 100.248843575721281
210.5124032533856 100.189214725172135
213.57437666720915 100.128235596657447
216.68088750990657 100.113627559347748
219.83258359329807 100.120079209763134
223.03012215184378 100.133499253876352
226.2741699796992 100.125371093441601
229.5654035697641 100.101831905965142
232.90450925475412 100.100436339503162
236.2921833503241 100.125778302157670
239.72913230027333 100.140814953813688
243.21607282386276 100.133743745116476
246.75373206527502 100.121361937771539
250.34284774524843 100.113042855968160
253.9841683149166 100.113498021039362
257.67845311188546 100.088670441494770
261.42647251858085 100.050522038554902
265.22900812289896 100.025427479692752
269.08685288119375 100.015551260113824
273.0008112836349 99.989991481521827
276.97169952197106 99.946353755975366
281.00034565973334 99.909200241961813
285.0875898049141 99.911702194663292
289.23428428515797 99.897603433430461
293.44129382550057 99.853360344711447
297.7094957286928 99.809843588868887
302.0397800581479 99.766562419360383
306.4330498235497 99.720263993460577
310.89022116916016 99.691158672985040
315.41222356486645 99.668944213897831
320.00000000000654 99.640499999999918
324.6545071800142 99.586042265993825
329.3767157259242 99.503656788505964
334.16761037677935 99.417483013217975
339.02819019498156 99.336034861782792
343.95946877463007 99.241998465139787
348.9624744528898 99.129174345247662
354.03825052443415 99.073097820856972
359.187855459007 99.151351036909631
364.4123631221491 99.322873945587446
369.71286299913527 99.483943317374241
375.0904604221685 99.554580005182785
380.54627680087896 99.529249429138773
386.08144985617537 99.478012196567690
391.6971338574982 99.413102248040488
397.3944998635236 99.336188002183619
403.1747359663683 99.233121771316874
409.0390475393468 99.118985319021121
414.9886574883323 99.003468343349610
421.0248065067734 98.889757137232323
427.1487533344206 98.784626825539419
433.3617750198154 98.696403295572424
439.6651671865984 98.618231315523630
446.06024430368984 98.556981908228479
452.54833995940066 98.527883984097443
459.13080713953053 98.515803789290700
465.8090185095106 98.508325817908741
472.58436670065066 98.508464728586006
479.45826460054917 98.515550501957890
486.432145647728 98.526977862165907
493.50746413055253 98.542874203726967
500.6856954904994 98.560885662598878
507.9683366298358 98.580912925732051
515.3569062237735 98.601892265559428
522.8529450371643 98.620365817268805
530.4580162458005 98.637030536553056
538.1737057623901 98.654384634188148
546.0016225672724 98.671574789603625
553.9433990439449 98.687522410767144
562.0006913194694 98.701501036979209
570.1751796098309 98.713683938590322
578.4685685703187 98.722391996998823
586.8825876510039 98.727097164442938
595.4189914573883 98.732293294020167
604.0795601162986 98.737029835043614
612.8660996471021 98.739542735638665
621.780442338323 98.743390221169165
630.8244471297356 98.749494668277833
640.0000000000159 98.755000000000010
649.3090143600314 98.762912662206020
658.7534314518515 98.768314387298517
668.3352207535618 98.770250283113029
678.0563803899662 98.774931009214484
687.9189375492632 98.781939203161954
697.9249489057827 98.788254969343470
708.0765010488715 98.791115300209782
718.3757109180171 98.794431498821297
728.8247262443015 98.801618544683237
739.425725998274 98.808626721898875
750.1809208443404 98.811909539577826
761.0925536017613 98.806453723199127
772.1628997123541 98.798573265594825
783.3942677149998 98.792948579043667
794.7889997270506 98.788737000090975
806.34947193274 98.785941754677879
818.0780950786972 98.783597362674158
829.9773149766683 98.779894212894490
842.0496130135506 98.773462790239833
854.2975066688449 98.765172183887714
866.7235500396347 98.760273299993898
879.3303343732008 98.759216516718652
892.1204886073838 98.760449398480972
905.0966799188055 98.760225830020289
918.2616142790653 98.755610024178893
931.6180370190256 98.750209141031874
945.1687334013056 98.746506513874721
958.9165292011028 98.744756955899902
972.8642912954606 98.746171429430063
987.0149282611097 98.750659013628848
1001.3713909810035 98.756411417294288
1015.9366732596762 98.760999559071820
1030.7138124475518 98.769086345939058
1045.7058900743334 98.781599271944685
1060.916032491606 98.796099238989939
1076.3474115247852 98.814931289852197
1092.0032451345498 98.837317063470465
1107.8867980878947 98.859762811485837
1124.0013826389438 98.884613569135894
1140.350359219667 98.914200718439332
1156.9371371406426 98.947689598696769
1173.765175302013 98.981920027147652
1190.837982914782 99.015259120332843
1208.1591202326028 99.049472463338958
1225.73219929421 99.086419765137450
1243.5608846766518 99.125475397578867
1261.648894259477 99.169233939173381
1280.0000000000375 99.214500000000072
1298.6180287200684 99.255725635023012
1317.5068629037087 99.298016470968903
1336.6704415071292 99.344842581692461
1356.112760779938 99.389253711754861
1375.8378750985323 99.428487909564680
1395.8498978115715 99.468199795623150
1416.153002097749 99.511228954510159
1436.7514218360407 99.554671629217978
1457.6494524886093 99.596339937827906
1478.8514519965543 99.636393410314284
1500.3618416886875 99.672100657203231
1522.1851072035295 99.708327277957864
1544.3257994247153 99.742375215125563
1566.788535430007 99.770138930390203
1589.5779994541087 99.790870839574211
1612.6989438654878 99.805603450810054
1636.156190157402 99.816462476062952
1659.9546299533442 99.824190018589746
1684.099226027109 99.826590077397285
1708.5950133376978 99.822765296532197
1733.4471000792773 99.815965869976225
1758.6606687464096 99.807189305751578
1784.2409772147755 99.796303609114091
1810.193359837619 99.787553593638961
1836.5232285581387 99.782386748001855
1863.2360740380593 99.778646949634663
1890.3374668026197 99.777613498672110
1917.833058402214 99.785133223360901
1945.7285825909298 99.803753722769102
1974.0298565222283 99.828626870870011
2002.7427819620161 99.864074146629719
2031.8733465193618 99.919152143856408
2061.4276248951132 99.993187699692328
2091.411780148677 100.081964760189507
2121.832064983222 100.189828259932881
2152.694823049581 100.319468018435003
2184.0064902691106 100.462232775859007
2215.7735961758003 100.630149118871302
2248.002765277899 100.811216315139603
2280.7007184393456 101.008057835553231
2313.874274281297 101.220338972351868
2347.530350604038 101.443661176536978
2381.6759658295764 101.672499920631026
2416.318240465218 101.901568563023915
2451.4643985884327 102.121969441354153
2487.1217693533167 102.334235536604126
2523.2977885189675 102.531687056794027
2560.0000000000887 102.711500000000399
2597.236057440151 102.866127060374552
2635.0137258074315 102.991538432260796
2673.340883014273 103.075805350463369
2712.225521559891 103.124891693325907
2751.6757501970797 103.132687840632400
2791.699795623158 103.108432658392047
2832.3060041955137 103.042233892238301
2873.502843672097 102.941811810224365
2915.2989049772345 102.812871766878317
2957.7029039931244 102.663535703466749
3000.723683377391 102.495987667941620
3044.370214407075 102.313562404236023
3088.6515988494466 102.118800950163120
3133.57707086003 101.915429614201116
3179.1559989082334 101.706965525000300
3225.3978877309914 101.496447568578617
3272.3123803148205 101.286825526614791
3319.9092599067053 101.081779293589975
3368.198452054235 100.884116114385776
3417.190026675413 100.693865499700451
3466.8942001585724 100.507315691406944
3517.3213374928373 100.319064624526646
3568.4819544295697 100.141499678078404
3620.386719675257 100.009303904584527
3673.0464571162966 99.930187968029742
3726.472148076138 99.863468435654923
3780.6749336052594 99.787178666278209
3835.6661168044484 99.715647205531639
3891.45716518188 99.668723379043712
3948.059713044477 99.633700552553734
4005.4855639240527 99.620957130327014
4063.746693038744 99.627061122099477
4122.855249790247 99.652736612335701
4182.823560297375 99.700787430917657
4243.664129966465 99.771623237032372
4305.389646099183 99.863469210301247
4368.012980538242 99.975890247977816
4431.5471923516225 100.118860428396175
4496.00553055582 100.284081092199756
4561.401436878714 100.465901289278577
4627.748548562617 100.658697644353992
4695.060701208099 100.866694243865908
4763.351931659176 101.085226181309366
4832.63648093046 101.304283077982063
4902.928797176889 101.503496518212870
4974.243538706657 101.675908971041864
5046.595577037959 101.793239139575292
5120.000000000202 101.852357142857215
5194.472114880326 101.837769704962099
5270.027451614888 101.723883111487993
5346.6817660285715 101.475438847584286
5424.451043119808 101.056965846385793
5503.351500394186 100.443560903814799
5583.399591246343 99.673362809434749
5664.612008391055 98.820059050593315
5747.005687344222 97.969887756880411
5830.597809954497 97.173817801540650
5915.405807986278 96.464151078981416
6001.447366754812 95.831618429550460
6088.740428814181 95.420948506863709
6177.303197698925 95.432604615937493
6267.154141720092 95.832431028276289
6358.3119978165005 96.391781186134779
6450.795775462017 96.920638032402493
6544.624760629676 97.339157252495170
6639.818519813445 97.630591669580241
6736.396904108505 97.807310486163146
6834.380053350861 97.890329716805525
6933.788400317181 97.900694537903263
7034.642674985712 97.858501901384074
7136.963908859177 97.798148406481815
7240.773439350552 97.762534257655204
7346.092914232631 97.775476236550730
7452.944296152315 97.836208222114237
7561.349867210557 97.938729229484892
7671.332233608935 98.079011192074773
7782.914330363799 98.250694800148523
7896.119426088994 98.443388102540013
8010.971127848146 98.660227907331318
8127.49338607753 98.920252238076117
8245.710499580537 99.223979283537687
8365.647120594791 99.564149497077480
8487.328259932974 99.925195975466707
8610.77929219841 100.277797821997154
8736.025961076528 100.575768501136935
8863.094384703289 100.727711150939797
8992.011061111683 100.601802530314259
9122.802873757471 100.005456886251608
9255.497097125279 99.012485459110565
9390.121402416245 98.117255921825034
9526.7038633184 97.732036802243641
9665.272961860968 97.669850970454206
9805.857594353829 97.566736758326414
9948.487077413367 97.330525845173270
10093.19115407597 97.017819903329070
10240.000000000457 96.690199999998981
10388.944229760706 96.362593326380164
10540.05490322983 96.023062423579546
10693.363532057198 95.646555722612987
10848.902086239672 95.188139733861831
11006.703000788428 94.595353187439258
11166.799182492743 93.870415329248914
11329.224016782166 93.014190309376303
11494.0113746885 92.050231183134571
11661.195619909053 90.957069628550869
11830.811615972614 89.899257688452792
12002.894733509682 88.987548094578528
12177.48085762842 88.245705507368029
12354.606395397908 87.756578488243576
12534.308283440243 87.401026900190075
12716.62399563306 87.182263044177716
12901.591550924093 86.981025531252186
13089.249521259411 86.756640215294112
13279.637039626952 86.437040439161024
13472.793808217073 86.000598237950726
13668.760106701786 85.451780866023412
13867.576800634426 84.810056283831855
14069.285349971487 84.099873973689355
14273.927817718419 83.338945064450343
14481.54687870117 82.490395922177157
14692.18582846533 81.712906097758477
14905.888592304698 81.305580373696074
15122.699734421185 81.488105148269597
15342.664467217943 82.300517465108015
15565.828660727671 83.491414063819519
15792.238852178061 84.524114411624879
16021.942255696367 84.844214859407188
16254.986772155136 84.252871959476067
16491.42099916115 82.966669764563335
16731.294241189662 81.249130401645886
16974.65651986603 79.137022625178957
17221.558584396902 76.713480139769970
17472.051922153143 74.000863763956005
17726.188769406665 72.203511254532458
17984.022122223458 72.618918110958575
18245.605747515034 72.769996220866858
18510.99419425065 71.362505444906304
18780.242804832582 68.739466017585130
19053.40772663689 65.688516998681393
19330.545923722028 62.864783912533696
19611.71518870775 60.849362499296404
19896.974154826825 59.922737590885475
20186.382308152035 59.340899311833631
