20 101.974000000000004
20.290906698750476 101.957500017541022
20.586044732869844 101.941499958241309
20.885475648548283 101.924499963575784
21.189261887185914 101.907000006660454
21.49746679841394 101.889500011730803
21.810154653305165 101.870499960730683
22.12739065777668 101.850999958977411
22.449240966187475 101.831000064010368
22.77577269513385 101.809999955775737
23.107053937445478 101.788500004139223
23.44315377638505 101.766999949727847
23.784142300054445 101.744999981719815
24.130090616010463 101.724000023225173
24.481070866093134 101.702500007983133
24.837156241469714 101.681999985912711
25.1984209978975 101.661500000115979
25.56494047120865 101.641500028751011
25.936791093020236 101.620499938937741
26.3140504066728 101.599000034475722
26.69679708340074 101.576499932797418
27.08511093873791 101.552000068078854
27.47907294916184 101.524500003600224
27.878765268980047 101.495499980694035
28.284271247461966 101.465499981889494
28.695675446220072 101.434499967811547
29.11306365684382 101.404500024575754
29.536522918790062 101.375500071233986
29.966141537533712 101.347999967819476
30.402009102982383 101.322000053315548
30.844216508158908 101.296500028814094
31.29285596815558 101.271000001838843
31.74802103936409 101.243999936751138
32.20980663898519 101.215000088100311
32.67830906482211 101.183500065633780
33.153626015361866 101.149499926038999
33.63585661014871 101.114000028998873
34.125101410453844 101.078500113305012
34.62146244024586 101.043000109587382
35.12504320746613 101.008499916982316
35.635948725613716 100.973999952231196
36.15428553564419 100.939499966265402
36.68016172818701 100.905499952056914
37.21368696608603 100.870500067581872
37.754972507267915 100.835000096173758
38.30413122794313 100.798999985218131
38.86127764614443 100.762500089585558
39.4265279456077 100.726000068769721
40.000000000000206 100.688999999999993
40.58181339750116 100.652000038177505
41.1720894657399 100.614999970340108
41.77095129709678 100.577499918581395
42.37852377437204 100.539500076380136
42.9949335968281 100.500500026068437
43.62030930661056 100.459499913193838
44.25478131555359 100.417499909750290
44.89848193237519 100.374000071061943
45.55154539026795 100.330999911551459
46.21410787489121 100.289000007902132
46.88630755277036 100.247999965834182
47.56828460010916 100.205999902517277
48.260181232021196 100.163999985735586
48.962141732186545 100.120500079182335
49.674312482939705 100.077000031106991
50.39684199579528 100.032000063702412
51.129880942417586 99.988000123059805
51.873582186040764 99.943499930585531
52.628100813345895 99.900000010599186
53.393594166801776 99.854999929131765
54.17022187747612 99.808500066248200
54.95814589832399 99.760499944736011
55.75753053796041 99.710999968045286
56.56854249492426 99.661999970419487
57.39135089244048 99.612499947425505
58.226127313687975 99.563500040140383
59.073045837580466 99.515000122115396
59.932283075067765 99.467499890105927
60.804018205965114 99.421500094327257
61.68843301631817 99.374500105038067
62.58571193631152 99.325500003465493
63.49604207872855 99.274499882537555
64.41961327797075 99.222500208806792
65.35661812964459 99.170500158718085
66.3072520307241 99.116999943153701
67.27171322029778 99.062999987572439
68.25020282090806 99.007500181287611
69.2429248804921 98.951000178470849
70.25008641493265 98.894999864799743
71.27189745122783 98.838999921322113
72.30857107128878 98.782499996122510
73.36032345637442 98.724499863689033
74.42737393217246 98.665000115854625
75.50994501453623 98.605000216424258
76.60826245588666 98.544999922634275
77.72255529228926 98.486000090095217
78.85305589121582 98.426500109659997
80.00000000000082 98.366999999999962
81.16362679500274 98.305500063973099
82.34417893148023 98.243499898037001
83.541902594194 98.180499917049161
84.75704754874454 98.117000128640001
85.98986719365665 98.053000042361134
87.24061861322157 97.987999865657315
88.50956263110764 97.922499864625422
89.79696386475084 97.856500160153089
91.10309078053635 97.790999865221238
92.42821574978288 97.726999964737274
93.77261510554118 97.663999947937711
95.13656920021877 97.600499851454884
96.52036246404286 97.536000025084491
97.92428346437356 97.472500116973862
99.34862496587989 97.409500001503744
100.79368399159105 97.345000090014253
102.25976188483567 97.279000187386501
103.74716437208203 97.210499889567870
105.25620162669229 97.139500065288431
106.78718833360406 97.067999889928046
108.34044375495276 96.994500106573156
109.9162917966485 96.917999910900789
111.51506107592134 96.838999947407757
113.13708498984903 96.760000000492624
114.78270178488147 96.680999914164033
116.45225462737648 96.601000017790767
118.14609167516147 96.520500156466127
119.86456615013608 96.439499854931199
121.60803641193078 96.358500168148581
123.3768660326369 96.277000137066679
125.17142387262359 96.194000051954561
126.99208415745765 96.111499855893101
128.83922655594208 96.028000288516040
130.71323625928977 95.946000250286176
132.61450406144883 95.864999913121594
134.5434264405962 95.784000023406207
136.50040564181674 95.704000258982546
138.48584976098482 95.624000207708164
140.50017282986593 95.546499819732801
142.5437949024563 95.470499926327633
144.61714214257822 95.387999994013654
146.7206469127495 95.297499775895503
148.8547478643456 95.199500191160112
151.01989002907314 95.103000301553408
153.216524911774 95.018499906898768
155.4451105845792 94.952500093149212
157.70611178243232 94.912000061335192
160.00000000000236 94.902500000000003
162.3272535900062 94.926999980078534
164.6883578629612 94.991000155372220
167.08380518838874 95.097500236960471
169.51409509748981 95.243499751998684
171.97973438731407 95.420499880737196
174.4812372264439 95.614000396828004
177.01912526221608 95.802000417396130
179.5939277295025 95.965499681825122
182.20618156107355 96.096500177904744
184.85643149956664 96.190000036941910
187.54523021108326 96.247000038985533
190.27313840043846 96.273000023210173
193.04072492808663 96.278999999228176
195.84856692874806 96.270000021595166
198.69724993176072 96.249000000596709
201.58736798318304 96.218000045699569
204.5195237696723 96.178500103193940
207.49432874416505 96.130999916387140
210.5124032533856 96.076500032291733
213.57437666720915 96.015999882822200
216.68088750990657 95.951500114460003
219.83258359329807 95.883999943836358
223.03012215184378 95.815499975768134
226.2741699796992 95.746500000436470
229.5654035697641 95.678499907974498
232.90450925475412 95.611500014899747
236.2921833503241 95.546000148496603
239.72913230027333 95.480499883945015
243.21607282386276 95.417000129187386
246.75373206527502 95.355000101964208
250.34284774524843 95.295500036931514
253.9841683149166 95.238999896664296
257.67845311188546 95.188500183544591
261.42647251858085 95.145000117030008
265.22900812289896 95.108499967822809
269.08685288119375 95.080500000797826
273.0008112836349 95.058000067982903
276.97169952197106 95.041000044696659
281.00034565973334 95.024999957305141
285.0875898049141 95.005499973252498
289.23428428515797 94.980499991415599
293.44129382550057 94.951999926068609
297.7094957286928 94.918500059411230
302.0397800581479 94.880500137524450
306.4330498235497 94.839999944926035
310.89022116916016 94.798000064135522
315.41222356486645 94.755500070446772
320.00000000000654 94.714999999999947
324.6545071800142 94.674500024750898
329.3767157259242 94.633499942231907
334.16761037677935 94.592499940596781
339.02819019498156 94.553500062400303
343.95946877463007 94.515500032443100
348.9624744528898 94.477499916212111
354.03825052443415 94.439999914651168
359.187855459007 94.402500075464545
364.4123631221491 94.363999932637995
369.71286299913527 94.324499977610941
375.0904604221685 94.284999952744784
380.54627680087896 94.245499918691337
386.08144985617537 94.206500008236105
391.6971338574982 94.168000068384657
397.3944998635236 94.130000007552724
403.1747359663683 94.092000052623717
409.0390475393468 94.055000090908905
414.9886574883323 94.018999937220741
421.0248065067734 93.984000025218165
427.1487533344206 93.953499953257648
433.3617750198154 93.925500049305811
439.6651671865984 93.897999974756544
446.06024430368984 93.872499991803920
452.54833995940066 93.850500000130936
459.13080713953053 93.831499979397265
465.8090185095106 93.818000004459023
472.58436670065066 93.814500002102889
479.45826460054917 93.828000047147356
486.432145647728 93.859499929414469
493.50746413055253 93.915499887633018
500.6856954904994 93.987499963950967
507.9683366298358 94.059500125894687
515.3569062237735 94.127499745285093
522.8529450371643 94.193499816095738
530.4580162458005 94.253000058991546
538.1737057623901 94.307999998312326
546.0016225672724 94.358499838135984
553.9433990439449 94.405499881685273
562.0006913194694 94.448000104777861
570.1751796098309 94.492000051054077
578.4685685703187 94.543500010301884
586.8825876510039 94.599500138621380
595.4189914573883 94.662499887967400
604.0795601162986 94.738499728389186
612.8660996471021 94.824000109081766
621.780442338323 94.919499836118916
630.8244471297356 95.031499795429056
640.0000000000159 95.153000000000219
649.3090143600314 95.278499910449824
658.7534314518515 95.406000180349139
668.3352207535618 95.535500219563914
678.0563803899662 95.670499783998963
687.9189375492632 95.807499897627750
697.9249489057827 95.942000281537773
708.0765010488715 96.072000316368189
718.3757109180171 96.210499710379366
728.8247262443015 96.361000275107443
739.425725998274 96.509500077802031
750.1809208443404 96.647500155942240
761.0925536017613 96.777000272104004
772.1628997123541 96.897499964786903
783.3942677149998 97.009999811803112
794.7889997270506 97.113999988646214
806.34947193274 97.210499876628745
818.0780950786972 97.304999763598488
829.9773149766683 97.393000139501780
842.0496130135506 97.476999937696320
854.2975066688449 97.563500152261938
866.7235500396347 97.650499846799789
879.3303343732008 97.737000085439419
892.1204886073838 97.824500037731468
905.0966799188055 97.909999999476298
918.2616142790653 97.990000098676489
931.6180370190256 98.065499972131107
945.1687334013056 98.135499859106602
958.9165292011028 98.196000103361541
972.8642912954606 98.253999883229895
987.0149282611097 98.319999876758828
1001.3713909810035 98.396999955475763
1015.9366732596762 98.492000209207376
1030.7138124475518 98.609499551237718
1045.7058900743334 98.742499609154279
1060.916032491606 98.888500163031210
1076.3474115247852 99.041499995274563
1092.0032451345498 99.195499501458826
1107.8867980878947 99.348999588132116
1124.0013826389438 99.505000377165246
1140.350359219667 99.658000152120366
1156.9371371406426 99.802000026597625
1173.765175302013 99.944000324226394
1190.837982914782 100.086999750672888
1208.1591202326028 100.225499528978816
1225.73219929421 100.358500155831138
1243.5608846766518 100.487499797385851
1261.648894259477 100.611999784938277
1280.0000000000375 100.731500000000239
1298.6180287200684 100.843999921821307
1317.5068629037087 100.948500139488829
1336.6704415071292 101.046000154507993
1356.112760779938 101.138499851386925
1375.8378750985323 101.223499934133415
1395.8498978115715 101.300500153762954
1416.153002097749 101.368500147638528
1436.7514218360407 101.429499876810723
1457.6494524886093 101.483000085629470
1478.8514519965543 101.528000020709896
1500.3618416886875 101.562000031897284
1522.1851072035295 101.586500037145541
1544.3257994247153 101.600499996745015
1566.788535430007 101.602000001710877
1589.5779994541087 101.590500002325498
1612.6989438654878 101.565500037568697
1636.156190157402 101.526500106761958
1659.9546299533442 101.473499893712898
1684.099226027109 101.406500049030939
1708.5950133376978 101.326999849541636
1733.4471000792773 101.235000169048476
1758.6606687464096 101.126999889131412
1784.2409772147755 101.005499948646928
1810.193359837619 100.872999995498191
1836.5232285581387 100.729999798272218
1863.2360740380593 100.577000057595669
1890.3374668026197 100.413500349079158
1917.833058402214 100.242499684475277
1945.7285825909298 100.067500348331137
1974.0298565222283 99.887000323443729
2002.7427819620161 99.701000103518794
2031.8733465193618 99.515499654980715
2061.4276248951132 99.332000676821750
2091.411780148677 99.149500513177742
2121.832064983222 98.971499809924040
2152.694823049581 98.801000005185642
2184.0064902691106 98.634000537388445
2215.7735961758003 98.469000441479238
2248.002765277899 98.309999622834724
2280.7007184393456 98.155499842669968
2313.874274281297 98.005499972840397
2347.530350604038 97.862999689788779
2381.6759658295764 97.729000227916970
2416.318240465218 97.603500419349842
2451.4643985884327 97.488999871180994
2487.1217693533167 97.387000156709348
2523.2977885189675 97.296500155613728
2560.0000000000887 97.217499999999831
2597.236057440151 97.146500049039332
2635.0137258074315 97.082499912643328
2673.340883014273 97.021499900789593
2712.225521559891 96.961500097424107
2751.6757501970797 96.902500046679620
2791.699795623158 96.844499872957286
2832.3060041955137 96.786999864078794
2873.502843672097 96.729500119013338
2915.2989049772345 96.675499907082880
2957.7029039931244 96.625499975325653
3000.723683377391 96.580999953664517
3044.370214407075 96.543499929353700
3088.6515988494466 96.513500007655367
3133.57707086003 96.492500032506712
3179.1559989082334 96.479500001705361
3225.3978877309914 96.477499998679804
3272.3123803148205 96.487999964412694
3319.9092599067053 96.510000053143557
3368.198452054235 96.545499972682777
3417.190026675413 96.595000105526708
3466.8942001585724 96.660499878138779
3517.3213374928373 96.741000077054181
3568.4819544295697 96.816500018566131
3620.386719675257 96.848999999922782
3673.0464571162966 96.836499974973947
3726.472148076138 96.827999999256832
3780.6749336052594 96.872999866360061
3835.6661168044484 96.996500335471765
3891.45716518188 97.197999572437823
3948.059713044477 97.456499523720339
4005.4855639240527 97.748999833590858
4063.746693038744 98.061000614624646
4122.855249790247 98.391498762096063
4182.823560297375 98.738499013119878
4243.664129966465 99.096500403358988
4305.389646099183 99.463499988677611
4368.012980538242 99.833498805443838
4431.5471923516225 100.192499052602784
4496.00553055582 100.525000737050135
4561.401436878714 100.810500249463303
4627.748548562617 101.026000029523800
4695.060701208099 101.146000086118221
4763.351931659176 101.154500036565906
4832.63648093046 101.039000503288179
4902.928797176889 100.800499607060971
4974.243538706657 100.449500598344684
5046.595577037959 100.001500813572875
5120.000000000202 99.481499999998476
5194.472114880326 98.913500410793063
5270.027451614888 98.316999151794732
5346.6817660285715 97.715999038356671
5424.451043119808 97.124500969287169
5503.351500394186 96.551500441122130
5583.399591246343 96.006498865376983
5664.612008391055 95.496998870447769
5747.005687344222 95.025000959047290
5830.597809954497 94.595999276703878
5915.405807986278 94.207999807432699
6001.447366754812 93.858999633949594
6088.740428814181 93.553999399506381
6177.303197698925 93.294000070594819
6267.154141720092 93.081500344393817
6358.3119978165005 92.916000023719960
6450.795775462017 92.797500141260457
6544.624760629676 92.723000165226807
6639.818519813445 92.698500038435938
6736.396904108505 92.740499956643760
6834.380053350861 92.863500304413549
6933.788400317181 93.056499636157255
7034.642674985712 93.299500255896092
7136.963908859177 93.575000116551394
7240.773439350552 93.864000003667897
7346.092914232631 94.142500332964971
7452.944296152315 94.378999917508310
7561.349867210557 94.538499711507498
7671.332233608935 94.587999912526925
7782.914330363799 94.504000236426862
7896.119426088994 94.271000483996318
8010.971127848146 93.887000230655985
8127.49338607753 93.366998861247396
8245.710499580537 92.741002394512478
8365.647120594791 92.048501988059215
8487.328259932974 91.326999207992145
8610.77929219841 90.609500027632208
8736.025961076528 89.916502208857452
8863.094384703289 89.266501709774531
8992.011061111683 88.669998643435775
9122.802873757471 88.130999479932257
9255.497097125279 87.654999914057271
9390.121402416245 87.247999211338254
9526.7038633184 86.922500527593698
9665.272961860968 86.710000612847438
9805.857594353829 86.630500000000012
9948.487077413367 86.647499945943125
10093.19115407597 86.715999861224276
10240.000000000457 86.840500000000560
10388.944229760706 87.044999835824996
10540.05490322983 87.381000645312483
10693.363532057198 87.880500994648315
10848.902086239672 88.528998872192545
11006.703000788428 89.295999378828782
11166.799182492743 90.123001750123422
11329.224016782166 90.885001404765006
11494.0113746885 91.398999111026058
11661.195619909053 91.492999497154244
11830.811615972614 91.097499604713093
12002.894733509682 90.282998814909320
12177.48085762842 89.231997575563526
12354.606395397908 88.147500298004928
12534.308283440243 87.193501565269599
12716.62399563306 86.425500107837706
12901.591550924093 85.825500743649116
13089.249521259411 85.387001006612309
13279.637039626952 85.124499781762822
13472.793808217073 85.033000036691163
13668.760106701786 85.087500259697478
13867.576800634426 85.268499632675571
14069.285349971487 85.554500311070811
14273.927817718419 85.874000104410698
14481.54687870117 86.087000000687766
14692.18582846533 86.046499594189669
14905.888592304698 85.635500191365679
15122.699734421185 84.789002027772142
15342.664467217943 83.502997056895055
15565.828660727671 81.775503625211115
15792.238852178061 79.599004075569738
16021.942255696367 77.088501409249801
16254.986772155136 74.695496287741236
16491.42099916115 72.889506064347088
16731.294241189662 71.439504097720430
16974.65651986603 69.927998412692915
17221.558584396902 68.557000050187099
17472.051922153143 67.542002987124164
17726.188769406665 66.821501785002127
17984.022122223458 66.287498986249716
18245.605747515034 65.881499538669090
18510.99419425065 65.501000147875828
18780.242804832582 66.943506186916352
19053.40772663689 69.599495513554530
19330.545923722028 71.630493245237062
19611.71518870775 73.472001169115586
19896.974154826825 74.054499681130636
20186.382308152035 73.255001913370037
