20 69.710999999999999
20.290906698750476 69.923847444077239
20.586044732869844 70.136928982457789
20.885475648548283 70.349687710469283
21.189261887185914 70.562000544549676
21.49746679841394 70.772790253405034
21.810154653305165 70.983702697667923
22.12739065777668 71.191963165877070
22.449240966187475 71.400603773295842
22.77577269513385 71.605978607578351
23.107053937445478 71.810124695694981
23.44315377638505 72.012676808026413
23.784142300054445 72.214413779157056
24.130090616010463 72.417169627211507
24.481070866093134 72.620342141125462
24.837156241469714 72.824450155402474
25.1984209978975 73.029107863812087
25.56494047120865 73.234748366480744
25.936791093020236 73.440735274984760
26.3140504066728 73.647657133827124
26.69679708340074 73.855270425036394
27.08511093873791 74.063725504908533
27.47907294916184 74.271861980401354
27.878765268980047 74.480457939869609
28.284271247461966 74.689331149947989
28.695675446220072 74.898816100341136
29.11306365684382 75.108466510137703
29.536522918790062 75.317823184369558
29.966141537533712 75.527477070316451
30.402009102982383 75.736954320735578
30.844216508158908 75.946101188452445
31.29285596815558 76.154954815311754
31.74802103936409 76.363101551871296
32.20980663898519 76.571073760987389
32.67830906482211 76.778599370392072
33.153626015361866 76.985405560590237
33.63585661014871 77.191059776262449
34.125101410453844 77.395666882517446
34.62146244024586 77.599813750739813
35.12504320746613 77.804142499023783
35.635948725613716 78.010787336422325
36.15428553564419 78.219059928722032
36.68016172818701 78.427983720905672
37.21368696608603 78.637124229807469
37.754972507267915 78.846117906185569
38.30413122794313 79.055757095934553
38.86127764614443 79.264773231693823
39.4265279456077 79.474269385802586
40.000000000000206 79.683500000000066
40.58181339750116 79.891983829050673
41.1720894657399 80.100637973871557
41.77095129709678 80.308430096093872
42.37852377437204 80.515198142289151
42.9949335968281 80.721478415537405
43.62030930661056 80.927334691497009
44.25478131555359 81.131821989539390
44.89848193237519 81.335106300775536
45.55154539026795 81.537147685406069
46.21410787489121 81.738185053501240
46.88630755277036 81.937091093425238
47.56828460010916 82.135009857874252
48.260181232021196 82.332410645197953
48.962141732186545 82.528650327705520
49.674312482939705 82.724978448598335
50.39684199579528 82.920651419684248
51.129880942417586 83.115947330612443
51.873582186040764 83.310364385574303
52.628100813345895 83.503630463424599
53.393594166801776 83.695906671375269
54.17022187747612 83.887440030869129
54.95814589832399 84.077300365313917
55.75753053796041 84.265671148798404
56.56854249492426 84.452411960090188
57.39135089244048 84.637684222675574
58.226127313687975 84.821569627070289
59.073045837580466 85.005058763404634
59.932283075067765 85.188076294989429
60.804018205965114 85.369823936045805
61.68843301631817 85.550455739064461
62.58571193631152 85.730160144417098
63.49604207872855 85.908484142233974
64.41961327797075 86.085516716175448
65.35661812964459 86.261474353984255
66.3072520307241 86.435651739514981
67.27171322029778 86.607685670162255
68.25020282090806 86.778284682375286
69.2429248804921 86.946704067721441
70.25008641493265 87.112263912804153
71.27189745122783 87.275687899842779
72.30857107128878 87.437211373907189
73.36032345637442 87.597048518456162
74.42737393217246 87.755823968029361
75.50994501453623 87.913092301480958
76.60826245588666 88.068842982297340
77.72255529228926 88.222959297132860
78.85305589121582 88.374941103953489
80.00000000000082 88.525000000000091
81.16362679500274 88.672877941559790
82.34417893148023 88.818762135550912
83.541902594194 88.963829484461542
84.75704754874454 89.107453015610020
85.98986719365665 89.250247457553172
87.24061861322157 89.390569065930720
88.50956263110764 89.529516826441110
89.79696386475084 89.666410490951833
91.10309078053635 89.801067087672692
92.42821574978288 89.933821591543847
93.77261510554118 90.064345487124399
95.13656920021877 90.193018874650576
96.52036246404286 90.319332825226567
97.92428346437356 90.444216753532118
99.34862496587989 90.566175797567709
100.79368399159105 90.685817525979928
102.25976188483567 90.802761427017174
103.74716437208203 90.916537247852943
105.25620162669229 91.026504299657205
106.78718833360406 91.132504014462683
108.34044375495276 91.234848696153620
109.9162917966485 91.334768308875923
111.51506107592134 91.433057321670475
113.13708498984903 91.528513990776247
114.78270178488147 91.621867485991260
116.45225462737648 91.712883938465154
118.14609167516147 91.803557440547735
119.86456615013608 91.892455515424743
121.60803641193078 91.980541835389658
123.3768660326369 92.065565111616152
125.17142387262359 92.148542650395427
126.99208415745765 92.227831562665699
128.83922655594208 92.301311603553870
130.71323625928977 92.370114531233924
132.61450406144883 92.435471381997090
134.5434264405962 92.497074506438182
136.50040564181674 92.556011763612688
138.48584976098482 92.611889168905122
140.50017282986593 92.660086645905764
142.5437949024563 92.699256068963749
144.61714214257822 92.729427133389152
146.7206469127495 92.754803633570447
148.8547478643456 92.780527923945016
151.01989002907314 92.808166526389584
153.216524911774 92.836884908906001
155.4451105845792 92.863807194313452
157.70611178243232 92.888184784893781
160.00000000000236 92.912500000000023
162.3272535900062 92.936703437336064
164.6883578629612 92.960383578629617
167.08380518838874 92.984338051883881
169.51409509748981 93.007432493916411
171.97973438731407 93.031005450118215
174.4812372264439 93.056604867155016
177.01912526221608 93.085421853041709
179.5939277295025 93.117802274937617
182.20618156107355 93.150356651357313
184.85643149956664 93.182748464294718
187.54523021108326 93.214015624406358
190.27313840043846 93.245059150084913
193.04072492808663 93.275731684237712
195.84856692874806 93.305325096058979
198.69724993176072 93.333993599344907
201.58736798318304 93.360786311848642
204.5195237696723 93.385909444118994
207.49432874416505 93.409705575162633
210.5124032533856 93.432086822773698
213.57437666720915 93.453127042503667
216.68088750990657 93.472420435998174
219.83258359329807 93.491037355661462
223.03012215184378 93.507150610759226
226.2741699796992 93.521475708248744
229.5654035697641 93.534334047017438
232.90450925475412 93.546649867267433
236.2921833503241 93.558559164644919
239.72913230027333 93.571018104588489
243.21607282386276 93.583202236677550
246.75373206527502 93.594699629212158
250.34284774524843 93.605942831299444
253.9841683149166 93.615956462866023
257.67845311188546 93.625655939418692
261.42647251858085 93.635922799426098
265.22900812289896 93.645543894291876
269.08685288119375 93.654731607683175
273.0008112836349 93.664876926798627
276.97169952197106 93.674429248804927
281.00034565973334 93.684800967847252
285.0875898049141 93.696262769414744
289.23428428515797 93.708702852855481
293.44129382550057 93.720291493328858
297.7094957286928 93.730731840175991
302.0397800581479 93.740844477638092
306.4330498235497 93.751582624558878
310.89022116916016 93.762725552922916
315.41222356486645 93.775071781268650
320.00000000000654 93.787000000000006
324.6545071800142 93.799567169386037
329.3767157259242 93.814067818750374
334.16761037677935 93.829753114243374
339.02819019498156 93.843376113526460
343.95946877463007 93.853127043794331
348.9624744528898 93.856981237226435
354.03825052443415 93.855884699790238
359.187855459007 93.848799431265590
364.4123631221491 93.836469092194619
369.71286299913527 93.818976265802945
375.0904604221685 93.801293233320763
380.54627680087896 93.788822795883704
386.08144985617537 93.774480085388319
391.6971338574982 93.739707204729697
397.3944998635236 93.682519201965249
403.1747359663683 93.583092648655821
409.0390475393468 93.473803652214983
414.9886574883323 93.389370041581813
421.0248065067734 93.349505868517809
427.1487533344206 93.344550946113912
433.3617750198154 93.365521616759139
439.6651671865984 93.397158419526292
446.06024430368984 93.433189778796830
452.54833995940066 93.471535205760460
459.13080713953053 93.510784842837182
465.8090185095106 93.551488947475320
472.58436670065066 93.595453293082898
479.45826460054917 93.643663194618256
486.432145647728 93.696570736052280
493.50746413055253 93.754454169643822
500.6856954904994 93.815199843764788
507.9683366298358 93.875736798235508
515.3569062237735 93.931896370359624
522.8529450371643 93.982044142741557
530.4580162458005 94.031333975520894
538.1737057623901 94.078880936366403
546.0016225672724 94.117649579207267
553.9433990439449 94.151245295697748
562.0006913194694 94.190304078784862
570.1751796098309 94.238638667463903
578.4685685703187 94.292545695707076
586.8825876510039 94.349301596026834
595.4189914573883 94.414664780377706
604.0795601162986 94.487696151017616
612.8660996471021 94.563361847000365
621.780442338323 94.637196490636228
630.8244471297356 94.712260466463832
640.0000000000159 94.787500000000136
649.3090143600314 94.863368467034263
658.7534314518515 94.939902794760002
668.3352207535618 95.015431482915460
678.0563803899662 95.088922852924753
687.9189375492632 95.160516350354698
697.9249489057827 95.232163384676340
708.0765010488715 95.304746982499438
718.3757109180171 95.377967547517926
728.8247262443015 95.451273083710106
739.425725998274 95.524066223088170
750.1809208443404 95.593130755277130
761.0925536017613 95.661328460011006
772.1628997123541 95.733058848130298
783.3942677149998 95.805417027246335
794.7889997270506 95.874885373396410
806.34947193274 95.943067708935388
818.0780950786972 96.012734797584528
829.9773149766683 96.081949537945917
842.0496130135506 96.149272871574539
854.2975066688449 96.216815349456510
866.7235500396347 96.284571150210354
879.3303343732008 96.349935155147335
892.1204886073838 96.412890394176173
905.0966799188055 96.476346314604172
918.2616142790653 96.539863083484775
931.6180370190256 96.601272086814930
945.1687334013056 96.660863208630701
958.9165292011028 96.721752859354922
972.8642912954606 96.783971453472049
987.0149282611097 96.848029289800422
1001.3713909810035 96.913354111545317
1015.9366732596762 96.981120921414401
1030.7138124475518 97.054145542142862
1045.7058900743334 97.130849304760602
1060.916032491606 97.210038178703826
1076.3474115247852 97.295045504538791
1092.0032451345498 97.382830855292298
1107.8867980878947 97.473253402881369
1124.0013826389438 97.571064389082139
1140.350359219667 97.675875266561988
1156.9371371406426 97.785195026868365
1173.765175302013 97.897414933288587
1190.837982914782 98.014323766661676
1208.1591202326028 98.134653621686368
1225.73219929421 98.264446861255607
1243.5608846766518 98.402698434267833
1261.648894259477 98.555015601205554
1280.0000000000375 98.713500000000352
1298.6180287200684 98.882658089513768
1317.5068629037087 99.055816570165973
1336.6704415071292 99.252122308561113
1356.112760779938 99.463740368579323
1375.8378750985323 99.689823404265510
1395.8498978115715 99.932557495637042
1416.153002097749 100.197258061093549
1436.7514218360407 100.475188691250466
1457.6494524886093 100.773599940632323
1478.8514519965543 101.089390767305972
1500.3618416886875 101.426934203694486
1522.1851072035295 101.784835758137888
1544.3257994247153 102.160311622197156
1566.788535430007 102.558522096322918
1589.5779994541087 102.980066389737246
1612.6989438654878 103.423629405377000
1636.156190157402 103.885508184132306
1659.9546299533442 104.356110747085552
1684.099226027109 104.825705139720498
1708.5950133376978 105.291039148347920
1733.4471000792773 105.748040975422242
1758.6606687464096 106.195522422812601
1784.2409772147755 106.632900221765283
1810.193359837619 107.055962819827883
1836.5232285581387 107.464039822085567
1863.2360740380593 107.853893365417406
1890.3374668026197 108.224908556483001
1917.833058402214 108.579766519372029
1945.7285825909298 108.919242991091153
1974.0298565222283 109.247804544266515
2002.7427819620161 109.564707784535770
2031.8733465193618 109.868109016353827
2061.4276248951132 110.152896211552516
2091.411780148677 110.422858953248877
2121.832064983222 110.677198503619962
2152.694823049581 110.904800852601511
2184.0064902691106 111.114537319047386
2215.7735961758003 111.282804771500437
2248.002765277899 111.432011061111609
2280.7007184393456 111.551923810010706
2313.874274281297 111.633317504182884
2347.530350604038 111.670933865342292
2381.6759658295764 111.662826823919303
2416.318240465218 111.617635489743989
2451.4643985884327 111.522887144446443
2487.1217693533167 111.393730020006288
2523.2977885189675 111.217312943205968
2560.0000000000887 111.006249999999454
2597.236057440151 110.768449316586995
2635.0137258074315 110.508401174186503
2673.340883014273 110.229528031920438
2712.225521559891 109.943771991175467
2751.6757501970797 109.648535926644442
2791.699795623158 109.341911573701680
2832.3060041955137 109.020198086519798
2873.502843672097 108.699673302781918
2915.2989049772345 108.389183752761170
2957.7029039931244 108.090118875327647
3000.723683377391 107.792151321371477
3044.370214407075 107.500739280167579
3088.6515988494466 107.219126942147824
3133.57707086003 106.942090440982312
3179.1559989082334 106.664231526637934
3225.3978877309914 106.394763870951834
3272.3123803148205 106.142706860394412
3319.9092599067053 105.904541904254344
3368.198452054235 105.682658408495470
3417.190026675413 105.508024933311475
3466.8942001585724 105.397279859730418
3517.3213374928373 105.303239484265617
3568.4819544295697 105.187273670280433
3620.386719675257 105.065741482320931
3673.0464571162966 104.954598479480893
3726.472148076138 104.858350398635906
3780.6749336052594 104.782532759667873
3835.6661168044484 104.721497123052302
3891.45716518188 104.683478382950540
3948.059713044477 104.658361002336505
4005.4855639240527 104.654642825817518
4063.746693038744 104.668091903613288
4122.855249790247 104.702402837286741
4182.823560297375 104.764674835582554
4243.664129966465 104.854631963593278
4305.389646099183 104.970163488356761
4368.012980538242 105.108562323202079
4431.5471923516225 105.268186849286593
4496.00553055582 105.452382751366514
4561.401436878714 105.663009201892180
4627.748548562617 105.892815342061908
4695.060701208099 106.152464027827619
4763.351931659176 106.435341080491924
4832.63648093046 106.736523284419690
4902.928797176889 107.090639476284593
4974.243538706657 107.492107604014393
5046.595577037959 107.947953695459717
5120.000000000202 108.456357142858607
5194.472114880326 108.998193464736090
5270.027451614888 109.526375371989388
5346.6817660285715 110.005755375417863
5424.451043119808 110.395497052472876
5503.351500394186 110.657146365395064
5583.399591246343 110.766210848910475
5664.612008391055 110.712719030937649
5747.005687344222 110.541238876379140
5830.597809954497 110.251168008507960
5915.405807986278 109.847419359117112
6001.447366754812 109.363722871370925
6088.740428814181 108.864991713931104
6177.303197698925 108.360811590390483
6267.154141720092 107.842979544952215
6358.3119978165005 107.328410612173016
6450.795775462017 106.845068869217627
6544.624760629676 106.399180462938119
6639.818519813445 105.971502142424583
6736.396904108505 105.554634832470242
6834.380053350861 105.164137603135316
6933.788400317181 104.810667220954883
7034.642674985712 104.492555882666224
7136.963908859177 104.219352648712487
7240.773439350552 104.012616637793656
7346.092914232631 103.880285912619456
7452.944296152315 103.686697350023422
7561.349867210557 102.977988130413522
7671.332233608935 101.902280397201594
7782.914330363799 101.133755865219030
7896.119426088994 101.281500083847973
8010.971127848146 101.689722001334516
8127.49338607753 102.019742190242724
8245.710499580537 102.331198816202573
8365.647120594791 102.673428683548167
8487.328259932974 103.066447252363545
8610.77929219841 103.514652318445002
8736.025961076528 104.009926322127427
8863.094384703289 104.549139068082596
8992.011061111683 105.121529111335875
9122.802873757471 105.681622686377949
9255.497097125279 106.152480475919333
9390.121402416245 106.411783067328855
9526.7038633184 106.342358582173361
9665.272961860968 105.928321348140912
9805.857594353829 105.223502802890636
9948.487077413367 104.323778032620666
10093.19115407597 103.369097940802391
10240.000000000457 102.476799999997354
10388.944229760706 101.698620485660570
10540.05490322983 101.031707421152504
10693.363532057198 100.439723107991227
10848.902086239672 99.935634394039397
11006.703000788428 99.518243519926102
11166.799182492743 99.101193612483669
11329.224016782166 98.553395784821134
11494.0113746885 97.927405543925772
11661.195619909053 97.382312357385246
11830.811615972614 96.968660003176538
12002.894733509682 96.729398283985574
12177.48085762842 96.540491057710653
12354.606395397908 96.422318837178452
12534.308283440243 96.343606461740720
12716.62399563306 96.267967202329032
12901.591550924093 96.088963760419091
13089.249521259411 95.840450991132172
13279.637039626952 95.359765824301007
13472.793808217073 94.611517940420470
13668.760106701786 93.748535651585740
13867.576800634426 92.907095525278308
14069.285349971487 92.064630014112907
14273.927817718419 91.254245841835058
14481.54687870117 90.801976125696996
14692.18582846533 90.669253970796547
14905.888592304698 90.749745568982505
15122.699734421185 90.927902157792118
15342.664467217943 90.912045798681646
15565.828660727671 90.242208309552211
15792.238852178061 88.458482099634267
16021.942255696367 85.639705156823965
16254.986772155136 83.818085102688798
16491.42099916115 86.050497074079573
16731.294241189662 88.945888326795810
16974.65651986603 90.498074841130091
17221.558584396902 90.613379978002882
17472.051922153143 89.620868946418511
17726.188769406665 88.045725233025649
17984.022122223458 86.443466974947910
18245.605747515034 85.267273191399056
18510.99419425065 84.675376778293014
18780.242804832582 84.261317033981641
19053.40772663689 83.777773027562816
19330.545923722028 83.242686315607060
19611.71518870775 82.619052610495118
19896.974154826825 81.832313845661602
20186.382308152035 81.521999999999991
