20 88.887000000000000
20.290906698750476 88.939848226433753
20.586044732869844 88.992511318990722
20.885475648548283 89.044006653000793
21.189261887185914 89.094710153830476
21.49746679841394 89.144229225325233
21.810154653305165 89.193023340379071
22.12739065777668 89.239812407055396
22.449240966187475 89.285811644283797
22.77577269513385 89.330729212940440
23.107053937445478 89.374738634434294
23.44315377638505 89.417155696901830
23.784142300054445 89.458136720256391
24.130090616010463 89.497593197045120
24.481070866093134 89.533654418671986
24.837156241469714 89.567344012878976
25.1984209978975 89.598865784821285
25.56494047120865 89.630019975102670
25.936791093020236 89.661798259031713
26.3140504066728 89.694954563793544
26.69679708340074 89.730941719277325
27.08511093873791 89.769011032170354
27.47907294916184 89.810500309535669
27.878765268980047 89.854164179587798
28.284271247461966 89.899622650963209
28.695675446220072 89.945719974530419
29.11306365684382 89.990806365684392
29.536522918790062 90.032604448097160
29.966141537533712 90.069122030690366
30.402009102982383 90.102147333727601
30.844216508158908 90.134275380644780
31.29285596815558 90.165999917770890
31.74802103936409 90.197613451716123
32.20980663898519 90.228847238173017
32.67830906482211 90.259768398278268
33.153626015361866 90.291139317013887
33.63585661014871 90.322830679659660
34.125101410453844 90.354756693089954
34.62146244024586 90.387395058615979
35.12504320746613 90.420127808485290
35.635948725613716 90.453336667164891
36.15428553564419 90.487182845352521
36.68016172818701 90.521890674060344
37.21368696608603 90.556462278863421
37.754972507267915 90.589616205622008
38.30413122794313 90.621831292764824
38.86127764614443 90.652870226625723
39.4265279456077 90.683959031957215
40.000000000000206 90.715500000000020
40.58181339750116 90.748469535756840
41.1720894657399 90.782871835308981
41.77095129709678 90.817329751515572
42.37852377437204 90.850405585743644
42.9949335968281 90.881746762330607
43.62030930661056 90.908679529377793
44.25478131555359 90.932606096569003
44.89848193237519 90.955031454460993
45.55154539026795 90.979598630748583
46.21410787489121 91.006623055717881
46.88630755277036 91.036322230448064
47.56828460010916 91.066475253325819
48.260181232021196 91.096467389512867
48.962141732186545 91.124798371195368
49.674312482939705 91.152743863061346
50.39684199579528 91.179885540329508
51.129880942417586 91.204632073757011
51.873582186040764 91.225606385346211
52.628100813345895 91.244970071429577
53.393594166801776 91.265077856455122
54.17022187747612 91.287900004061726
54.95814589832399 91.314207836931345
55.75753053796041 91.342013558220557
56.56854249492426 91.369546173579963
57.39135089244048 91.397110254896745
58.226127313687975 91.424736074038009
59.073045837580466 91.451618329289829
59.932283075067765 91.476536209176970
60.804018205965114 91.500597609148286
61.68843301631817 91.521268654942574
62.58571193631152 91.537526740913293
63.49604207872855 91.551440631180924
64.41961327797075 91.566553039003480
65.35661812964459 91.584310671657718
66.3072520307241 91.605027674752733
67.27171322029778 91.629743826778480
68.25020282090806 91.658256287448140
69.2429248804921 91.688787746414761
70.25008641493265 91.718252333203182
71.27189745122783 91.744209846475783
72.30857107128878 91.763048567319828
73.36032345637442 91.771180161728182
74.42737393217246 91.772354747864341
75.50994501453623 91.781574149582198
76.60826245588666 91.803805786534269
77.72255529228926 91.835176643361038
78.85305589121582 91.868936852729234
80.00000000000082 91.900000000000006
81.16362679500274 91.919393828401283
82.34417893148023 91.927921241245841
83.541902594194 91.938216809371383
84.75704754874454 91.956450782356029
85.98986719365665 91.978235164890918
87.24061861322157 91.999610478968791
88.50956263110764 92.018082876136276
89.79696386475084 92.029240353494515
91.10309078053635 92.041111690767480
92.42821574978288 92.063257583151810
93.77261510554118 92.087504912281133
95.13656920021877 92.096170711927044
96.52036246404286 92.101689384861970
97.92428346437356 92.125596618845265
99.34862496587989 92.161758397321421
100.79368399159105 92.187553330560149
102.25976188483567 92.200805317347402
103.74716437208203 92.208468972486145
105.25620162669229 92.214978315331336
106.78718833360406 92.224035110557637
108.34044375495276 92.240986064651025
109.9162917966485 92.262312686408336
111.51506107592134 92.279670194363305
113.13708498984903 92.290948841134337
114.78270178488147 92.300732423909537
116.45225462737648 92.311241632958257
118.14609167516147 92.320618080639591
119.86456615013608 92.327888555164847
121.60803641193078 92.333160079225451
123.3768660326369 92.344490417858580
125.17142387262359 92.363385662598859
126.99208415745765 92.379804308577349
128.83922655594208 92.384698895079907
130.71323625928977 92.387376051798981
132.61450406144883 92.394033398353329
134.5434264405962 92.404037849152246
136.50040564181674 92.408123884485008
138.48584976098482 92.401813676075562
140.50017282986593 92.397750950564259
142.5437949024563 92.408990871963510
144.61714214257822 92.430097134639652
146.7206469127495 92.449297563449647
148.8547478643456 92.463315638467463
151.01989002907314 92.467868175953470
153.216524911774 92.460484325617585
155.4451105845792 92.449513375987564
157.70611178243232 92.458602340180818
160.00000000000236 92.481999999999999
162.3272535900062 92.488516310052006
164.6883578629612 92.475432181249644
167.08380518838874 92.462247451982705
169.51409509748981 92.456777447844019
171.97973438731407 92.460355415652089
174.4812372264439 92.463877484671741
177.01912526221608 92.446327872640055
179.5939277295025 92.416454081700067
182.20618156107355 92.411500000000004
184.85643149956664 92.435535601295584
187.54523021108326 92.455228618733486
190.27313840043846 92.436566807033685
193.04072492808663 92.399417185675986
195.84856692874806 92.379133152756765
198.69724993176072 92.373823850095533
201.58736798318304 92.372000000000000
204.5195237696723 92.373266269808056
207.49432874416505 92.363790644000147
210.5124032533856 92.335607362586074
213.57437666720915 92.304330609995120
216.68088750990657 92.286760451511725
219.83258359329807 92.275418541016762
223.03012215184378 92.259091858702817
226.2741699796992 92.234290526842614
229.5654035697641 92.215600549412812
232.90450925475412 92.205270557111533
236.2921833503241 92.184297304009505
239.72913230027333 92.152505526222484
243.21607282386276 92.100501989568897
246.75373206527502 92.051416967594307
250.34284774524843 92.019800074006156
253.9841683149166 91.991124674520023
257.67845311188546 91.979964640664349
261.42647251858085 91.970005509638725
265.22900812289896 91.959297707354779
269.08685288119375 91.938703848589057
273.0008112836349 91.904118611141371
276.97169952197106 91.873941028226682
281.00034565973334 91.840095368159581
285.0875898049141 91.786009497092479
289.23428428515797 91.762788008003113
293.44129382550057 91.793257067637555
297.7094957286928 91.856687124824987
302.0397800581479 91.946974611424622
306.4330498235497 92.070424544530042
310.89022116916016 92.224644018566750
315.41222356486645 92.397220281567101
320.00000000000654 92.600000000000350
324.6545071800142 92.844361626950757
329.3767157259242 93.089213874602876
334.16761037677935 93.299040202050804
339.02819019498156 93.438427307030537
343.95946877463007 93.488048706402708
348.9624744528898 93.465573936493911
354.03825052443415 93.403079792867700
359.187855459007 93.319225242742789
364.4123631221491 93.239755789479972
369.71286299913527 93.172560498810725
375.0904604221685 93.121167997926889
380.54627680087896 93.131300228344486
386.08144985617537 93.180120383374785
391.6971338574982 93.274754838568882
397.3944998635236 93.389312946847397
403.1747359663683 93.505851563403041
409.0390475393468 93.601079205166968
414.9886574883323 93.697799615627204
421.0248065067734 93.791402772626185
427.1487533344206 93.864375968343381
433.3617750198154 93.927357227312854
439.6651671865984 93.994057611933655
446.06024430368984 94.042069290189460
452.54833995940066 94.061577343935042
459.13080713953053 94.068155518875415
465.8090185095106 94.071587091045615
472.58436670065066 94.070207816649685
479.45826460054917 94.056262101141286
486.432145647728 94.040578923269322
493.50746413055253 94.057163116925778
500.6856954904994 94.096528461006685
507.9683366298358 94.139313977700283
515.3569062237735 94.196345383756224
522.8529450371643 94.240533090648228
530.4580162458005 94.245916032491607
538.1737057623901 94.261905751475325
546.0016225672724 94.300576412170912
553.9433990439449 94.322279485886654
562.0006913194694 94.335901175243094
570.1751796098309 94.349990502907531
578.4685685703187 94.373211991996897
586.8825876510039 94.403997962456359
595.4189914573883 94.428192730779131
604.0795601162986 94.443089505130843
612.8660996471021 94.456537042201774
621.780442338323 94.479388375085321
630.8244471297356 94.500077112990823
640.0000000000159 94.506500000000017
649.3090143600314 94.518601718668037
658.7534314518515 94.549699338508887
668.3352207535618 94.569420158394081
678.0563803899662 94.574916914116983
687.9189375492632 94.598860865770320
697.9249489057827 94.637492290513705
708.0765010488715 94.677902179143047
718.3757109180171 94.735335479962202
728.8247262443015 94.814274101017759
739.425725998274 94.917285973682823
750.1809208443404 95.046382124450489
761.0925536017613 95.190051955756530
772.1628997123541 95.338808265358608
783.3942677149998 95.498071168966348
794.7889997270506 95.664920620962619
806.34947193274 95.838300324313224
818.0780950786972 96.018210473719819
829.9773149766683 96.200734030224254
842.0496130135506 96.387637477594637
854.2975066688449 96.593317931705599
866.7235500396347 96.808756900652440
879.3303343732008 97.009738498879358
892.1204886073838 97.201544678731011
905.0966799188055 97.397299645435211
918.2616142790653 97.590385093862182
931.6180370190256 97.784006935629350
945.1687334013056 97.987427092694759
958.9165292011028 98.185702930865489
972.8642912954606 98.380682220778937
987.0149282611097 98.584254347160652
1001.3713909810035 98.774913822099037
1015.9366732596762 98.954427413768059
1030.7138124475518 99.134387296258723
1045.7058900743334 99.310810753697524
1060.916032491606 99.492450406145082
1076.3474115247852 99.684713852014909
1092.0032451345498 99.872162521868233
1107.8867980878947 100.056641577054734
1124.0013826389438 100.250238890702832
1140.350359219667 100.445441541221257
1156.9371371406426 100.625893966730303
1173.765175302013 100.799541429563760
1190.837982914782 100.969879829147814
1208.1591202326028 101.142320087957245
1225.73219929421 101.310546450488260
1243.5608846766518 101.478970675799118
1261.648894259477 101.653105977841619
1280.0000000000375 101.825000000000315
1298.6180287200684 101.981391441248576
1317.5068629037087 102.139305589520035
1336.6704415071292 102.298698186584517
1356.112760779938 102.465875380746468
1375.8378750985323 102.640061141499473
1395.8498978115715 102.818064090522981
1416.153002097749 102.992838951234120
1436.7514218360407 103.170581297703052
1457.6494524886093 103.358333930044523
1478.8514519965543 103.554510387408229
1500.3618416886875 103.752785522533287
1522.1851072035295 103.950940773408036
1544.3257994247153 104.149272646856957
1566.788535430007 104.350089506744268
1589.5779994541087 104.552952635152479
1612.6989438654878 104.753695001733945
1636.156190157402 104.951988873519028
1659.9546299533442 105.148234317423956
1684.099226027109 105.337926179723866
1708.5950133376978 105.518868395231166
1733.4471000792773 105.697325946575546
1758.6606687464096 105.881242521973576
1784.2409772147755 106.068589494579271
1810.193359837619 106.256188323634106
1836.5232285581387 106.444314922762786
1863.2360740380593 106.634505568631738
1890.3374668026197 106.832610753011494
1917.833058402214 107.039674582688775
1945.7285825909298 107.251537227691074
1974.0298565222283 107.469991089482050
2002.7427819620161 107.695527995042113
2031.8733465193618 107.918550098895210
2061.4276248951132 108.140445124195864
2091.411780148677 108.369900113761929
2121.832064983222 108.593141248384228
2152.694823049581 108.801651090974758
2184.0064902691106 109.006341862235757
2215.7735961758003 109.208479316003150
2248.002765277899 109.406916038611826
2280.7007184393456 109.592462224879796
2313.874274281297 109.763134040740852
2347.530350604038 109.915088335087290
2381.6759658295764 110.057642409474141
2416.318240465218 110.196913108488772
2451.4643985884327 110.322405735271246
2487.1217693533167 110.436150670882512
2523.2977885189675 110.538195251357706
2560.0000000000887 110.625500000000187
2597.236057440151 110.694215889032222
2635.0137258074315 110.746515555915096
2673.340883014273 110.781880945373743
2712.225521559891 110.805742335420604
2751.6757501970797 110.811479734387319
2791.699795623158 110.801697566422462
2832.3060041955137 110.777678037230970
2873.502843672097 110.738266644466933
2915.2989049772345 110.683745664434610
2957.7029039931244 110.619984847289828
3000.723683377391 110.558269738258431
3044.370214407075 110.482686734279071
3088.6515988494466 110.391831642416165
3133.57707086003 110.297488151193932
3179.1559989082334 110.199731482369131
3225.3978877309914 110.096592815973338
3272.3123803148205 109.988512153866466
3319.9092599067053 109.877213239219245
3368.198452054235 109.762641730549291
3417.190026675413 109.644915836245758
3466.8942001585724 109.526629687625771
3517.3213374928373 109.407794856891826
3568.4819544295697 109.287197768001917
3620.386719675257 109.164795075959887
3673.0464571162966 109.041571290347861
3726.472148076138 108.917084616463370
3780.6749336052594 108.795453359405656
3835.6661168044484 108.676444493542618
3891.45716518188 108.558269416706111
3948.059713044477 108.437635236573954
4005.4855639240527 108.317163167890300
4063.746693038744 108.196538277292674
4122.855249790247 108.070789831706207
4182.823560297375 107.940389008784962
4243.664129966465 107.808712633001150
4305.389646099183 107.674065939350129
4368.012980538242 107.532020469275494
4431.5471923516225 107.382424475171177
4496.00553055582 107.223419599119723
4561.401436878714 107.052308926253232
4627.748548562617 106.869077210502269
4695.060701208099 106.667058791194478
4763.351931659176 106.449175658001337
4832.63648093046 106.214645951934088
4902.928797176889 105.962839478916109
4974.243538706657 105.695162375979365
5046.595577037959 105.401754688223008
5120.000000000202 105.084499999999110
5194.472114880326 104.745792955623642
5270.027451614888 104.390682276401876
5346.6817660285715 104.023844000987509
5424.451043119808 103.642514814204389
5503.351500394186 103.241883019406956
5583.399591246343 102.829992105081331
5664.612008391055 102.421763018086679
5747.005687344222 102.028773838216580
5830.597809954497 101.661231858734055
5915.405807986278 101.330277065964736
6001.447366754812 101.051324839181632
6088.740428814181 100.868449053788595
6177.303197698925 100.787674200575267
6267.154141720092 100.813839173218824
6358.3119978165005 100.948251875927781
6450.795775462017 101.164672467011314
6544.624760629676 101.438006129361440
6639.818519813445 101.728561911246857
6736.396904108505 101.996718368627469
6834.380053350861 102.216071697098570
6933.788400317181 102.372667240348903
7034.642674985712 102.460915990368647
7136.963908859177 102.488706263189925
7240.773439350552 102.469986757063026
7346.092914232631 102.415578676606458
7452.944296152315 102.340027056405006
7561.349867210557 102.263600088526289
7671.332233608935 102.197846724856902
7782.914330363799 102.144467235746077
7896.119426088994 102.103671636303858
8010.971127848146 102.078817147869188
8127.49338607753 102.079046270813478
8245.710499580537 102.111328636423906
8365.647120594791 102.183222662209886
8487.328259932974 102.288595433939662
8610.77929219841 102.428780927180654
8736.025961076528 102.611753926829010
8863.094384703289 102.837799840692725
8992.011061111683 103.101649305075256
9122.802873757471 103.403046198577812
9255.497097125279 103.762456430363358
9390.121402416245 104.179563247893071
9526.7038633184 104.626956547242202
9665.272961860968 105.083659506377316
9805.857594353829 105.532943705595500
9948.487077413367 105.952266276999524
10093.19115407597 106.301263087688142
10240.000000000457 106.550000000000637
10388.944229760706 106.662177506525950
10540.05490322983 106.609774239311719
10693.363532057198 106.430444396102388
10848.902086239672 106.147217785795846
11006.703000788428 105.776909051151478
11166.799182492743 105.347895119886161
11329.224016782166 104.893813797407773
11494.0113746885 104.441294051368374
11661.195619909053 103.998930668285837
11830.811615972614 103.557311873054545
12002.894733509682 103.117838065190654
12177.48085762842 102.672843387539061
12354.606395397908 102.218676918478707
12534.308283440243 101.753841019276166
12716.62399563306 101.277833451383145
12901.591550924093 100.825388125004238
13089.249521259411 100.391093965085361
13279.637039626952 100.051698163112007
13472.793808217073 99.816981913152688
13668.760106701786 99.635163006369183
13867.576800634426 99.462897603463915
14069.285349971487 99.291876501357663
14273.927817718419 99.117248262213622
14481.54687870117 98.923892066824152
14692.18582846533 98.738145214264364
14905.888592304698 98.638550982016326
15122.699734421185 98.734889927516122
15342.664467217943 99.143308072719378
15565.828660727671 99.886345739519470
15792.238852178061 100.745943990479418
16021.942255696367 101.198090291619934
16254.986772155136 100.724700267064065
16491.42099916115 98.932528826358492
16731.294241189662 96.011478709790055
16974.65651986603 92.385939984824319
17221.558584396902 88.659237844281947
17472.051922153143 85.179006589615810
17726.188769406665 81.962664229489747
17984.022122223458 78.961076444074621
18245.605747515034 76.209919938467891
18510.99419425065 73.777573223965220
18780.242804832582 71.598634377670166
19053.40772663689 69.432693550922735
19330.545923722028 66.897234352003380
19611.71518870775 64.225161338450931
19896.974154826825 63.719506138170679
20186.382308152035 66.609512397113193
