20 104.524000000000001
20.290906698750476 104.525454538342217
20.586044732869844 104.527883706494890
20.885475648548283 104.529903170990309
21.189261887185914 104.532892609229833
21.49746679841394 104.534743667605198
21.810154653305165 104.535449221987363
22.12739065777668 104.532748378455580
22.449240966187475 104.528179319965801
22.77577269513385 104.522231987886826
23.107053937445478 104.514858914114129
23.44315377638505 104.508136914015921
23.784142300054445 104.501086976123844
24.130090616010463 104.493247723758827
24.481070866093134 104.483115193776001
24.837156241469714 104.470742364884870
25.1984209978975 104.456067107589348
25.56494047120865 104.440902364657575
25.936791093020236 104.425857354376149
26.3140504066728 104.410628091504520
26.69679708340074 104.395136123955467
27.08511093873791 104.377861518320501
27.47907294916184 104.359244049274935
27.878765268980047 104.339910193137229
28.284271247461966 104.320070708874368
28.695675446220072 104.299324876796561
29.11306365684382 104.277168435216737
29.536522918790062 104.253272101953797
29.966141537533712 104.227065366210439
30.402009102982383 104.200372757235272
30.844216508158908 104.172847047878093
31.29285596815558 104.145687571950475
31.74802103936409 104.117622695559419
32.20980663898519 104.088991988382915
32.67830906482211 104.059053292656913
33.153626015361866 104.026592552909307
33.63585661014871 103.992082467459142
34.125101410453844 103.956367597036873
34.62146244024586 103.920497629182790
35.12504320746613 103.885121932269897
35.635948725613716 103.848847640481438
36.15428553564419 103.811891441433616
36.68016172818701 103.773668032114159
37.21368696608603 103.732263981814867
37.754972507267915 103.685006138250117
38.30413122794313 103.634628279485113
38.86127764614443 103.586803438389637
39.4265279456077 103.544056331058840
40.000000000000206 103.504999999999995
40.58181339750116 103.461848695847635
41.1720894657399 103.412825949558595
41.77095129709678 103.361017475976524
42.37852377437204 103.310151927210441
42.9949335968281 103.258342950076795
43.62030930661056 103.205273760069304
44.25478131555359 103.152136282719766
44.89848193237519 103.099706071153236
45.55154539026795 103.045618648086304
46.21410787489121 102.989265644332505
46.88630755277036 102.930602134616635
47.56828460010916 102.872098267993039
48.260181232021196 102.812264319814162
48.962141732186545 102.750407367806972
49.674312482939705 102.686540567073095
50.39684199579528 102.621784175733637
51.129880942417586 102.555575037973483
51.873582186040764 102.488377651288260
52.628100813345895 102.421273656790959
53.393594166801776 102.354060467355424
54.17022187747612 102.285708877696578
54.95814589832399 102.216248667863439
55.75753053796041 102.145170735258205
56.56854249492426 102.071194090466975
57.39135089244048 101.996082744234144
58.226127313687975 101.920761605424929
59.073045837580466 101.844998920455339
59.932283075067765 101.768526806318960
60.804018205965114 101.692152626266406
61.68843301631817 101.616117811313444
62.58571193631152 101.540696668704754
63.49604207872855 101.463340381229358
64.41961327797075 101.383283838177562
65.35661812964459 101.301117604591269
66.3072520307241 101.217922699342367
67.27171322029778 101.134225093223947
68.25020282090806 101.048482151760084
69.2429248804921 100.961851385158184
70.25008641493265 100.876117611523256
71.27189745122783 100.787665178115105
72.30857107128878 100.694574318048367
73.36032345637442 100.599390727198113
74.42737393217246 100.503036346104480
75.50994501453623 100.405604833953817
76.60826245588666 100.307227268202524
77.72255529228926 100.208226863892307
78.85305589121582 100.107791544133448
80.00000000000082 100.005999999999929
81.16362679500274 99.905152092313330
82.34417893148023 99.803424553385042
83.541902594194 99.701438483866241
84.75704754874454 99.595359623071943
85.98986719365665 99.484499284155092
87.24061861322157 99.372644747255436
88.50956263110764 99.261674426181045
89.79696386475084 99.150528786343187
91.10309078053635 99.040615916169870
92.42821574978288 98.932353163818092
93.77261510554118 98.824201560281750
95.13656920021877 98.716245148595647
96.52036246404286 98.607117256424473
97.92428346437356 98.496373329035464
99.34862496587989 98.383881539947680
100.79368399159105 98.269328087325363
102.25976188483567 98.155498334867644
103.74716437208203 98.040594843885287
105.25620162669229 97.922841757833524
106.78718833360406 97.801262537200472
108.34044375495276 97.675083612093871
109.9162917966485 97.549700955449481
111.51506107592134 97.430484829544497
113.13708498984903 97.314324901294270
114.78270178488147 97.198620371936258
116.45225462737648 97.087783087218028
118.14609167516147 96.975779277213704
119.86456615013608 96.861434541498284
121.60803641193078 96.748777662849136
123.3768660326369 96.648600121641437
125.17142387262359 96.560914479931554
126.99208415745765 96.485824549544247
128.83922655594208 96.416805523653920
130.71323625928977 96.354963203443447
132.61450406144883 96.303595414709577
134.5434264405962 96.266484460001209
136.50040564181674 96.238870030887739
138.48584976098482 96.213576640905956
140.50017282986593 96.183747148307219
142.5437949024563 96.150027384109478
144.61714214257822 96.112178584826665
146.7206469127495 96.071619449892665
148.8547478643456 96.031301689723165
151.01989002907314 95.990010155430170
153.216524911774 95.947672636641016
155.4451105845792 95.908001385465141
157.70611178243232 95.875279324471904
160.00000000000236 95.844999999999956
162.3272535900062 95.804505787533898
164.6883578629612 95.755544484877817
167.08380518838874 95.705656852081518
169.51409509748981 95.656718098050220
171.97973438731407 95.605425577866413
174.4812372264439 95.548535296346500
177.01912526221608 95.485214218339706
179.5939277295025 95.420651806762436
182.20618156107355 95.360199060407524
184.85643149956664 95.293646639911003
187.54523021108326 95.221324014511822
190.27313840043846 95.150890050709393
193.04072492808663 95.084238891697169
195.84856692874806 95.018143533867288
198.69724993176072 94.952681601528553
201.58736798318304 94.883022116428833
204.5195237696723 94.805972858218837
207.49432874416505 94.735117205953912
210.5124032533856 94.676524674230166
213.57437666720915 94.606204641651743
216.68088750990657 94.509716932499202
219.83258359329807 94.424934285557498
223.03012215184378 94.381987177295002
226.2741699796992 94.341451903583703
229.5654035697641 94.288460572052372
232.90450925475412 94.239368700681851
236.2921833503241 94.217148652004752
239.72913230027333 94.201252763111228
243.21607282386276 94.179365617674719
246.75373206527502 94.160792906657321
250.34284774524843 94.142942913528515
253.9841683149166 94.121094990110507
257.67845311188546 94.106745994191442
261.42647251858085 94.087939328342273
265.22900812289896 94.061282439078255
269.08685288119375 94.032290701470259
273.0008112836349 93.999742901268192
276.97169952197106 93.965240554063257
281.00034565973334 93.930096750798498
285.0875898049141 93.891641619911837
289.23428428515797 93.851004014005454
293.44129382550057 93.809775320510084
297.7094957286928 93.764695546984385
302.0397800581479 93.715532584316762
306.4330498235497 93.663708910421320
310.89022116916016 93.613235011846939
315.41222356486645 93.563383096073494
320.00000000000654 93.511999999999929
324.6545071800142 93.460334970301844
329.3767157259242 93.400478038708172
334.16761037677935 93.329569083310631
339.02819019498156 93.285177297459654
343.95946877463007 93.255722921739533
348.9624744528898 93.217111462041004
354.03825052443415 93.172559570332538
359.187855459007 93.126728086414843
364.4123631221491 93.082877386086153
369.71286299913527 93.045009959006052
375.0904604221685 93.016273848944579
380.54627680087896 93.002634307997795
386.08144985617537 92.996142985100676
391.6971338574982 93.004894267715002
397.3944998635236 93.023233049331267
403.1747359663683 93.059281397086693
409.0390475393468 93.115202300664095
414.9886574883323 93.190344985673875
421.0248065067734 93.278384500854997
427.1487533344206 93.376170681129423
433.3617750198154 93.480559731581906
439.6651671865984 93.586807842172163
446.06024430368984 93.696210901263953
452.54833995940066 93.806037941338218
459.13080713953053 93.907667049440136
465.8090185095106 94.003508840924013
472.58436670065066 94.092941857579802
479.45826460054917 94.175270042906305
486.432145647728 94.250151100171593
493.50746413055253 94.315961633774378
500.6856954904994 94.375185572146904
507.9683366298358 94.430260545763133
515.3569062237735 94.484074823471502
522.8529450371643 94.538183851519449
530.4580162458005 94.593120235674519
538.1737057623901 94.645554642128801
546.0016225672724 94.692795101996367
553.9433990439449 94.738188694741694
562.0006913194694 94.783604182482790
570.1751796098309 94.833121149502915
578.4685685703187 94.886198838850035
586.8825876510039 94.932133585167776
595.4189914573883 94.971801663266760
604.0795601162986 95.007818240465184
612.8660996471021 95.042964398588410
621.780442338323 95.080559038592810
630.8244471297356 95.125781793352473
640.0000000000159 95.179000000000102
649.3090143600314 95.241835846930201
658.7534314518515 95.305585662299990
668.3352207535618 95.365261607634409
678.0563803899662 95.424241101359286
687.9189375492632 95.481137944030806
697.9249489057827 95.538568456208253
708.0765010488715 95.597747531135894
718.3757109180171 95.656741552232688
728.8247262443015 95.715418466968089
739.425725998274 95.774784065590325
750.1809208443404 95.835032756486441
761.0925536017613 95.897319993476728
772.1628997123541 95.960741232966953
783.3942677149998 96.026719893388844
794.7889997270506 96.095299748339556
806.34947193274 96.167213322240684
818.0780950786972 96.243910255337383
829.9773149766683 96.325724075219483
842.0496130135506 96.411690960472669
854.2975066688449 96.500335986126998
866.7235500396347 96.591744950295734
879.3303343732008 96.686194024517675
892.1204886073838 96.782641014175624
905.0966799188055 96.881499269370750
918.2616142790653 96.984129588958808
931.6180370190256 97.090198836037558
945.1687334013056 97.199148564435490
958.9165292011028 97.310446799758964
972.8642912954606 97.424921474508778
987.0149282611097 97.543240552343150
1001.3713909810035 97.664111110305825
1015.9366732596762 97.787524167591229
1030.7138124475518 97.914092899105896
1045.7058900743334 98.042000065631839
1060.916032491606 98.171194672929488
1076.3474115247852 98.300683515655720
1092.0032451345498 98.430401569539129
1107.8867980878947 98.560161770349140
1124.0013826389438 98.689066463040547
1140.350359219667 98.817911147220713
1156.9371371406426 98.946474501801276
1173.765175302013 99.074738814765098
1190.837982914782 99.201117489873980
1208.1591202326028 99.327999398812608
1225.73219929421 99.453125395059459
1243.5608846766518 99.577499378623799
1261.648894259477 99.699547591538504
1280.0000000000375 99.820500000000237
1298.6180287200684 99.937527609097572
1317.5068629037087 100.055791863712628
1336.6704415071292 100.169772365929745
1356.112760779938 100.281342736445652
1375.8378750985323 100.391004259919384
1395.8498978115715 100.498400705846620
1416.153002097749 100.602611093996899
1436.7514218360407 100.705744395904802
1457.6494524886093 100.805493459547137
1478.8514519965543 100.903023417824770
1500.3618416886875 100.998026971926265
1522.1851072035295 101.090121152398893
1544.3257994247153 101.180462745664357
1566.788535430007 101.268639517468429
1589.5779994541087 101.354730157969286
1612.6989438654878 101.439216197915755
1636.156190157402 101.522769789354058
1659.9546299533442 101.605544834440437
1684.099226027109 101.687027445889470
1708.5950133376978 101.767519743480904
1733.4471000792773 101.848199662255269
1758.6606687464096 101.928694499863724
1784.2409772147755 102.008647029365804
1810.193359837619 102.088080079512849
1836.5232285581387 102.166608756532085
1863.2360740380593 102.245149336191133
1890.3374668026197 102.323058405719436
1917.833058402214 102.400789224694236
1945.7285825909298 102.477381744647317
1974.0298565222283 102.553400015479582
2002.7427819620161 102.627948380970452
2031.8733465193618 102.701620921414431
2061.4276248951132 102.774426299748271
2091.411780148677 102.846223564672812
2121.832064983222 102.915576344587677
2152.694823049581 102.982976498980364
2184.0064902691106 103.049113142794951
2215.7735961758003 103.111864172638420
2248.002765277899 103.173038356921523
2280.7007184393456 103.231191221346876
2313.874274281297 103.286430076754755
2347.530350604038 103.339087698416137
2381.6759658295764 103.387804453015661
2416.318240465218 103.433941741930369
2451.4643985884327 103.476184058376703
2487.1217693533167 103.515192494998431
2523.2977885189675 103.549759232023547
2560.0000000000887 103.580750000000066
2597.236057440151 103.607918888054087
2635.0137258074315 103.631257549194089
2673.340883014273 103.649711636318727
2712.225521559891 103.665149357905293
2751.6757501970797 103.677106778181667
2791.699795623158 103.685443711679341
2832.3060041955137 103.690553660461504
2873.502843672097 103.693675142183608
2915.2989049772345 103.695152989049774
2957.7029039931244 103.695499999999996
3000.723683377391 103.695509046042218
3044.370214407075 103.696145673813561
3088.6515988494466 103.698165724928089
3133.57707086003 103.702152420471748
3179.1559989082334 103.709539639792567
3225.3978877309914 103.720357429687368
3272.3123803148205 103.735032456913331
3319.9092599067053 103.753760074358951
3368.198452054235 103.776645179588741
3417.190026675413 103.803985916272012
3466.8942001585724 103.835488056107835
3517.3213374928373 103.871164216494549
3568.4819544295697 103.910785563543655
3620.386719675257 103.953124844527224
3673.0464571162966 103.997359023977680
3726.472148076138 104.041442439941676
3780.6749336052594 104.084382626878380
3835.6661168044484 104.125652959427029
3891.45716518188 104.160399119002875
3948.059713044477 104.190469222554867
4005.4855639240527 104.211734251882916
4063.746693038744 104.224093667325974
4122.855249790247 104.224881362545446
4182.823560297375 104.211108388139138
4243.664129966465 104.181122678802240
4305.389646099183 104.133688283120648
4368.012980538242 104.067636045921390
4431.5471923516225 103.981092421917765
4496.00553055582 103.879891151110684
4561.401436878714 103.765244464104683
4627.748548562617 103.640373760398717
4695.060701208099 103.501220998718978
4763.351931659176 103.342235897341496
4832.63648093046 103.149936896213234
4902.928797176889 102.902283308092493
4974.243538706657 102.601835810417043
5046.595577037959 102.248109891245335
5120.000000000202 101.873857142856110
5194.472114880326 101.507169164501306
5270.027451614888 101.179262105233761
5346.6817660285715 100.906326587670890
5424.451043119808 100.696310078471868
5503.351500394186 100.556591667263049
5583.399591246343 100.487912781018139
5664.612008391055 100.491683821971890
5747.005687344222 100.556171796376347
5830.597809954497 100.682990455655585
5915.405807986278 100.870829523720971
6001.447366754812 101.116475323219674
6088.740428814181 101.419900924397041
6177.303197698925 101.763602836477105
6267.154141720092 102.121848286565864
6358.3119978165005 102.451427032532422
6450.795775462017 102.702195001734111
6544.624760629676 102.815701828322801
6639.818519813445 102.748057515967517
6736.396904108505 102.495377408360156
6834.380053350861 102.111962468724016
6933.788400317181 101.701807150820088
7034.642674985712 101.377034341157355
7136.963908859177 101.197765497013989
7240.773439350552 101.136956913720155
7346.092914232631 101.103875401168338
7452.944296152315 101.011819629809622
7561.349867210557 100.836690876746644
7671.332233608935 100.618097172756677
7782.914330363799 100.388177713585691
7896.119426088994 100.169104439779261
8010.971127848146 99.986474629040032
8127.49338607753 99.858282127676915
8245.710499580537 99.799628252131200
8365.647120594791 99.829080559854731
8487.328259932974 99.943011466431301
8610.77929219841 100.137401090974890
8736.025961076528 100.389460712813985
8863.094384703289 100.658292035038215
8992.011061111683 100.902374275704787
9122.802873757471 101.066334188794158
9255.497097125279 101.072916071412067
9390.121402416245 100.845774132187472
9526.7038633184 100.370888945552991
9665.272961860968 99.720192499968789
9805.857594353829 99.001344964006350
9948.487077413367 98.312171620833851
10093.19115407597 97.700007737533085
10240.000000000457 97.147399999998356
10388.944229760706 96.653096308107507
10540.05490322983 96.245051442933573
10693.363532057198 95.933425030673419
10848.902086239672 95.731641830310735
11006.703000788428 95.654158377945137
11166.799182492743 95.702265252978037
11329.224016782166 95.889709133021171
11494.0113746885 96.169296280146398
11661.195619909053 96.582756342409411
11830.811615972614 97.105724555400826
12002.894733509682 97.777179642867594
12177.48085762842 98.478734494835805
12354.606395397908 99.107941279240350
12534.308283440243 99.591137916179605
12716.62399563306 99.819922397743738
12901.591550924093 99.781581628473702
13089.249521259411 99.631187169390671
13279.637039626952 99.477833202039676
13472.793808217073 99.439444687396133
13668.760106701786 99.629721089662425
13867.576800634426 100.033462479600331
14069.285349971487 100.557688285671730
14273.927817718419 101.119431859637061
14481.54687870117 101.634882118424372
14692.18582846533 101.961360052873246
14905.888592304698 101.991438992693361
15122.699734421185 101.704266150279309
15342.664467217943 101.199016398430047
15565.828660727671 100.665242117831980
15792.238852178061 100.279633389770055
16021.942255696367 100.083103622248075
16254.986772155136 100.053299206329314
16491.42099916115 100.067485259949677
16731.294241189662 99.659534370059049
16974.65651986603 98.504565339789053
17221.558584396902 96.582489232047521
17472.051922153143 94.179888097497951
17726.188769406665 91.741421099239403
17984.022122223458 89.643195199190131
18245.605747515034 87.975551963080733
18510.99419425065 86.617005080837203
18780.242804832582 85.475565416993049
19053.40772663689 84.522601850103314
19330.545923722028 83.748560406404991
19611.71518870775 83.426081024731303
19896.974154826825 84.355298805736922
20186.382308152035 84.957999999999998
