20 88.970500000000001
20.290906698750476 89.019954303635259
20.586044732869844 89.070127612495838
20.885475648548283 89.121030860253200
21.189261887185914 89.171710153830475
21.49746679841394 89.222838394338254
21.810154653305165 89.273624896404357
22.12739065777668 89.324382505244273
22.449240966187475 89.376042664335074
22.77577269513385 89.428997225053607
23.107053937445478 89.480914991791607
23.44315377638505 89.531734554381927
23.784142300054445 89.580779922007622
24.130090616010463 89.626827744373742
24.481070866093134 89.665833434774754
24.837156241469714 89.700801198541171
25.1984209978975 89.734353942305518
25.56494047120865 89.768050855624921
25.936791093020236 89.802153205338342
26.3140504066728 89.837334729749685
26.69679708340074 89.873941719277326
27.08511093873791 89.911085480561837
27.47907294916184 89.949907264684342
27.878765268980047 89.989876526898001
28.284271247461966 90.030427124746197
28.695675446220072 90.071763220068220
29.11306365684382 90.113241047400166
29.536522918790062 90.153140971015944
29.966141537533712 90.190088172227902
30.402009102982383 90.224650682221409
30.844216508158908 90.257275380644785
31.29285596815558 90.289482057691288
31.74802103936409 90.322357514834209
32.20980663898519 90.355815884645921
32.67830906482211 90.390016561732011
33.153626015361866 90.424561073106048
33.63585661014871 90.459417532540868
34.125101410453844 90.494882200142229
34.62146244024586 90.530123833257448
35.12504320746613 90.565627981315174
35.635948725613716 90.601288308244193
36.15428553564419 90.638608558566389
36.68016172818701 90.676111320973092
37.21368696608603 90.712389652795594
37.754972507267915 90.745751959703412
38.30413122794313 90.776706511397151
38.86127764614443 90.804261448297510
39.4265279456077 90.831464152962553
40.000000000000206 90.860000000000014
40.58181339750116 90.889090766844276
41.1720894657399 90.918604430264850
41.77095129709678 90.948547610013534
42.37852377437204 90.978099734612741
42.9949335968281 91.007509424214078
43.62030930661056 91.036347482315563
44.25478131555359 91.063776265271912
44.89848193237519 91.092016270400805
45.55154539026795 91.120061812665270
46.21410787489121 91.146529009571793
46.88630755277036 91.171705741666131
47.56828460010916 91.197133830813016
48.260181232021196 91.223967389512865
48.962141732186545 91.253609072983863
49.674312482939705 91.285572605710087
50.39684199579528 91.317365805903563
51.129880942417586 91.347223999601823
51.873582186040764 91.374308513794944
52.628100813345895 91.399413261325321
53.393594166801776 91.424537823072598
54.17022187747612 91.451751115804669
54.95814589832399 91.481671316547761
55.75753053796041 91.511558927410945
56.56854249492426 91.536419189857881
57.39135089244048 91.556914044187465
58.226127313687975 91.574522546273755
59.073045837580466 91.591680054264344
59.932283075067765 91.611442510726562
60.804018205965114 91.634103350862887
61.68843301631817 91.657383792775107
62.58571193631152 91.684053481826581
63.49604207872855 91.711633241322488
64.41961327797075 91.736151105393333
65.35661812964459 91.755027581009486
66.3072520307241 91.769608780460857
67.27171322029778 91.785434264405950
68.25020282090806 91.805879766291326
69.2429248804921 91.829087272251314
70.25008641493265 91.851626771506119
71.27189745122783 91.871894154122103
72.30857107128878 91.890554279283208
73.36032345637442 91.909305660486552
74.42737393217246 91.928192730779102
75.50994501453623 91.948486448167458
76.60826245588666 91.970636364713670
77.72255529228926 91.994635879508479
78.85305589121582 92.020693693036591
80.00000000000082 92.046500000000009
81.16362679500274 92.064439291271185
82.34417893148023 92.074681517078261
83.541902594194 92.084816078529144
84.75704754874454 92.098963086767014
85.98986719365665 92.116023153634686
87.24061861322157 92.134609288176890
88.50956263110764 92.153630689291816
89.79696386475084 92.171225172818254
91.10309078053635 92.183652068459864
92.42821574978288 92.185917172210111
93.77261510554118 92.186978932437484
95.13656920021877 92.199889966978745
96.52036246404286 92.223921556880214
97.92428346437356 92.245721938280127
99.34862496587989 92.260614675030780
100.79368399159105 92.268939297296896
102.25976188483567 92.276305317347408
103.74716437208203 92.289039009196642
105.25620162669229 92.312553763067683
106.78718833360406 92.341981370560887
108.34044375495276 92.369166952160924
109.9162917966485 92.387517563242625
111.51506107592134 92.397094885519863
113.13708498984903 92.398368287169603
114.78270178488147 92.398409458850679
116.45225462737648 92.408071691278195
118.14609167516147 92.420893324043377
119.86456615013608 92.425519989650354
121.60803641193078 92.423539854753329
123.3768660326369 92.423639127790409
125.17142387262359 92.434328521307975
126.99208415745765 92.451780561049716
128.83922655594208 92.457780662952047
130.71323625928977 92.456174368920614
132.61450406144883 92.457458016245795
134.5434264405962 92.468705977626257
136.50040564181674 92.487878143724075
138.48584976098482 92.500593161962215
140.50017282986593 92.505333794212987
142.5437949024563 92.510783453073216
144.61714214257822 92.512808571071304
146.7206469127495 92.505085024201350
148.8547478643456 92.493100563241057
151.01989002907314 92.487019890029075
153.216524911774 92.488929914947065
155.4451105845792 92.487329336492508
157.70611178243232 92.474175552870264
160.00000000000236 92.465000000000003
162.3272535900062 92.460345492819982
164.6883578629612 92.443806151814087
167.08380518838874 92.436082106510185
169.51409509748981 92.443056380389962
171.97973438731407 92.446979734387313
174.4812372264439 92.442745030656539
177.01912526221608 92.427366123164489
179.5939277295025 92.403060722704979
182.20618156107355 92.388851564819049
184.85643149956664 92.382315850700962
187.54523021108326 92.366574836015815
190.27313840043846 92.341260265116404
193.04072492808663 92.321918550143835
195.84856692874806 92.318000000000012
198.69724993176072 92.311774300354841
201.58736798318304 92.292565617465073
204.5195237696723 92.270863333612283
207.49432874416505 92.249292534418771
210.5124032533856 92.223632169092838
213.57437666720915 92.196904986662332
216.68088750990657 92.176744453063080
219.83258359329807 92.151548601761988
223.03012215184378 92.114396064715834
226.2741699796992 92.079500243543109
229.5654035697641 92.042497858947712
232.90450925475412 91.990059682172358
236.2921833503241 91.924386791369329
239.72913230027333 91.864240184745228
243.21607282386276 91.809178543522734
246.75373206527502 91.738425358694499
250.34284774524843 91.662757300267089
253.9841683149166 91.601765180725153
257.67845311188546 91.555059529462454
261.42647251858085 91.527443001434762
265.22900812289896 91.537732829198262
269.08685288119375 91.575730415816906
273.0008112836349 91.647149439919502
276.97169952197106 91.791793710790131
281.00034565973334 92.040027307118933
285.0875898049141 92.364005708169145
289.23428428515797 92.743013583663441
293.44129382550057 93.135793360831940
297.7094957286928 93.529918859175382
302.0397800581479 93.883049521592170
306.4330498235497 94.145085541001038
310.89022116916016 94.317451905612785
315.41222356486645 94.412761897884607
320.00000000000654 94.443499999999958
324.6545071800142 94.411849351175903
329.3767157259242 94.345599950401507
334.16761037677935 94.263983579444044
339.02819019498156 94.179409490607313
343.95946877463007 94.103107968380556
348.9624744528898 94.049856492697558
354.03825052443415 94.019808747377823
359.187855459007 94.023375710918003
364.4123631221491 94.080595775339077
369.71286299913527 94.156336513487460
375.0904604221685 94.209639684413901
380.54627680087896 94.248220100234789
386.08144985617537 94.278499104295264
391.6971338574982 94.287697133857506
397.3944998635236 94.287408250204720
403.1747359663683 94.273446669439835
409.0390475393468 94.248545000418432
414.9886574883323 94.214569945488620
421.0248065067734 94.187357695694928
427.1487533344206 94.174030309443452
433.3617750198154 94.166170079130339
439.6651671865984 94.157977047321936
446.06024430368984 94.160478923733905
452.54833995940066 94.177135351886321
459.13080713953053 94.189606095403647
465.8090185095106 94.196991600300379
472.58436670065066 94.204894185757979
479.45826460054917 94.207999999999998
486.432145647728 94.201794996093184
493.50746413055253 94.188449890605369
500.6856954904994 94.177442872413963
507.9683366298358 94.171525726488255
515.3569062237735 94.167694080379619
522.8529450371643 94.160827200573891
530.4580162458005 94.150627861800288
538.1737057623901 94.144338701792066
546.0016225672724 94.137356099778174
553.9433990439449 94.133621462440246
562.0006913194694 94.133899965434040
570.1751796098309 94.133517517960982
578.4685685703187 94.134346856857036
586.8825876510039 94.134500000000003
595.4189914573883 94.132603352989918
604.0795601162986 94.127940329912775
612.8660996471021 94.121176635991560
621.780442338323 94.119015682690119
630.8244471297356 94.124371001208374
640.0000000000159 94.128500000000003
649.3090143600314 94.132223605744002
658.7534314518515 94.140815759879246
668.3352207535618 94.162004529808542
678.0563803899662 94.197822702540364
687.9189375492632 94.252221731540658
697.9249489057827 94.325522106574525
708.0765010488715 94.411765559125172
718.3757109180171 94.516444964639192
728.8247262443015 94.636749297058330
739.425725998274 94.757481990080407
750.1809208443404 94.872824285180428
761.0925536017613 94.982849915484422
772.1628997123541 95.094410758639867
783.3942677149998 95.212754093260372
794.7889997270506 95.334981747065797
806.34947193274 95.469839276498192
818.0780950786972 95.621820510674780
829.9773149766683 95.784490974481940
842.0496130135506 95.960618872714548
854.2975066688449 96.155797295035129
866.7235500396347 96.352488325608249
879.3303343732008 96.545321082472654
892.1204886073838 96.739019377971502
905.0966799188055 96.932751305475819
918.2616142790653 97.120217611996367
931.6180370190256 97.300052640788721
945.1687334013056 97.475102653641585
958.9165292011028 97.646470526813602
972.8642912954606 97.815289352903051
987.0149282611097 97.979171675002760
1001.3713909810035 98.133539587758335
1015.9366732596762 98.293678075160301
1030.7138124475518 98.461724470414580
1045.7058900743334 98.623305227650860
1060.916032491606 98.782179409994640
1076.3474115247852 98.944788511270303
1092.0032451345498 99.105158465450046
1107.8867980878947 99.269513536860870
1124.0013826389438 99.439792218673404
1140.350359219667 99.609503592196660
1156.9371371406426 99.776317344652881
1173.765175302013 99.947203370302020
1190.837982914782 100.119879829147820
1208.1591202326028 100.292088753646595
1225.73219929421 100.458091083939223
1243.5608846766518 100.622690233460787
1261.648894259477 100.784286862434030
1280.0000000000375 100.947000000000315
1298.6180287200684 101.105519215959447
1317.5068629037087 101.265305589520040
1336.6704415071292 101.423864664509182
1356.112760779938 101.586041552512484
1375.8378750985323 101.742827319523485
1395.8498978115715 101.895959223367939
1416.153002097749 102.054839499870582
1436.7514218360407 102.219024087963732
1457.6494524886093 102.388501598008418
1478.8514519965543 102.557887267493271
1500.3618416886875 102.724844075673076
1522.1851072035295 102.896374942619730
1544.3257994247153 103.071560331443749
1566.788535430007 103.248122117771260
1589.5779994541087 103.422126555894891
1612.6989438654878 103.592440353586127
1636.156190157402 103.764278930967919
1659.9546299533442 103.941460632051019
1684.099226027109 104.119878396436263
1708.5950133376978 104.296196494964420
1733.4471000792773 104.473312294566043
1758.6606687464096 104.653683601599226
1784.2409772147755 104.837719855490690
1810.193359837619 105.022853518863343
1836.5232285581387 105.204857954195347
1863.2360740380593 105.386240581978043
1890.3374668026197 105.569374526249646
1917.833058402214 105.754694813630920
1945.7285825909298 105.942710646662874
1974.0298565222283 106.135864218612042
2002.7427819620161 106.340290899799527
2031.8733465193618 106.544395309469778
2061.4276248951132 106.740231643035031
2091.411780148677 106.945070698393891
2121.832064983222 107.161732851633388
2152.694823049581 107.371785832127230
2184.0064902691106 107.577841862235758
2215.7735961758003 107.780176485955337
2248.002765277899 107.979983073982197
2280.7007184393456 108.169888987338368
2313.874274281297 108.346833847215862
2347.530350604038 108.506010060187975
2381.6759658295764 108.647391014599691
2416.318240465218 108.773850193535225
2451.4643985884327 108.871319471559303
2487.1217693533167 108.943324105320187
2523.2977885189675 108.983011897884637
2560.0000000000887 109.001000000000019
2597.236057440151 108.996812872715935
2635.0137258074315 108.968984444084910
2673.340883014273 108.912904020951089
2712.225521559891 108.837955979364892
2751.6757501970797 108.742310624507297
2791.699795623158 108.631948077364569
2832.3060041955137 108.509966687203686
2873.502843672097 108.378675644318804
2915.2989049772345 108.237953832579677
2957.7029039931244 108.088923603704615
3000.723683377391 107.934876647756965
3044.370214407075 107.776330206693828
3088.6515988494466 107.614121099156364
3133.57707086003 107.453301398446882
3179.1559989082334 107.290329963919447
3225.3978877309914 107.125083519677673
3272.3123803148205 106.960299164110722
3319.9092599067053 106.795016682925592
3368.198452054235 106.627943278495053
3417.190026675413 106.461913410637379
3466.8942001585724 106.296080197475135
3517.3213374928373 106.130378866523202
3568.4819544295697 105.966281843546852
3620.386719675257 105.803393434613184
3673.0464571162966 105.638634124654828
3726.472148076138 105.470877455040920
3780.6749336052594 105.303660559172556
3835.6661168044484 105.137314971922734
3891.45716518188 104.971299040866299
3948.059713044477 104.803260226899226
4005.4855639240527 104.638366142816437
4063.746693038744 104.472228257513606
4122.855249790247 104.302314950601286
4182.823560297375 104.130412516576797
4243.664129966465 103.956147742024626
4305.389646099183 103.776446865544045
4368.012980538242 103.587994175376309
4431.5471923516225 103.393841440525051
4496.00553055582 103.192516004258437
4561.401436878714 102.979560869951769
4627.748548562617 102.755202936220954
4695.060701208099 102.521142087148462
4763.351931659176 102.276716369099361
4832.63648093046 102.015964994752608
4902.928797176889 101.737079194210082
4974.243538706657 101.446460040012482
5046.595577037959 101.144881021153537
5120.000000000202 100.835857142856284
5194.472114880326 100.518087563978014
5270.027451614888 100.192131271765618
5346.6817660285715 99.869062432019106
5424.451043119808 99.554148349873344
5503.351500394186 99.250907544939110
5583.399591246343 98.968478915309532
5664.612008391055 98.719102335078560
5747.005687344222 98.501891435684030
5830.597809954497 98.321647854480091
5915.405807986278 98.181475204656053
6001.447366754812 98.081640625989337
6088.740428814181 98.033564072409092
6177.303197698925 98.029350685221203
6267.154141720092 98.066203058260555
6358.3119978165005 98.140021717958433
6450.795775462017 98.240970846063661
6544.624760629676 98.361466550653205
6639.818519813445 98.487069520163089
6736.396904108505 98.599532935067430
6834.380053350861 98.682096630409987
6933.788400317181 98.720175768006342
7034.642674985712 98.700887608383496
7136.963908859177 98.618197768001863
7240.773439350552 98.473981285907314
7346.092914232631 98.278279061251936
7452.944296152315 98.055787535118611
7561.349867210557 97.842747121213762
7671.332233608935 97.655027332909327
7782.914330363799 97.490072028322174
7896.119426088994 97.342701467026728
8010.971127848146 97.218537402230965
8127.49338607753 97.120378637657367
8245.710499580537 97.055359225230717
8365.647120594791 97.029870575881034
8487.328259932974 97.037285624910240
8610.77929219841 97.081426975726885
8736.025961076528 97.162201889485530
8863.094384703289 97.272118160091424
8992.011061111683 97.406191503556158
9122.802873757471 97.555244865388460
9255.497097125279 97.708356522706538
9390.121402416245 97.852217887677995
9526.7038633184 98.009605151091208
9665.272961860968 98.195989132394246
9805.857594353829 98.373658190690577
9948.487077413367 98.511431113220908
10093.19115407597 98.607240232183813
10240.000000000457 98.670600000000150
10388.944229760706 98.692905947780588
10540.05490322983 98.661482156450305
10693.363532057198 98.598119139933118
10848.902086239672 98.515785158084981
11006.703000788428 98.392634533677722
11166.799182492743 98.202083954938317
11329.224016782166 97.916281835339959
11494.0113746885 97.552148127298409
11661.195619909053 97.051482310819949
11830.811615972614 96.438544159755168
12002.894733509682 95.656889691250257
12177.48085762842 94.746739963636855
12354.606395397908 93.648347819458408
12534.308283440243 92.442911187574268
12716.62399563306 91.133368191995118
12901.591550924093 89.782913509272603
13089.249521259411 88.416763485231485
13279.637039626952 87.187555263112387
13472.793808217073 86.313278392745303
13668.760106701786 86.111613609669007
13867.576800634426 86.805032480088869
14069.285349971487 88.264400385500664
14273.927817718419 90.053998765947568
14481.54687870117 91.623177566404905
14692.18582846533 92.681223233319713
14905.888592304698 93.400600047776123
15122.699734421185 94.008605261690903
15342.664467217943 94.745204249610111
15565.828660727671 95.689912400059967
15792.238852178061 96.547017049950966
16021.942255696367 96.574470192743320
16254.986772155136 95.164006485404741
16491.42099916115 92.366989579923597
16731.294241189662 89.037557569957073
16974.65651986603 85.767899885954151
17221.558584396902 82.830504039361927
17472.051922153143 80.308012151414317
17726.188769406665 78.185442509025194
17984.022122223458 76.493258417769880
18245.605747515034 75.295107154587924
18510.99419425065 74.642099492238884
18780.242804832582 74.401906852948017
19053.40772663689 74.228467723572948
19330.545923722028 73.707158850072744
19611.71518870775 72.552769373429840
19896.974154826825 70.815773162660264
20186.382308152035 69.271247754303175
