20 105.678500000000000
20.290906698750476 105.683999994840875
20.586044732869844 105.688500009825574
20.885475648548283 105.692000004285205
21.189261887185914 105.694499998889938
21.49746679841394 105.695999998696578
21.810154653305165 105.696500000000000
22.12739065777668 105.695999997948860
22.449240966187475 105.695000003200519
22.77577269513385 105.692499993682247
23.107053937445478 105.689500000564436
23.44315377638505 105.685499986289415
23.784142300054445 105.679999994777091
24.130090616010463 105.673000008847680
24.481070866093134 105.665500003041188
24.837156241469714 105.654999992620930
25.1984209978975 105.642500000081185
25.56494047120865 105.629000020125702
25.936791093020236 105.615999962199567
26.3140504066728 105.603000020372022
26.69679708340074 105.592499977599147
27.08511093873791 105.585000019062079
27.47907294916184 105.581500000385745
27.878765268980047 105.582000000665715
28.284271247461966 105.584000001207372
28.695675446220072 105.586000001072946
29.11306365684382 105.586000000819197
29.536522918790062 105.578500022896648
29.966141537533712 105.560499970294899
30.402009102982383 105.536000051264949
30.844216508158908 105.510500028814093
31.29285596815558 105.485500001768116
31.74802103936409 105.459499943527788
32.20980663898519 105.433500079290283
32.67830906482211 105.407500053700375
33.153626015361866 105.380499945057551
33.63585661014871 105.354000021749158
34.125101410453844 105.327000087406731
34.62146244024586 105.299000084538847
35.12504320746613 105.269499926470047
35.635948725613716 105.238499955041135
36.15428553564419 105.205999966265381
36.68016172818701 105.172999954796524
37.21368696608603 105.140000063720066
37.754972507267915 105.107000090678113
38.30413122794313 105.073999986449962
38.86127764614443 105.041000079900627
39.4265279456077 105.008000061335167
40.000000000000206 104.973499999999973
40.58181339750116 104.938500037145673
41.1720894657399 104.901999971120631
41.77095129709678 104.864499914296218
42.37852377437204 104.825000078390161
42.9949335968281 104.783500027371858
43.62030930661056 104.736999896659327
44.25478131555359 104.686999893341266
44.89848193237519 104.635000085935388
45.55154539026795 104.584999901021860
46.21410787489121 104.538500008654722
46.88630755277036 104.493499963393759
47.56828460010916 104.448499895554221
48.260181232021196 104.402999984740390
48.962141732186545 104.356500084581114
49.674312482939705 104.310500034000654
50.39684199579528 104.263000066472074
51.129880942417586 104.214000139840692
51.873582186040764 104.161999916387117
52.628100813345895 104.108500013310604
53.393594166801776 104.053499915561247
54.17022187747612 103.997500080649985
54.95814589832399 103.940999935713336
55.75753053796041 103.883999961388042
56.56854249492426 103.826999965590005
57.39135089244048 103.769999939914840
58.226127313687975 103.713000047513106
59.073045837580466 103.652500157732391
59.932283075067765 103.582499818435863
60.804018205965114 103.505500159946237
61.68843301631817 103.428500169848789
62.58571193631152 103.359000004809246
63.49604207872855 103.291999848654143
64.41961327797075 103.224500273055042
65.35661812964459 103.155000213658951
66.3072520307241 103.083999921702286
67.27171322029778 103.010999983279277
68.25020282090806 102.937000239558643
69.2429248804921 102.860500241092225
70.25008641493265 102.783999817361064
71.27189745122783 102.706499890412928
72.30857107128878 102.627999994693937
73.36032345637442 102.549499817481930
74.42737393217246 102.470500152541931
75.50994501453623 102.389500297124840
76.60826245588666 102.307999891163462
77.72255529228926 102.224500128271160
78.85305589121582 102.138000163560690
80.00000000000082 102.049999999999926
81.16362679500274 101.960500091832358
82.34417893148023 101.869499849483191
83.541902594194 101.776499874915402
84.75704754874454 101.681000192959999
85.98986719365665 101.584000063867535
87.24061861322157 101.485499793318951
88.50956263110764 101.384999790784718
89.79696386475084 101.282500249935893
91.10309078053635 101.178999776772670
92.42821574978288 101.072499940669076
93.77261510554118 100.964999912144890
95.13656920021877 100.855999744688091
96.52036246404286 100.746000042450703
97.92428346437356 100.634000201554983
99.34862496587989 100.521000002721038
100.79368399159105 100.406000160640815
102.25976188483567 100.288500332820803
103.74716437208203 100.169499810687796
105.25620162669229 100.049500108814058
106.78718833360406 99.928499817551938
108.34044375495276 99.806500177141885
109.9162917966485 99.685499866915094
111.51506107592134 99.568999923441680
113.13708498984903 99.453000000729588
114.78270178488147 99.333999870173116
116.45225462737648 99.212500027130915
118.14609167516147 99.089000240566662
119.86456615013608 98.960499755196423
121.60803641193078 98.823500285032338
123.3768660326369 98.678000245717087
125.17142387262359 98.530500091389953
126.99208415745765 98.385499754675152
128.83922655594208 98.242500497081863
130.71323625928977 98.100000436474673
132.61450406144883 97.961999865928391
134.5434264405962 97.844000032075172
136.50040564181674 97.759500246033411
138.48584976098482 97.710000107797910
140.50017282986593 97.693500033207116
142.5437949024563 97.718000047887045
144.61714214257822 97.777500005101984
146.7206469127495 97.855000191759530
148.8547478643456 97.935999847458106
151.01989002907314 97.998999820351159
153.216524911774 98.037000031470839
155.4451105845792 98.057999972513358
157.70611178243232 98.063999996282718
160.00000000000236 98.053499999999985
162.3272535900062 98.030000016299368
164.6883578629612 97.989999909366205
167.08380518838874 97.929999873736392
169.51409509748981 97.856000120000630
171.97973438731407 97.776500052788464
174.4812372264439 97.691499813986866
177.01912526221608 97.600999772995095
179.5939277295025 97.508000189681184
182.20618156107355 97.411999829004174
184.85643149956664 97.313499944587107
187.54523021108326 97.216499887768890
190.27313840043846 97.120999777182305
193.04072492808663 97.025500036661953
195.84856692874806 96.932500165562871
198.69724993176072 96.841500002172012
201.58736798318304 96.751000126019989
204.5195237696723 96.662500216215875
207.49432874416505 96.575499865903907
210.5124032533856 96.491000048437627
213.57437666720915 96.407999851696843
216.68088750990657 96.327000142634773
219.83258359329807 96.246499934882735
223.03012215184378 96.166499971135579
226.2741699796992 96.086500000492592
229.5654035697641 96.006999892865835
232.90450925475412 95.929000017345970
236.2921833503241 95.852000170996064
239.72913230027333 95.776499863998055
243.21607282386276 95.702500149693307
246.75373206527502 95.630000122022750
250.34284774524843 95.557000046320894
253.9841683149166 95.484499858907014
257.67845311188546 95.413500265952365
261.42647251858085 95.342500200622865
265.22900812289896 95.272499925992435
269.08685288119375 95.205000002025230
273.0008112836349 95.138500213660564
276.97169952197106 95.072000173528238
281.00034565973334 95.005999850568031
285.0875898049141 94.943999931386855
289.23428428515797 94.885999983750935
293.44129382550057 94.835499902965040
297.7094957286928 94.798000056016306
302.0397800581479 94.777500051571678
306.4330498235497 94.773500011801559
310.89022116916016 94.785499977094460
315.41222356486645 94.812999950851079
320.00000000000654 94.851000000000056
324.6545071800142 94.898999969815989
329.3767157259242 94.946000052132177
334.16761037677935 94.977500027416866
339.02819019498156 94.991999982399918
343.95946877463007 94.993000001707529
348.9624744528898 94.977999943386550
354.03825052443415 94.950499925881275
359.187855459007 94.917000069345789
364.4123631221491 94.881499939546913
369.71286299913527 94.847999983767934
375.0904604221685 94.819999971646880
380.54627680087896 94.795999952926564
386.08144985617537 94.774000004529853
391.6971338574982 94.752000041390716
397.3944998635236 94.726500005167651
403.1747359663683 94.699000037390547
409.0390475393468 94.674500058967936
414.9886574883323 94.646499935476868
421.0248065067734 94.609000028185022
427.1487533344206 94.572499946580166
433.3617750198154 94.540500056349515
439.6651671865984 94.503999964076627
446.06024430368984 94.466999987527700
452.54833995940066 94.433000000205752
459.13080713953053 94.401499960168039
465.8090185095106 94.373500010032814
472.58436670065066 94.346000056777939
479.45826460054917 94.323999974612974
486.432145647728 94.313000015261736
493.50746413055253 94.314499992750513
500.6856954904994 94.325999993179920
507.9683366298358 94.348500059244557
515.3569062237735 94.382999861405125
522.8529450371643 94.429999860678578
530.4580162458005 94.486000066499543
538.1737057623901 94.548999998036166
546.0016225672724 94.616999779864940
553.9433990439449 94.682499834359390
562.0006913194694 94.742500157166774
570.1751796098309 94.808000070850568
578.4685685703187 94.874000011051123
586.8825876510039 94.930500124759234
595.4189914573883 94.984999906639501
604.0795601162986 95.045499790275187
612.8660996471021 95.105500071922052
621.780442338323 95.168499891838479
630.8244471297356 95.244499860122431
640.0000000000159 95.334500000000176
649.3090143600314 95.430999931771296
658.7534314518515 95.528000133852885
668.3352207535618 95.623500154507951
678.0563803899662 95.717999849599281
687.9189375492632 95.804999936017339
697.9249489057827 95.881000147265908
708.0765010488715 95.947500152325432
718.3757109180171 96.012999865387599
728.8247262443015 96.078000123889439
739.425725998274 96.147000039740604
750.1809208443404 96.220500094510442
761.0925536017613 96.301000180659202
772.1628997123541 96.383999974847796
783.3942677149998 96.470999849442492
794.7889997270506 96.563499989648022
806.34947193274 96.659499872732795
818.0780950786972 96.762499735637036
829.9773149766683 96.865500174377217
842.0496130135506 96.970999921378706
854.2975066688449 97.084500203015921
866.7235500396347 97.199999797493973
879.3303343732008 97.314500113595585
892.1204886073838 97.432500052043409
905.0966799188055 97.552999999245600
918.2616142790653 97.673500157103348
931.6180370190256 97.795499954295025
945.1687334013056 97.918999741344948
958.9165292011028 98.039500219416595
972.8642912954606 98.163999746668239
987.0149282611097 98.299499751705270
1001.3713909810035 98.431499927091565
1015.9366732596762 98.563000249938000
1030.7138124475518 98.698999496062015
1045.7058900743334 98.832499620565827
1060.916032491606 98.965500142652303
1076.3474115247852 99.097999995949635
1092.0032451345498 99.227999582390837
1107.8867980878947 99.355999655430793
1124.0013826389438 99.485500313898825
1140.350359219667 99.613000126072365
1156.9371371406426 99.733000022476872
1173.765175302013 99.853500281446529
1190.837982914782 99.977499784033569
1208.1591202326028 100.098999583988586
1225.73219929421 100.218500141446725
1243.5608846766518 100.335999814798001
1261.648894259477 100.450999800674509
1280.0000000000375 100.563500000000232
1298.6180287200684 100.671499924664175
1317.5068629037087 100.775000140897816
1336.6704415071292 100.874500162639990
1356.112760779938 100.973999836525607
1375.8378750985323 101.071499922084655
1395.8498978115715 101.167000203573494
1416.153002097749 101.260500215599109
1436.7514218360407 101.352499807908259
1457.6494524886093 101.445000167615163
1478.8514519965543 101.535500048696264
1500.3618416886875 101.621500101598741
1522.1851072035295 101.708000187912745
1544.3257994247153 101.793999974551909
1566.788535430007 101.879499854575158
1589.5779994541087 101.962999986977223
1612.6989438654878 102.045499889977378
1636.156190157402 102.127499794101936
1659.9546299533442 102.210500137841066
1684.099226027109 102.293499941863331
1708.5950133376978 102.374500135070562
1733.4471000792773 102.454499857365349
1758.6606687464096 102.534500074533497
1784.2409772147755 102.614000030021799
1810.193359837619 102.690000002426501
1836.5232285581387 102.765000098859986
1863.2360740380593 102.838499972874303
1890.3374668026197 102.911499846489278
1917.833058402214 102.983500130561964
1945.7285825909298 103.054499861459192
1974.0298565222283 103.125499873821411
2002.7427819620161 103.197499959928194
2031.8733465193618 103.269000131974593
2061.4276248951132 103.339499738835087
2091.411780148677 103.411499796984629
2121.832064983222 103.482000076251396
2152.694823049581 103.550999997882784
2184.0064902691106 103.618499783102251
2215.7735961758003 103.685499822331522
2248.002765277899 103.749500153299437
2280.7007184393456 103.811500063557162
2313.874274281297 103.871500010863841
2347.530350604038 103.928500120891130
2381.6759658295764 103.982499905034587
2416.318240465218 104.034499826123238
2451.4643985884327 104.084000057661839
2487.1217693533167 104.129999928768484
2523.2977885189675 104.172499926564313
2560.0000000000887 104.211500000000086
2597.236057440151 104.246499975835690
2635.0137258074315 104.278500042269357
2673.340883014273 104.306500042286416
2712.225521559891 104.331999958718598
2751.6757501970797 104.352999984440132
2791.699795623158 104.371500035046267
2832.3060041955137 104.387500032808575
2873.502843672097 104.401499970768654
2915.2989049772345 104.413500020040942
2957.7029039931244 104.424500005363996
3000.723683377391 104.434500012742262
3044.370214407075 104.445500024284669
3088.6515988494466 104.457499996445733
3133.57707086003 104.470499976047677
3179.1559989082334 104.485999997519471
3225.3978877309914 104.505499972275970
3272.3123803148205 104.527499941535126
3319.9092599067053 104.553500046500602
3368.198452054235 104.582499978986760
3417.190026675413 104.615000062278057
3466.8942001585724 104.651499935587637
3517.3213374928373 104.691000039954019
3568.4819544295697 104.733000016591006
3620.386719675257 104.776500000553398
3673.0464571162966 104.820000057955070
3726.472148076138 104.863999983650274
3780.6749336052594 104.904999915149261
3835.6661168044484 104.942000058027546
3891.45716518188 104.971999945083752
3948.059713044477 104.993499968011065
4005.4855639240527 105.003499996104139
4063.746693038744 104.999999969834363
4122.855249790247 104.980000088685657
4182.823560297375 104.943000118425601
4243.664129966465 104.886999922643483
4305.389646099183 104.812500002424031
4368.012980538242 104.721000307541573
4431.5471923516225 104.616000289036435
4496.00553055582 104.497999684121368
4561.401436878714 104.364499843556899
4627.748548562617 104.209499964611879
4695.060701208099 104.024499510485896
4763.351931659176 103.794000426602253
4832.63648093046 103.499001071627220
4902.928797176889 103.132999501549563
4974.243538706657 102.710500686988325
5046.595577037959 102.262000780613647
5120.000000000202 101.827499999998906
5194.472114880326 101.436000268650133
5270.027451614888 101.100499592805107
5346.6817660285715 100.825999628896028
5424.451043119808 100.609000336856184
5503.351500394186 100.445500117476968
5583.399591246343 100.334999842291779
5664.612008391055 100.276999953130613
5747.005687344222 100.269499989620698
5830.597809954497 100.311500145752362
5915.405807986278 100.402500068122706
6001.447366754812 100.539500193450692
6088.740428814181 100.716000448162518
6177.303197698925 100.925999938229523
6267.154141720092 101.159999590171353
6358.3119978165005 101.401999962482151
6450.795775462017 101.632999701636777
6544.624760629676 101.833999517029383
6639.818519813445 101.987000185495219
6736.396904108505 102.085499938874790
6834.380053350861 102.144500077393275
6933.788400317181 102.188999923401525
7034.642674985712 102.236000046613043
7136.963908859177 102.284000014973628
7240.773439350552 102.310499999884172
7346.092914232631 102.286499915100563
7452.944296152315 102.212000031584651
7561.349867210557 102.100500254552202
7671.332233608935 101.951499677443053
7782.914330363799 101.769500368431835
7896.119426088994 101.584500323259533
8010.971127848146 101.429500079442093
8127.49338607753 101.316999860483946
8245.710499580537 101.256000177371305
8365.647120594791 101.257499949096626
8487.328259932974 101.322500112987285
8610.77929219841 101.435499995233158
8736.025961076528 101.572999547894682
8863.094384703289 101.698999685959791
8992.011061111683 101.765499968167262
9122.802873757471 101.716999822415886
9255.497097125279 101.503999929021418
9390.121402416245 101.107498805676045
9526.7038633184 100.543001048222465
9665.272961860968 99.848002471932148
9805.857594353829 99.071499032205395
9948.487077413367 98.275001263976833
10093.19115407597 97.514001295818389
10240.000000000457 96.823999999998094
10388.944229760706 96.228500404396442
10540.05490322983 95.750499464587890
10693.363532057198 95.398499556134141
10848.902086239672 95.147500376486249
11006.703000788428 94.988500105097131
11166.799182492743 94.934000050379012
11329.224016782166 94.983000282822900
11494.0113746885 95.124999660649294
11661.195619909053 95.333000451832419
11830.811615972614 95.593500168091822
12002.894733509682 95.918000415596623
12177.48085762842 96.275500744286575
12354.606395397908 96.593499916848799
12534.308283440243 96.814999667660032
12716.62399563306 96.938999984594602
12901.591550924093 97.013499905883975
13089.249521259411 97.098499768682530
13279.637039626952 97.215000229898692
13472.793808217073 97.358499894865687
13668.760106701786 97.528000343970177
13867.576800634426 97.743499597858104
14069.285349971487 98.040500356732593
14273.927817718419 98.442000194252472
14481.54687870117 98.938000009205368
14692.18582846533 99.444000549892820
14905.888592304698 99.791999895956522
15122.699734421185 99.794500228600612
15342.664467217943 99.445999323905923
15565.828660727671 99.154500417687359
15792.238852178061 99.317499544579192
16021.942255696367 99.501499929316623
16254.986772155136 99.431499886878868
16491.42099916115 99.430999782229776
16731.294241189662 99.424000203613446
16974.65651986603 98.891498780175894
17221.558584396902 97.585000058170522
17472.051922153143 95.554007033466419
17726.188769406665 93.107506729940454
17984.022122223458 90.710495499340482
18245.605747515034 89.300999541828901
18510.99419425065 88.968999934100964
18780.242804832582 88.522498452137768
19053.40772663689 87.848501155494290
19330.545923722028 87.479500937116484
19611.71518870775 87.448000187980199
19896.974154826825 87.649999604982739
20186.382308152035 87.980999394590981
