20 73.450044738367680
20.290906698750476 73.589015182234675
20.586044732869844 73.725471115655978
20.885475648548283 73.858956438828528
21.189261887185914 73.992500353902557
21.49746679841394 74.128515160526462
21.810154653305165 74.266044663726234
22.12739065777668 74.406073818684149
22.449240966187475 74.547603546946078
22.77577269513385 74.691118309716117
23.107053937445478 74.835088732668851
23.44315377638505 74.976029978100769
23.784142300054445 75.111941663157126
24.130090616010463 75.244441508970368
24.481070866093134 75.376956383527443
24.837156241469714 75.509985605357315
25.1984209978975 75.645030011256182
25.56494047120865 75.782559201705084
25.936791093020236 75.923074038805623
26.3140504066728 76.063029878308157
26.69679708340074 76.201000494642358
27.08511093873791 76.337529948697011
27.47907294916184 76.476074094674118
27.878765268980047 76.618103556981822
28.284271247461966 76.761132815109562
28.695675446220072 76.905632990620134
29.11306365684382 77.050103323365903
29.536522918790062 77.191573909633718
29.966141537533712 77.332073933192660
30.402009102982383 77.473103557008983
30.844216508158908 77.616132708655257
31.29285596815558 77.761162393243595
31.74802103936409 77.908162406986008
32.20980663898519 78.054647451933405
32.67830906482211 78.200147622944087
33.153626015361866 78.346147519375734
33.63585661014871 78.492691587799413
34.125101410453844 78.641206452983582
34.62146244024586 78.790706524066053
35.12504320746613 78.939676941450244
35.635948725613716 79.086147422000408
36.15428553564419 79.230618093429925
36.68016172818701 79.374618123259921
37.21368696608603 79.518603548379872
37.754972507267915 79.661588634170499
38.30413122794313 79.802559378095907
38.86127764614443 79.942059298620507
39.4265279456077 80.082059257080729
40.000000000000206 80.223059221378008
40.58181339750116 80.364103438390984
41.1720894657399 80.507603496969040
41.77095129709678 80.651647435565678
42.37852377437204 80.797662379583386
42.9949335968281 80.945676954747881
43.62030930661056 81.093147632403145
44.25478131555359 81.237544619583844
44.89848193237519 81.376500373218136
45.55154539026795 81.513044552894939
46.21410787489121 81.652603448336322
46.88630755277036 81.798206283638592
47.56828460010916 81.950809402391485
48.260181232021196 82.107853566283211
48.962141732186545 82.266794705490895
49.674312482939705 82.420147598266652
50.39684199579528 82.563000415520676
51.129880942417586 82.697485830286936
51.873582186040764 82.833029915721781
52.628100813345895 82.973676970939238
53.393594166801776 83.123794685030987
54.17022187747612 83.280853563706728
54.95814589832399 83.439280027426094
55.75753053796041 83.592147506835175
56.56854249492426 83.736088692996930
57.39135089244048 83.877103403158529
58.226127313687975 84.020677036402134
59.073045837580466 84.169235876358115
59.932283075067765 84.322780023624375
60.804018205965114 84.477265199434555
61.68843301631817 84.630221122631355
62.58571193631152 84.780191654088782
63.49604207872855 84.928691675069075
64.41961327797075 85.076647599144366
65.35661812964459 85.222118203451771
66.3072520307241 85.365603387886793
67.27171322029778 85.508588768691752
68.25020282090806 85.649574065804615
69.2429248804921 85.789515155432639
70.25008641493265 85.925456305492503
71.27189745122783 86.056926919571652
72.30857107128878 86.188029839537080
73.36032345637442 86.330309342720966
74.42737393217246 86.491471154977745
75.50994501453623 86.657838818695637
76.60826245588666 86.811044550398776
77.72255529228926 86.948456333689535
78.85305589121582 87.082529839122486
80.00000000000082 87.222103463655458
81.16362679500274 87.364603438391043
82.34417893148023 87.508073966209196
83.541902594194 87.649544591154864
84.75704754874454 87.787985748875926
85.98986719365665 87.921382774696056
87.24061861322157 88.048309215172821
88.50956263110764 88.168735720222301
89.79696386475084 88.286338671569467
91.10309078053635 88.415603392136319
92.42821574978288 88.560662286052064
93.77261510554118 88.704485754631548
95.13656920021877 88.836868115310352
96.52036246404286 88.964412182386653
97.92428346437356 89.096000416630119
99.34862496587989 89.233074050380864
100.79368399159105 89.374059344310652
102.25976188483567 89.511382780005732
103.74716437208203 89.634662175155000
105.25620162669229 89.744500346804017
106.78718833360406 89.846573920613366
108.34044375495276 89.958382769427629
109.9162917966485 90.090015166558572
111.51506107592134 90.224853405795486
113.13708498984903 90.349294508695394
114.78270178488147 90.473368059596993
116.45225462737648 90.597132713453774
118.14609167516147 90.702926787154581
119.86456615013608 90.801132729081502
121.60803641193078 90.914162126857860
123.3768660326369 91.021853268282783
125.17142387262359 91.111882654257386
126.99208415745765 91.212765105519708
128.83922655594208 91.336897469162722
130.71323625928977 91.463132723221321
132.61450406144883 91.568353275040096
134.5434264405962 91.660970914081275
136.50040564181674 91.766206266716722
138.48584976098482 91.881044463732280
140.50017282986593 91.978647305853457
142.5437949024563 92.053588487864346
144.61714214257822 92.132897398640552
146.7206469127495 92.230941501908063
148.8547478643456 92.323632611647923
151.01989002907314 92.396544346668051
153.216524911774 92.471279719506043
155.4451105845792 92.560309126714117
157.70611178243232 92.646162043924249
160.00000000000236 92.725691439537400
162.3272535900062 92.807176748750251
164.6883578629612 92.884456109349770
167.08380518838874 92.942720755155335
169.51409509748981 92.993867846511705
171.97973438731407 93.055397259816118
174.4812372264439 93.112706053058275
177.01912526221608 93.160279582487618
179.5939277295025 93.212103084274787
182.20618156107355 93.244602965746822
184.85643149956664 93.245897034074403
187.54523021108326 93.242014709293557
190.27313840043846 93.241338198726737
193.04072492808663 93.225602845058546
195.84856692874806 93.194896919198982
198.69724993176072 93.147058608636584
201.58736798318304 93.082088025888396
204.5195237696723 93.024190993512264
207.49432874416505 92.964367392229633
210.5124032533856 92.884896804543899
213.57437666720915 92.817382212957256
216.68088750990657 92.783852908638465
219.83258359329807 92.781823603388972
223.03012215184378 92.810279590799411
226.2741699796992 92.870117913161053
229.5654035697641 92.949794429177530
232.90450925475412 93.042059198288669
236.2921833503241 93.152206261923880
239.72913230027333 93.264000345642486
243.21607282386276 93.365500354990075
246.75373206527502 93.470544461607574
250.34284774524843 93.571765004565634
253.9841683149166 93.653544354666735
257.67845311188546 93.726103199833148
261.42647251858085 93.798970808401890
265.22900812289896 93.860720753678947
269.08685288119375 93.906617794369254
273.0008112836349 93.951823714966707
276.97169952197106 94.010367841093284
281.00034565973334 94.065132499685262
285.0875898049141 94.105485406750347
289.23428428515797 94.136353021298333
293.44129382550057 94.159867729905613
297.7094957286928 94.187985404991977
302.0397800581479 94.221441280094865
306.4330498235497 94.250882439226444
310.89022116916016 94.275823604212633
315.41222356486645 94.294176510452729
320.00000000000654 94.306750058662232
324.6545071800142 94.325338315409539
329.3767157259242 94.347750059473185
334.16761037677935 94.363161802177729
339.02819019498156 94.373588255577459
343.95946877463007 94.379117674976470
348.9624744528898 94.391294184935248
354.03825052443415 94.411750058074091
359.187855459007 94.425088256201420
364.4123631221491 94.430014709208592
369.71286299913527 94.427852907632342
375.0904604221685 94.413646977084284
380.54627680087896 94.390176397336077
386.08144985617537 94.370205814624398
391.6971338574982 94.346514593501610
397.3944998635236 94.313029304318277
403.1747359663683 94.284088140723782
409.0390475393468 94.252823376163732
414.9886574883323 94.204323369526122
421.0248065067734 94.159941047452307
427.1487533344206 94.123985177464363
433.3617750198154 94.084264535463873
439.6651671865984 94.032735119262412
446.06024430368984 93.983470466462947
452.54833995940066 93.952735233757707
459.13080713953053 93.935720523829019
465.8090185095106 93.915102849601553
472.58436670065066 93.885029302519797
479.45826460054917 93.854102849682874
486.432145647728 93.830779361563245
493.50746413055253 93.817926453509941
500.6856954904994 93.812941163113464
507.9683366298358 93.810500000000005
515.3569062237735 93.812132383944515
522.8529450371643 93.822191219836753
530.4580162458005 93.835705929622549
538.1737057623901 93.849220638979190
546.0016225672724 93.863191221092364
553.9433990439449 93.878308895131909
562.0006913194694 93.900897150867635
570.1751796098309 93.927853023091160
578.4685685703187 93.951353024077434
586.8825876510039 93.975308895517571
595.4189914573883 93.996264766359275
604.0795601162986 94.013779477329564
612.8660996471021 94.035338314213419
621.780442338323 94.058294185713152
630.8244471297356 94.077235348917753
640.0000000000159 94.093235349329163
649.3090143600314 94.108161801852788
658.7534314518515 94.117588255674562
668.3352207535618 94.123573546444419
678.0563803899662 94.128073546299589
687.9189375492632 94.132544127815208
697.9249489057827 94.135029418493531
708.0765010488715 94.137558837182439
718.3757109180171 94.143117674189284
728.8247262443015 94.148499999999999
739.425725998274 94.146455872281479
750.1809208443404 94.143970581423702
761.0925536017613 94.141411744199957
772.1628997123541 94.134897035118541
783.3942677149998 94.128455872136513
794.7889997270506 94.124426453391109
806.34947193274 94.119441162950466
818.0780950786972 94.115955872120310
829.9773149766683 94.111397035075171
842.0496130135506 94.103867616501859
854.2975066688449 94.095926453531433
866.7235500396347 94.091455872127824
879.3303343732008 94.087926453775225
892.1204886073838 94.081897035161504
905.0966799188055 94.075941162752258
918.2616142790653 94.071955872183537
931.6180370190256 94.068485290723800
945.1687334013056 94.067014709294114
958.9165292011028 94.067455872180631
972.8642912954606 94.064985290702026
987.0149282611097 94.065044127887859
1001.3713909810035 94.068029418577041
1015.9366732596762 94.070014709282589
1030.7138124475518 94.071544127786552
1045.7058900743334 94.076147092822680
1060.916032491606 94.087205929622570
1076.3474115247852 94.102220638979190
1092.0032451345498 94.118779475815685
1107.8867980878947 94.139323604423907
1124.0013826389438 94.161838313702063
1140.350359219667 94.185882441682082
1156.9371371406426 94.213985406195860
1173.765175302013 94.248000116552276
1190.837982914782 94.281985406904496
1208.1591202326028 94.315529533996909
1225.73219929421 94.353588370359148
1243.5608846766518 94.393529534283701
1261.648894259477 94.430058953679691
1280.0000000000375 94.469617789791158
1298.6180287200684 94.512132498219017
1317.5068629037087 94.555132498934782
1336.6704415071292 94.598117790069381
1356.112760779938 94.639588370456565
1375.8378750985323 94.679588370928428
1395.8498978115715 94.720603081144432
1416.153002097749 94.761588371824345
1436.7514218360407 94.801073661672774
1457.6494524886093 94.839058953418913
1478.8514519965543 94.876014824968195
1500.3618416886875 94.911014825132796
1522.1851072035295 94.945441279000221
1544.3257994247153 94.971779476106832
1566.788535430007 94.988161802166132
1589.5779994541087 94.997014709280919
1612.6989438654878 94.995338198113785
1636.156190157402 94.981176395548928
1659.9546299533442 94.955999884650808
1684.099226027109 94.916646861900858
1708.5950133376978 94.852264419228334
1733.4471000792773 94.762514361518669
1758.6606687464096 94.660529071580299
1784.2409772147755 94.563749709387551
1810.193359837619 94.481926222930042
1836.5232285581387 94.408323258227398
1863.2360740380593 94.323484944663988
1890.3374668026197 94.213117210216566
1917.833058402214 94.080425992638908
1945.7285825909298 93.937293605460980
1974.0298565222283 93.783572966167270
2002.7427819620161 93.615425874685897
2031.8733465193618 93.439940584828335
2061.4276248951132 93.264322908368982
2091.411780148677 93.079102271393268
2121.832064983222 92.878911049031970
2152.694823049581 92.666249245704904
2184.0064902691106 92.445249248002369
2215.7735961758003 92.226822792730957
2248.002765277899 92.011322792863680
2280.7007184393456 91.794381629361311
2313.874274281297 91.584499306973811
2347.530350604038 91.379925760098033
2381.6759658295764 91.169793378701414
2416.318240465218 90.949190412519243
2451.4643985884327 90.723131573626176
2487.1217693533167 90.493528608584555
2523.2977885189675 90.255425644762141
2560.0000000000887 90.014013900276154
2597.236057440151 89.779043317809595
2635.0137258074315 89.543543319774983
2673.340883014273 89.310131573019106
2712.225521559891 89.082190410624889
2751.6757501970797 88.859866924963214
2791.699795623158 88.651602273374223
2832.3060041955137 88.454058145464856
2873.502843672097 88.254146400909747
2915.2989049772345 88.064322911491061
2957.7029039931244 87.881234654585541
3000.723683377391 87.690175816544183
3044.370214407075 87.501322911402994
3088.6515988494466 87.319749362682472
3133.57707086003 87.132249363175546
3179.1559989082334 86.951646515155446
3225.3978877309914 86.800573083907139
3272.3123803148205 86.677970235568338
3319.9092599067053 86.581852676504141
3368.198452054235 86.507529187680262
3417.190026675413 86.444117443517712
3466.8942001585724 86.386911628347633
3517.3213374928373 86.355485290715791
3568.4819544295697 86.366588371279335
3620.386719675257 86.411426684285345
3673.0464571162966 86.487691568458956
3726.472148076138 86.617882902567345
3780.6749336052594 86.786088832739495
3835.6661168044484 86.968133078782259
3891.45716518188 87.201368656230017
3948.059713044477 87.523618944770632
4005.4855639240527 87.918177900753989
4063.746693038744 88.341472084562128
4122.855249790247 88.790001616532336
4182.823560297375 89.280869466013399
4243.664129966465 89.827398995762238
4305.389646099183 90.404149056578291
4368.012980538242 90.992104931486722
4431.5471923516225 91.574649055344850
4496.00553055582 92.169060914878102
4561.401436878714 92.790105045078931
4627.748548562617 93.403193184208448
4695.060701208099 93.987840162796431
4763.351931659176 94.546369468049917
4832.63648093046 95.074089987289398
4902.928797176889 95.593237084377932
4974.243538706657 96.119045863333696
5046.595577037959 96.621957489825263
5120.000000000202 97.082251444484086
5194.472114880326 97.494986563647018
5270.027451614888 97.848339236878303
5346.6817660285715 98.117941857549340
5424.451043119808 98.293029765716710
5503.351500394186 98.369926453574919
5583.399591246343 98.332087793100044
5664.612008391055 98.170352097443740
5747.005687344222 97.891645820144646
5830.597809954497 97.499116058119711
5915.405807986278 97.006939312114270
6001.447366754812 96.444762688862212
6088.740428814181 95.843939084953774
6177.303197698925 95.224791990954870
6267.154141720092 94.600439085279589
6358.3119978165005 93.989233268763513
6450.795775462017 93.399645127169720
6544.624760629676 92.842748207533987
6639.818519813445 92.326792450168313
6736.396904108505 91.845733732316802
6834.380053350861 91.392586751825689
6933.788400317181 90.966130996505228
7034.642674985712 90.578851750530788
7136.963908859177 90.244704889660781
7240.773439350552 89.965925644011804
7346.092914232631 89.735116980815604
7452.944296152315 89.553970118757292
7561.349867210557 89.424308432103487
7671.332233608935 89.304499537775641
7782.914330363799 89.162867154403585
7896.119426088994 89.025984944237507
8010.971127848146 88.942146977294357
8127.49338607753 88.940941394102168
8245.710499580537 89.026544589701714
8365.647120594791 89.180853600807140
8487.328259932974 89.388839122714856
8610.77929219841 89.674824759407500
8736.025961076528 90.061883829614231
8863.094384703289 90.493295458429998
8992.011061111683 90.858515634763819
9122.802873757471 91.096015171528023
9255.497097125279 91.196897035043207
9390.121402416245 91.146484712807364
9526.7038633184 90.931145937915559
9665.272961860968 90.565380821919490
9805.857594353829 90.093880593447466
9948.487077413367 89.570262915957855
10093.19115407597 89.055616056484496
10240.000000000457 88.617395879444629
10388.944229760706 88.311764074018640
10540.05490322983 88.172279360738486
10693.363532057198 88.192926800303852
10848.902086239672 88.299015055795053
11006.703000788428 88.379941162859950
11166.799182492743 88.331940584610777
11329.224016782166 88.115704773252560
11494.0113746885 87.757983789107925
11661.195619909053 87.284880475636882
11830.811615972614 86.706983092952214
12002.894733509682 86.028423793814085
12177.48085762842 85.181790601198685
12354.606395397908 84.071127994030107
12534.308283440243 82.769407466730556
12716.62399563306 81.566834731867601
12901.591550924093 80.577908622512751
13089.249521259411 79.667173504685962
13279.637039626952 78.818967924103760
13472.793808217073 78.047041584616764
13668.760106701786 77.306835772070116
13867.576800634426 76.591424141869666
14069.285349971487 75.920144895250047
14273.927817718419 75.291321408041995
14481.54687870117 74.651997571393792
14692.18582846533 73.886320368026858
14905.888592304698 72.887834380811242
15122.699734421185 71.768246937374585
15342.664467217943 71.076529418562387
15565.828660727671 71.334311786606847
15792.238852178061 72.356342823427212
16021.942255696367 73.746828345553325
16254.986772155136 75.118606895950620
16491.42099916115 76.137678361065383
16731.294241189662 76.487352213542550
16974.65651986603 76.100526759702447
17221.558584396902 75.233569961061903
17472.051922153143 74.146319559937083
17726.188769406665 72.964937117933999
17984.022122223458 71.789422755853934
18245.605747515034 70.747026414056165
18510.99419425065 69.923835885336558
18780.242804832582 69.247821176974611
19053.40772663689 68.503129146646700
19330.545923722028 67.475069270708417
19611.71518870775 66.164848051801272
19896.974154826825 64.700553520259405
20186.382308152035 63.090964688155609
