20	67.79291059306244
20.290906698750476	67.78047763058255
20.586044732869844	67.76806168768347
20.885475648548283	67.75568015319392
21.189261887185914	67.74334302115055
21.49746679841394	67.7310471953937
21.810154653305165	67.71877479882313
22.12739065777668	67.70649420922079
22.449240966187475	67.69416183649923
22.77577269513385	67.68172457659769
23.107053937445478	67.6691235512112
23.44315377638505	67.65630026005034
23.784142300054445	67.6432056044496
24.130090616010463	67.62980974479852
24.481070866093134	67.61610949397793
24.837156241469714	67.60212972021758
25.1984209978975	67.587917579114
25.56494047120865	67.5735315935149
25.936791093020236	67.55903026593244
26.3140504066728	67.54446506017504
26.69679708340074	67.52987899755759
27.08511093873791	67.51531001761887
27.47907294916184	67.50079500073137
27.878765268980047	67.48637174729204
28.284271247461966	67.47207853392909
28.695675446220072	67.4579525657057
29.11306365684382	67.44402785920236
29.536522918790062	67.4303332589195
29.966141537533712	67.41689033347069
30.402009102982383	67.40371179038932
30.844216508158908	67.39080138209556
31.29285596815558	67.3781553924251
31.74802103936409	67.36576483727217
32.20980663898519	67.35361701643143
32.67830906482211	67.34169589753188
33.153626015361866	67.32998177010906
33.63585661014871	67.3184511800586
34.125101410453844	67.30707746822246
34.62146244024586	67.2958311619319
35.12504320746613	67.28468023398095
35.635948725613716	67.27359031989313
36.15428553564419	67.26252565559851
36.68016172818701	67.25144969146652
37.21368696608603	67.24032553421145
37.754972507267915	67.22911617337103
38.30413122794313	67.2177847932386
38.86127764614443	67.20629514837789
39.4265279456077	67.19461082182787
40.000000000000206	67.18269412711577
40.58181339750116	67.170505724848
41.1720894657399	67.15800483862037
41.77095129709678	67.14514996474209
42.37852377437204	67.13189968693858
42.9949335968281	67.1182132374936
43.62030930661056	67.10405072199484
44.25478131555359	67.08937312663748
44.89848193237519	67.07414260425405
45.55154539026795	67.05832259522457
46.21410787489121	67.04187773410696
46.88630755277036	67.0247742313989
47.56828460010916	67.00698057184121
48.260181232021196	66.98846761732723
48.962141732186545	66.96920819548377
49.674312482939705	66.94917751457308
50.39684199579528	66.92835447257566
51.129880942417586	66.90672151096675
51.873582186040764	66.88426243843936
52.628100813345895	66.86096092678376
53.393594166801776	66.83680132371519
54.17022187747612	66.81177070104609
54.95814589832399	66.78586110390432
55.75753053796041	66.75907008902035
56.56854249492426	66.73139931312008
57.39135089244048	66.70285288410047
58.226127313687975	66.67343537476499
59.073045837580466	66.64315022958712
59.932283075067765	66.61199929522853
60.804018205965114	66.57998169594812
61.68843301631817	66.54709217832915
62.58571193631152	66.5133198718072
63.49604207872855	66.47864637360485
64.41961327797075	66.44304548296773
65.35661812964459	66.40648489460173
66.3072520307241	66.36892832948777
67.27171322029778	66.33033700702627
68.25020282090806	66.29067037319737
69.2429248804921	66.24988633468661
70.25008641493265	66.20794076781799
71.27189745122783	66.16478747110403
72.30857107128878	66.12037689781702
73.36032345637442	66.07465389662212
74.42737393217246	66.02755625515971
75.50994501453623	65.97901510924373
76.60826245588666	65.92895729356795
77.72255529228926	65.87730973471665
78.85305589121582	65.82400596743919
80.00000000000082	65.76899687599986
81.16362679500274	65.71225847770647
82.34417893148023	65.65379512655767
83.541902594194	65.59364084175874
84.75704754874454	65.53185886097339
85.98986719365665	65.46854080864404
87.24061861322157	65.4038037222889
88.50956263110764	65.33778654586149
89.79696386475084	65.27064622612852
91.10309078053635	65.20255226815259
92.42821574978288	65.13368098582048
93.77261510554118	65.0642111650763
95.13656920021877	64.99431945584776
96.52036246404286	64.92417550014069
97.92428346437356	64.85393735752675
99.34862496587989	64.78374547587762
100.79368399159105	64.71371528188638
102.25976188483567	64.64392638167156
103.74716437208203	64.57440829927702
105.25620162669229	64.50512428638889
106.78718833360406	64.43595611355701
108.34044375495276	64.3666981591546
109.9162917966485	64.29706794539933
111.51506107592134	64.22673664255423
113.13708498984903	64.15537457141743
114.78270178488147	64.08270647922258
116.45225462737648	64.0085658633098
118.14609167516147	63.9329365698263
119.86456615013608	63.85597517740053
121.60803641193078	63.7780139604714
123.3768660326369	63.69954559175862
125.17142387262359	63.62121033339707
126.99208415745765	63.543771674982835
128.83922655594208	63.46807992511882
130.71323625928977	63.39502893620752
132.61450406144883	63.32551045505311
134.5434264405962	63.26037153612621
136.50040564181674	63.20036798558696
138.48584976098482	63.1461249233346
140.50017282986593	63.09811516148104
142.5437949024563	63.0566535594134
144.61714214257822	63.02191389393692
146.7206469127495	62.99396304162389
148.8547478643456	62.97279240821532
151.01989002907314	62.95834168119973
153.216524911774	62.95049144492464
155.4451105845792	62.94902772598786
157.70611178243232	62.95358911917581
160.00000000000236	62.963609916374416
162.3272535900062	62.97828058188664
164.6883578629612	62.996527673279516
167.08380518838874	63.01705513102546
169.51409509748981	63.03840955116362
171.97973438731407	63.059115962819696
174.4812372264439	63.07781340983099
177.01912526221608	63.09336666447163
179.5939277295025	63.104947211834435
182.20618156107355	63.11206229648705
184.85643149956664	63.11453058076745
187.54523021108326	63.11243643192584
190.27313840043846	63.10607754512686
193.04072492808663	63.09589917899917
195.84856692874806	63.08242547279681
198.69724993176072	63.06619562291905
201.58736798318304	63.04771665967557
204.5195237696723	63.027434131106396
207.49432874416505	63.005722260016604
210.5124032533856	62.98290414973144
213.57437666720915	62.95928089396039
216.68088750990657	62.93515614798935
219.83258359329807	62.910858847051955
223.03012215184378	62.88675703895004
226.2741699796992	62.8632600134679
229.5654035697641	62.840815316345854
232.90450925475412	62.819903366231024
236.2921833503241	62.8010210849368
239.72913230027333	62.78465262687166
243.21607282386276	62.771235631913626
246.75373206527502	62.76112508862398
250.34284774524843	62.75455450036795
253.9841683149166	62.75159845569681
257.67845311188546	62.7521458665858
261.42647251858085	62.75588570096474
265.22900812289896	62.76231152105411
269.08685288119375	62.77074454515153
273.0008112836349	62.78037803448801
276.97169952197106	62.79033681305781
281.00034565973334	62.79974039877994
285.0875898049141	62.80775508787039
289.23428428515797	62.81363222936637
293.44129382550057	62.816734632962515
297.7094957286928	62.8165528110589
302.0397800581479	62.812707103498816
306.4330498235497	62.80494189274742
310.89022116916016	62.7931171074052
315.41222356486645	62.77719730552917
320.00000000000654	62.75724835663767
324.6545071800142	62.73344558900506
329.3767157259242	62.70611215576182
334.16761037677935	62.67573535092223
339.02819019498156	62.642936706360786
343.95946877463007	62.60847979215118
348.9624744528898	62.57328569193672
354.03825052443415	62.53844192571442
359.187855459007	62.50522277111212
364.4123631221491	62.475094404051376
369.71286299913527	62.44969222898707
375.0904604221685	62.430777473017855
380.54627680087896	62.42015933705833
386.08144985617537	62.41958952775626
391.6971338574982	62.43063656614382
397.3944998635236	62.45453690921555
403.1747359663683	62.49205342353334
409.0390475393468	62.5433368448205
414.9886574883323	62.607826576248556
421.0248065067734	62.68421776160005
427.1487533344206	62.77051346449813
433.3617750198154	62.86415927151147
439.6651671865984	62.96224863117486
446.06024430368984	63.06175857424401
452.54833995940066	63.15977588090833
459.13080713953053	63.25369200071391
465.8090185095106	63.34136363278563
472.58436670065066	63.42122128235786
479.45826460054917	63.49232107424023
486.432145647728	63.554345522727765
493.50746413055253	63.607550133443034
500.6856954904994	63.652677428976745
507.9683366298358	63.69084556146727
515.3569062237735	63.72341837972634
522.8529450371643	63.7518604264584
530.4580162458005	63.77759428716223
538.1737057623901	63.80185990881836
546.0016225672724	63.825605466109096
553.9433990439449	63.84943905941773
562.0006913194694	63.873634755375484
570.1751796098309	63.89817402735481
578.4685685703187	63.92280574423342
586.8825876510039	63.947103734108005
595.4189914573883	63.97052168771782
604.0795601162986	63.992445688802626
612.8660996471021	64.01224824123729
621.780442338323	64.02934483831548
630.8244471297356	64.04325903110873
640.0000000000159	64.05369517269322
649.3090143600314	64.06059636467427
658.7534314518515	64.06417660439958
668.3352207535618	64.06492993471619
678.0563803899662	64.06361809168766
687.9189375492632	64.06123541206503
697.9249489057827	64.05894961508238
708.0765010488715	64.05802607957065
718.3757109180171	64.05975064021818
728.8247262443015	64.06534986674703
739.425725998274	64.07590985402464
750.1809208443404	64.09230457663178
761.0925536017613	64.11512218817994
772.1628997123541	64.14459722607567
783.3942677149998	64.18056048716433
794.7889997270506	64.22240364736406
806.34947193274	64.26907641465502
818.0780950786972	64.31913539238354
829.9773149766683	64.37085870291327
842.0496130135506	64.42242293663652
854.2975066688449	64.47212836527599
866.7235500396347	64.5186338203168
879.3303343732008	64.56113556515902
892.1204886073838	64.59943878453244
905.0966799188055	64.63392126461795
918.2616142790653	64.66540513984732
931.6180370190256	64.69498111672124
945.1687334013056	64.72382800687407
958.9165292011028	64.75306141274227
972.8642912954606	64.78363022123133
987.0149282611097	64.81626367335585
1001.3713909810035	64.85145985571965
1015.9366732596762	64.88949847138956
1030.7138124475518	64.93046715217868
1045.7058900743334	64.9742995257783
1060.916032491606	65.02081648332614
1076.3474115247852	65.06976726304981
1092.0032451345498	65.12086605274223
1107.8867980878947	65.17383067277879
1124.0013826389438	65.22841176782804
1140.350359219667	65.28441603341395
1156.9371371406426	65.34172418342503
1173.765175302013	65.40030214538568
1190.837982914782	65.46019454506596
1208.1591202326028	65.52150892565851
1225.73219929421	65.58439412061077
1243.5608846766518	65.64901264966697
1261.648894259477	65.71550949097414
1280.0000000000375	65.78398740132775
1298.6180287200684	65.85448916209991
1317.5068629037087	65.92699610579514
1336.6704415071292	66.00143583703175
1356.112760779938	66.07769960569911
1375.8378750985323	66.15567070437326
1395.8498978115715	66.23525705980322
1416.153002097749	66.31643158664255
1436.7514218360407	66.39926076268583
1457.6494524886093	66.48391027226035
1478.8514519965543	66.57064794465934
1500.3618416886875	66.65982932395283
1522.1851072035295	66.75187392551939
1544.3257994247153	66.84724432047294
1566.788535430007	66.94642433857557
1589.5779994541087	67.04989502144227
1612.6989438654878	67.15811033250077
1636.156190157402	67.27148121476006
1659.9546299533442	67.39036803127615
1684.099226027109	67.5150752013706
1708.5950133376978	67.64585196009135
1733.4471000792773	67.78289001995452
1758.6606687464096	67.92633232709102
1784.2409772147755	68.07628100794996
1810.193359837619	68.23279582786896
1836.5232285581387	68.39589170256359
1863.2360740380593	68.56554846718142
1890.3374668026197	68.74171732691967
1917.833058402214	68.92433216156977
1945.7285825909298	69.11331165487844
1974.0298565222283	69.30856290744539
2002.7427819620161	69.50997019151245
2031.8733465193618	69.71737875746946
2061.4276248951132	69.93058205580505
2091.411780148677	70.14929018426805
2121.832064983222	70.37310701186736
2152.694823049581	70.60149686903311
2184.0064902691106	70.83374785836668
2215.7735961758003	71.06895031846538
2248.002765277899	71.30598545957167
2280.7007184393456	71.54351399629657
2313.874274281297	71.7799813740624
2347.530350604038	72.01363740576052
2381.6759658295764	72.24258980072622
2416.318240465218	72.46488583297874
2451.4643985884327	72.67862669335092
2487.1217693533167	72.88210758339619
2523.2977885189675	73.07395751203161
2560.0000000000887	73.25325776060019
2597.236057440151	73.41961053343424
2635.0137258074315	73.57312265689266
2673.340883014273	73.71426654508161
2712.225521559891	73.84364337603539
2751.6757501970797	73.96166098140422
2791.699795623158	74.06818794338211
2832.3060041955137	74.16230920309114
2873.502843672097	74.2422663533026
2915.2989049772345	74.30567210479619
2957.7029039931244	74.35002159508765
3000.723683377391	74.37337773046485
3044.370214407075	74.37502616678381
3088.6515988494466	74.35588792157864
3133.57707086003	74.3185530230289
3179.1559989082334	74.26691607280094
3225.3978877309914	74.20556275067179
3272.3123803148205	74.13910790151373
3319.9092599067053	74.07161035341292
3368.198452054235	74.00612903487131
3417.190026675413	73.94439880411012
3466.8942001585724	73.88650966417053
3517.3213374928373	73.83055140930273
3568.4819544295697	73.77214372312757
3620.386719675257	73.7038370816396
3673.0464571162966	73.61454854200787
3726.472148076138	73.48937134667628
3780.6749336052594	73.31017521709829
3835.6661168044484	73.05726686666
3891.45716518188	72.71243976097603
3948.059713044477	72.26328235406532
4005.4855639240527	71.7080609425139
4063.746693038744	71.05987919499304
4122.855249790247	70.34835319473511
4182.823560297375	69.61730392860503
4243.664129966465	68.91807610021418
4305.389646099183	68.29999571148902
4368.012980538242	67.8009776849122
4431.5471923516225	67.44166840104552
4496.00553055582	67.22476245961303
4561.401436878714	67.1388849087057
4627.748548562617	67.1647954626927
4695.060701208099	67.28148815568788
4763.351931659176	67.47045618148725
4832.63648093046	67.7170448827348
4902.928797176889	68.00914112272781
4974.243538706657	68.33438454565585
5046.595577037959	68.6775824274558
5120.000000000202	69.01984736295482
5194.472114880326	69.34012110080978
5270.027451614888	69.61848978760962
5346.6817660285715	69.8399257488983
5424.451043119808	69.99681092240372
5503.351500394186	70.08971522661022
5583.399591246343	70.12660540130005
5664.612008391055	70.12102169463796
5747.005687344222	70.09000121007864
5830.597809954497	70.05213088670352
5915.405807986278	70.0256428051153
6001.447366754812	70.02646953428645
6088.740428814181	70.06598364839971
6177.303197698925	70.14819388293982
6267.154141720092	70.26720455144888
6358.3119978165005	70.40649837386373
6450.795775462017	70.54125915918404
6544.624760629676	70.6439735026727
6639.818519813445	70.69158044327983
6736.396904108505	70.66951451474853
6834.380053350861	70.56803219500698
6933.788400317181	70.3707996606909
7034.642674985712	70.04260700504648
7136.963908859177	69.52726189800262
7240.773439350552	68.76477527695765
7346.092914232631	67.72631655422015
7452.944296152315	66.44712598811618
7561.349867210557	65.0286152408432
7671.332233608935	63.60246072953501
7782.914330363799	62.28492662213765
7896.119426088994	61.16463380784187
8010.971127848146	60.32130277961758
8127.49338607753	59.8193493055805
8245.710499580537	59.67982306571563
8365.647120594791	59.862406625877675
8487.328259932974	60.281262759332684
8610.77929219841	60.83707724512005
8736.025961076528	61.447534541236685
8863.094384703289	62.06131295069789
8992.011061111683	62.65528495832814
9122.802873757471	63.221402211643856
9255.497097125279	63.751693714648574
9390.121402416245	64.2295020365605
9526.7038633184	64.63194363451302
9665.272961860968	64.94164064390257
9805.857594353829	65.15628982333361
9948.487077413367	65.28797455882747
10093.19115407597	65.35680171269236
10240.000000000457	65.38418473458474
10388.944229760706	65.38542266616726
10540.05490322983	65.3631094169327
10693.363532057198	65.30432618943553
10848.902086239672	65.19445541171467
11006.703000788428	65.05115835971014
11166.799182492743	64.9305732431946
11329.224016782166	64.90584479888305
11494.0113746885	65.04236738774978
11661.195619909053	65.38283289700571
11830.811615972614	65.93872370156284
12002.894733509682	66.68384189827091
12177.48085762842	67.54777895081077
12354.606395397908	68.41356748553409
12534.308283440243	69.12592451506289
12716.62399563306	69.50949773808946
12901.591550924093	69.39909008520425
13089.249521259411	68.69457889111945
13279.637039626952	67.42136909447463
13472.793808217073	65.73811041365944
13668.760106701786	63.88926007251324
13867.576800634426	62.14650076424625
14069.285349971487	60.75907897291088
14273.927817718419	59.91415878358857
14481.54687870117	59.68646566150705
14692.18582846533	59.98240583555204
14905.888592304698	60.536894967104885
15122.699734421185	61.017359579308234
15342.664467217943	61.172450743692
15565.828660727671	60.87329094234653
15792.238852178061	60.083676124105466
16021.942255696367	58.97221051676533
16254.986772155136	57.980749796225524
16491.42099916115	57.38909673560414
16731.294241189662	57.03661522469152
16974.65651986603	56.79943674909514
17221.558584396902	56.633752185337066
17472.051922153143	56.471652355246924
17726.188769406665	56.195341891133225
17984.022122223458	55.72770651945114
18245.605747515034	55.144719969558125
18510.99419425065	54.66445758764165
18780.242804832582	54.47660186241292
19053.40772663689	54.35131828491239
19330.545923722028	53.389439024679085
19611.71518870775	50.93609341048546
19896.974154826825	48.12099151710656
20186.382308152035	46.683240706520955