20	104.6851331535307
20.290906698750476	104.63061201915157
20.586044732869844	104.57608012145228
20.885475648548283	104.52151972205377
21.189261887185914	104.46690538031234
21.49746679841394	104.41220480290535
21.810154653305165	104.35737972597364
22.12739065777668	104.30238686469468
22.449240966187475	104.24717897992106
22.77577269513385	104.19170611284818
23.107053937445478	104.13591702721538
23.44315377638505	104.07976088125547
23.784142300054445	104.02318913268473
24.130090616010463	103.9661576615284
24.481070866093134	103.90862907659464
24.837156241469714	103.85057514995297
25.1984209978975	103.79197929982358
25.56494047120865	103.73283901731217
25.936791093020236	103.67316810910268
26.3140504066728	103.61299861003796
26.69679708340074	103.55238221066566
27.08511093873791	103.49139104963645
27.47907294916184	103.43011774355168
27.878765268980047	103.36867456902442
28.284271247461966	103.30719176651614
28.695675446220072	103.24581499067207
29.11306365684382	103.18470197360526
29.536522918790062	103.12401849324675
29.966141537533712	103.06393376222628
30.402009102982383	103.00461538502942
30.844216508158908	102.94622407338306
31.29285596815558	102.88890835684427
31.74802103936409	102.83279956327831
32.20980663898519	102.77800734495128
32.67830906482211	102.724615982976
33.153626015361866	102.6726816301295
33.63585661014871	102.62223057446566
34.125101410453844	102.57325854338119
34.62146244024586	102.52573102376786
35.12504320746613	102.47958454476378
35.635948725613716	102.43472884862672
36.15428553564419	102.39104985535728
36.68016172818701	102.34841330727065
37.21368696608603	102.30666896394756
37.754972507267915	102.26565520423136
38.30413122794313	102.2252038765487
38.86127764614443	102.18514522335283
39.4265279456077	102.14531269804145
40.000000000000206	102.10554750678301
40.58181339750116	102.0657027507127
41.1720894657399	102.02564709786775
41.77095129709678	101.98526794717785
42.37852377437204	101.94447404841371
42.9949335968281	101.90319751913252
43.62030930661056	101.86139516969286
44.25478131555359	101.81904904341766
44.89848193237519	101.77616611326913
45.55154539026795	101.73277713850624
46.21410787489121	101.68893475576697
46.88630755277036	101.64471092904735
47.56828460010916	101.60019390046965
48.260181232021196	101.55548477731386
48.962141732186545	101.5106938740931
49.674312482939705	101.46593691816821
50.39684199579528	101.4213312267185
51.129880942417586	101.3769919644759
51.873582186040764	101.33302859151077
52.628100813345895	101.28954160669532
53.393594166801776	101.2466196822395
54.17022187747612	101.20433726531371
54.95814589832399	101.16275269465059
55.75753053796041	101.12190684663695
56.56854249492426	101.08182229405486
57.39135089244048	101.04250293632964
58.226127313687975	101.00393403950052
59.073045837580466	100.9660826038886
59.932283075067765	100.92889796126737
60.804018205965114	100.89231249543226
61.68843301631817	100.85624238344923
62.58571193631152	100.82058827289897
63.49604207872855	100.78523584461495
64.41961327797075	100.75005625944259
65.35661812964459	100.7149065421949
66.3072520307241	100.67963000007803
67.27171322029778	100.64405679768767
68.25020282090806	100.60800481430039
69.2429248804921	100.57128089549015
70.25008641493265	100.53368258705555
71.27189745122783	100.49500041113795
72.30857107128878	100.45502071885643
73.36032345637442	100.41352913450599
74.42737393217246	100.37031459481344
75.50994501453623	100.32517397956354
76.60826245588666	100.27791732049563
77.72255529228926	100.22837355972433
78.85305589121582	100.17639680558447
80.00000000000082	100.1218730042898
81.16362679500274	100.06472691290796
82.34417893148023	100.00492922517833
83.541902594194	99.9425036689928
84.75704754874454	99.87753386440609
85.98986719365665	99.81016970422823
87.24061861322157	99.74063299486173
88.50956263110764	99.66922206988097
89.79696386475084	99.59631506280223
91.10309078053635	99.52237150219908
92.42821574978288	99.44793187671817
93.77261510554118	99.37361481578014
95.13656920021877	99.30011154876331
96.52036246404286	99.22817734460746
97.92428346437356	99.15861969805086
99.34862496587989	99.09228312120851
100.79368399159105	99.03003052265527
102.25976188483567	98.97272131287659
103.74716437208203	98.92118656433284
105.25620162669229	98.87620177072215
106.78718833360406	98.83845797924089
108.34044375495276	98.8085322933821
109.9162917966485	98.7868589435456
111.51506107592134	98.77370227956739
113.13708498984903	98.76913313628043
114.78270178488147	98.7730100428966
116.45225462737648	98.78496667210683
118.14609167516147	98.80440674346178
119.86456615013608	98.83050731307965
121.60803641193078	98.86223101056571
123.3768660326369	98.89834735901006
125.17142387262359	98.93746286761996
126.99208415745765	98.97805916747342
128.83922655594208	99.01853809246981
130.71323625928977	99.05727232354256
132.61450406144883	99.09266002212235
134.5434264405962	99.12318174530077
136.50040564181674	99.14745781652401
138.48584976098482	99.16430418657208
140.50017282986593	99.17278464516413
142.5437949024563	99.17225703688196
144.61714214257822	99.16241092890576
146.7206469127495	99.14329402700731
148.8547478643456	99.11532460216087
151.01989002907314	99.07928734433776
153.216524911774	99.0363104972008
155.4451105845792	98.98782293227663
157.70611178243232	98.93549107700238
160.00000000000236	98.8811373436042
162.3272535900062	98.82664383976066
164.6883578629612	98.77384746084307
167.08380518838874	98.72443455622894
169.51409509748981	98.67984468562128
171.97973438731407	98.641192976266
174.4812372264439	98.60921892631454
177.01912526221608	98.584266274832
179.5939277295025	98.56629440569061
182.20618156107355	98.55491763727223
184.85643149956664	98.54946560387876
187.54523021108326	98.54905632198269
190.27313840043846	98.5526734987297
193.04072492808663	98.55924081131403
195.84856692874806	98.56768772689117
198.69724993176072	98.57700344589934
201.58736798318304	98.58627738916425
204.5195237696723	98.59472612988196
207.49432874416505	98.60170774094823
210.5124032533856	98.60672521148634
213.57437666720915	98.6094209497159
216.68088750990657	98.60956450944246
219.83258359329807	98.60703562593676
223.03012215184378	98.60180448310773
226.2741699796992	98.59391090357848
229.5654035697641	98.58344388889003
232.90450925475412	98.57052265869262
236.2921833503241	98.55528005642775
239.72913230027333	98.53784891171568
243.21607282386276	98.51835168188497
246.75373206527502	98.49689344832814
250.34284774524843	98.47355812410679
253.9841683149166	98.44840754508155
257.67845311188546	98.42148297042982
261.42647251858085	98.3928084174932
265.22900812289896	98.36239520389472
269.08685288119375	98.33024707077497
273.0008112836349	98.29636531394635
276.97169952197106	98.26075344760436
281.00034565973334	98.2234210586503
285.0875898049141	98.18438666072473
289.23428428515797	98.14367951008073
293.44129382550057	98.10134048358367
297.7094957286928	98.05742223230855
302.0397800581479	98.01198890433275
306.4330498235497	97.96511577547062
310.89022116916016	97.91688913642572
315.41222356486645	97.86740675934566
320.00000000000654	97.81677920798963
324.6545071800142	97.76513216710656
329.3767157259242	97.71260985369187
334.16761037677935	97.65937944283804
339.02819019498156	97.60563630657136
343.95946877463007	97.55160973406682
348.9624744528898	97.49756868780261
354.03825052443415	97.44382706127094
359.187855459007	97.39074784825958
364.4123631221491	97.33874561421064
369.71286299913527	97.28828667106647
375.0904604221685	97.23988639436851
380.54627680087896	97.19410318590491
386.08144985617537	97.15152868509793
391.6971338574982	97.11277398903225
397.3944998635236	97.07845187732401
403.1747359663683	97.04915538299501
409.0390475393468	97.02543349775264
414.9886574883323	97.00776530882494
421.0248065067734	96.99653436333011
427.1487533344206	96.99200544135938
433.3617750198154	96.99430608070762
439.6651671865984	97.00341506789869
446.06024430368984	97.01915964879629
452.54833995940066	97.04122243006873
459.13080713953053	97.06915794667248
465.8090185095106	97.10241779991583
472.58436670065066	97.14038229119657
479.45826460054917	97.18239570798391
486.432145647728	97.22780198364678
493.50746413055253	97.27597741935345
500.6856954904994	97.32635754204584
507.9683366298358	97.37845593394512
515.3569062237735	97.43187391201485
522.8529450371643	97.48630108065315
530.4580162458005	97.54150785416154
538.1737057623901	97.59733182607081
546.0016225672724	97.65366025678343
553.9433990439449	97.71041095135146
562.0006913194694	97.76751347468793
570.1751796098309	97.82489217548364
578.4685685703187	97.88245199245863
586.8825876510039	97.94006761623362
595.4189914573883	97.99757632382979
604.0795601162986	98.05477468846205
612.8660996471021	98.1114193483922
621.780442338323	98.1672319813668
630.8244471297356	98.22190849264838
640.0000000000159	98.27513215385437
649.3090143600314	98.32659004748606
658.7534314518515	98.3759917672915
668.3352207535618	98.42308898521911
678.0563803899662	98.46769428476776
687.9189375492632	98.5096976361194
697.9249489057827	98.54907904183591
708.0765010488715	98.58591623502242
718.3757109180171	98.62038680019123
728.8247262443015	98.65276467555343
739.425725998274	98.68341156528665
750.1809208443404	98.71276426639574
761.0925536017613	98.74131918455743
772.1628997123541	98.76961534772248
783.3942677149998	98.79821703847507
794.7889997270506	98.82769684031345
806.34947193274	98.8586195585346
818.0780950786972	98.89152721141646
829.9773149766683	98.92692511705528
842.0496130135506	98.96526902556708
854.2975066688449	99.00695328414193
866.7235500396347	99.05230016562858
879.3303343732008	99.10155069087176
892.1204886073838	99.15485746307348
905.0966799188055	99.21228014554566
918.2616142790653	99.27378422718165
931.6180370190256	99.33924360229916
945.1687334013056	99.40844727011401
958.9165292011028	99.48111014136357
972.8642912954606	99.55688757397823
987.0149282611097	99.63539287138295
1001.3713909810035	99.7162166094446
1015.9366732596762	99.79894638593565
1030.7138124475518	99.88318547202955
1045.7058900743334	99.96856896389761
1060.916032491606	100.05477637122621
1076.3474115247852	100.14154005684401
1092.0032451345498	100.22864947496443
1107.8867980878947	100.315951591156
1124.0013826389438	100.40334816178579
1140.350359219667	100.49079065730307
1156.9371371406426	100.5782735860153
1173.765175302013	100.66582685688354
1190.837982914782	100.75350768780271
1208.1591202326028	100.84139244299226
1225.73219929421	100.9295687016865
1243.5608846766518	101.01812781384041
1261.648894259477	101.10715816102955
1280.0000000000375	101.19673934992628
1298.6180287200684	101.28693764508074
1317.5068629037087	101.377803010326
1336.6704415071292	101.46936811897429
1356.112760779938	101.5616495953105
1375.8378750985323	101.6546515246474
1395.8498978115715	101.74837098972768
1416.153002097749	101.84280513203124
1436.7514218360407	101.93795908608604
1457.6494524886093	102.03385408401276
1478.8514519965543	102.13053507468219
1500.3618416886875	102.2280772239465
1522.1851072035295	102.32659071249107
1544.3257994247153	102.42622339384354
1566.788535430007	102.52716113386825
1589.5779994541087	102.62962607038958
1612.6989438654878	102.73387329764755
1636.156190157402	102.84018657517962
1659.9546299533442	102.94887359272927
1684.099226027109	103.06026112057893
1708.5950133376978	103.17469011803678
1733.4471000792773	103.29251061164882
1758.6606687464096	103.414075980579
1784.2409772147755	103.53973627300095
1810.193359837619	103.66983031435736
1836.5232285581387	103.80467664210477
1863.2360740380593	103.94456359761877
1890.3374668026197	104.08973918694197
1917.833058402214	104.24040143421811
1945.7285825909298	104.39668987784619
1974.0298565222283	104.55867859427366
2002.7427819620161	104.72637074058508
2031.8733465193618	104.89969425821359
2061.4276248951132	105.0784980055731
2091.411780148677	105.26254764660119
2121.832064983222	105.45152080063306
2152.694823049581	105.64500126707584
2184.0064902691106	105.84247182680906
2215.7735961758003	106.04330493850546
2248.002765277899	106.2467501360321
2280.7007184393456	106.45191634362155
2313.874274281297	106.65774647938764
2347.530350604038	106.86298143495529
2381.6759658295764	107.06611123048388
2416.318240465218	107.26531353107616
2451.4643985884327	107.45838453285754
2487.1217693533167	107.64267519181124
2523.2977885189675	107.81505708925597
2560.0000000000887	107.97195645299479
2597.236057440151	108.10950770127627
2635.0137258074315	108.22388255626741
2673.340883014273	108.31183672268486
2712.225521559891	108.37147427275463
2751.6757501970797	108.40315351564992
2791.699795623158	108.41034817353962
2832.3060041955137	108.40015564971458
2873.502843672097	108.38306704337866
2915.2989049772345	108.37167069900609
2957.7029039931244	108.37825251361268
3000.723683377391	108.41176816849713
3044.370214407075	108.47518905910594
3088.6515988494466	108.56434830264647
3133.57707086003	108.66885319752282
3179.1559989082334	108.77468479522264
3225.3978877309914	108.86740890401195
3272.3123803148205	108.93488890328487
3319.9092599067053	108.96886940221835
3368.198452054235	108.96536474356547
3417.190026675413	108.92415600643145
3466.8942001585724	108.84782057541737
3517.3213374928373	108.74066014443842
3568.4819544295697	108.60776237931815
3620.386719675257	108.45429749397533
3673.0464571162966	108.28505336711304
3726.472148076138	108.10415623409594
3780.6749336052594	107.9149021841295
3835.6661168044484	107.71962560679492
3891.45716518188	107.51954645354655
3948.059713044477	107.31457033975236
4005.4855639240527	107.10307507633405
4063.746693038744	106.88180178015273
4122.855249790247	106.64607258767872
4182.823560297375	106.39065386408585
4243.664129966465	106.11157848451833
4305.389646099183	105.80904079989908
4368.012980538242	105.49090537383286
4431.5471923516225	105.17537175757303
4496.00553055582	104.89018016441965
4561.401436878714	104.6656693221544
4627.748548562617	104.52208910871991
4695.060701208099	104.45787995819477
4763.351931659176	104.44847795803376
4832.63648093046	104.4576484779798
4902.928797176889	104.45325665550993
4974.243538706657	104.4186898063922
5046.595577037959	104.35675685282249
5120.000000000202	104.2867645650297
5194.472114880326	104.23629769813051
5270.027451614888	104.22990139301275
5346.6817660285715	104.27898323681532
5424.451043119808	104.37824978680688
5503.351500394186	104.51031874091223
5583.399591246343	104.65446336547345
5664.612008391055	104.793973536097
5747.005687344222	104.91954601473482
5830.597809954497	105.02925083770465
5915.405807986278	105.12676785122491
6001.447366754812	105.21920058139757
6088.740428814181	105.31501864202114
6177.303197698925	105.42218407417533
6267.154141720092	105.5463329007188
6358.3119978165005	105.68898411877265
6450.795775462017	105.8459403273855
6544.624760629676	106.00609473315981
6639.818519813445	106.15077266062927
6736.396904108505	106.25370307106559
6834.380053350861	106.2815277752715
6933.788400317181	106.19444584398967
7034.642674985712	105.94669055785329
7136.963908859177	105.48742750874842
7240.773439350552	104.76480816111182
7346.092914232631	103.73838525126568
7452.944296152315	102.40451433238267
7561.349867210557	100.8306704002361
7671.332233608935	99.1741182267321
7782.914330363799	97.64235539209275
7896.119426088994	96.38533199384193
8010.971127848146	95.41450434856527
8127.49338607753	94.66629232388208
8245.710499580537	94.14612153980592
8365.647120594791	93.97545515420343
8487.328259932974	94.25930819318994
8610.77929219841	94.91129454514594
8736.025961076528	95.67888313067608
8863.094384703289	96.32604871317118
8992.011061111683	96.75108225566231
9122.802873757471	96.98019812895026
9255.497097125279	97.1036277463632
9390.121402416245	97.21589956684147
9526.7038633184	97.38358925751429
9665.272961860968	97.63910035064654
9805.857594353829	97.98682129775406
9948.487077413367	98.41082442796001
10093.19115407597	98.87909175656928
10240.000000000457	99.34700845867721
10388.944229760706	99.76726418930501
10540.05490322983	100.11086666516495
10693.363532057198	100.39173980646022
10848.902086239672	100.67367784508751
11006.703000788428	101.03835913557613
11166.799182492743	101.514382086429
11329.224016782166	102.0077576164458
11494.0113746885	102.32730937008878
11661.195619909053	102.35334618382373
11830.811615972614	102.15875070280767
12002.894733509682	101.87588650141157
12177.48085762842	101.54279878203232
12354.606395397908	101.15225040560131
12534.308283440243	100.72440524533812
12716.62399563306	100.26469551856596
12901.591550924093	99.72189341928278
13089.249521259411	99.00356876714964
13279.637039626952	98.01196795407785
13472.793808217073	96.70191745758142
13668.760106701786	95.1933976497626
13867.576800634426	93.87571278707775
14069.285349971487	93.2360000035285
14273.927817718419	93.30033774160256
14481.54687870117	93.4644826240602
14692.18582846533	93.07694608075403
14905.888592304698	91.85789867387913
15122.699734421185	89.99376801062881
15342.664467217943	88.24598684637752
15565.828660727671	87.7113474851403
15792.238852178061	88.58521557231262
16021.942255696367	89.65586085176338
16254.986772155136	89.86218961733262
16491.42099916115	89.28052283328462
16731.294241189662	88.83818381852744
16974.65651986603	89.19200317538692
17221.558584396902	89.96725802321883
17472.051922153143	90.57414957766261
17726.188769406665	90.85443849854823
17984.022122223458	90.90394149911019
18245.605747515034	90.7920486118754
18510.99419425065	90.48015752641756
18780.242804832582	89.89352825371245
19053.40772663689	89.0581834708482
19330.545923722028	88.17887032361709
19611.71518870775	87.56267833970841
19896.974154826825	87.33334089178831
20186.382308152035	87.3328057752632