20	102.15462684890008
20.290906698750476	102.10709546878964
20.586044732869844	102.05954070736854
20.885475648548283	102.01192857070482
21.189261887185914	101.96421665790882
21.49746679841394	101.91635833940809
21.810154653305165	101.86830573737377
22.12739065777668	101.82001190416989
22.449240966187475	101.7714324672704
22.77577269513385	101.72252686181791
23.107053937445478	101.67325935593803
23.44315377638505	101.6236000093506
23.784142300054445	101.57352566882703
24.130090616010463	101.5230208957273
24.481070866093134	101.47207865186955
24.837156241469714	101.4207006691933
25.1984209978975	101.36889763651757
25.56494047120865	101.31668922441511
25.936791093020236	101.26410388219148
26.3140504066728	101.21117831988285
26.69679708340074	101.15795665786122
27.08511093873791	101.10448918433016
27.47907294916184	101.05083061371967
27.878765268980047	100.99703771628931
28.284271247461966	100.9431663016663
28.695675446220072	100.88926763963137
29.11306365684382	100.8353844062606
29.536522918790062	100.78154636534393
29.966141537533712	100.72776662263267
30.402009102982383	100.6740401519906
30.844216508158908	100.62034504378003
31.29285596815558	100.56664554798192
31.74802103936409	100.51289581205648
32.20980663898519	100.45904348280457
32.67830906482211	100.405032567062
33.153626015361866	100.35080573195155
33.63585661014871	100.29630686333219
34.125101410453844	100.24148373521969
34.62146244024586	100.1862904744457
35.12504320746613	100.13068974609095
35.635948725613716	100.0746548581189
36.15428553564419	100.01817216990422
36.68016172818701	99.9612442206664
37.21368696608603	99.90389349281111
37.754972507267915	99.84616608060149
38.30413122794313	99.78813441825938
38.86127764614443	99.72989814867438
39.4265279456077	99.67158232010638
40.000000000000206	99.61333268072798
40.58181339750116	99.5553086892666
41.1720894657399	99.49767552440997
41.77095129709678	99.44059657843067
42.37852377437204	99.38422825740776
42.9949335968281	99.32871750136802
43.62030930661056	99.27420039723765
44.25478131555359	99.22080018289968
44.89848193237519	99.16862473466884
45.55154539026795	99.11776584810835
46.21410787489121	99.0683013482126
46.88630755277036	99.02029798280235
47.56828460010916	98.973812755773
48.260181232021196	98.9288923162007
48.962141732186545	98.88557156169075
49.674312482939705	98.84387181257205
50.39684199579528	98.80379714773694
51.129880942417586	98.76532749737152
51.873582186040764	98.72840799460784
52.628100813345895	98.69293503814934
53.393594166801776	98.6587421653007
54.17022187747612	98.62559739877972
54.95814589832399	98.59322609998006
55.75753053796041	98.56135701647021
56.56854249492426	98.52977001693927
57.39135089244048	98.49832345867455
58.226127313687975	98.46695665286431
59.073045837580466	98.43567922841477
59.932283075067765	98.40455811004986
60.804018205965114	98.37370503291615
61.68843301631817	98.3432647285318
62.58571193631152	98.3134020708896
63.49604207872855	98.28428510196271
64.41961327797075	98.25606257071581
65.35661812964459	98.22884110710473
66.3072520307241	98.20267105861353
67.27171322029778	98.17754564042443
68.25020282090806	98.15340990146734
69.2429248804921	98.13017306539562
70.25008641493265	98.10772080865299
71.27189745122783	98.08592636768104
72.30857107128878	98.06465844734932
73.36032345637442	98.04378428375541
74.42737393217246	98.02316970418927
75.50994501453623	98.00268052351937
76.60826245588666	97.98218744236758
77.72255529228926	97.96157211416012
78.85305589121582	97.94073039685517
80.00000000000082	97.91957024368293
81.16362679500274	97.89800135137845
82.34417893148023	97.87591453825702
83.541902594194	97.8531575156991
84.75704754874454	97.82952469300335
85.98986719365665	97.80476893691927
87.24061861322157	97.77861861631749
88.50956263110764	97.75078573465942
89.79696386475084	97.72096477287815
91.10309078053635	97.68882644386888
92.42821574978288	97.65401414868734
93.77261510554118	97.61615581970395
95.13656920021877	97.57489199209856
96.52036246404286	97.5299061454643
97.92428346437356	97.48094576642147
99.34862496587989	97.42783183411092
100.79368399159105	97.37045841446259
102.25976188483567	97.30878859445033
103.74716437208203	97.24285446438931
105.25620162669229	97.17276353641616
106.78718833360406	97.09870805745051
108.34044375495276	97.02096465488265
109.9162917966485	96.939873305625
111.51506107592134	96.8558079421331
113.13708498984903	96.7691632167379
114.78270178488147	96.68036208640486
116.45225462737648	96.58987080985452
118.14609167516147	96.49820184107115
119.86456615013608	96.40590902454879
121.60803641193078	96.31360143948669
123.3768660326369	96.22195539110204
125.17142387262359	96.1316807226839
126.99208415745765	96.04347630205135
128.83922655594208	95.95800501441107
130.71323625928977	95.87585362828413
132.61450406144883	95.79746663019407
134.5434264405962	95.723091352554
136.50040564181674	95.65276064779398
138.48584976098482	95.58630784215417
140.50017282986593	95.52340574556239
142.5437949024563	95.46363257435607
144.61714214257822	95.40654734234668
146.7206469127495	95.35173877221403
148.8547478643456	95.29884844430265
151.01989002907314	95.2476088744785
153.216524911774	95.19790116517044
155.4451105845792	95.14980809328735
157.70611178243232	95.10366254983134
160.00000000000236	95.06007994699121
162.3272535900062	95.01993216030161
164.6883578629612	94.98425348651988
167.08380518838874	94.95411361141993
169.51409509748981	94.93049908811597
171.97973438731407	94.91422641678083
174.4812372264439	94.90588131675547
177.01912526221608	94.90577956126121
179.5939277295025	94.91395588973143
182.20618156107355	94.93017896913881
184.85643149956664	94.95398193773477
187.54523021108326	94.98469033776264
190.27313840043846	95.02142029274967
193.04072492808663	95.06307033484015
195.84856692874806	95.10836045005068
198.69724993176072	95.15591853158531
201.58736798318304	95.20436784884456
204.5195237696723	95.25239376247414
207.49432874416505	95.298785551409
210.5124032533856	95.34247415891868
213.57437666720915	95.38257182526777
216.68088750990657	95.41840155328273
219.83258359329807	95.44949823075882
223.03012215184378	95.47558344729997
226.2741699796992	95.49652452898424
229.5654035697641	95.51228610758253
232.90450925475412	95.52290080712869
236.2921833503241	95.52848420919781
239.72913230027333	95.52926068795007
243.21607282386276	95.52556310754593
246.75373206527502	95.51780654004726
250.34284774524843	95.50644709407538
253.9841683149166	95.49195539007734
257.67845311188546	95.47482735689081
261.42647251858085	95.45560250688122
265.22900812289896	95.43484431243384
269.08685288119375	95.4130848907066
273.0008112836349	95.39076955684114
276.97169952197106	95.3682607191336
281.00034565973334	95.34590915567765
285.0875898049141	95.3240983616462
289.23428428515797	95.30319554830562
293.44129382550057	95.28346746115884
297.7094957286928	95.26502075764503
302.0397800581479	95.24775937583746
306.4330498235497	95.23136557161605
310.89022116916016	95.21533565157765
315.41222356486645	95.19904197529978
320.00000000000654	95.18182261268123
324.6545071800142	95.1630779400376
329.3767157259242	95.14230552503874
334.16761037677935	95.11909403908608
339.02819019498156	95.0931026881013
343.95946877463007	95.06404033292982
348.9624744528898	95.03170876988415
354.03825052443415	94.99607006495057
359.187855459007	94.9572570352708
364.4123631221491	94.91552964115748
369.71286299913527	94.8712272834378
375.0904604221685	94.82470080230544
380.54627680087896	94.77628134290714
386.08144985617537	94.72626848957285
391.6971338574982	94.67490626111189
397.3944998635236	94.62237572267128
403.1747359663683	94.56887292325673
409.0390475393468	94.51468340336314
414.9886574883323	94.4601578770913
421.0248065067734	94.40564917481395
427.1487533344206	94.35155654989784
433.3617750198154	94.2983944454235
439.6651671865984	94.24679374802997
446.06024430368984	94.19742789763595
452.54833995940066	94.15091437753837
459.13080713953053	94.10778635498899
465.8090185095106	94.06850185172658
472.58436670065066	94.03339123225973
479.45826460054917	94.0026432175121
486.432145647728	93.97637458739827
493.50746413055253	93.95469397170628
500.6856954904994	93.93774751968257
507.9683366298358	93.92572177807487
515.3569062237735	93.91877498085313
522.8529450371643	93.91699786404502
530.4580162458005	93.92041353937162
538.1737057623901	93.92899713452307
546.0016225672724	93.9427158374547
553.9433990439449	93.9615342405778
562.0006913194694	93.98536101045845
570.1751796098309	94.01401636517035
578.4685685703187	94.04728190370771
586.8825876510039	94.08495793067657
595.4189914573883	94.12683048348201
604.0795601162986	94.17262673975952
612.8660996471021	94.22201986914389
621.780442338323	94.27458508982667
630.8244471297356	94.3297225540277
640.0000000000159	94.38667809624344
649.3090143600314	94.44465738428055
658.7534314518515	94.50286528209517
668.3352207535618	94.56049322187256
678.0563803899662	94.61683300722429
687.9189375492632	94.67141893037179
697.9249489057827	94.72408871265952
708.0765010488715	94.77503404883865
718.3757109180171	94.82477291559411
728.8247262443015	94.87397312245416
739.425725998274	94.9233226478993
750.1809208443404	94.97347410875457
761.0925536017613	95.02496689724094
772.1628997123541	95.07818927614791
783.3942677149998	95.13340656778404
794.7889997270506	95.19072743309961
806.34947193274	95.25002834077922
818.0780950786972	95.31102244527827
829.9773149766683	95.37346047125651
842.0496130135506	95.43720866877159
854.2975066688449	95.50215942942584
866.7235500396347	95.56814744701562
879.3303343732008	95.63495849728493
892.1204886073838	95.70237428124732
905.0966799188055	95.77028106766105
918.2616142790653	95.83874933685718
931.6180370190256	95.90797919175999
945.1687334013056	95.97814281885077
958.9165292011028	96.04928621287273
972.8642912954606	96.12140828869097
987.0149282611097	96.19451253798046
1001.3713909810035	96.2686029832269
1015.9366732596762	96.34370345716859
1030.7138124475518	96.41982677265275
1045.7058900743334	96.4968791613916
1060.916032491606	96.57459136142717
1076.3474115247852	96.65256109546142
1092.0032451345498	96.73040718171045
1107.8867980878947	96.80788685355101
1124.0013826389438	96.88491917077813
1140.350359219667	96.96157106238974
1156.9371371406426	97.03796984929383
1173.765175302013	97.11415054379924
1190.837982914782	97.19003869344137
1208.1591202326028	97.26557822150086
1225.73219929421	97.34083826119942
1243.5608846766518	97.41597767604995
1261.648894259477	97.49114192805706
1280.0000000000375	97.56640570754253
1298.6180287200684	97.64179439068023
1317.5068629037087	97.71737295062289
1336.6704415071292	97.79328381880872
1356.112760779938	97.86958294417578
1375.8378750985323	97.94614314754153
1395.8498978115715	98.02286782198591
1416.153002097749	98.0998877240007
1436.7514218360407	98.17744863525775
1457.6494524886093	98.25565651683054
1478.8514519965543	98.33437002714588
1500.3618416886875	98.4133990969559
1522.1851072035295	98.49278185353327
1544.3257994247153	98.57282300932152
1566.788535430007	98.65394773433489
1589.5779994541087	98.73657125734586
1612.6989438654878	98.82101889637049
1636.156190157402	98.90760976123438
1659.9546299533442	98.99674979293528
1684.099226027109	99.08879256471242
1708.5950133376978	99.18392192329955
1733.4471000792773	99.28219014238636
1758.6606687464096	99.38350916783881
1784.2409772147755	99.48778303562062
1810.193359837619	99.59512253843964
1836.5232285581387	99.70581899360471
1863.2360740380593	99.82023959212603
1890.3374668026197	99.93876729352935
1917.833058402214	100.06170314795027
1945.7285825909298	100.18923451293078
1974.0298565222283	100.32143442736277
2002.7427819620161	100.45820558576051
2031.8733465193618	100.59923246503398
2061.4276248951132	100.7440885299684
2091.411780148677	100.89235915344275
2121.832064983222	101.04373961615998
2152.694823049581	101.19807720431497
2184.0064902691106	101.35535702065386
2215.7735961758003	101.51562129188662
2248.002765277899	101.67873742648094
2280.7007184393456	101.84422298923705
2313.874274281297	102.01136044205772
2347.530350604038	102.1792561920321
2381.6759658295764	102.34661854690015
2416.318240465218	102.511629347833
2451.4643985884327	102.6719835797055
2487.1217693533167	102.82480914469394
2523.2977885189675	102.9666943514001
2560.0000000000887	103.09386020773694
2597.236057440151	103.20240874946843
2635.0137258074315	103.28879857517569
2673.340883014273	103.35059080337427
2712.225521559891	103.38711919975385
2751.6757501970797	103.40003773385207
2791.699795623158	103.39398009317038
2832.3060041955137	103.37701508690114
2873.502843672097	103.36029557225446
2915.2989049772345	103.3567128206949
2957.7029039931244	103.37859439071059
3000.723683377391	103.43442408417619
3044.370214407075	103.52583511439457
3088.6515988494466	103.64663913949809
3133.57707086003	103.78425763046182
3179.1559989082334	103.92288691183852
3225.3978877309914	104.04711310664445
3272.3123803148205	104.14435145380145
3319.9092599067053	104.206060214834
3368.198452054235	104.22820914752832
3417.190026675413	104.21085330524375
3466.8942001585724	104.15699996978111
3517.3213374928373	104.07144786848592
3568.4819544295697	103.95968389012913
3620.386719675257	103.82674455195664
3673.0464571162966	103.67679731441685
3726.472148076138	103.51344323042179
3780.6749336052594	103.33989308679513
3835.6661168044484	103.15852348740117
3891.45716518188	102.9701824751102
3948.059713044477	102.77386875630727
4005.4855639240527	102.56687360209172
4063.746693038744	102.3449711979428
4122.855249790247	102.10274602675247
4182.823560297375	101.83458341500493
4243.664129966465	101.53637074359969
4305.389646099183	101.20787806663127
4368.012980538242	100.85585882320676
4431.5471923516225	100.49659595601169
4496.00553055582	100.15482257388008
4561.401436878714	99.8565058812336
4627.748548562617	99.6158486778897
4695.060701208099	99.42339538340086
4763.351931659176	99.2454972101973
4832.63648093046	99.03787441298184
4902.928797176889	98.7653449653235
4974.243538706657	98.41788767988734
5046.595577037959	98.01822462197482
5120.000000000202	97.61920793827584
5194.472114880326	97.28913958785579
5270.027451614888	97.08640993445933
5346.6817660285715	97.0343206980578
5424.451043119808	97.11264723470472
5503.351500394186	97.27193761941824
5583.399591246343	97.45809490508172
5664.612008391055	97.63034508565514
5747.005687344222	97.76647548569203
5830.597809954497	97.8590158317593
5915.405807986278	97.90824758942537
6001.447366754812	97.91661352516435
6088.740428814181	97.88630410411751
6177.303197698925	97.81947251064838
6267.154141720092	97.71913308873495
6358.3119978165005	97.58892543131272
6450.795775462017	97.43175901015228
6544.624760629676	97.24827258168631
6639.818519813445	97.03574387170293
6736.396904108505	96.7879213047907
6834.380053350861	96.49615385023874
6933.788400317181	96.15171369765632
7034.642674985712	95.74805555280503
7136.963908859177	95.28009270402413
7240.773439350552	94.73891861604554
7346.092914232631	94.1070766450314
7452.944296152315	93.36706065568345
7561.349867210557	92.5293956199381
7671.332233608935	91.66139415836666
7782.914330363799	90.87777909355714
7896.119426088994	90.27863498830894
8010.971127848146	89.9132136028246
8127.49338607753	89.84298414537895
8245.710499580537	90.1497710067628
8365.647120594791	90.77195563065052
8487.328259932974	91.50736815814139
8610.77929219841	92.16358408043884
8736.025961076528	92.64043741568877
8863.094384703289	92.92629357644006
8992.011061111683	93.06106268456568
9122.802873757471	93.10327978633504
9255.497097125279	93.11072444590197
9390.121402416245	93.13141803271344
9526.7038633184	93.20172989317625
9665.272961860968	93.3481696746969
9805.857594353829	93.58738949352805
9948.487077413367	93.9217547214165
10093.19115407597	94.33407754654733
10240.000000000457	94.787470029346
10388.944229760706	95.23437425610851
10540.05490322983	95.63672006307453
10693.363532057198	95.98484255806329
10848.902086239672	96.29682156555265
11006.703000788428	96.59093434579606
11166.799182492743	96.83558578131644
11329.224016782166	96.90749697964816
11494.0113746885	96.63400625995756
11661.195619909053	95.95797564295299
11830.811615972614	95.04005290043752
12002.894733509682	94.09951304267433
12177.48085762842	93.24489776227999
12354.606395397908	92.52616085712614
12534.308283440243	92.01760881444805
12716.62399563306	91.77693722174422
12901.591550924093	91.78216673926238
13089.249521259411	91.92252616473971
13279.637039626952	92.03144053891215
13472.793808217073	91.95776489756398
13668.760106701786	91.6905653069138
13867.576800634426	91.48626417557489
14069.285349971487	91.72156681970004
14273.927817718419	92.34750528650393
14481.54687870117	92.71429785123532
14692.18582846533	92.13633115742167
14905.888592304698	90.32041716495519
15122.699734421185	87.54375687346813
15342.664467217943	84.91194562256487
15565.828660727671	84.06954833642394
15792.238852178061	85.38795308548796
16021.942255696367	87.17057993952443
16254.986772155136	87.8823157049788
16491.42099916115	87.34290378690044
16731.294241189662	86.35271476911308
16974.65651986603	85.5194799882188
17221.558584396902	84.51265186989744
17472.051922153143	82.97533587210098
17726.188769406665	81.46853334296215
17984.022122223458	81.2710383173136
18245.605747515034	82.62057043810084
18510.99419425065	83.8516207443058
18780.242804832582	83.63549059161544
19053.40772663689	82.39789198469784
19330.545923722028	81.46659092632738
19611.71518870775	81.18274822298703
19896.974154826825	81.16329118525097
20186.382308152035	81.20837741304541