20	104.96873340087988
20.290906698750476	104.91728820166254
20.586044732869844	104.86584262573123
20.885475648548283	104.81439585218568
21.189261887185914	104.76294634461316
21.49746679841394	104.71149159216421
21.810154653305165	104.66002781871539
22.12739065777668	104.6085496825287
22.449240966187475	104.5570499991853
22.77577269513385	104.50551951844663
23.107053937445478	104.45394677242103
23.44315377638505	104.40231799639625
23.784142300054445	104.3506171112862
24.130090616010463	104.2988257526233
24.481070866093134	104.24692333473573
24.837156241469714	104.19488714599841
25.1984209978975	104.14269247810178
25.56494047120865	104.09031279726592
25.936791093020236	104.03771996913373
26.3140504066728	103.98488455276069
26.69679708340074	103.93177618157237
27.08511093873791	103.87836404839665
27.47907294916184	103.82461750579314
27.878765268980047	103.77050678126906
28.284271247461966	103.7160037924114
28.695675446220072	103.66108303351547
29.11306365684382	103.60572249582697
29.536522918790062	103.54990457851325
29.966141537533712	103.49361694484377
30.402009102982383	103.4368532762504
30.844216508158908	103.37961387649091
31.29285596815558	103.32190608068738
31.74802103936409	103.26374443055508
32.20980663898519	103.2051505881535
32.67830906482211	103.14615297509589
33.153626015361866	103.08678614029327
33.63585661014871	103.02708987506799
34.125101410453844	102.96710810879364
34.62146244024586	102.9068876314767
35.12504320746613	102.84647670254118
35.635948725613716	102.78592361677906
36.15428553564419	102.72527530704642
36.68016172818701	102.6645760663497
37.21368696608603	102.60386646669069
37.754972507267915	102.54318253729608
38.30413122794313	102.48255524141312
38.86127764614443	102.42201026177166
39.4265279456077	102.3615680762133
40.000000000000206	102.30124428511512
40.58181339750116	102.24105014682779
41.1720894657399	102.18099328227598
41.77095129709678	102.12107851564302
42.37852377437204	102.06130881925147
42.9949335968281	102.00168632434028
43.62030930661056	101.94221334678093
44.25478131555359	101.88289336475027
44.89848193237519	101.8237318787591
45.55154539026795	101.76473708743482
46.21410787489121	101.70592032670423
46.88630755277036	101.64729624388313
47.56828460010916	101.58888270821454
48.260181232021196	101.53070048916186
48.962141732186545	101.47277275681267
49.674312482939705	101.41512446820931
50.39684199579528	101.35778169817303
51.129880942417586	101.30077095755075
51.873582186040764	101.24411852003018
52.628100813345895	101.18784975554782
53.393594166801776	101.13198844956595
54.17022187747612	101.07655607823303
54.95814589832399	101.0215710131328
55.75753053796041	100.96704764674533
56.56854249492426	100.9129954565419
57.39135089244048	100.85941805516322
58.226127313687975	100.806312299604
59.073045837580466	100.75366754754347
59.932283075067765	100.70146514852371
60.804018205965114	100.6496782387535
61.68843301631817	100.59827187346102
62.58571193631152	100.54720348648759
63.49604207872855	100.49642362103395
64.41961327797075	100.44587684231438
65.35661812964459	100.39550272792725
66.3072520307241	100.34523683287233
67.27171322029778	100.29501154023944
68.25020282090806	100.24475673252108
69.2429248804921	100.19440024761391
70.25008641493265	100.14386811237281
71.27189745122783	100.09308457122748
72.30857107128878	100.04197194500573
73.36032345637442	99.99045036498829
74.42737393217246	99.93843743023886
75.50994501453623	99.88584783400015
76.60826245588666	99.83259300015241
77.72255529228926	99.77858076661506
78.85305589121582	99.72371515226905
80.00000000000082	99.66789624801484
81.16362679500274	99.61102028000097
82.34417893148023	99.55297990226504
83.541902594194	99.49366478479476
84.75704754874454	99.43296256941224
85.98986719365665	99.37076026767554
87.24061861322157	99.30694617057273
88.50956263110764	99.24141232807045
89.79696386475084	99.17405763757674
91.10309078053635	99.10479155603659
92.42821574978288	99.03353842264126
93.77261510554118	98.96024235022767
95.13656920021877	98.88487261448236
96.52036246404286	98.8074294409755
97.92428346437356	98.72795006069326
99.34862496587989	98.64651487510586
100.79368399159105	98.5632535422175
102.25976188483567	98.47835076578328
103.74716437208203	98.39205154129188
105.25620162669229	98.30466558502162
106.78718833360406	98.2165706485739
108.34044375495276	98.12821440414007
109.9162917966485	98.0401145798817
111.51506107592134	97.9528570348691
113.13708498984903	97.8670914926168
114.78270178488147	97.78352470359862
116.45225462737648	97.70291088033082
118.14609167516147	97.62603934213092
119.86456615013608	97.5537194168894
121.60803641193078	97.48676276928188
123.3768660326369	97.42596345270807
125.17142387262359	97.37207611328472
126.99208415745765	97.32579290989366
128.83922655594208	97.28771985123905
130.71323625928977	97.25835338506809
132.61450406144883	97.23805819431254
134.5434264405962	97.22704724322664
136.50040564181674	97.2253651608353
138.48584976098482	97.23287603643453
140.50017282986593	97.24925661631792
142.5437949024563	97.27399571930053
144.61714214257822	97.30640042301467
146.7206469127495	97.34560922552868
148.8547478643456	97.39061198730167
151.01989002907314	97.44027605924673
153.216524911774	97.49337763057855
155.4451105845792	97.54863702915975
157.70611178243232	97.60475650006778
160.00000000000236	97.66045887619403
162.3272535900062	97.71452553493963
164.6883578629612	97.76583209613253
167.08380518838874	97.8133804405669
169.51409509748981	97.8563258058387
171.97973438731407	97.89399792826318
174.4812372264439	97.92591544748241
177.01912526221608	97.95179307502721
179.5939277295025	97.97154135133476
182.20618156107355	97.98525915725004
184.85643149956664	97.9932194900402
187.54523021108326	97.99584933163254
190.27313840043846	97.99370470999436
193.04072492808663	97.98744225911305
195.84856692874806	97.97778870895307
198.69724993176072	97.96550976957487
201.58736798318304	97.9513798178304
204.5195237696723	97.93615365737577
207.49432874416505	97.92054141925983
210.5124032533856	97.90518741802006
213.57437666720915	97.89065349871213
216.68088750990657	97.87740712757532
219.83258359329807	97.86581421529559
223.03012215184378	97.85613643435426
226.2741699796992	97.8485326125855
229.5654035697641	97.84306365845087
232.90450925475412	97.83970039696743
236.2921833503241	97.83833366148134
239.72913230027333	97.83878598767399
243.21607282386276	97.84082428290725
246.75373206527502	97.84417288829664
250.34284774524843	97.84852650543088
253.9841683149166	97.85356252224807
257.67845311188546	97.85895233902468
261.42647251858085	97.86437136623248
265.22900812289896	97.86950744048691
269.08685288119375	97.87406748527684
273.0008112836349	97.87778232911818
276.97169952197106	97.88040968448404
281.00034565973334	97.8817353831731
285.0875898049141	97.8815730509584
289.23428428515797	97.87976247975618
293.44129382550057	97.87616701321272
297.7094957286928	97.87067030061776
302.0397800581479	97.86317279677138
306.4330498235497	97.85358839188541
310.89022116916016	97.84184154567116
315.41222356486645	97.8278652700014
320.00000000000654	97.81160024891159
324.6545071800142	97.7929953005884
329.3767157259242	97.77200927978947
334.16761037677935	97.74861440114626
339.02819019498156	97.72280085138277
343.95946877463007	97.69458245909865
348.9624744528898	97.66400310766632
354.03825052443415	97.63114351336012
359.187855459007	97.59612795110783
364.4123631221491	97.55913049519815
369.71286299913527	97.5203803439007
375.0904604221685	97.48016581069521
380.54627680087896	97.43883658772829
386.08144985617537	97.39680392285216
391.6971338574982	97.35453840689493
397.3944998635236	97.31256515252589
403.1747359663683	97.27145626827215
409.0390475393468	97.23182069237303
414.9886574883323	97.19429163794983
421.0248065067734	97.15951209365562
427.1487533344206	97.12811899611991
433.3617750198154	97.10072681500695
439.6651671865984	97.07791135917712
446.06024430368984	97.0601946132748
452.54833995940066	97.04803133510148
459.13080713953053	97.0417979914839
465.8090185095106	97.04178440343355
472.58436670065066	97.04818824032797
479.45826460054917	97.06111226970145
486.432145647728	97.08056407559627
493.50746413055253	97.10645783362509
500.6856954904994	97.13861768437506
507.9683366298358	97.17678229017464
515.3569062237735	97.22061028879178
522.8529450371643	97.26968656189737
530.4580162458005	97.323529442504
538.1737057623901	97.38159910730805
546.0016225672724	97.44330737263195
553.9433990439449	97.50802897272293
562.0006913194694	97.57511418201003
570.1751796098309	97.64390246554241
578.4685685703187	97.71373674733644
586.8825876510039	97.78397788994056
595.4189914573883	97.8540190413029
604.0795601162986	97.92329956310522
612.8660996471021	97.99131826538847
621.780442338323	98.05764559952237
630.8244471297356	98.12193431246722
640.0000000000159	98.18392788581167
649.3090143600314	98.24346594719802
658.7534314518515	98.30048583920089
668.3352207535618	98.35501972098434
678.0563803899662	98.40718694174085
687.9189375492632	98.45718195620003
697.9249489057827	98.50525859919067
708.0765010488715	98.55171202840779
718.3757109180171	98.59685998212665
728.8247262443015	98.6410251343038
739.425725998274	98.684520224722
750.1809208443404	98.7276373012344
761.0925536017613	98.77064188356324
772.1628997123541	98.81377219650197
783.3942677149998	98.85724289739608
794.7889997270506	98.90125204249249
806.34947193274	98.94598958488237
818.0780950786972	98.99164555550372
829.9773149766683	99.03841623002005
842.0496130135506	99.08650698890101
854.2975066688449	99.13613114247438
866.7235500396347	99.18750461710397
879.3303343732008	99.24083701786992
892.1204886073838	99.29632012966769
905.0966799188055	99.3541153158404
918.2616142790653	99.41434143742015
931.6180370190256	99.47706481384533
945.1687334013056	99.54229241238124
958.9165292011028	99.6099689697946
972.8642912954606	99.6799782429203
987.0149282611097	99.7521481221003
1001.3713909810035	99.82625897135577
1015.9366732596762	99.9020543372867
1030.7138124475518	99.97925310661532
1045.7058900743334	100.057562268837
1060.916032491606	100.1366895792784
1076.3474115247852	100.2163555374351
1092.0032451345498	100.29630415062317
1107.8867980878947	100.37631195892332
1124.0013826389438	100.45619481872352
1140.350359219667	100.53581205544599
1156.9371371406426	100.61506783887948
1173.765175302013	100.69390990166525
1190.837982914782	100.77232595626866
1208.1591202326028	100.85033828198507
1225.73219929421	100.92799700127487
1243.5608846766518	101.00537260250795
1261.648894259477	101.08254826587661
1280.0000000000375	101.15961253478788
1298.6180287200684	101.23665285715767
1317.5068629037087	101.31375041844015
1336.6704415071292	101.39097656931398
1356.112760779938	101.46839108777557
1375.8378750985323	101.54604239987762
1395.8498978115715	101.62396973444692
1416.153002097749	101.70220700278678
1436.7514218360407	101.78078800896778
1457.6494524886093	101.85975238958677
1478.8514519965543	101.93915151760797
1500.3618416886875	102.01905358910496
1522.1851072035295	102.09954737866931
1544.3257994247153	102.18074457909881
1566.788535430007	102.2627809425693
1589.5779994541087	102.34581655515672
1612.6989438654878	102.430035410997
1636.156190157402	102.51564412831996
1659.9546299533442	102.6028694384502
1684.099226027109	102.69195416434252
1708.5950133376978	102.78315175857132
1733.4471000792773	102.87671993145206
1758.6606687464096	102.97291427732993
1784.2409772147755	103.07198287999209
1810.193359837619	103.17416256889446
1836.5232285581387	103.27967695096511
1863.2360740380593	103.38873586687826
1890.3374668026197	103.50153594832081
1917.833058402214	103.61826217166575
1945.7285825909298	103.73909022469067
1974.0298565222283	103.86418905504516
2002.7427819620161	103.99372240695048
2031.8733465193618	104.12784784620747
2061.4276248951132	104.26671174721977
2091.411780148677	104.41043914421427
2121.832064983222	104.5591179456217
2152.694823049581	104.71277795776996
2184.0064902691106	104.87136580086457
2215.7735961758003	105.03471765290931
2248.002765277899	105.20253228677042
2280.7007184393456	105.37434776060849
2313.874274281297	105.5495256093152
2347.530350604038	105.72724649174518
2381.6759658295764	105.90652003015245
2416.318240465218	106.08620923020972
2451.4643985884327	106.26506712015683
2487.1217693533167	106.44178159986278
2523.2977885189675	106.61502462350008
2560.0000000000887	106.78350408843987
2597.236057440151	106.94601997019136
2635.0137258074315	107.10152880060576
2673.340883014273	107.24921830403424
2712.225521559891	107.38858699735665
2751.6757501970797	107.51951430509821
2791.699795623158	107.64229795667563
2832.3060041955137	107.75763125142547
2873.502843672097	107.86649933981339
2915.2989049772345	107.96998934812417
2957.7029039931244	108.06903613513877
3000.723683377391	108.16413981213466
3044.370214407075	108.25509828077797
3088.6515988494466	108.34079541503594
3133.57707086003	108.41906662099787
3179.1559989082334	108.48666511368968
3225.3978877309914	108.53935037024598
3272.3123803148205	108.57211672652234
3319.9092599067053	108.57957563572118
3368.198452054235	108.55648415320618
3417.190026675413	108.49837718594031
3466.8942001585724	108.40221956391042
3517.3213374928373	108.26695554008221
3568.4819544295697	108.09382511961549
3620.386719675257	107.88635131090018
3673.0464571162966	107.64997926692821
3726.472148076138	107.39143710826744
3780.6749336052594	107.11795523480706
3835.6661168044484	106.83650118310425
3891.45716518188	106.5531573206022
3948.059713044477	106.27270765207503
4005.4855639240527	105.99843928799368
4063.746693038744	105.73211877222421
4122.855249790247	105.47408558324778
4182.823560297375	105.22341926474087
4243.664129966465	104.97815003887476
4305.389646099183	104.73550948413565
4368.012980538242	104.49223243429269
4431.5471923516225	104.24495296475652
4496.00553055582	103.99074648913333
4561.401436878714	103.72785470495748
4627.748548562617	103.45656109048592
4695.060701208099	103.18007722957832
4763.351931659176	102.90515644821573
4832.63648093046	102.6420497139307
4902.928797176889	102.40345608868829
4974.243538706657	102.2023855050255
5046.595577037959	102.04932846875556
5120.000000000202	101.94959623362635
5194.472114880326	101.90182094704949
5270.027451614888	101.89819072654787
5346.6817660285715	101.92623675186523
5424.451043119808	101.97137405655296
5503.351500394186	102.01929472701889
5583.399591246343	102.05764707209114
5664.612008391055	102.07689970630047
5747.005687344222	102.07058536387306
5830.597809954497	102.03518787003324
5915.405807986278	101.96984808428205
6001.447366754812	101.87591984231702
6088.740428814181	101.75637003186846
6177.303197698925	101.61509708905959
6267.154141720092	101.45629484227615
6358.3119978165005	101.28401797294737
6450.795775462017	101.10204982171656
6544.624760629676	100.91393267642393
6639.818519813445	100.72274017815225
6736.396904108505	100.53019533705476
6834.380053350861	100.33507334140799
6933.788400317181	100.13188288242883
7034.642674985712	99.91279806540751
7136.963908859177	99.67735790445603
7240.773439350552	99.45199663135523
7346.092914232631	99.30914464475428
7452.944296152315	99.35550012774335
7561.349867210557	99.66207667766872
7671.332233608935	100.18175741827623
7782.914330363799	100.76477420475562
7896.119426088994	101.26645604520338
8010.971127848146	101.62821451184631
8127.49338607753	101.8814394570177
8245.710499580537	102.10383409172123
8365.647120594791	102.3652928882711
8487.328259932974	102.68486177171427
8610.77929219841	103.0121598376102
8736.025961076528	103.2439599320193
8863.094384703289	103.27876064506182
8992.011061111683	103.08189579380868
9122.802873757471	102.71276029836417
9255.497097125279	102.29352999456613
9390.121402416245	101.948536344013
9526.7038633184	101.75924795816482
9665.272961860968	101.75410027052897
9805.857594353829	101.92139832133125
9948.487077413367	102.22777422602027
10093.19115407597	102.63084584614025
10240.000000000457	103.08390503401725
10388.944229760706	103.53545096578617
10540.05490322983	103.92834582727022
10693.363532057198	104.20327078067149
10848.902086239672	104.30952933682191
11006.703000788428	104.22085406916214
11166.799182492743	103.9488987709057
11329.224016782166	103.5440167456224
11494.0113746885	103.07942998085505
11661.195619909053	102.62525826507499
11830.811615972614	102.22606275715847
12002.894733509682	101.89514459443204
12177.48085762842	101.62188268069013
12354.606395397908	101.38361095376898
12534.308283440243	101.15199245704605
12716.62399563306	100.89298849384132
12901.591550924093	100.57095350162244
13089.249521259411	100.16004080239526
13279.637039626952	99.65477652495014
13472.793808217073	99.07627721566378
13668.760106701786	98.47008405033372
13867.576800634426	97.89296457617188
14069.285349971487	97.39978168134122
14273.927817718419	97.03661242341906
14481.54687870117	96.84139906643365
14692.18582846533	96.83976461501055
14905.888592304698	97.02838115035006
15122.699734421185	97.37000805775953
15342.664467217943	97.78080278460627
15565.828660727671	98.12515232673715
15792.238852178061	98.23782605809163
16021.942255696367	97.96021075686222
16254.986772155136	97.20538246522476
16491.42099916115	96.02792736432596
16731.294241189662	94.59602143008576
16974.65651986603	93.15573253788519
17221.558584396902	91.94070405036958
17472.051922153143	91.08870719633674
17726.188769406665	90.63515955594143
17984.022122223458	90.51776970665492
18245.605747515034	90.60469480261345
18510.99419425065	90.66509829664086
18780.242804832582	90.31182718777315
19053.40772663689	89.14337445052949
19330.545923722028	87.15264645297457
19611.71518870775	84.90478922636458
19896.974154826825	82.97561396715693
20186.382308152035	81.40832713922373