20	100.45060946318374
20.290906698750476	100.40479215181593
20.586044732869844	100.35895115116436
20.885475648548283	100.31306313947698
21.189261887185914	100.2671142796838
21.49746679841394	100.22110585022314
21.810154653305165	100.17505500466252
22.12739065777668	100.12899274497046
22.449240966187475	100.0829601100276
22.77577269513385	100.03700328353695
23.107053937445478	99.99116853665174
23.44315377638505	99.94549778002228
23.784142300054445	99.90002553692402
24.130090616010463	99.85477764110347
24.481070866093134	99.80977111632326
24.837156241469714	99.76501435673458
25.1984209978975	99.72050719382771
25.56494047120865	99.67624083016545
25.936791093020236	99.63219763453598
26.3140504066728	99.58835080790251
26.69679708340074	99.54466407628188
27.08511093873791	99.50109176182796
27.47907294916184	99.4575796300743
27.878765268980047	99.41406660748467
28.284271247461966	99.37048703550776
28.695675446220072	99.32677320329908
29.11306365684382	99.2828579590081
29.536522918790062	99.23867714666454
29.966141537533712	99.19417161061563
30.402009102982383	99.14928895443478
30.844216508158908	99.10398544449902
31.29285596815558	99.05822831771401
31.74802103936409	99.01199830457458
32.20980663898519	98.96529188502468
32.67830906482211	98.91812273860236
33.153626015361866	98.8705213763076
33.63585661014871	98.82253215148124
34.125101410453844	98.77420794865172
34.62146244024586	98.72560360347157
35.12504320746613	98.67676915062249
35.635948725613716	98.62774429633463
36.15428553564419	98.57855618379185
36.68016172818701	98.52922248941124
37.21368696608603	98.47975928925726
37.754972507267915	98.4301910406322
38.30413122794313	98.38055978817998
38.86127764614443	98.33093059229203
39.4265279456077	98.28139060687832
40.000000000000206	98.23204057203064
40.58181339750116	98.18298010828262
41.1720894657399	98.13429084069207
41.77095129709678	98.08602280403554
42.37852377437204	98.03819053994138
42.9949335968281	97.99078178662204
43.62030930661056	97.9437748641221
44.25478131555359	97.89715649564428
44.89848193237519	97.85093161683169
45.55154539026795	97.80511996732253
46.21410787489121	97.75973915450548
46.88630755277036	97.71477930311359
47.56828460010916	97.67017896334626
48.260181232021196	97.62581483807885
48.962141732186545	97.58151417468328
49.674312482939705	97.53708482361544
50.39684199579528	97.49235003723156
51.129880942417586	97.4471735635907
51.873582186040764	97.40146575236648
52.628100813345895	97.35517306508333
53.393594166801776	97.30826317811167
54.17022187747612	97.26071774884039
54.95814589832399	97.21253730279547
55.75753053796041	97.16375479810277
56.56854249492426	97.11444883586783
57.39135089244048	97.06474649424086
58.226127313687975	97.0148114689643
59.073045837580466	96.96482315467061
59.932283075067765	96.91495838683004
60.804018205965114	96.86538312998412
61.68843301631817	96.8162527069026
62.58571193631152	96.7677129727734
63.49604207872855	96.71989473058173
64.41961327797075	96.67289912257654
65.35661812964459	96.62678147460105
66.3072520307241	96.58154567235455
67.27171322029778	96.53715444275576
68.25020282090806	96.49354886487748
69.2429248804921	96.45066598530886
70.25008641493265	96.4084487617967
71.27189745122783	96.3668494541307
72.30857107128878	96.32583025362483
73.36032345637442	96.28536307547101
74.42737393217246	96.24542808230935
75.50994501453623	96.20600904293211
76.60826245588666	96.16708430593515
77.72255529228926	96.12861790208943
78.85305589121582	96.0905599811728
80.00000000000082	96.05285730702238
81.16362679500274	96.01546359947002
82.34417893148023	95.97834156021553
83.541902594194	95.94145756856759
84.75704754874454	95.90477280782547
85.98986719365665	95.86823335352356
87.24061861322157	95.83176411291554
88.50956263110764	95.79527147087319
89.79696386475084	95.75865427098668
91.10309078053635	95.72181926824031
92.42821574978288	95.68469538176856
93.77261510554118	95.64723966504944
95.13656920021877	95.60943353316858
96.52036246404286	95.57127121310887
97.92428346437356	95.532743526342
99.34862496587989	95.49382543818237
100.79368399159105	95.45447578947554
102.25976188483567	95.4146470709249
103.74716437208203	95.37429812071493
105.25620162669229	95.3334090708896
106.78718833360406	95.29199862224064
108.34044375495276	95.25013636060018
109.9162917966485	95.20793758886879
111.51506107592134	95.16552950450048
113.13708498984903	95.12299519496496
114.78270178488147	95.08033939172745
116.45225462737648	95.03750444569746
118.14609167516147	94.99441456897948
119.86456615013608	94.95101360251283
121.60803641193078	94.90727829846293
123.3768660326369	94.86320600181128
125.17142387262359	94.81879383080013
126.99208415745765	94.77403400189573
128.83922655594208	94.72892534926251
130.71323625928977	94.68347464787563
132.61450406144883	94.63768468811391
134.5434264405962	94.59155334921614
136.50040564181674	94.54509114601841
138.48584976098482	94.49834152351956
140.50017282986593	94.45139520684104
142.5437949024563	94.4044018238773
144.61714214257822	94.35756700610922
146.7206469127495	94.31112909572838
148.8547478643456	94.26534887071497
151.01989002907314	94.22051049130334
153.216524911774	94.17690572727234
155.4451105845792	94.13482228579997
157.70611178243232	94.0945442915968
160.00000000000236	94.05635228467601
162.3272535900062	94.02054665166759
164.6883578629612	93.98749122700747
167.08380518838874	93.95759638495304
169.51409509748981	93.93123646697438
171.97973438731407	93.90869163099305
174.4812372264439	93.89014951742342
177.01912526221608	93.87572538893748
179.5939277295025	93.86546997213617
182.20618156107355	93.85936277358498
184.85643149956664	93.85729296064092
187.54523021108326	93.85904142895261
190.27313840043846	93.86429292424427
193.04072492808663	93.87269014234542
195.84856692874806	93.88387741643699
198.69724993176072	93.89749503600616
201.58736798318304	93.91315756051868
204.5195237696723	93.93044219918878
207.49432874416505	93.9488996723778
210.5124032533856	93.9680941622274
213.57437666720915	93.98762833068527
216.68088750990657	94.00712853568307
219.83258359329807	94.02623507671588
223.03012215184378	94.04460480556727
226.2741699796992	94.06189622665252
229.5654035697641	94.07776355260536
232.90450925475412	94.09187774286804
236.2921833503241	94.10395264396342
239.72913230027333	94.11378145685738
243.21607282386276	94.12127104614581
246.75373206527502	94.1264329731193
250.34284774524843	94.12933499936595
253.9841683149166	94.13006156380986
257.67845311188546	94.12872092297214
261.42647251858085	94.12547727435272
265.22900812289896	94.12055152584594
269.08685288119375	94.11418668346798
273.0008112836349	94.10662836497094
276.97169952197106	94.09812733221932
281.00034565973334	94.08894520262399
285.0875898049141	94.0793693771327
289.23428428515797	94.06967887880688
293.44129382550057	94.06006527167412
297.7094957286928	94.05060891773144
302.0397800581479	94.0413367147364
306.4330498235497	94.03225185461596
310.89022116916016	94.02329489325993
315.41222356486645	94.01435663677603
320.00000000000654	94.00534868944091
324.6545071800142	93.99623425943778
329.3767157259242	93.98702735325809
334.16761037677935	93.97778818404426
339.02819019498156	93.96859996935099
343.95946877463007	93.95952088368067
348.9624744528898	93.9505606171063
354.03825052443415	93.941693086079
359.187855459007	93.93288983164707
364.4123631221491	93.92415165807974
369.71286299913527	93.91548794427591
375.0904604221685	93.90684727719503
380.54627680087896	93.89807207670066
386.08144985617537	93.88894697058186
391.6971338574982	93.87925126144631
397.3944998635236	93.8687719242279
403.1747359663683	93.8573150019305
409.0390475393468	93.84472081648217
414.9886574883323	93.83085193638665
421.0248065067734	93.81559601284097
427.1487533344206	93.7988864360405
433.3617750198154	93.78075206648431
439.6651671865984	93.76134516526633
446.06024430368984	93.74091155228594
452.54833995940066	93.71978402735253
459.13080713953053	93.69841607679705
465.8090185095106	93.67728281906066
472.58436670065066	93.65678468350796
479.45826460054917	93.63725072104285
486.432145647728	93.61896013543482
493.50746413055253	93.60214449595524
500.6856954904994	93.58701701865964
507.9683366298358	93.57383097387873
515.3569062237735	93.56294240365521
522.8529450371643	93.55481666655814
530.4580162458005	93.5500004361916
538.1737057623901	93.54912976848905
546.0016225672724	93.55289136757348
553.9433990439449	93.56191159621204
562.0006913194694	93.57668752089074
570.1751796098309	93.59756140882699
578.4685685703187	93.62467640057295
586.8825876510039	93.657912589699
595.4189914573883	93.69687566738173
604.0795601162986	93.74097314054504
612.8660996471021	93.78949731172904
621.780442338323	93.84170319942461
630.8244471297356	93.89686577974977
640.0000000000159	93.95427388229314
649.3090143600314	94.01321055143798
658.7534314518515	94.07297638464088
668.3352207535618	94.13292304689587
678.0563803899662	94.1924973408336
687.9189375492632	94.25126081734577
697.9249489057827	94.30888455999136
708.0765010488715	94.36514950543966
718.3757109180171	94.41995578739473
728.8247262443015	94.47329934196904
739.425725998274	94.52521605132199
750.1809208443404	94.57574066510969
761.0925536017613	94.62488075271155
772.1628997123541	94.67267124703126
783.3942677149998	94.71930606758512
794.7889997270506	94.76518778426318
806.34947193274	94.810867894406
818.0780950786972	94.85698766233963
829.9773149766683	94.9041924232408
842.0496130135506	94.9530417706109
854.2975066688449	95.0039926429956
866.7235500396347	95.05739839366834
879.3303343732008	95.11350424316089
892.1204886073838	95.17250001541687
905.0966799188055	95.23453008617903
918.2616142790653	95.29967920801072
931.6180370190256	95.36796835227061
945.1687334013056	95.43932198574194
958.9165292011028	95.51350986799758
972.8642912954606	95.5901614020892
987.0149282611097	95.66886559792796
1001.3713909810035	95.74926788260683
1015.9366732596762	95.83112912087219
1030.7138124475518	95.91432389895213
1045.7058900743334	95.9987271363737
1060.916032491606	96.08411725487775
1076.3474115247852	96.1702050179405
1092.0032451345498	96.25673208493416
1107.8867980878947	96.34351332153638
1124.0013826389438	96.43036793247715
1140.350359219667	96.51708973192305
1156.9371371406426	96.60353535970074
1173.765175302013	96.68970085448996
1190.837982914782	96.77566923679316
1208.1591202326028	96.861515735422
1225.73219929421	96.94728633052968
1243.5608846766518	97.03303132291775
1261.648894259477	97.11876886748624
1280.0000000000375	97.20446856242418
1298.6180287200684	97.29013088141174
1317.5068629037087	97.37579976418209
1336.6704415071292	97.46152298359625
1356.112760779938	97.54739389073411
1375.8378750985323	97.63352966337169
1395.8498978115715	97.71999829653235
1416.153002097749	97.8068590055423
1436.7514218360407	97.89420897685139
1457.6494524886093	97.98223574881696
1478.8514519965543	98.07122326266426
1500.3618416886875	98.16150158942422
1522.1851072035295	98.25345122622775
1544.3257994247153	98.34744072480082
1566.788535430007	98.44372334235949
1589.5779994541087	98.54248717315582
1612.6989438654878	98.64392682106873
1636.156190157402	98.7482710850482
1659.9546299533442	98.85585172060166
1684.099226027109	98.9670741337146
1708.5950133376978	99.0823144078276
1733.4471000792773	99.20187423767503
1758.6606687464096	99.32599531719517
1784.2409772147755	99.45488064696583
1810.193359837619	99.58873721361739
1836.5232285581387	99.72778616162402
1863.2360740380593	99.87227150045464
1890.3374668026197	100.02250320108249
1917.833058402214	100.17879907290437
1945.7285825909298	100.34133136981428
1974.0298565222283	100.51002859695915
2002.7427819620161	100.68462259104552
2031.8733465193618	100.86480901629974
2061.4276248951132	101.05030178181802
2091.411780148677	101.24081048235055
2121.832064983222	101.4360601514048
2152.694823049581	101.63576780966017
2184.0064902691106	101.8394216227934
2215.7735961758003	102.0459784500155
2248.002765277899	102.25382539366458
2280.7007184393456	102.46095825106123
2313.874274281297	102.66514874330932
2347.530350604038	102.86424542751611
2381.6759658295764	103.05621722918143
2416.318240465218	103.23883154658171
2451.4643985884327	103.40949731574187
2487.1217693533167	103.5653751873243
2523.2977885189675	103.7034155032234
2560.0000000000887	103.8202972884648
2597.236057440151	103.91254105066925
2635.0137258074315	103.97703225484227
2673.340883014273	104.01192736923105
2712.225521559891	104.01759008537277
2751.6757501970797	103.99721070426824
2791.699795623158	103.9572666811383
2832.3060041955137	103.9075328220332
2873.502843672097	103.86041074964476
2915.2989049772345	103.82947769063284
2957.7029039931244	103.827123244147
3000.723683377391	103.86169025174964
3044.370214407075	103.93521010253993
3088.6515988494466	104.04237838275856
3133.57707086003	104.1713009821701
3179.1559989082334	104.30604591343325
3225.3978877309914	104.42987842453766
3272.3123803148205	104.52803925571409
3319.9092599067053	104.58968675634077
3368.198452054235	104.60850028283822
3417.190026675413	104.58208670010002
3466.8942001585724	104.51094831985749
3517.3213374928373	104.39760607009133
3568.4819544295697	104.24602818637497
3620.386719675257	104.06112945060282
3673.0464571162966	103.84832343280613
3726.472148076138	103.61315976455414
3780.6749336052594	103.3609927133274
3835.6661168044484	103.09663958736526
3891.45716518188	102.82387705102143
3948.059713044477	102.54518178610049
4005.4855639240527	102.26192151454045
4063.746693038744	101.97449366605471
4122.855249790247	101.6825385495507
4182.823560297375	101.3855506060624
4243.664129966465	101.0836909005891
4305.389646099183	100.77871110050904
4368.012980538242	100.47486614675823
4431.5471923516225	100.17914616224556
4496.00553055582	99.90077273876024
4561.401436878714	99.65010202141498
4627.748548562617	99.4367485691802
4695.060701208099	99.26730941859309
4763.351931659176	99.14334485819933
4832.63648093046	99.0602254269353
4902.928797176889	99.00791358268975
4974.243538706657	98.9734197628702
5046.595577037959	98.9437409440008
5120.000000000202	98.9083211930529
5194.472114880326	98.86081583502927
5270.027451614888	98.800060136525
5346.6817660285715	98.72999545765114
5424.451043119808	98.658455763211
5503.351500394186	98.5951221181052
5583.399591246343	98.54932136088436
5664.612008391055	98.52802299427309
5747.005687344222	98.53404014025627
5830.597809954497	98.56521502412073
5915.405807986278	98.61505792590735
6001.447366754812	98.67460439874641
6088.740428814181	98.73509137178783
6177.303197698925	98.79056562512613
6267.154141720092	98.83909960162005
6358.3119978165005	98.88229623169781
6450.795775462017	98.92378591156847
6544.624760629676	98.96746758269349
6639.818519813445	99.01590740159698
6736.396904108505	99.06936574808533
6834.380053350861	99.12561627852764
6933.788400317181	99.1800151654424
7034.642674985712	99.2251464945357
7136.963908859177	99.25082181178506
7240.773439350552	99.24427654181062
7346.092914232631	99.19080150613584
7452.944296152315	99.0760430098856
7561.349867210557	98.88703713471952
7671.332233608935	98.61009646529449
7782.914330363799	98.23956541408923
7896.119426088994	97.8063410130512
8010.971127848146	97.41424686612257
8127.49338607753	97.24055722028353
8245.710499580537	97.40694619114994
8365.647120594791	97.76253374084314
8487.328259932974	97.99545347505469
8610.77929219841	97.95179874167398
8736.025961076528	97.71213752809187
8863.094384703289	97.4372280101962
8992.011061111683	97.23897225603429
9122.802873757471	97.15752677689272
9255.497097125279	97.1910943603774
9390.121402416245	97.3253329786733
9526.7038633184	97.54673809191445
9665.272961860968	97.84394865928851
9805.857594353829	98.2024280197998
9948.487077413367	98.59700818087025
10093.19115407597	98.98861372488766
10240.000000000457	99.3287312641308
10388.944229760706	99.57041784646455
10540.05490322983	99.68156527640005
10693.363532057198	99.6515257018551
10848.902086239672	99.48896187138274
11006.703000788428	99.22065221257023
11166.799182492743	98.89020144418096
11329.224016782166	98.5529745887739
11494.0113746885	98.26478743242906
11661.195619909053	98.06551729190419
11830.811615972614	97.96343426991506
12002.894733509682	97.92689289542778
12177.48085762842	97.89131322514521
12354.606395397908	97.78471464767946
12534.308283440243	97.558006740299
12716.62399563306	97.19870560310828
12901.591550924093	96.72314296214168
13089.249521259411	96.16477269307626
13279.637039626952	95.56900711817512
13472.793808217073	94.98567507309185
13668.760106701786	94.46027320203919
13867.576800634426	94.02777365568654
14069.285349971487	93.71259149529729
14273.927817718419	93.52973172820757
14481.54687870117	93.47996452802484
14692.18582846533	93.54654819906801
14905.888592304698	93.71287226289495
15122.699734421185	94.00046517685671
15342.664467217943	94.46839004504943
15565.828660727671	95.13793719479727
15792.238852178061	95.92937554891141
16021.942255696367	96.66887554411308
16254.986772155136	97.12050606919804
16491.42099916115	97.06474307633408
16731.294241189662	96.51979140094257
16974.65651986603	95.95549654462711
17221.558584396902	95.88075979349617
17472.051922153143	96.06212710624061
17726.188769406665	96.10696391000783
17984.022122223458	96.11524870461467
18245.605747515034	96.14988245996072
18510.99419425065	95.64413946150597
18780.242804832582	94.10758755783932
19053.40772663689	91.83332359655404
19330.545923722028	89.50894330602063
19611.71518870775	87.49840159973697
19896.974154826825	85.7817222896588
20186.382308152035	84.21151327430412