20	-4.321928150897489
20.290906698750476	-4.342761477715484
20.586044732869844	-4.363594804479727
20.885475648548283	-4.384428131102881
21.189261887185914	-4.405261457461715
21.49746679841394	-4.426094783402735
21.810154653305165	-4.446928108748025
22.12739065777668	-4.467761433301464
22.449240966187475	-4.488594756855435
22.77577269513385	-4.509428079198199
23.107053937445478	-4.530261400122129
23.44315377638505	-4.551094719432963
23.784142300054445	-4.571928036960264
24.130090616010463	-4.592761352569241
24.481070866093134	-4.613594666174097
24.837156241469714	-4.634427977753015
25.1984209978975	-4.655261287364842
25.56494047120865	-4.6760945951675374
25.936791093020236	-4.6969279014383
26.3140504066728	-4.717761206595265
26.69679708340074	-4.738594511220568
27.08511093873791	-4.759427816084372
27.47907294916184	-4.780261122169435
27.878765268980047	-4.801094430695505
28.284271247461966	-4.8219277431427665
28.695675446220072	-4.842761061273233
29.11306365684382	-4.863594387148868
29.536522918790062	-4.884427723144859
29.966141537533712	-4.905261071956294
30.402009102982383	-4.926094436596114
30.844216508158908	-4.946927820382
31.29285596815558	-4.967761226909512
31.74802103936409	-4.988594660008501
32.20980663898519	-5.009428123679582
32.67830906482211	-5.030261622007169
33.153626015361866	-5.0510951590454285
33.63585661014871	-5.071928738673369
34.125101410453844	-5.0927623644152415
34.62146244024586	-5.113596039222606
35.12504320746613	-5.134429765214577
35.635948725613716	-5.155263543373333
36.15428553564419	-5.176097373192558
36.68016172818701	-5.196931252277542
37.21368696608603	-5.2177651758969334
37.754972507267915	-5.238599136487804
38.30413122794313	-5.259433123117815
38.86127764614443	-5.280267120910852
39.4265279456077	-5.301101110445631
40.000000000000206	-5.3219350671404655
40.58181339750116	-5.342768960641688
41.1720894657399	-5.363602754238227
41.77095129709678	-5.384436404330412
42.37852377437204	-5.4052698599873805
42.9949335968281	-5.426103062634378
43.62030930661056	-5.44693594591866
44.25478131555359	-5.467768435810654
44.89848193237519	-5.488600451005279
45.55154539026795	-5.509431903696562
46.21410787489121	-5.530262700806947
46.88630755277036	-5.5510927457602035
47.56828460010916	-5.571921940893546
48.260181232021196	-5.59275019060965
48.962141732186545	-5.6135774053722525
49.674312482939705	-5.634403506649003
50.39684199579528	-5.655228432901439
51.129880942417586	-5.676052146713279
51.873582186040764	-5.696874643133444
52.628100813345895	-5.717695959288241
53.393594166801776	-5.738516185286209
54.17022187747612	-5.759335476398031
54.95814589832399	-5.7801540664408115
55.75753053796041	-5.800972282229313
56.56854249492426	-5.821790558874744
57.39135089244048	-5.842609455612855
58.226127313687975	-5.8634296717257826
59.073045837580466	-5.884252061985418
59.932283075067765	-5.9050776508888525
60.804018205965114	-5.9259076447788175
61.68843301631817	-5.946743440744165
62.58571193631152	-5.967586630978983
63.49604207872855	-5.988439001046452
64.41961327797075	-6.009302520249331
65.35661812964459	-6.030179322058792
66.3072520307241	-6.051071672305801
67.27171322029778	-6.071981922604664
68.25020282090806	-6.092912446270897
69.2429248804921	-6.113865553832165
70.25008641493265	-6.134843385132672
71.27189745122783	-6.155847775023408
72.30857107128878	-6.176880089742442
73.36032345637442	-6.197941031355969
74.42737393217246	-6.219030408091203
75.50994501453623	-6.240146869091047
76.60826245588666	-6.261287603106872
77.72255529228926	-6.2824480019729645
78.85305589121582	-6.303621291430855
80.00000000000082	-6.324798134052111
81.16362679500274	-6.345966211702952
82.34417893148023	-6.367109798258757
83.541902594194	-6.388209337161201
84.75704754874454	-6.40924104295475
85.98986719365665	-6.430176551166458
87.24061861322157	-6.450982646805036
88.50956263110764	-6.471621108323537
89.79696386475084	-6.4920487110470715
91.10309078053635	-6.5122174416947
92.42821574978288	-6.532074983543172
93.77261510554118	-6.551565539733185
95.13656920021877	-6.570631069859067
96.52036246404286	-6.589213021855503
97.92428346437356	-6.6072546467213
99.34862496587989	-6.624703987079148
100.79368399159105	-6.641517631083358
102.25976188483567	-6.6576646457253865
103.74716437208203	-6.673128282298997
105.25620162669229	-6.687906127609771
106.78718833360406	-6.702010277423894
108.34044375495276	-6.715466381273046
109.9162917966485	-6.728311981152889
111.51506107592134	-6.7405945589103435
113.13708498984903	-6.752369939707936
114.78270178488147	-6.7637002746870545
116.45225462737648	-6.774651515344358
118.14609167516147	-6.785291248756169
119.86456615013608	-6.795686802624545
121.60803641193078	-6.805902786364547
123.3768660326369	-6.815998704799135
125.17142387262359	-6.8260265446804596
126.99208415745765	-6.836027995179284
128.83922655594208	-6.846033527200261
130.71323625928977	-6.856062538980026
132.61450406144883	-6.8661253364712165
134.5434264405962	-6.876224582646673
136.50040564181674	-6.8863564584228945
138.48584976098482	-6.89651178976118
140.50017282986593	-6.906677421808322
142.5437949024563	-6.916838129892674
144.61714214257822	-6.926976880219154
146.7206469127495	-6.937075674234099
148.8547478643456	-6.947116442672876
151.01989002907314	-6.95708087677853
153.216524911774	-6.966950363517373
155.4451105845792	-6.9767072295131936
157.70611178243232	-6.986336174382831
160.00000000000236	-6.995824736559297
162.3272535900062	-7.005163701082561
164.6883578629612	-7.014347463517357
167.08380518838874	-7.023373438351621
169.51409509748981	-7.032241434968094
171.97973438731407	-7.040953319056063
174.4812372264439	-7.049512969684696
177.01912526221608	-7.0579262103348634
179.5939277295025	-7.066200056691377
182.20618156107355	-7.074342901839337
184.85643149956664	-7.082363975033482
187.54523021108326	-7.090272718511246
190.27313840043846	-7.098078400596031
193.04072492808663	-7.105789602136608
195.84856692874806	-7.113412501124908
198.69724993176072	-7.120949327429779
201.58736798318304	-7.128398049402656
204.5195237696723	-7.135751513689139
207.49432874416505	-7.142997873397008
210.5124032533856	-7.150121611792495
213.57437666720915	-7.157104453216215
216.68088750990657	-7.163925435751394
219.83258359329807	-7.170562090530307
223.03012215184378	-7.176990850274711
226.2741699796992	-7.183187515987656
229.5654035697641	-7.189127830673229
232.90450925475412	-7.194787417681118
236.2921833503241	-7.200143179527946
239.72913230027333	-7.20517417689693
243.21607282386276	-7.209862454625726
246.75373206527502	-7.21419300682072
250.34284774524843	-7.218154205251108
253.9841683149166	-7.221738737187399
257.67845311188546	-7.224943768880129
261.42647251858085	-7.227771228700039
265.22900812289896	-7.230227304592407
269.08685288119375	-7.232322048553624
273.0008112836349	-7.234068132210872
276.97169952197106	-7.2354801314780905
281.00034565973334	-7.2365743127922935
285.0875898049141	-7.237367431253025
289.23428428515797	-7.237875953178464
293.44129382550057	-7.23811616980762
297.7094957286928	-7.238104669555586
302.0397800581479	-7.237857053686988
306.4330498235497	-7.237385318075252
310.89022116916016	-7.236696988574605
315.41222356486645	-7.235793328257108
320.00000000000654	-7.23466766955046
324.6545071800142	-7.233304424473378
329.3767157259242	-7.231678826853017
334.16761037677935	-7.229757493571128
339.02819019498156	-7.22749992779076
343.95946877463007	-7.224860523048817
348.9624744528898	-7.221789440778868
354.03825052443415	-7.2182336957006825
359.187855459007	-7.2141374042746245
364.4123631221491	-7.209443253496172
369.71286299913527	-7.204094791552464
375.0904604221685	-7.198035928894297
380.54627680087896	-7.191211044124318
386.08144985617537	-7.183565269491805
391.6971338574982	-7.175046548321483
397.3944998635236	-7.165608394566711
403.1747359663683	-7.155214292165063
409.0390475393468	-7.143839014102981
414.9886574883323	-7.131466914847779
421.0248065067734	-7.118091545044673
427.1487533344206	-7.103712980683974
433.3617750198154	-7.088334328523503
439.6651671865984	-7.0719589121832165
446.06024430368984	-7.05458970290743
452.54833995940066	-7.036227124468784
459.13080713953053	-7.016869197994075
465.8090185095106	-6.996512470454775
472.58436670065066	-6.975152952311632
479.45826460054917	-6.952787945749129
486.432145647728	-6.92942052581347
493.50746413055253	-6.905062438352731
500.6856954904994	-6.879739796266387
507.9683366298358	-6.853498872088397
515.3569062237735	-6.826408171158665
522.8529450371643	-6.798558207106667
530.4580162458005	-6.770056554581008
538.1737057623901	-6.741021332884427
546.0016225672724	-6.711577342008844
553.9433990439449	-6.68185425110522
562.0006913194694	-6.651983127323476
570.1751796098309	-6.62209461689963
578.4685685703187	-6.592321164061527
586.8825876510039	-6.562795057289653
595.4189914573883	-6.533642401688584
604.0795601162986	-6.504981929979129
612.8660996471021	-6.476920065048661
621.780442338323	-6.44954707032271
630.8244471297356	-6.422934719059501
640.0000000000159	-6.39713133779693
649.3090143600314	-6.372158501747342
658.7534314518515	-6.348015333361725
668.3352207535618	-6.324690613519178
678.0563803899662	-6.302175318180386
687.9189375492632	-6.280467859287534
697.9249489057827	-6.259582413039768
708.0765010488715	-6.2395549854340295
718.3757109180171	-6.220448370694077
728.8247262443015	-6.202352782407925
739.425725998274	-6.185385725554607
750.1809208443404	-6.169690208464111
761.0925536017613	-6.1554256645738805
772.1628997123541	-6.142752924517165
783.3942677149998	-6.13180831041288
794.7889997270506	-6.1226695436340215
806.34947193274	-6.115316640347239
818.0780950786972	-6.109601747861411
829.9773149766683	-6.105242238964676
842.0496130135506	-6.101846688842791
854.2975066688449	-6.098945206417944
866.7235500396347	-6.096012584847008
879.3303343732008	-6.092485268030431
892.1204886073838	-6.08777013316896
905.0966799188055	-6.081249121605028
918.2616142790653	-6.0722843683497025
931.6180370190256	-6.060221256165453
945.1687334013056	-6.044391047454774
958.9165292011028	-6.024129283440794
972.8642912954606	-5.998802511156763
987.0149282611097	-5.9678587807883
1001.3713909810035	-5.930896118082661
1015.9366732596762	-5.887732571623083
1030.7138124475518	-5.838433060468274
1045.7058900743334	-5.783276752656669
1060.916032491606	-5.722686707952559
1076.3474115247852	-5.657161536654057
1092.0032451345498	-5.587225282866461
1107.8867980878947	-5.5134019188885555
1124.0013826389438	-5.43620791313678
1140.350359219667	-5.3561479273421195
1156.9371371406426	-5.273716405237202
1173.765175302013	-5.189405190641619
1190.837982914782	-5.103698081082364
1208.1591202326028	-5.017065965205182
1225.73219929421	-4.929942239891062
1243.5608846766518	-4.84267800549897
1261.648894259477	-4.755486297164385
1280.0000000000375	-4.6683966734998155
1298.6180287200684	-4.5812647629675585
1317.5068629037087	-4.493823179200563
1336.6704415071292	-4.405745719587299
1356.112760779938	-4.316683406589397
1375.8378750985323	-4.226298233567914
1395.8498978115715	-4.134283684081649
1416.153002097749	-4.040371262039215
1436.7514218360407	-3.9443288995626773
1457.6494524886093	-3.845952939590942
1478.8514519965543	-3.7450510877332235
1500.3618416886875	-3.641440537350407
1522.1851072035295	-3.534942369994516
1544.3257994247153	-3.4253726801089983
1566.788535430007	-3.3125475681608676
1589.5779994541087	-3.196290089027825
1612.6989438654878	-3.0764264802265133
1636.156190157402	-2.952789636090949
1659.9546299533442	-2.8252302099637285
1684.099226027109	-2.6936120594608224
1708.5950133376978	-2.557814963140452
1733.4471000792773	-2.417718850848924
1758.6606687464096	-2.2731672173890596
1784.2409772147755	-2.1239279478943756
1810.193359837619	-1.969640384127929
1836.5232285581387	-1.8097559942637582
1863.2360740380593	-1.643501704211339
1890.3374668026197	-1.4698635015636576
1917.833058402214	-1.2875960845247363
1945.7285825909298	-1.095315793929127
1974.0298565222283	-0.8917285412884157
2002.7427819620161	-0.6760088958068939
2031.8733465193618	-0.44823085213816155
2061.4276248951132	-0.20953531357856936
2091.411780148677	0.03812375051119668
2121.832064983222	0.29240018043509713
2152.694823049581	0.5509074744068696
2184.0064902691106	0.8114283134082615
2215.7735961758003	1.0719720337846805
2248.002765277899	1.3307553909779515
2280.7007184393456	1.5861163396032454
2313.874274281297	1.8364356186827688
2347.530350604038	2.0800663590302975
2381.6759658295764	2.3152544122174543
2416.318240465218	2.540144830766254
2451.4643985884327	2.752858667625184
2487.1217693533167	2.9517106512432454
2523.2977885189675	3.135511726114648
2560.0000000000887	3.303823545847807
2597.236057440151	3.456901527263162
2635.0137258074315	3.595383410114882
2673.340883014273	3.719963628619035
2712.225521559891	3.8312176335127424
2751.6757501970797	3.929510500517421
2791.699795623158	4.014970385101344
2832.3060041955137	4.087471956642937
2873.502843672097	4.146610186281565
2915.2989049772345	4.191648289656488
2957.7029039931244	4.221394486981927
3000.723683377391	4.234125754338768
3044.370214407075	4.227617819531984
3088.6515988494466	4.199349023379764
3133.57707086003	4.1470063135149555
3179.1559989082334	4.06938058499707
3225.3978877309914	3.967145916902416
3272.3123803148205	3.842751548908778
3319.9092599067053	3.699549559750517
3368.198452054235	3.540897255960103
3417.190026675413	3.369667282185409
3466.8942001585724	3.1880858063276434
3517.3213374928373	2.997771184943856
3568.4819544295697	2.799946555468542
3620.386719675257	2.595623341945321
3673.0464571162966	2.3858006775121217
3726.472148076138	2.1716369980814534
3780.6749336052594	1.95458875675694
3835.6661168044484	1.7365513109972044
3891.45716518188	1.519877658499222
3948.059713044477	1.3071710854798768
4005.4855639240527	1.1008115345144216
4063.746693038744	0.9021491178749212
4122.855249790247	0.7110796428530313
4182.823560297375	0.5264450933262014
4243.664129966465	0.3468102150542445
4305.389646099183	0.17101711466711844
4368.012980538242	-0.0016272035473057361
4431.5471923516225	-0.17135378886424218
4496.00553055582	-0.3380828596365882
4561.401436878714	-0.5015771032525054
4627.748548562617	-0.6614912370817394
4695.060701208099	-0.8174103665979363
4763.351931659176	-0.9688454040455023
4832.63648093046	-1.11523054388575
4902.928797176889	-1.2559858107785378
4974.243538706657	-1.3905931628835226
5046.595577037959	-1.518668435878951
5120.000000000202	-1.6401350360827338
5194.472114880326	-1.7552171716305602
5270.027451614888	-1.86429456435117
5346.6817660285715	-1.9676774655481026
5424.451043119808	-2.0655350283556753
5503.351500394186	-2.15795505827612
5583.399591246343	-2.2449743181795054
5664.612008391055	-2.326640383311452
5747.005687344222	-2.4030042809952947
5830.597809954497	-2.4740697044778797
5915.405807986278	-2.5394432766561303
6001.447366754812	-2.59797655214073
6088.740428814181	-2.647534505274938
6177.303197698925	-2.684859555786523
6267.154141720092	-2.7061417494168682
6358.3119978165005	-2.7089639253582365
6450.795775462017	-2.69439257829217
6544.624760629676	-2.6667586316544614
6639.818519813445	-2.631305219356798
6736.396904108505	-2.592431443809021
6834.380053350861	-2.553047808661266
6933.788400317181	-2.5149613916383746
7034.642674985712	-2.479359096998343
7136.963908859177	-2.4471675780128113
7240.773439350552	-2.419241056944905
7346.092914232631	-2.396379880705923
7452.944296152315	-2.379392442274966
7561.349867210557	-2.3697766114698693
7671.332233608935	-2.3706109362231316
7782.914330363799	-2.3874331636209996
7896.119426088994	-2.428696111326241
8010.971127848146	-2.5032231093351442
8127.49338607753	-2.615066473098338
8245.710499580537	-2.76027030822731
8365.647120594791	-2.930485978055414
8487.328259932974	-3.1180219339453297
8610.77929219841	-3.317912215789217
8736.025961076528	-3.5277391512794853
8863.094384703289	-3.746461342437335
8992.011061111683	-3.973294437012593
9122.802873757471	-4.207538364339466
9255.497097125279	-4.44854086484198
9390.121402416245	-4.695462690842549
9526.7038633184	-4.947114804434648
9665.272961860968	-5.201757771264092
9805.857594353829	-5.456629546734189
9948.487077413367	-5.708206931377015
10093.19115407597	-5.953765955114918
10240.000000000457	-6.1930160916622965
10388.944229760706	-6.42765584512138
10540.05490322983	-6.659548569575474
10693.363532057198	-6.889746761252481
10848.902086239672	-7.1184000251039325
11006.703000788428	-7.3452220668272235
11166.799182492743	-7.5697348588015
11329.224016782166	-7.791371963281108
11494.0113746885	-8.009784020600122
11661.195619909053	-8.22495174829426
11830.811615972614	-8.436652811549259
12002.894733509682	-8.644054716084383
12177.48085762842	-8.84560395680481
12354.606395397908	-9.03855051860625
12534.308283440243	-9.219545914407796
12716.62399563306	-9.387154091242818
12901.591550924093	-9.543894267368936
13089.249521259411	-9.69405620499899
13279.637039626952	-9.840114318838793
13472.793808217073	-9.982866960145667
13668.760106701786	-10.122562079268189
13867.576800634426	-10.25926609747307
14069.285349971487	-10.393110560783484
14273.927817718419	-10.524512865002274
14481.54687870117	-10.65400639927057
14692.18582846533	-10.78153507638423
14905.888592304698	-10.906859617048138
15122.699734421185	-11.02995930356804
15342.664467217943	-11.1510901111498
15565.828660727671	-11.27425990522164
15792.238852178061	-11.411365073196178
16021.942255696367	-11.58147794528159
16254.986772155136	-11.79661370710948
16491.42099916115	-12.049223839084606
16731.294241189662	-12.323135315007553
16974.65651986603	-12.60847244715618
17221.558584396902	-12.901957675053373
17472.051922153143	-13.202833330864012
17726.188769406665	-13.510577351059476
17984.022122223458	-13.824486181764824
18245.605747515034	-14.143816998201517
18510.99419425065	-14.467986510047636
18780.242804832582	-14.797637511345188
19053.40772663689	-15.133501120414001
19330.545923722028	-15.470822047309126
19611.71518870775	-15.784652377600255
19896.974154826825	-16.028832461253888
20186.382308152035	-16.192031074371705